id,trip_id,route_id,direction_id,latitude,longitude,current_stop_sequence,current_status,timestamp,stop_id,vehicle_id,license_plate,geometry
5252_728,4744_20250101_204_0_3,204_0,0,38.75135040283203,-9.279529571533203,0,IN_TRANSIT_TO,2025-03-21 13:14:43,,5252,Testes,POINT (-9.279529571533203 38.75135040283203)
6032_767,7289_20250101_112_0_3,112_0,0,38.76026916503906,-9.182829856872559,27,IN_TRANSIT_TO,2025-03-24 08:13:44,12804,6032,BF-93-BC,POINT (-9.182829856872559 38.76026916503906)
1742_747,6092_20250101_177_0_2,177_0,1,38.763648986816406,-9.173430442810059,13,IN_TRANSIT_TO,2025-03-24 08:13:45,50022,1742,91-HR-99,POINT (-9.173430442810059 38.763648986816406)
2689_754,6615_20250101_201_0_3,201_0,0,38.741878509521484,-9.170829772949219,9,IN_TRANSIT_TO,2025-03-24 08:13:39,1609,2689,93-XA-45,POINT (-9.170829772949219 38.741878509521484)
4648_728,4698_20250101_204_0_2,204_0,0,38.70370101928711,-9.20656967163086,7,IN_TRANSIT_TO,2025-03-24 08:13:48,13108,4648,98-JO-47,POINT (-9.20656967163086 38.70370101928711)
2302_782,7766_20250101_152_0_3,152_0,0,38.76856994628906,-9.098170280456543,18,IN_TRANSIT_TO,2025-03-24 08:13:50,7805,2302,83-08-ZM,POINT (-9.098170280456543 38.76856994628906)
2253_731,4974_20250101_190_0_4,190_0,1,38.7393798828125,-9.16748046875,32,IN_TRANSIT_TO,2025-03-24 08:13:33,1620,2253,80-52-ZE,POINT (-9.16748046875 38.7393798828125)
611_15E,11228_20250101_76_0_5,76_0,0,38.69852066040039,-9.187919616699219,9,IN_TRANSIT_TO,2025-03-24 08:13:32,9504,611,,POINT (-9.187919616699219 38.69852066040039)
4607_750,6290_20250101_106_0_4,106_0,1,38.70362091064453,-9.227120399475098,3,IN_TRANSIT_TO,2025-03-24 08:13:55,4224,4607,96-GL-84,POINT (-9.227120399475098 38.70362091064453)
304_744,5838_20250101_200_0_4,200_0,1,38.76409912109375,-9.129570007324219,14,IN_TRANSIT_TO,2025-03-24 08:13:32,50592,304,22-SP-91,POINT (-9.129570007324219 38.76409912109375)
6022_760,7090_20250101_171_0_4,171_0,1,38.71363067626953,-9.138130187988281,34,IN_TRANSIT_TO,2025-03-24 08:13:39,905,6022,BF-48-BB,POINT (-9.138130187988281 38.71363067626953)
2315_708,3311_20250101_100_0_4,100_0,0,38.79566955566406,-9.100130081176758,39,IN_TRANSIT_TO,2025-03-24 08:13:26,50303,2315,61-88-ZB,POINT (-9.100130081176758 38.79566955566406)
2440_767,7308_20250101_112_0_3,112_0,0,38.725868225097656,-9.140649795532227,2,IN_TRANSIT_TO,2025-03-24 08:13:54,9212,2440,29-AX-08,POINT (-9.140649795532227 38.725868225097656)
2448_747,6122_20250101_177_0_5,177_0,0,38.760318756103516,-9.156820297241211,2,IN_TRANSIT_TO,2025-03-24 08:13:34,5807,2448,44-BC-34,POINT (-9.156820297241211 38.760318756103516)
6010_763,46426_20250101_282_0_4,282_0,1,38.778900146484375,-9.165499687194824,16,IN_TRANSIT_TO,2025-03-24 08:13:55,50644,6010,81-ZC-09,POINT (-9.165499687194824 38.778900146484375)
603_15E,11288_20250101_76_0_2,76_0,1,38.698280334472656,-9.22504997253418,3,IN_TRANSIT_TO,2025-03-24 08:13:38,4209,603,,POINT (-9.22504997253418 38.698280334472656)
4604_750,6372_20250101_106_0_3,106_0,0,38.74919891357422,-9.191049575805664,23,IN_TRANSIT_TO,2025-03-24 08:13:32,10806,4604,96-GL-82,POINT (-9.191049575805664 38.74919891357422)
2250_731,19403_20240727_190_0_8,190_0,1,38.78303146362305,-9.114009857177734,3,IN_TRANSIT_TO,2024-08-10 10:41:27,12610,2250,80-41-ZE,POINT (-9.114009857177734 38.78303146362305)
4602_750,6421_20250101_106_0_4,106_0,1,38.75,-9.195229530334473,15,IN_TRANSIT_TO,2025-03-24 08:13:50,10907,4602,96-GL-80,POINT (-9.195229530334473 38.75)
2292_724,4191_20250101_178_0_4,178_0,1,38.74338150024414,-9.198149681091309,13,IN_TRANSIT_TO,2025-03-24 08:13:48,2805,2292,83-16-ZM,POINT (-9.198149681091309 38.74338150024414)
2328_708,3347_20250101_100_0_2,100_0,0,38.76517105102539,-9.109649658203125,24,IN_TRANSIT_TO,2025-03-24 08:13:43,7724,2328,62-96-ZG,POINT (-9.109649658203125 38.76517105102539)
2321_712,3525_20250101_189_0_4,189_0,1,38.72505187988281,-9.156829833984375,13,IN_TRANSIT_TO,2025-03-24 08:13:35,6128,2321,04-47-ZF,POINT (-9.156829833984375 38.72505187988281)
2256_758,6809_20250101_150_0_2,150_0,1,38.72071838378906,-9.160670280456543,23,IN_TRANSIT_TO,2025-03-24 08:13:38,8514,2256,80-53-ZE,POINT (-9.160670280456543 38.72071838378906)
2795_714,3709_20250101_102_0_4,102_0,1,38.72322082519531,-9.215669631958008,6,IN_TRANSIT_TO,2025-03-24 08:13:33,18709,2795,AJ-55-LI,POINT (-9.215669631958008 38.72322082519531)
2494_755,6694_20250101_118_0_6,118_0,0,38.74348068237305,-9.10159969329834,2,IN_TRANSIT_TO,2025-03-24 08:13:38,12511,2494,88-BL-68,POINT (-9.10159969329834 38.74348068237305)
2830_728,4609_20250101_204_0_5,204_0,1,38.781219482421875,-9.109749794006348,2,IN_TRANSIT_TO,2025-03-24 08:13:51,12615,2830,BF-57-FZ,POINT (-9.109749794006348 38.781219482421875)
6033_760,7081_20250101_171_0_5,171_0,0,38.707969665527344,-9.138569831848145,10,IN_TRANSIT_TO,2025-03-24 08:13:49,5502,6033,BF-92-AZ,POINT (-9.138569831848145 38.707969665527344)
2951_29B,17524_20250101_209_0_4,209_0,0,38.75825119018555,-9.107830047607422,4,IN_TRANSIT_TO,2025-03-24 08:13:43,8440,2951,62-GQ-53,POINT (-9.107830047607422 38.75825119018555)
2624_722,4121_20250101_196_0_3,196_0,1,38.716148376464844,-9.142419815063477,33,IN_TRANSIT_TO,2025-03-24 08:13:52,1102,2624,72-VP-82,POINT (-9.142419815063477 38.716148376464844)
4642_750,6413_20250101_106_0_1,106_0,1,38.75482177734375,-9.151419639587402,25,IN_TRANSIT_TO,2025-03-24 08:13:32,5804,4642,90-JI-99,POINT (-9.151419639587402 38.75482177734375)
4816_751,6476_20250101_109_0_2,109_0,0,38.6997184753418,-9.21387004852295,18,IN_TRANSIT_TO,2025-03-24 08:13:29,9614,4816,34-VR-17,POINT (-9.21387004852295 38.6997184753418)
4614_750,6377_20250101_106_0_4,106_0,0,38.75563049316406,-9.151470184326172,13,IN_TRANSIT_TO,2025-03-24 08:13:52,11301,4614,96-GL-90,POINT (-9.151470184326172 38.75563049316406)
4616_728,4706_20250101_204_0_3,204_0,1,38.70962905883789,-9.208370208740234,49,IN_TRANSIT_TO,2025-03-24 08:12:54,13102,4616,22-GP-50,POINT (-9.208370208740234 38.70962905883789)
2943_782,7775_20250101_152_0_3,152_0,0,38.717071533203125,-9.118650436401367,5,IN_TRANSIT_TO,2025-03-24 08:13:55,2113,2943,51-GL-83,POINT (-9.118650436401367 38.717071533203125)
4611_750,6417_20250101_106_0_3,106_0,1,38.75735092163086,-9.16409969329834,23,IN_TRANSIT_TO,2025-03-24 08:13:33,50001,4611,96-GL-88,POINT (-9.16409969329834 38.75735092163086)
2945_29B,17534_20250101_209_0_2,209_0,0,38.77096939086914,-9.117079734802246,24,IN_TRANSIT_TO,2025-03-24 08:13:44,7727,2945,75-GO-14,POINT (-9.117079734802246 38.77096939086914)
2949_26B,17510_20250101_208_0_4,208_0,1,38.75794982910156,-9.09749984741211,2,IN_TRANSIT_TO,2025-03-24 08:12:36,50292,2949,62-GQ-52,POINT (-9.09749984741211 38.75794982910156)
4626_783,7835_20250101_203_0_4,203_0,1,38.758121490478516,-9.141579627990723,15,IN_TRANSIT_TO,2025-03-24 08:13:57,11306,4626,90-JI-93,POINT (-9.141579627990723 38.758121490478516)
4646_728,4681_20250101_204_0_4,204_0,0,38.705718994140625,-9.156929969787598,16,IN_TRANSIT_TO,2025-03-24 08:13:50,3905,4646,11-JM-79,POINT (-9.156929969787598 38.705718994140625)
4629_783,7842_20250101_203_0_4,203_0,1,38.76969909667969,-9.122770309448242,9,IN_TRANSIT_TO,2025-03-24 08:13:53,12204,4629,11-JM-77,POINT (-9.122770309448242 38.76969909667969)
4630_796,8135_20250101_174_0_4,174_0,1,38.77867126464844,-9.164270401000977,16,IN_TRANSIT_TO,2025-03-24 08:13:44,5808,4630,02-JN-85,POINT (-9.164270401000977 38.77867126464844)
4627_796,8113_20250101_174_0_2,174_0,1,38.76422882080078,-9.156949996948242,15,IN_TRANSIT_TO,2025-03-24 08:13:41,5814,4627,11-JM-76,POINT (-9.156949996948242 38.76422882080078)
2688_714,3689_20250101_102_0_2,102_0,1,38.706268310546875,-9.1451997756958,38,IN_TRANSIT_TO,2025-03-24 08:13:40,3803,2688,93-XA-35,POINT (-9.1451997756958 38.706268310546875)
2699_709,3384_20250101_148_0_7,148_0,1,38.7140998840332,-9.169770240783691,0,IN_TRANSIT_TO,2025-03-24 08:13:51,,2699,92-XQ-25,POINT (-9.169770240783691 38.7140998840332)
2692_713,3621_20250101_122_0_5,122_0,0,38.707130432128906,-9.173620223999023,30,IN_TRANSIT_TO,2025-03-24 08:13:36,9415,2692,90-XF-62,POINT (-9.173620223999023 38.707130432128906)
2691_727,4536_20250101_103_0_2,103_0,0,38.710750579833984,-9.203849792480469,42,IN_TRANSIT_TO,2025-03-24 08:13:45,12916,2691,90-XF-45,POINT (-9.203849792480469 38.710750579833984)
2690_714,3640_20250101_102_0_5,102_0,0,38.707550048828125,-9.213850021362305,25,IN_TRANSIT_TO,2025-03-24 08:13:39,13120,2690,99-XE-57,POINT (-9.213850021362305 38.707550048828125)
2694_738,5553_20250101_117_0_3,117_0,0,38.75006866455078,-9.164979934692383,7,IN_TRANSIT_TO,2025-03-24 08:13:47,13620,2694,90-XF-49,POINT (-9.164979934692383 38.75006866455078)
2705_727,4552_20250101_103_0_3,103_0,0,38.72005081176758,-9.155119895935059,16,IN_TRANSIT_TO,2025-03-24 08:13:40,6810,2705,92-XQ-29,POINT (-9.155119895935059 38.72005081176758)
2684_723,4183_20250101_121_0_5,121_0,0,38.72517013549805,-9.153400421142578,7,IN_TRANSIT_TO,2025-03-24 08:13:38,1209,2684,99-XE-59,POINT (-9.153400421142578 38.72517013549805)
2683_709,3401_20250101_148_0_8,148_0,0,38.715919494628906,-9.141850471496582,3,IN_TRANSIT_TO,2025-03-24 08:13:36,1003,2683,99-XE-55,POINT (-9.141850471496582 38.715919494628906)
6046_732,5080_20250101_107_0_2,107_0,1,38.71562957763672,-9.141369819641113,31,IN_TRANSIT_TO,2025-03-24 08:13:28,901,6046,BH-73-IR,POINT (-9.141369819641113 38.71562957763672)
4619_750,6390_20250101_106_0_4,106_0,0,38.763118743896484,-9.128499984741211,9,IN_TRANSIT_TO,2025-03-24 08:13:42,7506,4619,22-GP-53,POINT (-9.128499984741211 38.763118743896484)
2946_26B,17520_20250101_208_0_3,208_0,0,38.78062057495117,-9.09652042388916,7,IN_TRANSIT_TO,2025-03-24 08:13:42,50127,2946,75-GO-15,POINT (-9.09652042388916 38.78062057495117)
2678_764,7166_20250101_168_0_3,168_0,0,38.75143051147461,-9.159170150756836,1,IN_TRANSIT_TO,2025-03-24 08:13:49,13504,2678,93-XA-39,POINT (-9.159170150756836 38.75143051147461)
2952_40B,17558_20250101_212_0_3,212_0,1,38.78215026855469,-9.157879829406738,8,IN_TRANSIT_TO,2025-03-24 08:13:46,5926,2952,62-GQ-54,POINT (-9.157879829406738 38.78215026855469)
2959_765,18944_20250101_110_0_9,110_0,0,38.75592041015625,-9.199830055236816,5,IN_TRANSIT_TO,2025-03-24 08:13:27,13706,2959,27-GU-74,POINT (-9.199830055236816 38.75592041015625)
4643_728,4700_20250101_204_0_3,204_0,1,38.70927810668945,-9.211649894714355,50,IN_TRANSIT_TO,2025-03-24 08:13:33,12406,4643,98-JO-45,POINT (-9.211649894714355 38.70927810668945)
2676_727,4537_20250101_103_0_2,103_0,0,38.706268310546875,-9.175519943237305,29,IN_TRANSIT_TO,2025-03-24 08:13:38,12110,2676,87-XB-40,POINT (-9.175519943237305 38.706268310546875)
2957_40B,17568_20250101_212_0_3,212_0,0,38.77565002441406,-9.160079956054688,23,IN_TRANSIT_TO,2025-03-24 08:13:52,5927,2957,27-GU-72,POINT (-9.160079956054688 38.77565002441406)
2677_709,3394_20250101_148_0_3,148_0,0,38.71847152709961,-9.156720161437988,7,IN_TRANSIT_TO,2025-03-24 08:13:34,6810,2677,87-XB-41,POINT (-9.156720161437988 38.71847152709961)
2671_738,5572_20250101_117_0_4,117_0,1,38.71794891357422,-9.15701961517334,13,IN_TRANSIT_TO,2025-03-24 08:13:39,6801,2671,87-XB-43,POINT (-9.15701961517334 38.71794891357422)
2670_750,38368_20250101_106_4_3,106_4,0,38.70600128173828,-9.22665023803711,11,IN_TRANSIT_TO,2025-03-24 08:13:35,18401,2670,87-XB-32,POINT (-9.22665023803711 38.70600128173828)
6001_706,3260_20250101_147_0_3,147_0,1,38.70623016357422,-9.145000457763672,34,IN_TRANSIT_TO,2025-03-24 08:13:51,3803,6001,99-XU-70,POINT (-9.145000457763672 38.70623016357422)
2675_738,5566_20250101_117_0_3,117_0,1,38.726829528808594,-9.148980140686035,17,IN_TRANSIT_TO,2025-03-24 08:13:55,1205,2675,87-XB-35,POINT (-9.148980140686035 38.726829528808594)
2964_45B,45281_20250101_277_0_2,277_0,1,38.76966857910156,-9.169269561767578,2,IN_TRANSIT_TO,2025-03-24 08:13:53,5953,2964,30-VM-19,POINT (-9.169269561767578 38.76966857910156)
2962_72B,45276_20250101_279_0_2,279_0,0,38.75006866455078,-9.195630073547363,24,IN_TRANSIT_TO,2025-03-24 08:13:54,10907,2962,30-VM-07,POINT (-9.195630073547363 38.75006866455078)
4623_783,7846_20250101_203_0_4,203_0,1,38.790199279785156,-9.12423038482666,0,IN_TRANSIT_TO,2025-03-24 08:13:49,,4623,27-JO-12,POINT (-9.12423038482666 38.790199279785156)
6031_760,7085_20250101_171_0_2,171_0,1,38.71397018432617,-9.137800216674805,34,IN_TRANSIT_TO,2025-03-24 08:13:42,905,6031,BF-87-AX,POINT (-9.137800216674805 38.71397018432617)
4819_748,6160_20250101_169_0_3,169_0,0,38.725669860839844,-9.149419784545898,0,IN_TRANSIT_TO,2025-03-24 08:13:47,,4819,34-VR-16,POINT (-9.149419784545898 38.725669860839844)
2718_711,3512_20250101_101_0_2,101_0,1,38.74562072753906,-9.206279754638672,10,IN_TRANSIT_TO,2025-03-24 08:13:44,2907,2718,92-XQ-23,POINT (-9.206279754638672 38.74562072753906)
547_18E,12182_20250101_78_0_6,78_0,1,38.70600128173828,-9.181070327758789,12,IN_TRANSIT_TO,2025-03-24 08:13:25,12013,547,,POINT (-9.181070327758789 38.70600128173828)
6014_706,3267_20250101_147_0_5,147_0,1,38.724029541015625,-9.146900177001953,21,IN_TRANSIT_TO,2025-03-24 08:13:44,1217,6014,67-ZF-30,POINT (-9.146900177001953 38.724029541015625)
2723_754,6609_20250101_201_0_3,201_0,0,38.748870849609375,-9.187529563903809,15,IN_TRANSIT_TO,2025-03-24 08:13:51,10828,2723,92-XQ-43,POINT (-9.187529563903809 38.748870849609375)
6050_732,5057_20250101_107_0_3,107_0,0,38.72962188720703,-9.143549919128418,10,IN_TRANSIT_TO,2025-03-24 08:13:36,1710,6050,BH-62-IR,POINT (-9.143549919128418 38.72962188720703)
2741_755,6702_20250101_118_0_5,118_0,1,38.75008010864258,-9.113880157470703,29,IN_TRANSIT_TO,2025-03-24 08:13:39,24375,2741,AG-99-TG,POINT (-9.113880157470703 38.75008010864258)
2658_711,3454_20250101_101_0_4,101_0,0,38.73834991455078,-9.204649925231934,18,IN_TRANSIT_TO,2025-03-24 08:13:29,8829,2658,05-VZ-71,POINT (-9.204649925231934 38.73834991455078)
2479_726,4325_20250101_116_0_3,116_0,0,38.761478424072266,-9.19653034210205,29,IN_TRANSIT_TO,2025-03-24 08:13:46,12812,2479,91-BE-74,POINT (-9.19653034210205 38.761478424072266)
2288_799,8211_20250101_120_0_5,120_0,1,38.734779357910156,-9.220319747924805,7,IN_TRANSIT_TO,2025-03-24 08:13:30,50055,2288,92-59-ZM,POINT (-9.220319747924805 38.734779357910156)
2763_723,4168_20250101_121_0_3,121_0,1,38.69968032836914,-9.214030265808105,4,IN_TRANSIT_TO,2025-03-24 08:13:45,13205,2763,AH-23-ND,POINT (-9.214030265808105 38.69968032836914)
2417_767,7286_20250101_112_0_3,112_0,0,38.749351501464844,-9.219429969787598,44,IN_TRANSIT_TO,2025-03-24 08:13:34,3002,2417,50-AL-06,POINT (-9.219429969787598 38.749351501464844)
608_15E,11280_20250101_76_0_4,76_0,1,38.69647979736328,-9.207869529724121,6,IN_TRANSIT_TO,2025-03-24 08:13:49,13209,608,,POINT (-9.207869529724121 38.69647979736328)
2979_774,7450_20250101_192_0_7,192_0,0,38.720481872558594,-9.163880348205566,5,IN_TRANSIT_TO,2025-03-24 08:13:55,8027,2979,30-VM-17,POINT (-9.163880348205566 38.720481872558594)
610_15E,11212_20250101_76_0_5,76_0,0,38.69586944580078,-9.218779563903809,16,IN_TRANSIT_TO,2025-03-24 08:13:44,13206,610,,POINT (-9.218779563903809 38.69586944580078)
2282_758,6877_20250101_150_0_3,150_0,0,38.7380485534668,-9.167519569396973,17,IN_TRANSIT_TO,2025-03-24 08:13:26,2713,2282,67-35-ZJ,POINT (-9.167519569396973 38.7380485534668)
2281_758,6869_20250101_150_0_5,150_0,0,38.74729919433594,-9.188779830932617,25,IN_TRANSIT_TO,2025-03-24 08:13:30,10826,2281,67-56-ZJ,POINT (-9.188779830932617 38.74729919433594)
255_58B,19291_20250101_227_0_4,227_0,0,38.742950439453125,-9.166080474853516,2,IN_TRANSIT_TO,2025-03-24 08:13:57,1604,255,AF-58-RM,POINT (-9.166080474853516 38.742950439453125)
1717_735,5263_20250101_172_1_3,172_1,0,38.72753143310547,-9.128299713134766,16,IN_TRANSIT_TO,2025-03-24 08:13:32,7003,1717,69-AL-80,POINT (-9.128299713134766 38.72753143310547)
2301_15E,11495_20250101_76_8_7,76_8,0,38.7067985534668,-9.141650199890137,3,IN_TRANSIT_TO,2025-03-24 08:13:53,3820,2301,83-12-ZM,POINT (-9.141650199890137 38.7067985534668)
2717_713,3594_20250101_122_0_4,122_0,1,38.7159309387207,-9.15857982635498,20,IN_TRANSIT_TO,2025-03-24 08:13:48,8103,2717,92-XQ-16,POINT (-9.15857982635498 38.7159309387207)
2629_781,7756_20250101_151_0_3,151_0,1,38.705318450927734,-9.14367961883545,29,IN_TRANSIT_TO,2025-03-24 08:13:48,3820,2629,52-VP-81,POINT (-9.14367961883545 38.705318450927734)
4835_736,5408_20250101_199_0_4,199_0,1,38.72452163696289,-9.149479866027832,26,IN_TRANSIT_TO,2025-03-24 08:13:54,1206,4835,53-VR-06,POINT (-9.149479866027832 38.72452163696289)
4624_783,7829_20250101_203_0_2,203_0,1,38.72801971435547,-9.148300170898438,26,IN_TRANSIT_TO,2025-03-24 08:13:31,1702,4624,11-JM-75,POINT (-9.148300170898438 38.72801971435547)
271_28E,48629_20250101_75_8_4,75_8,0,38.711181640625,-9.152680397033691,13,IN_TRANSIT_TO,2025-03-24 08:13:41,6721,271,AH-27-IN,POINT (-9.152680397033691 38.711181640625)
6024_760,7022_20250101_171_0_2,171_0,0,38.72732925415039,-9.142020225524902,7,IN_TRANSIT_TO,2025-03-24 08:13:40,809,6024,BF-69-BA,POINT (-9.142020225524902 38.72732925415039)
4811_728,4621_20250101_204_0_4,204_0,0,38.7628288269043,-9.098170280456543,41,IN_TRANSIT_TO,2025-03-24 08:13:33,2402,4811,34-VR-20,POINT (-9.098170280456543 38.7628288269043)
6034_760,7105_20250101_171_0_2,171_0,1,38.70772171020508,-9.196579933166504,14,IN_TRANSIT_TO,2025-03-24 08:13:43,10303,6034,BF-61-AX,POINT (-9.196579933166504 38.70772171020508)
2738_735,5258_20250101_172_0_2,172_0,1,38.746971130371094,-9.140729904174805,9,IN_TRANSIT_TO,2025-03-24 08:13:53,202,2738,AG-46-EI,POINT (-9.140729904174805 38.746971130371094)
6007_706,3252_20250101_147_0_4,147_0,0,38.70893096923828,-9.152970314025879,7,IN_TRANSIT_TO,2025-03-24 08:13:50,7103,6007,80-ZC-62,POINT (-9.152970314025879 38.70893096923828)
4601_753,20068_20250101_167_0_3,167_0,0,38.723331451416016,-9.166020393371582,6,IN_TRANSIT_TO,2025-03-24 08:13:55,8501,4601,96-GL-79,POINT (-9.166020393371582 38.723331451416016)
6035_732,5044_20250101_107_0_3,107_0,0,38.717369079589844,-9.143269538879395,14,IN_TRANSIT_TO,2025-03-24 08:13:41,1102,6035,BG-76-LX,POINT (-9.143269538879395 38.717369079589844)
2765_727,4441_20250101_103_0_3,103_0,0,38.74734878540039,-9.140899658203125,2,IN_TRANSIT_TO,2025-03-24 08:13:16,11211,2765,AH-37-ND,POINT (-9.140899658203125 38.74734878540039)
2783_723,4169_20250101_121_0_3,121_0,0,38.701419830322266,-9.216750144958496,26,IN_TRANSIT_TO,2025-03-24 08:13:37,9711,2783,AI-10-BT,POINT (-9.216750144958496 38.701419830322266)
2978_702,3030_20250101_146_0_7,146_0,0,38.727699279785156,-9.161520004272461,3,IN_TRANSIT_TO,2025-03-24 08:13:37,6103,2978,29-VM-92,POINT (-9.161520004272461 38.727699279785156)
2259_758,6815_20250101_150_0_4,150_0,1,38.72740173339844,-9.162320137023926,19,IN_TRANSIT_TO,2025-03-24 08:13:50,6122,2259,67-44-ZJ,POINT (-9.162320137023926 38.72740173339844)
2270_771,21936_20250101_248_0_3,248_0,0,38.72359848022461,-9.177120208740234,11,IN_TRANSIT_TO,2025-03-24 08:13:32,8607,2270,76-82-ZG,POINT (-9.177120208740234 38.72359848022461)
2430_767,7223_20250101_112_0_2,112_0,1,38.7618293762207,-9.162819862365723,26,IN_TRANSIT_TO,2025-03-24 08:13:48,50014,2430,29-AX-12,POINT (-9.162819862365723 38.7618293762207)
2442_703,3149_20250101_165_0_3,165_0,0,38.745079040527344,-9.200149536132812,37,IN_TRANSIT_TO,2025-03-24 08:13:35,2806,2442,29-AX-06,POINT (-9.200149536132812 38.745079040527344)
2779_712,3541_20250101_189_0_5,189_0,0,38.716121673583984,-9.172679901123047,25,IN_TRANSIT_TO,2025-03-24 08:13:33,9303,2779,AI-02-BT,POINT (-9.172679901123047 38.716121673583984)
2495_735,5182_20250101_172_0_5,172_0,0,38.72941970825195,-9.128080368041992,16,IN_TRANSIT_TO,2025-03-24 08:13:55,7003,2495,88-BL-69,POINT (-9.128080368041992 38.72941970825195)
2842_753,6564_20250101_167_0_6,167_0,1,38.7244987487793,-9.1496000289917,6,IN_TRANSIT_TO,2025-03-24 08:13:32,1212,2842,BF-56-FZ,POINT (-9.1496000289917 38.7244987487793)
2796_713,20157_20250101_122_0_3,122_0,0,38.724979400634766,-9.160050392150879,10,IN_TRANSIT_TO,2025-03-24 08:13:43,6120,2796,AJ-59-LI,POINT (-9.160050392150879 38.724979400634766)
4825_736,5311_20250101_199_0_5,199_0,0,38.78731918334961,-9.169269561767578,25,IN_TRANSIT_TO,2025-03-24 08:13:49,7207,4825,20-VQ-72,POINT (-9.169269561767578 38.78731918334961)
2345_799,8227_20250101_120_0_4,120_0,1,38.752899169921875,-9.189370155334473,23,IN_TRANSIT_TO,2025-03-24 08:13:56,10917,2345,53-59-ZJ,POINT (-9.189370155334473 38.752899169921875)
2614_759,6973_20250101_144_0_5,144_0,0,38.720428466796875,-9.11693000793457,10,IN_TRANSIT_TO,2025-03-24 08:13:55,9813,2614,66-VI-24,POINT (-9.11693000793457 38.720428466796875)
275_734,5152_20250101_205_0_2,205_0,1,38.718849182128906,-9.121879577636719,2,IN_TRANSIT_TO,2025-03-24 08:12:21,2103,275,AH-16-TB,POINT (-9.121879577636719 38.718849182128906)
2997_774,7430_20250101_192_0_8,192_0,1,38.723751068115234,-9.147430419921875,4,IN_TRANSIT_TO,2025-03-24 08:13:36,1217,2997,34-VN-03,POINT (-9.147430419921875 38.723751068115234)
2607_759,6896_20250101_144_0_2,144_0,1,38.742431640625,-9.112850189208984,26,IN_TRANSIT_TO,2025-03-24 08:13:53,3716,2607,AA-95-TQ,POINT (-9.112850189208984 38.742431640625)
4815_751,6490_20250101_109_0_3,109_0,0,38.70830154418945,-9.17378044128418,6,IN_TRANSIT_TO,2025-03-24 08:13:54,9412,4815,34-VR-24,POINT (-9.17378044128418 38.70830154418945)
4809_751,6481_20250101_109_0_4,109_0,1,38.70344924926758,-9.227179527282715,8,IN_TRANSIT_TO,2025-03-24 08:13:44,18403,4809,20-VQ-67,POINT (-9.227179527282715 38.70344924926758)
2824_728,4581_20250101_204_0_5,204_0,1,38.72642135620117,-9.110380172729492,25,IN_TRANSIT_TO,2025-03-24 08:13:46,8310,2824,BF-67-FZ,POINT (-9.110380172729492 38.72642135620117)
4827_736,5359_20250101_199_0_5,199_0,0,38.73712921142578,-9.145750045776367,7,IN_TRANSIT_TO,2025-03-24 08:13:51,1807,4827,34-VR-15,POINT (-9.145750045776367 38.73712921142578)
2697_714,3662_20250101_102_0_5,102_0,0,38.70457077026367,-9.163769721984863,8,IN_TRANSIT_TO,2025-03-24 08:13:26,10212,2697,90-XF-59,POINT (-9.163769721984863 38.70457077026367)
2601_759,6906_20250101_144_0_4,144_0,1,38.753700256347656,-9.114219665527344,21,IN_TRANSIT_TO,2025-03-24 08:13:34,50070,2601,04-VA-70,POINT (-9.114219665527344 38.753700256347656)
6026_760,7103_20250101_171_0_5,171_0,1,38.70623016357422,-9.179400444030762,23,IN_TRANSIT_TO,2025-03-24 08:13:27,12119,6026,BF-39-BB,POINT (-9.179400444030762 38.70623016357422)
2653_748,6140_20250101_169_0_4,169_0,1,38.72507858276367,-9.18595027923584,6,IN_TRANSIT_TO,2025-03-24 08:13:39,14311,2653,05-VZ-52,POINT (-9.18595027923584 38.72507858276367)
4806_751,6503_20250101_109_0_1,109_0,1,38.73093032836914,-9.16897964477539,29,IN_TRANSIT_TO,2025-03-24 08:13:42,8601,4806,20-VQ-74,POINT (-9.16897964477539 38.73093032836914)
2743_720,4086_20250101_143_0_5,143_0,1,38.72441864013672,-9.150520324707031,16,IN_TRANSIT_TO,2025-03-24 08:13:48,1207,2743,AG-02-TH,POINT (-9.150520324707031 38.72441864013672)
4837_736,5422_20250101_199_0_4,199_0,1,38.7599983215332,-9.157050132751465,14,IN_TRANSIT_TO,2025-03-24 08:13:44,5808,4837,34-VR-18,POINT (-9.157050132751465 38.7599983215332)
2657_746,5977_20250101_108_0_6,108_0,1,38.731529235839844,-9.151749610900879,22,IN_TRANSIT_TO,2025-03-24 08:13:31,1402,2657,05-VZ-66,POINT (-9.151749610900879 38.731529235839844)
2637_705,3180_20250101_176_0_3,176_0,0,38.744651794433594,-9.134380340576172,25,IN_TRANSIT_TO,2025-03-24 08:13:50,308,2637,87-VS-51,POINT (-9.134380340576172 38.744651794433594)
4830_736,5351_20250101_199_0_5,199_0,0,38.73252868652344,-9.145480155944824,6,IN_TRANSIT_TO,2025-03-24 08:13:34,1703,4830,20-VQ-63,POINT (-9.145480155944824 38.73252868652344)
2638_744,5805_20250101_200_0_3,200_0,0,38.733150482177734,-9.145119667053223,5,IN_TRANSIT_TO,2025-03-24 08:13:52,1713,2638,87-VS-48,POINT (-9.145119667053223 38.733150482177734)
6037_771,21932_20250101_248_0_2,248_0,0,38.72417068481445,-9.18828010559082,3,IN_TRANSIT_TO,2025-03-24 08:13:31,2712,6037,BG-37-LT,POINT (-9.18828010559082 38.72417068481445)
2617_722,4127_20250101_196_0_4,196_0,1,38.763671875,-9.129650115966797,16,IN_TRANSIT_TO,2025-03-24 08:13:31,7602,2617,66-VI-28,POINT (-9.129650115966797 38.763671875)
2633_759,6970_20250101_144_0_3,144_0,0,38.73637008666992,-9.11316967010498,19,IN_TRANSIT_TO,2025-03-24 08:13:29,17579,2633,52-VP-79,POINT (-9.11316967010498 38.73637008666992)
6005_706,3202_20250101_147_0_3,147_0,1,38.72998046875,-9.126420021057129,9,IN_TRANSIT_TO,2025-03-24 08:13:42,11705,6005,81-ZC-91,POINT (-9.126420021057129 38.72998046875)
2648_748,6155_20250101_169_0_3,169_0,0,38.72330093383789,-9.166330337524414,4,IN_TRANSIT_TO,2025-03-24 08:13:57,8501,2648,75-VS-46,POINT (-9.166330337524414 38.72330093383789)
2619_759,6949_20250101_144_0_3,144_0,0,38.77439880371094,-9.097519874572754,45,IN_TRANSIT_TO,2025-03-24 08:13:56,7824,2619,66-VI-37,POINT (-9.097519874572754 38.77439880371094)
2698_723,4149_20250101_121_0_4,121_0,1,38.720428466796875,-9.197669982910156,19,IN_TRANSIT_TO,2025-03-24 08:13:55,21304,2698,92-XQ-20,POINT (-9.197669982910156 38.720428466796875)
6039_716,3752_20250101_164_0_2,164_0,1,38.7353515625,-9.141220092773438,23,IN_TRANSIT_TO,2025-03-24 08:13:47,11101,6039,BG-96-LU,POINT (-9.141220092773438 38.7353515625)
2716_711,3519_20250101_101_0_2,101_0,0,38.75075149536133,-9.211380004882812,25,IN_TRANSIT_TO,2025-03-24 08:06:30,11006,2716,92-XQ-27,POINT (-9.211380004882812 38.75075149536133)
2991_34B,19151_20250101_226_0_2,226_0,0,38.73955154418945,-9.123929977416992,39,IN_TRANSIT_TO,2025-03-24 08:13:28,8912,2991,29-VM-89,POINT (-9.123929977416992 38.73955154418945)
4820_751,6498_20250101_109_0_5,109_0,1,38.717220306396484,-9.175200462341309,28,IN_TRANSIT_TO,2025-03-24 08:13:53,11903,4820,20-VQ-62,POINT (-9.175200462341309 38.717220306396484)
2704_746,5993_20250101_108_0_2,108_0,1,38.74995040893555,-9.195019721984863,6,IN_TRANSIT_TO,2025-03-24 08:13:40,10905,2704,92-XQ-18,POINT (-9.195019721984863 38.74995040893555)
283_76B,18630_20250101_219_0_3,219_0,0,38.70507049560547,-9.189979553222656,5,IN_TRANSIT_TO,2025-03-24 08:13:34,50371,283,AI-49-OJ,POINT (-9.189979553222656 38.70507049560547)
6041_760,7066_20250101_171_0_2,171_0,0,38.7059211730957,-9.156599998474121,14,IN_TRANSIT_TO,2025-03-24 08:13:54,3902,6041,BG-20-LV,POINT (-9.156599998474121 38.7059211730957)
2639_718,3994_20250101_105_0_3,105_0,1,38.749481201171875,-9.104869842529297,24,IN_TRANSIT_TO,2025-03-24 08:13:52,2206,2639,75-VS-47,POINT (-9.104869842529297 38.749481201171875)
2826_728,4569_20250101_204_0_3,204_0,1,38.70845031738281,-9.133350372314453,32,IN_TRANSIT_TO,2025-03-24 08:13:48,4502,2826,BF-74-FZ,POINT (-9.133350372314453 38.70845031738281)
2989_52B,21661_20250101_244_0_3,244_0,0,38.74259948730469,-9.15845012664795,4,IN_TRANSIT_TO,2025-03-24 08:13:43,50540,2989,29-VM-85,POINT (-9.15845012664795 38.74259948730469)
2642_759,6921_20250101_144_0_4,144_0,1,38.76681900024414,-9.119850158691406,15,IN_TRANSIT_TO,2025-03-24 08:13:31,7702,2642,75-VS-51,POINT (-9.119850158691406 38.76681900024414)
2724_746,5986_20250101_108_0_4,108_0,1,38.7317008972168,-9.151969909667969,22,IN_TRANSIT_TO,2025-03-24 08:13:32,1402,2724,92-XQ-40,POINT (-9.151969909667969 38.7317008972168)
2661_713,3592_20250101_122_0_4,122_0,1,38.73334884643555,-9.154529571533203,30,IN_TRANSIT_TO,2025-03-24 08:13:52,1406,2661,05-VZ-58,POINT (-9.154529571533203 38.73334884643555)
2737_756,6754_20250101_175_0_2,175_0,1,38.7381706237793,-9.125519752502441,21,IN_TRANSIT_TO,2025-03-24 08:13:43,8908,2737,AG-45-EI,POINT (-9.125519752502441 38.7381706237793)
2609_781,7722_20250101_151_0_4,151_0,1,38.776119232177734,-9.113800048828125,8,IN_TRANSIT_TO,2025-03-24 08:13:38,12308,2609,66-VI-36,POINT (-9.113800048828125 38.776119232177734)
2721_754,6622_20250101_201_0_2,201_0,1,38.746070861816406,-9.181870460510254,24,IN_TRANSIT_TO,2025-03-24 08:13:58,10707,2721,92-XQ-37,POINT (-9.181870460510254 38.746070861816406)
2326_712,3550_20250101_189_0_5,189_0,0,38.72549819946289,-9.151069641113281,17,IN_TRANSIT_TO,2025-03-24 08:13:31,1202,2326,67-49-ZJ,POINT (-9.151069641113281 38.72549819946289)
2632_722,4107_20250101_196_0_3,196_0,0,38.75788116455078,-9.129969596862793,19,IN_TRANSIT_TO,2025-03-24 08:13:37,7507,2632,52-VP-88,POINT (-9.129969596862793 38.75788116455078)
2981_730,4949_20250101_198_0_4,198_0,0,38.73925018310547,-9.121230125427246,6,IN_TRANSIT_TO,2025-03-24 08:13:32,8907,2981,29-VM-86,POINT (-9.121230125427246 38.73925018310547)
6030_760,7098_20250101_171_0_2,171_0,1,38.706298828125,-9.14739990234375,29,IN_TRANSIT_TO,2025-03-24 08:13:53,7101,6030,BF-39-AU,POINT (-9.14739990234375 38.706298828125)
2618_781,7721_20250101_151_0_4,151_0,1,38.76155090332031,-9.110950469970703,14,IN_TRANSIT_TO,2025-03-24 08:13:56,8424,2618,66-VI-42,POINT (-9.110950469970703 38.76155090332031)
2643_781,7747_20250101_151_0_4,151_0,0,38.74715042114258,-9.099419593811035,10,IN_TRANSIT_TO,2025-03-24 08:13:55,12501,2643,75-VS-44,POINT (-9.099419593811035 38.74715042114258)
2646_781,7762_20250101_151_0_4,151_0,1,38.747581481933594,-9.099120140075684,19,IN_TRANSIT_TO,2025-03-24 08:13:56,2203,2646,75-VS-48,POINT (-9.099120140075684 38.747581481933594)
2468_729,4825_20250101_104_0_2,104_0,1,38.69892120361328,-9.227149963378906,0,IN_TRANSIT_TO,2025-03-24 08:13:02,,2468,16-AZ-10,POINT (-9.227149963378906 38.69892120361328)
2640_722,4129_20250101_196_0_3,196_0,1,38.785400390625,-9.111579895019531,2,IN_TRANSIT_TO,2025-03-24 08:13:40,50121,2640,75-VS-43,POINT (-9.111579895019531 38.785400390625)
2654_713,3576_20250101_122_0_5,122_0,0,38.737030029296875,-9.146650314331055,4,IN_TRANSIT_TO,2025-03-24 08:13:48,1811,2654,05-VZ-69,POINT (-9.146650314331055 38.737030029296875)
2612_744,5841_20250101_200_0_4,200_0,1,38.76723098754883,-9.100480079650879,6,IN_TRANSIT_TO,2025-03-24 08:13:29,7825,2612,66-VI-29,POINT (-9.100480079650879 38.76723098754883)
6042_703,3166_20250101_165_0_3,165_0,0,38.774200439453125,-9.16273021697998,15,IN_TRANSIT_TO,2025-03-24 08:13:56,5925,6042,BG-97-LU,POINT (-9.16273021697998 38.774200439453125)
2635_718,3978_20250101_105_0_4,105_0,0,38.75442123413086,-9.109319686889648,6,IN_TRANSIT_TO,2025-03-24 08:13:32,24386,2635,52-VP-90,POINT (-9.109319686889648 38.75442123413086)
6040_760,7039_20250101_171_0_5,171_0,0,38.715980529785156,-9.207070350646973,35,IN_TRANSIT_TO,2025-03-24 08:13:54,12906,6040,BG-46-LT,POINT (-9.207070350646973 38.715980529785156)
2258_758,6793_20250101_150_0_4,150_0,1,38.720619201660156,-9.156669616699219,24,IN_TRANSIT_TO,2025-03-24 08:13:29,6815,2258,53-58-ZJ,POINT (-9.156669616699219 38.720619201660156)
544_28E,14960_20250101_75_0_5,75_0,1,38.7210693359375,-9.130080223083496,16,IN_TRANSIT_TO,2025-03-24 08:13:46,9130,544,,POINT (-9.130080223083496 38.7210693359375)
2769_764,7142_20250101_168_0_5,168_0,1,38.74481964111328,-9.199119567871094,15,IN_TRANSIT_TO,2025-03-24 08:13:40,2811,2769,AH-19-ND,POINT (-9.199119567871094 38.74481964111328)
549_24E,17832_20250101_213_0_4,213_0,0,38.72386932373047,-9.159629821777344,9,IN_TRANSIT_TO,2025-03-24 08:13:58,50362,549,,POINT (-9.159629821777344 38.72386932373047)
2636_781,7755_20250101_151_0_4,151_0,0,38.7087516784668,-9.133729934692383,3,IN_TRANSIT_TO,2025-03-24 08:13:43,5501,2636,87-VS-50,POINT (-9.133729934692383 38.7087516784668)
2686_15E,11491_20250101_76_8_8,76_8,1,38.70293045043945,-9.17311954498291,1,IN_TRANSIT_TO,2025-03-24 08:13:55,4003,2686,99-XE-58,POINT (-9.17311954498291 38.70293045043945)
571_25E,14260_20250101_79_0_3,79_0,1,38.70692825317383,-9.158129692077637,13,IN_TRANSIT_TO,2025-03-24 08:13:38,3915,571,,POINT (-9.158129692077637 38.70692825317383)
582_28E,14895_20250101_75_0_6,75_0,0,38.721981048583984,-9.130829811096191,6,IN_TRANSIT_TO,2025-03-24 08:13:25,9127,582,,POINT (-9.130829811096191 38.721981048583984)
2621_718,3937_20250101_105_0_5,105_0,1,38.722869873046875,-9.115169525146484,13,IN_TRANSIT_TO,2025-03-24 08:13:35,9805,2621,66-VI-45,POINT (-9.115169525146484 38.722869873046875)
2622_759,6961_20250101_144_0_3,144_0,0,38.77288055419922,-9.105850219726562,42,IN_TRANSIT_TO,2025-03-24 08:13:40,7809,2622,66-VI-21,POINT (-9.105850219726562 38.77288055419922)
2603_705,3186_20250101_176_0_3,176_0,0,38.77907180786133,-9.119850158691406,9,IN_TRANSIT_TO,2025-03-24 08:13:44,12305,2603,16-VF-76,POINT (-9.119850158691406 38.77907180786133)
2649_714,3649_20250101_102_0_3,102_0,0,38.69977951049805,-9.184419631958008,15,IN_TRANSIT_TO,2025-03-24 08:13:28,9504,2649,75-VS-42,POINT (-9.184419631958008 38.69977951049805)
2975_72B,45275_20250101_279_0_3,279_0,0,38.75006866455078,-9.207969665527344,10,IN_TRANSIT_TO,2025-03-24 08:13:43,50132,2975,30-VM-11,POINT (-9.207969665527344 38.75006866455078)
2985_730,4947_20250101_198_0_4,198_0,0,38.72303009033203,-9.138250350952148,20,IN_TRANSIT_TO,2025-03-24 08:13:55,9201,2985,30-VM-14,POINT (-9.138250350952148 38.72303009033203)
2986_797,8161_20250101_163_0_10,163_0,0,38.730201721191406,-9.128430366516113,5,IN_TRANSIT_TO,2025-03-24 08:13:44,7004,2986,30-VM-12,POINT (-9.128430366516113 38.730201721191406)
2701_723,4136_20250101_121_0_4,121_0,1,38.72454833984375,-9.150349617004395,28,IN_TRANSIT_TO,2025-03-24 08:13:44,1212,2701,92-XQ-35,POINT (-9.150349617004395 38.72454833984375)
2990_730,4969_20250101_198_0_4,198_0,1,38.72243118286133,-9.140970230102539,5,IN_TRANSIT_TO,2025-03-24 08:13:55,9206,2990,30-VM-06,POINT (-9.140970230102539 38.72243118286133)
2711_711,3462_20250101_101_0_3,101_0,0,38.7192497253418,-9.14468002319336,5,IN_TRANSIT_TO,2025-03-24 08:13:54,1003,2711,92-XQ-44,POINT (-9.14468002319336 38.7192497253418)
2976_797,8172_20250101_163_0_4,163_0,1,38.72684860229492,-9.130419731140137,3,IN_TRANSIT_TO,2025-03-24 08:13:29,9102,2976,30-VM-00,POINT (-9.130419731140137 38.72684860229492)
2616_781,7748_20250101_151_0_4,151_0,0,38.73551940917969,-9.103650093078613,8,IN_TRANSIT_TO,2025-03-24 08:13:41,12513,2616,66-VI-44,POINT (-9.103650093078613 38.73551940917969)
2702_738,5512_20250101_117_0_3,117_0,0,38.70280075073242,-9.187529563903809,36,IN_TRANSIT_TO,2025-03-24 08:13:31,12002,2702,92-XQ-21,POINT (-9.187529563903809 38.70280075073242)
2604_759,6981_20250101_144_0_4,144_0,1,38.715980529785156,-9.142230033874512,46,IN_TRANSIT_TO,2025-03-24 08:13:43,919,2604,66-VI-32,POINT (-9.142230033874512 38.715980529785156)
552_25E,14255_20250101_79_0_5,79_0,1,38.706180572509766,-9.143400192260742,16,IN_TRANSIT_TO,2025-03-24 08:13:35,3803,552,,POINT (-9.143400192260742 38.706180572509766)
2634_744,5850_20250101_200_0_3,200_0,0,38.76250076293945,-9.129980087280273,17,IN_TRANSIT_TO,2025-03-24 08:13:40,7513,2634,52-VP-85,POINT (-9.129980087280273 38.76250076293945)
2332_708,3351_20250101_100_0_3,100_0,0,38.75777053833008,-9.129969596862793,14,IN_TRANSIT_TO,2025-03-24 08:13:33,7401,2332,53-55-ZJ,POINT (-9.129969596862793 38.75777053833008)
2605_759,6987_20250101_144_0_4,144_0,1,38.71969985961914,-9.116780281066895,39,IN_TRANSIT_TO,2025-03-24 08:13:44,9814,2605,66-VI-35,POINT (-9.116780281066895 38.71969985961914)
2980_45B,45280_20250101_277_0_3,277_0,1,38.77415084838867,-9.15392017364502,24,IN_TRANSIT_TO,2025-03-24 08:13:29,5913,2980,29-VM-90,POINT (-9.15392017364502 38.77415084838867)
2663_714,3697_20240914_102_0_16,102_0,1,38.72127151489258,-9.221500396728516,4,IN_TRANSIT_TO,2024-10-22 20:26:58,18703,2663,05-VZ-62,POINT (-9.221500396728516 38.72127151489258)
2685_764,7135_20250101_168_0_4,168_0,1,38.752220153808594,-9.189069747924805,19,IN_TRANSIT_TO,2025-03-24 08:13:42,10807,2685,93-XA-46,POINT (-9.189069747924805 38.752220153808594)
6043_716,3757_20250101_164_0_6,164_0,1,38.74980163574219,-9.194129943847656,5,IN_TRANSIT_TO,2025-03-24 08:13:47,10801,6043,BG-93-LT,POINT (-9.194129943847656 38.74980163574219)
545_28E,14986_20250101_75_0_5,75_0,1,38.709781646728516,-9.133729934692383,8,IN_TRANSIT_TO,2025-03-24 08:13:53,13801,545,,POINT (-9.133729934692383 38.709781646728516)
543_12E,11025_20250101_77_0_2,77_0,0,38.71072006225586,-9.143420219421387,13,IN_TRANSIT_TO,2025-03-24 08:13:50,10514,543,,POINT (-9.143420219421387 38.71072006225586)
550_24E,17842_20250101_213_0_5,213_0,1,38.71564865112305,-9.145999908447266,7,IN_TRANSIT_TO,2025-03-24 08:13:56,10609,550,,POINT (-9.145999908447266 38.71564865112305)
2963_774,7467_20250101_192_0_2,192_0,1,38.7210693359375,-9.162099838256836,10,IN_TRANSIT_TO,2025-03-24 08:13:55,8519,2963,29-VM-88,POINT (-9.162099838256836 38.7210693359375)
2687_754,6592_20250101_201_0_4,201_0,1,38.73509979248047,-9.215270042419434,5,IN_TRANSIT_TO,2025-03-24 08:13:52,8845,2687,93-XA-44,POINT (-9.215270042419434 38.73509979248047)
265_79B,18661_20250101_221_0_3,221_0,0,38.70022964477539,-9.203120231628418,8,IN_TRANSIT_TO,2025-03-24 08:13:41,9604,265,AG-40-OV,POINT (-9.203120231628418 38.70022964477539)
2828_753,6541_20250101_167_0_7,167_0,0,38.7257194519043,-9.15095043182373,3,IN_TRANSIT_TO,2025-03-24 08:13:30,1202,2828,BF-60-FZ,POINT (-9.15095043182373 38.7257194519043)
2696_714,3697_20250101_102_0_4,102_0,1,38.70682144165039,-9.17632007598877,28,IN_TRANSIT_TO,2025-03-24 08:13:50,12105,2696,90-XF-63,POINT (-9.17632007598877 38.70682144165039)
2644_722,4119_20250101_196_0_4,196_0,0,38.726051330566406,-9.149470329284668,2,IN_TRANSIT_TO,2025-03-24 08:13:38,1103,2644,87-VS-52,POINT (-9.149470329284668 38.726051330566406)
2662_764,7151_20250101_168_0_3,168_0,1,38.74433135986328,-9.220669746398926,4,IN_TRANSIT_TO,2025-03-24 08:13:35,3001,2662,05-VZ-51,POINT (-9.220669746398926 38.74433135986328)
2977_52B,21671_20250101_244_0_2,244_0,0,38.734798431396484,-9.152629852294922,16,IN_TRANSIT_TO,2025-03-24 08:13:23,1413,2977,30-VM-21,POINT (-9.152629852294922 38.734798431396484)
2427_716,3718_20250101_164_0_8,164_0,1,38.75086975097656,-9.198519706726074,4,IN_TRANSIT_TO,2025-03-24 08:13:41,10905,2427,29-AX-14,POINT (-9.198519706726074 38.75086975097656)
6003_706,3251_20250101_147_0_4,147_0,0,38.71342086791992,-9.15326976776123,9,IN_TRANSIT_TO,2025-03-24 08:13:38,6703,6003,82-ZC-02,POINT (-9.15326976776123 38.71342086791992)
572_25E,14271_20250101_79_0_4,79_0,0,38.71084976196289,-9.161419868469238,8,IN_TRANSIT_TO,2025-03-24 08:13:38,10016,572,,POINT (-9.161419868469238 38.71084976196289)
4824_736,5319_20250101_199_0_5,199_0,0,38.76647186279297,-9.15762996673584,17,IN_TRANSIT_TO,2025-03-24 08:13:53,5811,4824,34-VR-19,POINT (-9.15762996673584 38.76647186279297)
2641_705,3195_20250101_176_0_3,176_0,1,38.77605056762695,-9.126399993896484,12,IN_TRANSIT_TO,2025-03-24 08:13:43,7607,2641,75-VS-49,POINT (-9.126399993896484 38.77605056762695)
270_28E,48628_20250101_75_8_6,75_8,1,38.710418701171875,-9.160980224609375,10,IN_TRANSIT_TO,2025-03-24 08:13:50,10003,270,AH-54-CZ,POINT (-9.160980224609375 38.710418701171875)
555_28E,15012_20250101_75_0_6,75_0,0,38.71043014526367,-9.142219543457031,21,IN_TRANSIT_TO,2025-03-24 08:13:52,10514,555,,POINT (-9.142219543457031 38.71043014526367)
2974_737,5489_20250101_173_0_3,173_0,0,38.712501525878906,-9.136630058288574,1,IN_TRANSIT_TO,2025-03-24 08:13:46,912,2974,30-VM-22,POINT (-9.136630058288574 38.712501525878906)
266_734,5150_20250101_205_0_3,205_0,1,38.72132110595703,-9.129949569702148,8,IN_TRANSIT_TO,2025-03-24 08:13:53,9128,266,AH-55-CZ,POINT (-9.129949569702148 38.72132110595703)
2987_730,4967_20250101_198_0_5,198_0,1,38.73160171508789,-9.127400398254395,15,IN_TRANSIT_TO,2025-03-24 08:13:36,7003,2987,29-VM-99,POINT (-9.127400398254395 38.73160171508789)
2655_755,6654_20250101_118_0_4,118_0,0,38.751529693603516,-9.159199714660645,36,IN_TRANSIT_TO,2025-03-24 08:13:37,5701,2655,05-VZ-67,POINT (-9.159199714660645 38.751529693603516)
4807_751,6514_20250101_109_4_3,109_4,1,38.704429626464844,-9.178299903869629,7,IN_TRANSIT_TO,2025-03-24 08:13:29,12107,4807,20-VQ-69,POINT (-9.178299903869629 38.704429626464844)
2650_713,3612_20250101_122_0_6,122_0,1,38.71022033691406,-9.174280166625977,6,IN_TRANSIT_TO,2025-03-24 08:13:44,9412,2650,75-VS-50,POINT (-9.174280166625977 38.71022033691406)
2782_738,22043_20250101_117_0_2,117_0,0,38.71382141113281,-9.212920188903809,0,IN_TRANSIT_TO,2025-03-24 08:13:39,,2782,AI-99-BS,POINT (-9.212920188903809 38.71382141113281)
4644_728,4661_20250101_204_0_2,204_0,0,38.728981018066406,-9.107099533081055,29,IN_TRANSIT_TO,2025-03-24 08:13:49,8311,4644,27-JO-11,POINT (-9.107099533081055 38.728981018066406)
277_64B,21775_20250101_238_0_3,238_0,0,38.714900970458984,-9.175600051879883,13,IN_TRANSIT_TO,2025-03-24 08:13:35,50492,277,AH-13-TB,POINT (-9.175600051879883 38.714900970458984)
4805_751,6454_20250101_109_0_7,109_0,0,38.69852066040039,-9.187899589538574,11,IN_TRANSIT_TO,2025-03-24 08:13:45,9504,4805,20-VQ-66,POINT (-9.187899589538574 38.69852066040039)
2740_720,4044_20250101_143_0_5,143_0,0,38.73746871948242,-9.134650230407715,8,IN_TRANSIT_TO,2025-03-24 08:13:55,407,2740,AG-43-EI,POINT (-9.134650230407715 38.73746871948242)
2984_702,3053_20250101_146_0_12,146_0,1,38.72505187988281,-9.152600288391113,13,IN_TRANSIT_TO,2025-03-24 08:13:45,50197,2984,30-VM-04,POINT (-9.152600288391113 38.72505187988281)
2630_781,7737_20250101_151_0_3,151_0,0,38.789920806884766,-9.125229835510254,29,IN_TRANSIT_TO,2025-03-24 08:07:14,16307,2630,52-VP-89,POINT (-9.125229835510254 38.789920806884766)
2744_720,4100_20250101_143_0_5,143_0,0,38.713321685791016,-9.162050247192383,20,IN_TRANSIT_TO,2025-03-24 08:13:46,8102,2744,AG-13-TH,POINT (-9.162050247192383 38.713321685791016)
4803_728,4589_20250101_204_0_5,204_0,1,38.75764846801758,-9.096529960632324,13,IN_TRANSIT_TO,2025-03-24 08:13:56,50316,4803,77-VP-16,POINT (-9.096529960632324 38.75764846801758)
2665_776,7476_20250101_193_0_14,193_0,0,38.700218200683594,-9.240630149841309,5,IN_TRANSIT_TO,2025-03-24 08:13:47,14906,2665,87-XB-33,POINT (-9.240630149841309 38.700218200683594)
272_79B,18671_20250101_221_0_2,221_0,0,38.69512176513672,-9.212920188903809,33,IN_TRANSIT_TO,2025-03-24 08:13:42,13210,272,AH-26-IN,POINT (-9.212920188903809 38.69512176513672)
2983_774,7457_20250101_192_0_7,192_0,0,38.714298248291016,-9.169919967651367,0,IN_TRANSIT_TO,2025-03-24 08:13:54,,2983,30-VM-08,POINT (-9.169919967651367 38.714298248291016)
257_13B,21591_20250101_243_0_3,243_0,0,38.71487045288086,-9.128549575805664,9,IN_TRANSIT_TO,2025-03-24 08:13:47,14802,257,AF-59-RM,POINT (-9.128549575805664 38.71487045288086)
4635_783,7857_20250101_203_0_3,203_0,0,38.734920501708984,-9.145170211791992,7,IN_TRANSIT_TO,2025-03-24 08:13:29,1807,4635,90-JI-95,POINT (-9.145170211791992 38.734920501708984)
274_61B,21530_20250101_241_0_4,241_0,1,38.72919845581055,-9.16232967376709,10,IN_TRANSIT_TO,2025-03-24 08:13:05,6122,274,AH-14-TB,POINT (-9.16232967376709 38.72919845581055)
2742_735,5206_20250101_172_0_4,172_0,1,38.7086296081543,-9.133480072021484,32,IN_TRANSIT_TO,2025-03-24 08:13:15,4502,2742,AG-94-TG,POINT (-9.133480072021484 38.7086296081543)
2725_714,3627_20250101_102_0_5,102_0,0,38.72222137451172,-9.217829704284668,34,IN_TRANSIT_TO,2025-03-24 08:13:40,18708,2725,92-XQ-30,POINT (-9.217829704284668 38.72222137451172)
2715_748,6151_20250101_169_0_3,169_0,0,38.714420318603516,-9.227100372314453,8,IN_TRANSIT_TO,2025-03-24 08:13:43,14308,2715,92-XQ-22,POINT (-9.227100372314453 38.714420318603516)
2608_759,6943_20250101_144_0_3,144_0,0,38.767520904541016,-9.100069999694824,47,IN_TRANSIT_TO,2025-03-24 08:13:41,7825,2608,66-VI-39,POINT (-9.100069999694824 38.767520904541016)
2966_702,3075_20250101_146_0_5,146_0,0,38.73482894897461,-9.171279907226562,11,IN_TRANSIT_TO,2025-03-24 08:13:51,2707,2966,30-VM-20,POINT (-9.171279907226562 38.73482894897461)
2731_708,3365_20250101_100_0_5,100_0,1,38.716800689697266,-9.136329650878906,42,IN_TRANSIT_TO,2025-03-24 08:13:48,804,2731,AG-49-EI,POINT (-9.136329650878906 38.716800689697266)
2719_711,3501_20250101_101_0_4,101_0,1,38.725101470947266,-9.151470184326172,29,IN_TRANSIT_TO,2025-03-24 08:13:55,50197,2719,92-XQ-17,POINT (-9.151470184326172 38.725101470947266)
2631_718,3975_20250101_105_0_4,105_0,0,38.727821350097656,-9.11001968383789,17,IN_TRANSIT_TO,2025-03-24 08:13:45,8304,2631,52-VP-80,POINT (-9.11001968383789 38.727821350097656)
258_64B,21489_20250101_238_0_4,238_0,0,38.71892166137695,-9.172880172729492,10,IN_TRANSIT_TO,2025-03-24 08:13:48,50658,258,AF-56-RM,POINT (-9.172880172729492 38.71892166137695)
2722_738,5550_20250101_117_0_3,117_0,0,38.74354934692383,-9.14723014831543,15,IN_TRANSIT_TO,2025-03-24 08:13:55,2020,2722,92-XQ-36,POINT (-9.14723014831543 38.74354934692383)
2735_756,6749_20250101_175_0_2,175_0,0,38.7411003112793,-9.14840030670166,11,IN_TRANSIT_TO,2025-03-24 08:13:38,1914,2735,AG-37-EI,POINT (-9.14840030670166 38.7411003112793)
282_64B,35837_20250101_238_0_4,238_0,0,38.71474838256836,-9.167030334472656,1,IN_TRANSIT_TO,2025-03-24 08:13:47,50480,282,AI-47-OJ,POINT (-9.167030334472656 38.71474838256836)
279_61B,21520_20250101_241_0_2,241_0,0,38.72835159301758,-9.16232967376709,15,IN_TRANSIT_TO,2025-03-24 08:13:32,2712,279,AI-38-FG,POINT (-9.16232967376709 38.72835159301758)
2972_770,7364_20250101_191_0_4,191_0,0,38.74058151245117,-9.186229705810547,11,IN_TRANSIT_TO,2025-03-24 08:13:43,50355,2972,29-VM-96,POINT (-9.186229705810547 38.74058151245117)
2625_744,5849_20250101_200_0_2,200_0,0,38.76947021484375,-9.12267017364502,20,IN_TRANSIT_TO,2025-03-24 08:13:34,12209,2625,72-VP-79,POINT (-9.12267017364502 38.76947021484375)
6045_732,5038_20250101_107_0_2,107_0,0,38.70195007324219,-9.180919647216797,27,IN_TRANSIT_TO,2025-03-24 08:13:29,12108,6045,BH-32-IQ,POINT (-9.180919647216797 38.70195007324219)
2247_726,4350_20250101_116_0_8,116_0,1,38.736080169677734,-9.149419784545898,23,IN_TRANSIT_TO,2025-03-17 13:39:08,1412,2247,22-34-ZB,POINT (-9.149419784545898 38.736080169677734)
2419_703,3135_20250101_165_0_4,165_0,1,38.74515151977539,-9.20281982421875,2,IN_TRANSIT_TO,2025-03-24 08:13:57,2907,2419,92-AO-55,POINT (-9.20281982421875 38.74515151977539)
2330_708,3370_20250101_100_0_2,100_0,1,38.73844909667969,-9.133700370788574,36,IN_TRANSIT_TO,2025-03-24 08:13:51,404,2330,67-52-ZJ,POINT (-9.133700370788574 38.73844909667969)
2316_708,3333_20250101_100_0_3,100_0,0,38.783199310302734,-9.093999862670898,35,IN_TRANSIT_TO,2025-03-24 08:13:26,50130,2316,61-87-ZB,POINT (-9.093999862670898 38.783199310302734)
2260_758,6853_20250101_150_0_2,150_0,1,38.75077819824219,-9.198780059814453,5,IN_TRANSIT_TO,2025-03-24 08:13:31,10905,2260,67-47-ZJ,POINT (-9.198780059814453 38.75077819824219)
2428_747,6079_20250101_177_0_4,177_0,1,38.76279830932617,-9.166830062866211,16,IN_TRANSIT_TO,2025-03-24 08:13:36,50006,2428,29-AX-13,POINT (-9.166830062866211 38.76279830932617)
2310_708,3298_20250101_100_0_2,100_0,1,38.78866958618164,-9.099430084228516,5,IN_TRANSIT_TO,2025-03-24 08:13:50,50304,2310,83-07-ZM,POINT (-9.099430084228516 38.78866958618164)
2402_767,7272_20250101_112_0_4,112_0,1,38.750450134277344,-9.22208023071289,0,IN_TRANSIT_TO,2025-03-24 08:13:47,,2402,50-AL-13,POINT (-9.22208023071289 38.750450134277344)
2443_747,6119_20250101_177_0_4,177_0,0,38.76182174682617,-9.170720100402832,8,IN_TRANSIT_TO,2025-03-24 08:13:51,50011,2443,29-AX-05,POINT (-9.170720100402832 38.76182174682617)
2490_798,8194_20250101_194_0_4,194_0,1,38.779701232910156,-9.148520469665527,11,IN_TRANSIT_TO,2025-03-24 08:13:29,50344,2490,55-BH-01,POINT (-9.148520469665527 38.779701232910156)
1701_701,2967_20250101_123_0_3,123_0,0,38.73418045043945,-9.164580345153809,23,IN_TRANSIT_TO,2025-03-24 08:13:36,2710,1701,39-AB-08,POINT (-9.164580345153809 38.73418045043945)
6044_732,5085_20250101_107_0_3,107_0,1,38.70357894897461,-9.171500205993652,23,IN_TRANSIT_TO,2025-03-24 08:13:43,4001,6044,BG-87-LX,POINT (-9.171500205993652 38.70357894897461)
2341_731,4996_20250101_190_0_2,190_0,1,38.771400451660156,-9.109729766845703,12,IN_TRANSIT_TO,2025-03-24 08:13:57,7802,2341,67-50-ZJ,POINT (-9.109729766845703 38.771400451660156)
2780_748,6144_20250101_169_0_4,169_0,1,38.71126937866211,-9.225950241088867,5,IN_TRANSIT_TO,2025-03-24 08:13:27,14309,2780,AI-06-BT,POINT (-9.225950241088867 38.71126937866211)
2785_712,3535_20250101_189_0_3,189_0,0,38.702430725097656,-9.17492961883545,31,IN_TRANSIT_TO,2025-03-24 08:13:36,50203,2785,AI-05-BT,POINT (-9.17492961883545 38.702430725097656)
2994_702,3066_20250101_146_0_4,146_0,1,38.725929260253906,-9.168530464172363,6,IN_TRANSIT_TO,2025-03-24 08:13:34,8606,2994,29-VM-91,POINT (-9.168530464172363 38.725929260253906)
2471_729,4820_20250101_104_0_2,104_0,1,38.703250885009766,-9.199520111083984,10,IN_TRANSIT_TO,2025-03-24 08:13:34,50136,2471,74-BC-70,POINT (-9.199520111083984 38.703250885009766)
2404_703,3175_20250101_165_0_4,165_0,1,38.778480529785156,-9.149200439453125,31,IN_TRANSIT_TO,2025-03-24 08:13:39,6020,2404,50-AL-11,POINT (-9.149200439453125 38.778480529785156)
2709_727,4515_20250101_103_0_3,103_0,1,38.70507049560547,-9.170419692993164,20,IN_TRANSIT_TO,2025-03-24 08:13:45,9418,2709,92-XQ-42,POINT (-9.170419692993164 38.70507049560547)
1708_701,2988_20250101_123_0_3,123_0,1,38.74822998046875,-9.148099899291992,26,IN_TRANSIT_TO,2025-03-24 08:13:43,2010,1708,69-AL-71,POINT (-9.148099899291992 38.74822998046875)
2822_753,6569_20250101_167_0_4,167_0,1,38.682621002197266,-9.175450325012207,2,IN_TRANSIT_TO,2025-03-24 08:13:57,14602,2822,BF-54-FZ,POINT (-9.175450325012207 38.682621002197266)
2286_799,8222_20250101_120_0_2,120_0,0,38.74507141113281,-9.200380325317383,8,IN_TRANSIT_TO,2025-03-24 08:13:30,2806,2286,67-42-ZJ,POINT (-9.200380325317383 38.74507141113281)
2760_727,4553_20250101_103_0_3,103_0,0,38.73957061767578,-9.146329879760742,8,IN_TRANSIT_TO,2025-03-24 08:13:56,1906,2760,AH-35-ND,POINT (-9.146329879760742 38.73957061767578)
6013_706,3266_20250101_147_0_3,147_0,1,38.70684814453125,-9.157830238342285,30,IN_TRANSIT_TO,2025-03-24 08:13:46,50593,6013,68-ZF-53,POINT (-9.157830238342285 38.70684814453125)
2293_758,6837_20250101_150_0_2,150_0,1,38.7492790222168,-9.192580223083496,6,IN_TRANSIT_TO,2025-03-24 08:13:35,10801,2293,92-57-ZM,POINT (-9.192580223083496 38.7492790222168)
1727_794,8091_20250101_115_0_5,115_0,0,38.7421989440918,-9.118020057678223,13,IN_TRANSIT_TO,2025-03-24 08:13:35,3604,1727,25-AS-39,POINT (-9.118020057678223 38.7421989440918)
2478_729,4810_20250101_104_0_2,104_0,1,38.750370025634766,-9.196720123291016,30,IN_TRANSIT_TO,2025-03-24 08:13:29,10905,2478,91-BE-80,POINT (-9.196720123291016 38.750370025634766)
1751_717,3822_20250101_170_0_5,170_0,0,38.76042175292969,-9.156200408935547,15,IN_TRANSIT_TO,2025-03-24 08:13:40,5805,1751,34-HU-17,POINT (-9.156200408935547 38.76042175292969)
2496_717,3887_20250101_170_4_6,170_4,1,38.79804992675781,-9.14579963684082,1,IN_TRANSIT_TO,2025-03-24 08:13:31,16001,2496,88-BL-70,POINT (-9.14579963684082 38.79804992675781)
4621_736,5331_20250101_199_0_3,199_0,0,38.764251708984375,-9.15697956085205,16,IN_TRANSIT_TO,2025-03-24 08:13:55,5807,4621,90-JI-90,POINT (-9.15697956085205 38.764251708984375)
2815_759,6978_20250101_144_0_3,144_0,0,38.708370208740234,-9.13640022277832,4,IN_TRANSIT_TO,2025-03-24 08:13:43,5501,2815,90-II-55,POINT (-9.13640022277832 38.708370208740234)
4647_750,6262_20250101_106_0_4,106_0,1,38.74502944946289,-9.201169967651367,12,IN_TRANSIT_TO,2025-03-24 08:13:36,8813,4647,02-JN-88,POINT (-9.201169967651367 38.74502944946289)
2970_55B,21534_20250101_240_0_4,240_0,0,38.76837158203125,-9.185970306396484,9,IN_TRANSIT_TO,2025-03-24 08:13:38,50512,2970,29-VM-87,POINT (-9.185970306396484 38.76837158203125)
2808_781,7737_20250101_151_0_17,151_0,0,38.78879928588867,-9.123950004577637,29,IN_TRANSIT_TO,2025-01-28 20:19:57,16307,2808,01-IH-97,POINT (-9.123950004577637 38.78879928588867)
2813_749,6201_20250101_195_0_6,195_0,0,38.75197982788086,-9.114020347595215,2,IN_TRANSIT_TO,2025-03-24 08:13:48,50070,2813,90-II-53,POINT (-9.114020347595215 38.75197982788086)
1747_794,8035_20250101_115_0_2,115_0,1,38.75537872314453,-9.126319885253906,19,IN_TRANSIT_TO,2025-03-24 08:13:52,14720,1747,92-HR-04,POINT (-9.126319885253906 38.75537872314453)
2969_71B,45266_20250101_278_0_2,278_0,0,38.755348205566406,-9.204750061035156,23,IN_TRANSIT_TO,2025-03-24 08:13:32,10926,2969,30-VM-09,POINT (-9.204750061035156 38.755348205566406)
2971_34B,19141_20250101_226_0_3,226_0,0,38.727630615234375,-9.110170364379883,12,IN_TRANSIT_TO,2025-03-24 08:13:57,8303,2971,29-VM-98,POINT (-9.110170364379883 38.727630615234375)
4636_755,6706_20250101_118_0_2,118_0,1,38.7547492980957,-9.138130187988281,12,IN_TRANSIT_TO,2025-03-24 08:13:36,7409,4636,90-JI-97,POINT (-9.138130187988281 38.7547492980957)
2803_725,4239_20250101_197_0_8,197_0,1,38.76776885986328,-9.100069999694824,15,IN_TRANSIT_TO,2025-03-24 08:13:48,7825,2803,01-IH-92,POINT (-9.100069999694824 38.76776885986328)
4812_751,6506_20250101_109_0_1,109_0,1,38.69725036621094,-9.202019691467285,18,IN_TRANSIT_TO,2025-03-24 08:13:28,9603,4812,20-VQ-70,POINT (-9.202019691467285 38.69725036621094)
2807_782,7786_20250101_152_0_3,152_0,1,38.724281311035156,-9.11227035522461,17,IN_TRANSIT_TO,2025-03-24 08:13:38,8310,2807,01-IH-96,POINT (-9.11227035522461 38.724281311035156)
1748_742,5777_20250101_114_0_2,114_0,0,38.70772933959961,-9.195779800415039,50,IN_TRANSIT_TO,2025-03-24 08:13:40,10304,1748,92-HR-05,POINT (-9.195779800415039 38.70772933959961)
2817_759,6965_20250101_144_0_3,144_0,0,38.75822067260742,-9.111780166625977,28,IN_TRANSIT_TO,2025-03-24 08:13:47,8416,2817,90-II-57,POINT (-9.111780166625977 38.75822067260742)
2806_782,7776_20250101_152_0_3,152_0,0,38.70732879638672,-9.140819549560547,2,IN_TRANSIT_TO,2025-03-24 08:13:23,3824,2806,01-IH-95,POINT (-9.140819549560547 38.70732879638672)
2453_747,6101_20250101_177_0_4,177_0,1,38.76750183105469,-9.185449600219727,7,IN_TRANSIT_TO,2025-03-24 08:13:52,14108,2453,16-AZ-13,POINT (-9.185449600219727 38.76750183105469)
2459_703,3100_20250101_165_0_3,165_0,1,38.76897048950195,-9.174070358276367,20,IN_TRANSIT_TO,2025-03-24 08:13:32,50161,2459,74-BC-74,POINT (-9.174070358276367 38.76897048950195)
401_734,5133_20250101_205_0_3,205_0,0,38.71455001831055,-9.123279571533203,16,IN_TRANSIT_TO,2025-03-24 08:13:31,2110,401,BF-60-TR,POINT (-9.123279571533203 38.71455001831055)
4625_783,7852_20250101_203_0_3,203_0,0,38.79016876220703,-9.124730110168457,30,IN_TRANSIT_TO,2025-03-24 08:13:23,16307,4625,90-JI-92,POINT (-9.124730110168457 38.79016876220703)
2761_738,5519_20250101_117_0_2,117_0,1,38.704078674316406,-9.18554973602295,1,IN_TRANSIT_TO,2025-03-24 08:13:49,12001,2761,AH-33-ND,POINT (-9.18554973602295 38.704078674316406)
2810_705,3190_20250101_176_0_3,176_0,1,38.76805114746094,-9.097920417785645,24,IN_TRANSIT_TO,2025-03-24 08:13:51,7822,2810,01-IH-99,POINT (-9.097920417785645 38.76805114746094)
2816_718,3991_20250101_105_0_2,105_0,1,38.75703048706055,-9.11223030090332,30,IN_TRANSIT_TO,2025-03-24 08:13:40,24370,2816,90-II-56,POINT (-9.11223030090332 38.75703048706055)
1752_794,8073_20250101_115_0_4,115_0,0,38.75545120239258,-9.126279830932617,21,IN_TRANSIT_TO,2025-03-24 08:13:28,14710,1752,34-HU-18,POINT (-9.126279830932617 38.75545120239258)
2455_729,4833_20250101_104_0_4,104_0,0,38.700828552246094,-9.199819564819336,33,IN_TRANSIT_TO,2025-03-24 08:13:37,4106,2455,16-AZ-12,POINT (-9.199819564819336 38.700828552246094)
2411_747,6114_20250101_177_0_3,177_0,0,38.77157974243164,-9.192279815673828,17,IN_TRANSIT_TO,2025-03-24 08:13:53,14103,2411,62-AL-11,POINT (-9.192279815673828 38.77157974243164)
2700_738,5561_20250101_117_0_2,117_0,1,38.75600051879883,-9.17555046081543,34,IN_TRANSIT_TO,2025-03-24 08:13:28,50177,2700,92-XQ-26,POINT (-9.17555046081543 38.75600051879883)
2667_711,3475_20250101_101_0_5,101_0,0,38.709381103515625,-9.13621997833252,3,IN_TRANSIT_TO,2025-03-24 08:13:50,5519,2667,87-XB-45,POINT (-9.13621997833252 38.709381103515625)
2251_758,6868_20250101_150_0_3,150_0,0,38.750099182128906,-9.195520401000977,27,IN_TRANSIT_TO,2025-03-24 08:13:50,10802,2251,22-31-ZB,POINT (-9.195520401000977 38.750099182128906)
2280_758,6848_20250101_150_0_4,150_0,1,38.75025177001953,-9.196419715881348,5,IN_TRANSIT_TO,2025-03-24 08:13:36,10905,2280,67-40-ZJ,POINT (-9.196419715881348 38.75025177001953)
2794_727,4528_20250101_103_0_3,103_0,1,38.69742965698242,-9.197999954223633,13,IN_TRANSIT_TO,2025-03-24 08:13:51,4109,2794,AJ-60-LI,POINT (-9.197999954223633 38.69742965698242)
2762_754,6604_20250101_201_0_3,201_0,0,38.73897171020508,-9.211429595947266,37,IN_TRANSIT_TO,2025-03-24 08:13:48,8843,2762,AH-38-ND,POINT (-9.211429595947266 38.73897171020508)
219_37B,18839_20250101_224_0_4,224_0,0,38.731719970703125,-9.13086986541748,13,IN_TRANSIT_TO,2025-03-24 08:13:41,50395,219,11-12-XO,POINT (-9.13086986541748 38.731719970703125)
2425_767,7184_20250101_112_0_2,112_0,1,38.74034881591797,-9.137370109558105,37,IN_TRANSIT_TO,2025-03-24 08:13:32,6408,2425,29-AU-20,POINT (-9.137370109558105 38.74034881591797)
2710_723,4177_20250101_121_0_3,121_0,0,38.72393035888672,-9.162429809570312,9,IN_TRANSIT_TO,2025-03-24 08:13:31,8501,2710,92-XQ-19,POINT (-9.162429809570312 38.72393035888672)
2278_768,7335_20250101_111_0_5,111_0,0,38.75012969970703,-9.164629936218262,2,IN_TRANSIT_TO,2025-03-24 08:13:55,13508,2278,67-41-ZJ,POINT (-9.164629936218262 38.75012969970703)
2623_781,7738_20250101_151_0_3,151_0,0,38.78142166137695,-9.119720458984375,26,IN_TRANSIT_TO,2025-03-24 08:13:33,12601,2623,66-VI-26,POINT (-9.119720458984375 38.78142166137695)
2734_720,4101_20250101_143_0_3,143_0,0,38.725830078125,-9.149270057678223,14,IN_TRANSIT_TO,2025-03-24 08:13:36,1202,2734,AG-50-EI,POINT (-9.149270057678223 38.725830078125)
2790_709,3412_20250101_148_0_3,148_0,1,38.720298767089844,-9.153820037841797,7,IN_TRANSIT_TO,2025-03-24 08:13:35,6811,2790,AI-54-TL,POINT (-9.153820037841797 38.720298767089844)
215_41B,19385_20250101_232_0_4,232_0,1,38.77421951293945,-9.159799575805664,8,IN_TRANSIT_TO,2025-03-24 08:13:29,50162,215,44-42-XM,POINT (-9.159799575805664 38.77421951293945)
2756_712,3557_20250101_189_0_3,189_0,0,38.72386932373047,-9.132049560546875,10,IN_TRANSIT_TO,2025-03-24 08:13:55,601,2756,AH-27-ND,POINT (-9.132049560546875 38.72386932373047)
2450_767,20160_20250101_112_1_2,112_1,1,38.75667190551758,-9.20088005065918,10,IN_TRANSIT_TO,2025-03-24 08:13:29,13703,2450,44-BC-36,POINT (-9.20088005065918 38.75667190551758)
301_744,5819_20250101_200_0_3,200_0,1,38.72526931762695,-9.150979995727539,30,IN_TRANSIT_TO,2025-03-24 08:13:46,1206,301,74-SM-62,POINT (-9.150979995727539 38.72526931762695)
2746_755,6709_20250101_118_0_5,118_0,1,38.754920959472656,-9.14501953125,9,IN_TRANSIT_TO,2025-03-24 08:13:57,11302,2746,AG-97-TG,POINT (-9.14501953125 38.754920959472656)
2483_729,4836_20250101_104_0_1,104_0,0,38.711578369140625,-9.201120376586914,28,IN_TRANSIT_TO,2025-03-24 08:13:51,12903,2483,74-BC-66,POINT (-9.201120376586914 38.711578369140625)
2499_720,4087_20250101_143_0_6,143_0,1,38.71371841430664,-9.161230087280273,11,IN_TRANSIT_TO,2025-03-24 08:13:46,8101,2499,03-BM-58,POINT (-9.161230087280273 38.71371841430664)
2300_723,4176_20250101_121_0_2,121_0,0,38.71213150024414,-9.211079597473145,19,IN_TRANSIT_TO,2025-03-24 08:13:55,12922,2300,83-13-ZM,POINT (-9.211079597473145 38.71213150024414)
1721_742,5737_20250101_114_0_2,114_0,1,38.735198974609375,-9.141900062561035,38,IN_TRANSIT_TO,2025-03-24 08:13:55,11101,1721,25-AS-33,POINT (-9.141900062561035 38.735198974609375)
1775_759,6984_20250101_144_0_2,144_0,1,38.71192932128906,-9.135769844055176,45,IN_TRANSIT_TO,2025-03-24 08:13:48,913,1775,53-HX-08,POINT (-9.135769844055176 38.71192932128906)
2797_754,6584_20250101_201_0_2,201_0,1,38.74483108520508,-9.19972038269043,17,IN_TRANSIT_TO,2025-03-24 08:13:56,8813,2797,AJ-57-LI,POINT (-9.19972038269043 38.74483108520508)
1705_783,7809_20250101_203_0_5,203_0,0,38.72288131713867,-9.16117000579834,0,IN_TRANSIT_TO,2025-03-24 08:13:28,,1705,69-AL-68,POINT (-9.16117000579834 38.72288131713867)
2745_735,5232_20250101_172_0_4,172_0,1,38.72618103027344,-9.128419876098633,18,IN_TRANSIT_TO,2025-03-24 08:13:35,7006,2745,AG-06-TH,POINT (-9.128419876098633 38.72618103027344)
2754_755,6682_20250101_118_0_4,118_0,0,38.74435043334961,-9.110870361328125,9,IN_TRANSIT_TO,2025-03-24 08:13:35,3720,2754,AG-01-TH,POINT (-9.110870361328125 38.74435043334961)
2784_727,4476_20250101_103_0_2,103_0,1,38.74906921386719,-9.142580032348633,45,IN_TRANSIT_TO,2025-03-24 08:13:58,208,2784,AI-09-BT,POINT (-9.142580032348633 38.74906921386719)
1706_796,8152_20250101_174_0_6,174_0,1,38.77415084838867,-9.161979675292969,15,IN_TRANSIT_TO,2025-03-24 08:13:43,5814,1706,69-AL-69,POINT (-9.161979675292969 38.77415084838867)
4628_796,8140_20250101_174_0_10,174_0,1,38.785728454589844,-9.159749984741211,6,IN_TRANSIT_TO,2025-03-24 08:13:40,11620,4628,27-JO-10,POINT (-9.159749984741211 38.785728454589844)
1770_720,4094_20250101_143_0_6,143_0,1,38.70240020751953,-9.188050270080566,0,IN_TRANSIT_TO,2025-03-24 08:13:18,,1770,63-HX-17,POINT (-9.188050270080566 38.70240020751953)
1713_701,2947_20250101_123_0_4,123_0,1,38.722171783447266,-9.166979789733887,4,IN_TRANSIT_TO,2025-03-24 08:13:35,8011,1713,69-AL-76,POINT (-9.166979789733887 38.722171783447266)
2480_778,18640_20250101_179_0_6,179_0,1,38.75962829589844,-9.156800270080566,24,IN_TRANSIT_TO,2025-03-24 08:13:47,5808,2480,91-BE-75,POINT (-9.156800270080566 38.75962829589844)
2252_731,5007_20250101_190_0_4,190_0,1,38.78126907348633,-9.10746955871582,6,IN_TRANSIT_TO,2025-03-24 08:13:18,12619,2252,80-40-ZE,POINT (-9.10746955871582 38.78126907348633)
217_773,7423_20250101_124_0_2,124_0,0,38.711181640625,-9.158180236816406,11,IN_TRANSIT_TO,2025-03-24 08:13:41,10003,217,29-98-XM,POINT (-9.158180236816406 38.711181640625)
2767_723,4182_20250101_121_0_2,121_0,0,38.725120544433594,-9.185199737548828,10,IN_TRANSIT_TO,2025-03-24 08:13:50,8607,2767,AH-34-ND,POINT (-9.185199737548828 38.725120544433594)
2413_703,3162_20250101_165_0_4,165_0,0,38.76316833496094,-9.1806001663208,26,IN_TRANSIT_TO,2025-03-24 08:13:36,12808,2413,92-AO-50,POINT (-9.1806001663208 38.76316833496094)
403_19B,35051_20250101_245_0_18,245_0,0,38.72153091430664,-9.139450073242188,18,IN_TRANSIT_TO,2025-03-16 20:25:06,50526,403,BF-84-TA,POINT (-9.139450073242188 38.72153091430664)
2482_767,7305_20250101_112_0_3,112_0,0,38.73588180541992,-9.13694953918457,7,IN_TRANSIT_TO,2025-03-24 08:13:33,11108,2482,55-BH-02,POINT (-9.13694953918457 38.73588180541992)
2801_782,7793_20250101_152_0_3,152_0,1,38.77497863769531,-9.098899841308594,2,IN_TRANSIT_TO,2025-03-24 08:13:29,7910,2801,38-HU-27,POINT (-9.098899841308594 38.77497863769531)
1769_735,5191_20250101_172_0_2,172_0,1,38.706668853759766,-9.143619537353516,34,IN_TRANSIT_TO,2025-03-24 08:13:27,3820,1769,63-HX-24,POINT (-9.143619537353516 38.706668853759766)
1768_755,6663_20250101_118_0_3,118_0,0,38.75516891479492,-9.138620376586914,31,IN_TRANSIT_TO,2025-03-24 08:13:42,7408,1768,63-HX-23,POINT (-9.138620376586914 38.75516891479492)
2255_731,5025_20250101_190_0_3,190_0,0,38.76224899291992,-9.130279541015625,19,IN_TRANSIT_TO,2025-03-24 08:13:39,11305,2255,80-54-ZE,POINT (-9.130279541015625 38.76224899291992)
2768_727,4485_20250101_103_0_3,103_0,1,38.709869384765625,-9.153349876403809,29,IN_TRANSIT_TO,2025-03-24 08:10:50,7103,2768,AH-25-ND,POINT (-9.153349876403809 38.709869384765625)
2666_714,3705_20250101_102_0_4,102_0,1,38.717079162597656,-9.210450172424316,10,IN_TRANSIT_TO,2025-03-24 08:13:54,10405,2666,87-XB-39,POINT (-9.210450172424316 38.717079162597656)
2487_726,4286_20250101_116_0_4,116_0,1,38.735198974609375,-9.147780418395996,23,IN_TRANSIT_TO,2025-03-24 08:13:42,1412,2487,54-BH-97,POINT (-9.147780418395996 38.735198974609375)
1757_717,3781_20250101_170_0_2,170_0,0,38.77735137939453,-9.145930290222168,29,IN_TRANSIT_TO,2025-03-24 08:13:33,11511,1757,34-HU-23,POINT (-9.145930290222168 38.77735137939453)
2470_778,7529_20250101_179_0_5,179_0,0,38.76124954223633,-9.1912202835083,21,IN_TRANSIT_TO,2025-03-24 08:13:38,12825,2470,74-BC-71,POINT (-9.1912202835083 38.76124954223633)
1762_793,8012_20250101_145_0_3,145_0,1,38.74150085449219,-9.129449844360352,4,IN_TRANSIT_TO,2025-03-24 08:09:57,9008,1762,63-HX-32,POINT (-9.129449844360352 38.74150085449219)
2239_771,39065_20250101_248_0_3,248_0,1,38.72407913208008,-9.181180000305176,15,IN_TRANSIT_TO,2025-03-24 08:13:44,50324,2239,06-30-XX,POINT (-9.181180000305176 38.72407913208008)
2771_764,7162_20250101_168_0_5,168_0,0,38.74967956542969,-9.191100120544434,15,IN_TRANSIT_TO,2025-03-24 08:13:36,10808,2771,AH-20-ND,POINT (-9.191100120544434 38.74967956542969)
2322_713,3622_20250101_122_0_5,122_0,0,38.71138000488281,-9.160750389099121,19,IN_TRANSIT_TO,2025-03-24 08:13:57,10011,2322,67-46-ZJ,POINT (-9.160750389099121 38.71138000488281)
2412_729,4801_20250101_104_0_3,104_0,1,38.75257873535156,-9.189780235290527,33,IN_TRANSIT_TO,2025-03-24 08:13:39,50134,2412,92-AO-48,POINT (-9.189780235290527 38.75257873535156)
2774_738,5535_20250101_117_0_2,117_0,0,38.724029541015625,-9.150850296020508,22,IN_TRANSIT_TO,2025-03-24 08:13:46,1208,2774,AH-22-ND,POINT (-9.150850296020508 38.724029541015625)
405_19B,21687_20250101_245_0_3,245_0,0,38.71997833251953,-9.15530014038086,7,IN_TRANSIT_TO,2025-03-24 08:13:31,6810,405,BF-14-TU,POINT (-9.15530014038086 38.71997833251953)
1704_783,7854_20250101_203_0_5,203_0,0,38.75703048706055,-9.144619941711426,15,IN_TRANSIT_TO,2025-03-24 08:13:36,11304,1704,35-AL-14,POINT (-9.144619941711426 38.75703048706055)
2447_729,4757_20250101_104_0_4,104_0,0,38.747718811035156,-9.200369834899902,16,IN_TRANSIT_TO,2025-03-24 08:13:48,10919,2447,44-BC-33,POINT (-9.200369834899902 38.747718811035156)
1771_717,3845_20250101_170_0_2,170_0,1,38.73392868041992,-9.13422966003418,39,IN_TRANSIT_TO,2025-03-24 06:17:00,410,1771,63-HX-27,POINT (-9.13422966003418 38.73392868041992)
1772_735,5279_20250101_172_1_2,172_1,1,38.708229064941406,-9.133279800415039,19,IN_TRANSIT_TO,2025-03-24 08:13:31,4502,1772,63-HX-22,POINT (-9.133279800415039 38.708229064941406)
4613_748,6132_20250101_169_0_4,169_0,1,38.72352981567383,-9.163920402526855,7,IN_TRANSIT_TO,2025-03-24 08:13:52,8608,4613,22-GP-48,POINT (-9.163920402526855 38.72352981567383)
1779_717,3825_20250101_170_0_2,170_0,0,38.746421813964844,-9.13107967376709,5,IN_TRANSIT_TO,2025-03-24 08:13:50,313,1779,63-HX-20,POINT (-9.13107967376709 38.746421813964844)
1718_717,3800_20250101_170_0_5,170_0,0,38.77629852294922,-9.146329879760742,24,IN_TRANSIT_TO,2025-03-24 08:13:50,11501,1718,69-AL-81,POINT (-9.146329879760742 38.77629852294922)
1725_701,2939_20250101_123_0_7,123_0,1,38.74134826660156,-9.168120384216309,13,IN_TRANSIT_TO,2025-03-24 08:13:52,1611,1725,25-AS-37,POINT (-9.168120384216309 38.74134826660156)
202_17B,21703_20250101_247_0_3,247_0,0,38.77212905883789,-9.148420333862305,1,IN_TRANSIT_TO,2025-03-21 08:28:53,50551,202,89-58-XD,POINT (-9.148420333862305 38.77212905883789)
2467_767,7316_20250101_112_1_2,112_1,1,38.74972915649414,-9.1939697265625,15,IN_TRANSIT_TO,2025-03-24 08:13:28,10835,2467,16-AZ-14,POINT (-9.1939697265625 38.74972915649414)
2752_756,6761_20250101_175_0_5,175_0,1,38.74222946166992,-9.133999824523926,17,IN_TRANSIT_TO,2025-03-24 08:13:57,302,2752,AG-18-TH,POINT (-9.133999824523926 38.74222946166992)
2757_727,21882_20250101_103_0_2,103_0,1,38.7528190612793,-9.189299583435059,0,IN_TRANSIT_TO,2025-03-24 08:13:43,,2757,AH-32-ND,POINT (-9.189299583435059 38.7528190612793)
2823_728,4641_20250101_204_0_4,204_0,0,38.76707077026367,-9.098919868469238,42,IN_TRANSIT_TO,2025-03-24 08:13:35,2512,2823,BF-64-FZ,POINT (-9.098919868469238 38.76707077026367)
2473_726,4317_20250101_116_0_4,116_0,1,38.76457977294922,-9.200200080871582,2,IN_TRANSIT_TO,2025-03-24 08:13:47,13903,2473,74-BC-68,POINT (-9.200200080871582 38.76457977294922)
2497_735,5275_20250101_172_0_3,172_0,0,38.75619888305664,-9.147529602050781,29,IN_TRANSIT_TO,2025-03-24 08:13:25,11321,2497,88-BL-71,POINT (-9.147529602050781 38.75619888305664)
2461_729,4766_20250101_104_0_4,104_0,0,38.75947952270508,-9.192580223083496,9,IN_TRANSIT_TO,2025-03-24 08:13:53,12821,2461,55-BH-04,POINT (-9.192580223083496 38.75947952270508)
2422_767,7228_20250101_112_0_2,112_0,1,38.74977111816406,-9.194330215454102,15,IN_TRANSIT_TO,2025-03-24 08:13:47,10835,2422,29-AU-17,POINT (-9.194330215454102 38.74977111816406)
2775_713,21383_20250101_122_0_4,122_0,1,38.709598541259766,-9.173999786376953,6,IN_TRANSIT_TO,2025-03-24 08:13:50,9412,2775,AH-31-ND,POINT (-9.173999786376953 38.709598541259766)
2336_717,3863_20250101_170_0_4,170_0,1,38.75457000732422,-9.152970314025879,26,IN_TRANSIT_TO,2025-03-24 08:13:53,5806,2336,53-63-ZJ,POINT (-9.152970314025879 38.75457000732422)
2449_716,3753_20250101_164_0_6,164_0,1,38.73994827270508,-9.15032958984375,19,IN_TRANSIT_TO,2025-03-24 08:13:50,33101,2449,44-BC-35,POINT (-9.15032958984375 38.73994827270508)
1719_701,2978_20250101_123_0_6,123_0,0,38.749568939208984,-9.172479629516602,17,IN_TRANSIT_TO,2025-03-24 08:13:52,12712,1719,25-AS-31,POINT (-9.172479629516602 38.749568939208984)
2809_725,4255_20250101_197_0_7,197_0,0,38.791969299316406,-9.120849609375,15,IN_TRANSIT_TO,2025-03-24 08:13:35,50180,2809,01-IH-98,POINT (-9.120849609375 38.791969299316406)
2445_716,3744_20250101_164_0_5,164_0,0,38.738731384277344,-9.164449691772461,10,IN_TRANSIT_TO,2025-03-24 08:13:33,1507,2445,44-BC-31,POINT (-9.164449691772461 38.738731384277344)
2437_729,4788_20250101_104_0_3,104_0,1,38.769248962402344,-9.189069747924805,42,IN_TRANSIT_TO,2025-03-24 08:13:37,14106,2437,29-AX-09,POINT (-9.189069747924805 38.769248962402344)
2423_703,3124_20250101_165_0_4,165_0,1,38.749271392822266,-9.197529792785645,5,IN_TRANSIT_TO,2025-03-24 08:13:52,2803,2423,29-AU-18,POINT (-9.197529792785645 38.749271392822266)
2758_746,5964_20250101_108_0_5,108_0,0,38.75062942504883,-9.19950008392334,19,IN_TRANSIT_TO,2025-03-24 08:13:57,10906,2758,AH-36-ND,POINT (-9.19950008392334 38.75062942504883)
2420_778,18644_20250101_179_0_3,179_0,1,38.767330169677734,-9.181300163269043,6,IN_TRANSIT_TO,2025-03-24 08:13:35,12811,2420,29-AU-15,POINT (-9.181300163269043 38.767330169677734)
218_773,7378_20250101_124_0_8,124_0,1,38.71604919433594,-9.147930145263672,22,IN_TRANSIT_TO,2025-03-24 08:13:54,6715,218,11-13-XO,POINT (-9.147930145263672 38.71604919433594)
2833_753,6553_20250101_167_0_5,167_0,0,38.72941970825195,-9.143770217895508,1,IN_TRANSIT_TO,2025-03-24 08:13:28,1712,2833,BF-65-FZ,POINT (-9.143770217895508 38.72941970825195)
1703_717,3803_20250101_170_0_5,170_0,0,38.77326965332031,-9.161430358886719,19,IN_TRANSIT_TO,2025-03-24 08:13:37,5903,1703,35-AL-13,POINT (-9.161430358886719 38.77326965332031)
4622_796,8127_20250101_174_0_6,174_0,1,38.78675079345703,-9.159480094909668,16,IN_TRANSIT_TO,2025-03-24 08:13:35,5808,4622,90-JI-91,POINT (-9.159480094909668 38.78675079345703)
2465_767,7297_20250101_112_0_3,112_0,0,38.75559997558594,-9.149319648742676,16,IN_TRANSIT_TO,2025-03-24 08:13:50,11301,2465,55-BH-00,POINT (-9.149319648742676 38.75559997558594)
2787_776,7489_20250101_193_0_9,193_0,1,38.69892883300781,-9.235300064086914,8,IN_TRANSIT_TO,2025-03-24 08:13:32,14907,2787,AI-55-TL,POINT (-9.235300064086914 38.69892883300781)
2307_708,3276_20250101_100_0_5,100_0,1,38.76055145263672,-9.112000465393066,25,IN_TRANSIT_TO,2025-03-24 08:13:55,8413,2307,83-20-ZM,POINT (-9.112000465393066 38.76055145263672)
1765_742,5759_20250101_114_0_4,114_0,1,38.70444869995117,-9.183130264282227,17,IN_TRANSIT_TO,2025-03-24 08:13:33,12003,1765,63-HX-28,POINT (-9.183130264282227 38.70444869995117)
1763_735,5242_20250101_172_1_2,172_1,0,38.73365020751953,-9.133930206298828,19,IN_TRANSIT_TO,2025-03-24 08:13:37,509,1763,63-HX-25,POINT (-9.133930206298828 38.73365020751953)
4612_750,6393_20250101_106_0_3,106_0,0,38.76832962036133,-9.104499816894531,1,IN_TRANSIT_TO,2025-03-24 08:13:54,7813,4612,96-GL-89,POINT (-9.104499816894531 38.76832962036133)
4603_750,6424_20250101_106_0_2,106_0,1,38.747230529785156,-9.197819709777832,13,IN_TRANSIT_TO,2025-03-24 08:13:52,2812,4603,96-GL-81,POINT (-9.197819709777832 38.747230529785156)
1761_735,5271_20250101_172_1_3,172_1,0,38.708431243896484,-9.13344955444336,4,IN_TRANSIT_TO,2025-03-24 08:13:29,4501,1761,63-HX-19,POINT (-9.13344955444336 38.708431243896484)
2306_793,8007_20250101_145_0_5,145_0,1,38.746578216552734,-9.109950065612793,15,IN_TRANSIT_TO,2025-03-24 08:13:44,2217,2306,83-19-ZM,POINT (-9.109950065612793 38.746578216552734)
2477_726,4264_20250101_116_0_5,116_0,0,38.724098205566406,-9.13230037689209,17,IN_TRANSIT_TO,2025-03-24 08:13:32,1601,2477,91-BE-73,POINT (-9.13230037689209 38.724098205566406)
220_773,7424_20250101_124_0_5,124_0,0,38.71138000488281,-9.157950401306152,10,IN_TRANSIT_TO,2025-03-24 08:13:36,6707,220,11-07-XO,POINT (-9.157950401306152 38.71138000488281)
6011_726,4341_20250101_116_0_3,116_0,0,38.7387809753418,-9.164620399475098,16,IN_TRANSIT_TO,2025-03-24 08:13:30,1507,6011,65-ZF-82,POINT (-9.164620399475098 38.7387809753418)
2484_729,4757_20250101_104_0_14,104_0,0,38.74932098388672,-9.191200256347656,11,IN_TRANSIT_TO,2025-03-17 19:57:26,10804,2484,91-BE-76,POINT (-9.191200256347656 38.74932098388672)
2240_758,6831_20250101_150_0_3,150_0,1,38.740848541259766,-9.168149948120117,14,IN_TRANSIT_TO,2025-03-24 08:13:19,1610,2240,06-31-XX,POINT (-9.168149948120117 38.740848541259766)
2297_724,4236_20250101_178_0_5,178_0,0,38.71303176879883,-9.179980278015137,3,IN_TRANSIT_TO,2025-03-24 08:13:30,11801,2297,83-06-ZM,POINT (-9.179980278015137 38.71303176879883)
2403_767,7250_20250101_112_0_3,112_0,1,38.75579833984375,-9.199780464172363,10,IN_TRANSIT_TO,2025-03-24 08:13:54,13703,2403,50-AL-12,POINT (-9.199780464172363 38.75579833984375)
1707_742,5676_20250101_114_0_2,114_0,0,38.737030029296875,-9.147170066833496,23,IN_TRANSIT_TO,2025-03-24 08:13:47,1811,1707,69-AL-70,POINT (-9.147170066833496 38.737030029296875)
2791_712,3558_20250101_189_0_5,189_0,0,38.721500396728516,-9.119600296020508,3,IN_TRANSIT_TO,2025-03-24 08:13:49,2103,2791,AJ-61-LI,POINT (-9.119600296020508 38.721500396728516)
2786_754,6617_20250101_201_0_2,201_0,1,38.743099212646484,-9.14680004119873,34,IN_TRANSIT_TO,2025-03-24 08:13:45,1901,2786,AI-52-TL,POINT (-9.14680004119873 38.743099212646484)
2838_728,4629_20250101_204_0_2,204_0,0,38.773929595947266,-9.104820251464844,45,IN_TRANSIT_TO,2025-03-24 08:13:32,7807,2838,BF-59-FZ,POINT (-9.104820251464844 38.773929595947266)
408_734,5144_20250101_205_0_3,205_0,1,38.71495056152344,-9.136529922485352,15,IN_TRANSIT_TO,2025-03-24 08:13:31,805,408,BF-24-TS,POINT (-9.136529922485352 38.71495056152344)
2401_716,3738_20250101_164_0_3,164_0,0,38.747318267822266,-9.188920021057129,19,IN_TRANSIT_TO,2025-03-24 08:13:32,10826,2401,50-AL-14,POINT (-9.188920021057129 38.747318267822266)
2485_726,4295_20250101_116_0_2,116_0,1,38.75885009765625,-9.180780410766602,8,IN_TRANSIT_TO,2025-03-24 08:13:45,12803,2485,91-BE-77,POINT (-9.180780410766602 38.75885009765625)
2408_716,3747_20250101_164_0_7,164_0,0,38.738128662109375,-9.140179634094238,3,IN_TRANSIT_TO,2025-03-24 08:13:29,11109,2408,50-AL-08,POINT (-9.140179634094238 38.738128662109375)
2309_708,3289_20250101_100_0_5,100_0,1,38.76694869995117,-9.09862995147705,14,IN_TRANSIT_TO,2025-03-24 08:13:45,7822,2309,83-15-ZM,POINT (-9.09862995147705 38.76694869995117)
2334_708,3358_20250101_100_0_4,100_0,0,38.72853088378906,-9.134779930114746,5,IN_TRANSIT_TO,2025-03-24 08:13:49,607,2334,53-53-ZJ,POINT (-9.134779930114746 38.72853088378906)
2764_727,4463_20250101_103_0_2,103_0,1,38.74797058105469,-9.136719703674316,47,IN_TRANSIT_TO,2025-03-24 08:13:48,11210,2764,AH-29-ND,POINT (-9.136719703674316 38.74797058105469)
2776_714,3698_20250101_102_0_2,102_0,1,38.70492172241211,-9.212770462036133,16,IN_TRANSIT_TO,2025-03-24 08:13:35,13119,2776,AI-07-BT,POINT (-9.212770462036133 38.70492172241211)
228_773,7416_20250101_124_0_7,124_0,0,38.707149505615234,-9.171529769897461,22,IN_TRANSIT_TO,2025-03-24 08:13:52,50080,228,84-39-XQ,POINT (-9.171529769897461 38.707149505615234)
2474_726,4350_20250101_116_0_3,116_0,0,38.736778259277344,-9.14922046661377,11,IN_TRANSIT_TO,2025-03-24 08:13:53,1811,2474,74-BC-67,POINT (-9.14922046661377 38.736778259277344)
2942_718,3940_20250101_105_0_3,105_0,1,38.73836898803711,-9.133729934692383,3,IN_TRANSIT_TO,2025-03-24 08:13:35,404,2942,51-GL-82,POINT (-9.133729934692383 38.73836898803711)
606_15E,11202_20250101_76_0_5,76_0,0,38.699371337890625,-9.231019973754883,19,IN_TRANSIT_TO,2025-03-24 08:13:46,4218,606,,POINT (-9.231019973754883 38.699371337890625)
2748_756,6748_20250101_175_0_6,175_0,0,38.720550537109375,-9.175479888916016,18,IN_TRANSIT_TO,2025-03-24 08:13:47,8602,2748,AG-96-TG,POINT (-9.175479888916016 38.720550537109375)
4840_736,5431_20250101_199_0_4,199_0,1,38.78218078613281,-9.164750099182129,7,IN_TRANSIT_TO,2025-03-24 08:13:35,7202,4840,45-VX-93,POINT (-9.164750099182129 38.78218078613281)
2335_794,8108_20250101_115_0_5,115_0,1,38.72578048706055,-9.113200187683105,32,IN_TRANSIT_TO,2025-03-24 08:13:54,8320,2335,62-98-ZG,POINT (-9.113200187683105 38.72578048706055)
609_15E,11238_20250101_76_0_3,76_0,0,38.70640182495117,-9.14972972869873,2,IN_TRANSIT_TO,2025-03-24 08:13:35,7102,609,,POINT (-9.14972972869873 38.70640182495117)
4609_728,4601_20250101_204_0_3,204_0,1,38.77507019042969,-9.102569580078125,6,IN_TRANSIT_TO,2025-03-24 08:13:47,7908,4609,96-GL-86,POINT (-9.102569580078125 38.77507019042969)
204_17B,21713_20250101_247_0_2,247_0,0,38.722599029541016,-9.13938045501709,10,IN_TRANSIT_TO,2025-03-24 08:13:49,9211,204,89-71-XD,POINT (-9.13938045501709 38.722599029541016)
1720_701,2979_20250101_123_0_6,123_0,0,38.749168395996094,-9.14922046661377,5,IN_TRANSIT_TO,2025-03-24 08:13:32,2006,1720,25-AS-32,POINT (-9.14922046661377 38.749168395996094)
2406_703,3170_20250101_165_0_5,165_0,0,38.779998779296875,-9.15192985534668,10,IN_TRANSIT_TO,2025-03-24 08:13:35,6019,2406,50-AL-09,POINT (-9.15192985534668 38.779998779296875)
2753_756,6764_20250101_175_0_5,175_0,1,38.73733139038086,-9.156800270080566,10,IN_TRANSIT_TO,2025-03-24 08:13:34,1511,2753,AG-08-TH,POINT (-9.156800270080566 38.73733139038086)
2289_724,4204_20250101_178_0_6,178_0,1,38.74523162841797,-9.197979927062988,12,IN_TRANSIT_TO,2025-03-24 08:13:42,2802,2289,92-60-ZM,POINT (-9.197979927062988 38.74523162841797)
2405_703,3158_20250101_165_0_3,165_0,0,38.74943161010742,-9.19225025177002,33,IN_TRANSIT_TO,2025-03-24 08:13:57,10804,2405,50-AL-10,POINT (-9.19225025177002 38.74943161010742)
2788_727,4502_20250101_103_0_2,103_0,1,38.70759963989258,-9.150569915771484,27,IN_TRANSIT_TO,2025-03-24 08:13:43,3922,2788,AI-51-TL,POINT (-9.150569915771484 38.70759963989258)
2792_764,7158_20250101_168_0_4,168_0,0,38.74502182006836,-9.200050354003906,20,IN_TRANSIT_TO,2025-03-24 08:13:52,2806,2792,AJ-53-LI,POINT (-9.200050354003906 38.74502182006836)
2464_767,7315_20250101_112_1_2,112_1,0,38.76007080078125,-9.17626953125,6,IN_TRANSIT_TO,2025-03-24 08:13:43,50015,2464,91-BE-71,POINT (-9.17626953125 38.76007080078125)
1723_798,8202_20250101_194_0_7,194_0,0,38.777198791503906,-9.145970344543457,16,IN_TRANSIT_TO,2025-03-24 08:13:44,11511,1723,25-AS-35,POINT (-9.145970344543457 38.777198791503906)
2800_751,21402_20250101_109_0_4,109_0,0,38.7287483215332,-9.171369552612305,2,IN_TRANSIT_TO,2025-03-24 08:13:46,2704,2800,AJ-54-LI,POINT (-9.171369552612305 38.7287483215332)
1726_742,5768_20250101_114_0_2,114_0,1,38.70623016357422,-9.199150085449219,11,IN_TRANSIT_TO,2025-03-24 08:13:31,10301,1726,25-AS-38,POINT (-9.199150085449219 38.70623016357422)
2291_724,4230_20250101_178_0_7,178_0,0,38.750030517578125,-9.197429656982422,19,IN_TRANSIT_TO,2025-03-24 08:13:51,10907,2291,92-56-ZM,POINT (-9.197429656982422 38.750030517578125)
206_49B,22224_20250101_251_0_3,251_0,0,38.7453498840332,-9.135129928588867,17,IN_TRANSIT_TO,2025-03-24 08:13:35,50109,206,33-49-XH,POINT (-9.135129928588867 38.7453498840332)
2488_729,4817_20250101_104_0_3,104_0,1,38.7358283996582,-9.200519561767578,21,IN_TRANSIT_TO,2025-03-24 08:13:39,8713,2488,91-BE-79,POINT (-9.200519561767578 38.7358283996582)
4610_728,4714_20250101_204_0_3,204_0,1,38.706451416015625,-9.15392017364502,36,IN_TRANSIT_TO,2025-03-24 08:13:03,7102,4610,96-GL-87,POINT (-9.15392017364502 38.706451416015625)
2610_705,3199_20250101_176_0_4,176_0,1,38.74462127685547,-9.132200241088867,1,IN_TRANSIT_TO,2025-03-24 08:13:53,50099,2610,66-VI-20,POINT (-9.132200241088867 38.74462127685547)
2290_724,4222_20250101_178_0_5,178_0,0,38.76042938232422,-9.197970390319824,26,IN_TRANSIT_TO,2025-03-24 08:13:31,13711,2290,92-55-ZM,POINT (-9.197970390319824 38.76042938232422)
1728_717,3879_20250101_170_0_5,170_0,1,38.77806854248047,-9.148329734802246,16,IN_TRANSIT_TO,2025-03-24 08:13:56,6015,1728,25-AS-40,POINT (-9.148329734802246 38.77806854248047)
2798_727,4545_20250101_103_0_9,103_0,0,38.704681396484375,-9.167550086975098,25,IN_TRANSIT_TO,2025-03-24 08:13:43,10212,2798,AJ-56-LI,POINT (-9.167550086975098 38.704681396484375)
4838_755,6676_20250101_118_0_3,118_0,0,38.756370544433594,-9.118399620056152,18,IN_TRANSIT_TO,2025-03-24 08:13:43,8426,4838,34-VR-22,POINT (-9.118399620056152 38.756370544433594)
2249_758,6770_20250101_150_0_5,150_0,0,38.705501556396484,-9.143119812011719,0,IN_TRANSIT_TO,2025-03-24 08:13:41,,2249,22-32-ZB,POINT (-9.143119812011719 38.705501556396484)
2438_767,7294_20250101_112_0_3,112_0,0,38.7601203918457,-9.171930313110352,23,IN_TRANSIT_TO,2025-03-24 08:13:32,50011,2438,44-BC-29,POINT (-9.171930313110352 38.7601203918457)
2825_728,4669_20250101_204_0_4,204_0,0,38.70656967163086,-9.141929626464844,19,IN_TRANSIT_TO,2025-03-24 08:13:36,3803,2825,BF-53-FZ,POINT (-9.141929626464844 38.70656967163086)
2276_731,4989_20250101_190_0_4,190_0,1,38.755470275878906,-9.149649620056152,22,IN_TRANSIT_TO,2025-03-24 08:13:51,11321,2276,53-57-ZJ,POINT (-9.149649620056152 38.755470275878906)
2944_782,7785_20250101_152_0_2,152_0,1,38.705299377441406,-9.143819808959961,21,IN_TRANSIT_TO,2025-03-24 08:13:47,3820,2944,75-GO-13,POINT (-9.143819808959961 38.705299377441406)
2245_703,3109_20250101_165_0_2,165_0,1,38.74980163574219,-9.194479942321777,7,IN_TRANSIT_TO,2025-03-24 08:13:54,10835,2245,22-35-ZB,POINT (-9.194479942321777 38.74980163574219)
2466_726,4308_20250101_116_0_4,116_0,1,38.759769439697266,-9.186619758605957,7,IN_TRANSIT_TO,2025-03-24 08:13:40,12819,2466,16-AZ-16,POINT (-9.186619758605957 38.759769439697266)
2668_713,3605_20250101_122_0_2,122_0,1,38.70481872558594,-9.169919967651367,9,IN_TRANSIT_TO,2025-03-24 08:13:25,10207,2668,87-XB-36,POINT (-9.169919967651367 38.70481872558594)
2956_798,8198_20250101_194_0_6,194_0,1,38.787269592285156,-9.149149894714355,2,IN_TRANSIT_TO,2025-03-24 08:13:45,11601,2956,27-GU-71,POINT (-9.149149894714355 38.787269592285156)
2843_751,6437_20250101_109_0_4,109_0,0,38.713218688964844,-9.225069999694824,29,IN_TRANSIT_TO,2025-03-24 08:13:48,14310,2843,BF-63-FZ,POINT (-9.225069999694824 38.713218688964844)
2296_724,4213_20250101_178_0_4,178_0,1,38.76034927368164,-9.19972038269043,2,IN_TRANSIT_TO,2025-03-24 08:13:50,13911,2296,92-51-ZM,POINT (-9.19972038269043 38.76034927368164)
2770_712,3566_20250101_189_0_5,189_0,1,38.72665023803711,-9.136580467224121,20,IN_TRANSIT_TO,2025-03-24 08:13:40,615,2770,AH-30-ND,POINT (-9.136580467224121 38.72665023803711)
213_773,7398_20250101_124_0_5,124_0,1,38.71202087402344,-9.164600372314453,9,IN_TRANSIT_TO,2025-03-24 08:13:51,10108,213,44-10-XL,POINT (-9.164600372314453 38.71202087402344)
209_41B,19375_20250101_232_0_4,232_0,0,38.77471923828125,-9.14780044555664,10,IN_TRANSIT_TO,2025-03-24 08:13:32,50446,209,33-46-XH,POINT (-9.14780044555664 38.77471923828125)
2209_793,7973_20250101_145_0_5,145_0,0,38.74610137939453,-9.119549751281738,22,IN_TRANSIT_TO,2025-03-24 08:13:50,3607,2209,01-68-XO,POINT (-9.119549751281738 38.74610137939453)
2235_731,4990_20250101_190_0_16,190_0,1,38.74394989013672,-9.158049583435059,27,IN_TRANSIT_TO,2025-03-22 18:14:20,3304,2235,06-32-XX,POINT (-9.158049583435059 38.74394989013672)
2210_793,7989_20250101_145_0_6,145_0,0,38.740318298339844,-9.109729766845703,13,IN_TRANSIT_TO,2025-03-24 08:13:43,50173,2210,01-66-XO,POINT (-9.109729766845703 38.740318298339844)
2789_746,5958_20250101_108_0_6,108_0,1,38.749778747558594,-9.212929725646973,2,IN_TRANSIT_TO,2025-03-24 08:13:27,3003,2789,AI-53-TL,POINT (-9.212929725646973 38.749778747558594)
2217_717,3864_20250101_170_0_4,170_0,1,38.76919937133789,-9.159099578857422,22,IN_TRANSIT_TO,2025-03-24 08:13:33,5904,2217,07-99-XS,POINT (-9.159099578857422 38.76919937133789)
2214_742,5687_20250101_114_0_5,114_0,0,38.732181549072266,-9.128479957580566,15,IN_TRANSIT_TO,2025-03-24 08:13:28,7011,2214,08-02-XS,POINT (-9.128479957580566 38.732181549072266)
2215_793,7994_20250101_145_0_5,145_0,1,38.73712158203125,-9.107430458068848,27,IN_TRANSIT_TO,2025-03-24 08:13:43,50071,2215,08-01-XS,POINT (-9.107430458068848 38.73712158203125)
2212_742,5788_20250101_114_0_2,114_0,0,38.70668029785156,-9.173669815063477,38,IN_TRANSIT_TO,2025-03-24 08:13:32,9401,2212,08-05-XS,POINT (-9.173669815063477 38.70668029785156)
2781_738,5528_20250101_117_0_3,117_0,0,38.7046012878418,-9.178030014038086,33,IN_TRANSIT_TO,2025-03-24 08:13:48,12102,2781,AI-00-BT,POINT (-9.178030014038086 38.7046012878418)
2203_742,5666_20250101_114_0_3,114_0,0,38.73065185546875,-9.156970024108887,26,IN_TRANSIT_TO,2025-03-24 08:13:48,1405,2203,72-19-XN,POINT (-9.156970024108887 38.73065185546875)
2208_742,5698_20250101_114_0_4,114_0,0,38.72460174560547,-9.11631965637207,9,IN_TRANSIT_TO,2025-03-24 08:13:55,9806,2208,01-69-XO,POINT (-9.11631965637207 38.72460174560547)
2206_742,5751_20250101_114_0_3,114_0,1,38.712799072265625,-9.173629760742188,24,IN_TRANSIT_TO,2025-03-24 08:13:23,9406,2206,01-67-XO,POINT (-9.173629760742188 38.712799072265625)
411_22B,19420_20250101_236_0_4,236_0,0,38.71482849121094,-9.150130271911621,9,IN_TRANSIT_TO,2025-03-24 08:10:51,6716,411,BF-51-TD,POINT (-9.150130271911621 38.71482849121094)
2220_796,8127_20250101_174_0_16,174_0,1,38.76633071899414,-9.157670021057129,14,IN_TRANSIT_TO,2025-03-20 12:03:35,5902,2220,07-96-XS,POINT (-9.157670021057129 38.76633071899414)
6002_706,3224_20250101_147_0_4,147_0,0,38.717071533203125,-9.118880271911621,29,IN_TRANSIT_TO,2025-03-24 08:13:13,9825,6002,98-XU-85,POINT (-9.118880271911621 38.717071533203125)
2223_794,8043_20250101_115_0_5,115_0,1,38.761348724365234,-9.103830337524414,3,IN_TRANSIT_TO,2025-03-24 08:13:55,2322,2223,08-16-XS,POINT (-9.103830337524414 38.761348724365234)
2221_755,6711_20250101_118_0_5,118_0,1,38.74599838256836,-9.168100357055664,2,IN_TRANSIT_TO,2025-03-24 08:13:56,1603,2221,07-95-XS,POINT (-9.168100357055664 38.74599838256836)
6028_760,7061_20250101_171_0_3,171_0,0,38.713951110839844,-9.196100234985352,30,IN_TRANSIT_TO,2025-03-24 08:13:50,50140,6028,BF-68-AX,POINT (-9.196100234985352 38.713951110839844)
234_46B,21509_20250101_239_0_2,239_0,0,38.75947189331055,-9.149230003356934,17,IN_TRANSIT_TO,2025-03-24 08:13:32,50498,234,13-31-XZ,POINT (-9.149230003356934 38.75947189331055)
561_25E,14268_20250101_79_0_4,79_0,0,38.714820861816406,-9.166850090026855,15,IN_TRANSIT_TO,2025-03-24 08:13:41,8018,561,,POINT (-9.166850090026855 38.714820861816406)
568_28E,14920_20250101_75_0_6,75_0,0,38.71500015258789,-9.136449813842773,0,IN_TRANSIT_TO,2025-03-24 08:13:41,,568,,POINT (-9.136449813842773 38.71500015258789)
2226_717,3759_20250101_170_0_5,170_0,1,38.78810119628906,-9.150469779968262,6,IN_TRANSIT_TO,2025-03-24 08:13:57,11601,2226,06-35-XX,POINT (-9.150469779968262 38.78810119628906)
2228_742,5783_20250101_114_0_3,114_0,0,38.70705032348633,-9.196579933166504,49,IN_TRANSIT_TO,2025-03-24 08:13:42,13312,2228,06-24-XX,POINT (-9.196579933166504 38.70705032348633)
2230_771,21928_20250101_248_0_4,248_0,1,38.70664978027344,-9.197850227355957,5,IN_TRANSIT_TO,2025-03-24 08:13:29,10302,2230,06-36-XX,POINT (-9.197850227355957 38.70664978027344)
2222_742,5747_20250101_114_0_4,114_0,1,38.728580474853516,-9.159700393676758,31,IN_TRANSIT_TO,2025-03-24 08:13:44,6106,2222,08-17-XS,POINT (-9.159700393676758 38.728580474853516)
2836_753,6573_20250101_167_0_6,167_0,1,38.674198150634766,-9.173370361328125,2,IN_TRANSIT_TO,2025-03-24 08:13:44,14602,2836,BF-70-FZ,POINT (-9.173370361328125 38.674198150634766)
2229_798,8190_20250101_194_0_7,194_0,0,38.762420654296875,-9.153280258178711,3,IN_TRANSIT_TO,2025-03-24 08:13:41,5839,2229,06-37-XX,POINT (-9.153280258178711 38.762420654296875)
2232_758,6885_20250101_150_0_5,150_0,0,38.72100067138672,-9.16172981262207,10,IN_TRANSIT_TO,2025-03-24 08:13:52,8513,2232,06-23-XX,POINT (-9.16172981262207 38.72100067138672)
2237_731,19406_20250101_190_0_5,190_0,0,38.744930267333984,-9.151679992675781,10,IN_TRANSIT_TO,2025-03-24 08:13:42,3309,2237,06-27-XX,POINT (-9.151679992675781 38.744930267333984)
6008_706,3241_20250101_147_0_4,147_0,0,38.72052001953125,-9.11832046508789,29,IN_TRANSIT_TO,2025-03-24 08:13:31,9825,6008,81-ZC-08,POINT (-9.11832046508789 38.72052001953125)
2238_758,6889_20250101_150_0_5,150_0,0,38.71308135986328,-9.143199920654297,4,IN_TRANSIT_TO,2025-03-24 08:13:44,10503,2238,06-29-XX,POINT (-9.143199920654297 38.71308135986328)
230_773,20155_20250101_124_0_7,124_0,0,38.71968078613281,-9.150970458984375,2,IN_TRANSIT_TO,2025-03-24 08:13:38,50186,230,13-33-XZ,POINT (-9.150970458984375 38.71968078613281)
2234_771,21942_20250101_248_0_5,248_0,1,38.742881774902344,-9.165900230407715,24,IN_TRANSIT_TO,2025-03-24 08:13:45,50472,2234,06-26-XX,POINT (-9.165900230407715 38.742881774902344)
414_10B,21749_20250101_242_0_3,242_0,0,38.70880126953125,-9.132220268249512,16,IN_TRANSIT_TO,2025-03-24 08:13:45,8203,414,BF-95-TP,POINT (-9.132220268249512 38.70880126953125)
6027_768,7328_20250101_111_0_3,111_0,0,38.747920989990234,-9.18047046661377,10,IN_TRANSIT_TO,2025-03-24 08:13:32,10702,6027,BF-66-BA,POINT (-9.18047046661377 38.747920989990234)
407_67B,28216_20250101_253_0_3,253_0,0,38.70841979980469,-9.171429634094238,7,IN_TRANSIT_TO,2025-03-24 08:13:22,50080,407,BF-55-TT,POINT (-9.171429634094238 38.70841979980469)
613_15E,11264_20250101_76_0_6,76_0,1,38.70642852783203,-9.154250144958496,18,IN_TRANSIT_TO,2025-03-24 08:13:28,3901,613,,POINT (-9.154250144958496 38.70642852783203)
2241_771,21940_20250101_248_0_4,248_0,0,38.74108123779297,-9.168530464172363,1,IN_TRANSIT_TO,2025-03-24 08:13:37,50538,2241,22-37-ZB,POINT (-9.168530464172363 38.74108123779297)
2262_15E,11499_20250101_76_8_4,76_8,1,38.70827102661133,-9.136329650878906,8,IN_TRANSIT_TO,2025-03-24 08:13:34,5512,2262,80-48-ZE,POINT (-9.136329650878906 38.70827102661133)
2265_799,8230_20250101_120_0_4,120_0,1,38.745079040527344,-9.201149940490723,16,IN_TRANSIT_TO,2025-03-24 08:13:53,8813,2265,76-91-ZG,POINT (-9.201149940490723 38.745079040527344)
2273_768,7341_20250101_111_0_5,111_0,1,38.74784851074219,-9.180669784545898,14,IN_TRANSIT_TO,2025-03-24 08:13:58,10709,2273,76-81-ZG,POINT (-9.180669784545898 38.74784851074219)
2261_750,38367_20250101_106_4_4,106_4,1,38.738948822021484,-9.203700065612793,9,IN_TRANSIT_TO,2025-03-24 08:13:39,8807,2261,80-49-ZE,POINT (-9.203700065612793 38.738948822021484)
2832_751,6495_20250101_109_4_7,109_4,0,38.69744873046875,-9.194769859313965,13,IN_TRANSIT_TO,2025-03-24 08:13:55,9508,2832,BF-68-FZ,POINT (-9.194769859313965 38.69744873046875)
303_744,5830_20250101_200_0_2,200_0,1,38.748600006103516,-9.146570205688477,22,IN_TRANSIT_TO,2025-03-24 08:13:32,2016,303,22-SP-90,POINT (-9.146570205688477 38.748600006103516)
2267_768,7319_20250101_111_0_5,111_0,0,38.760101318359375,-9.185850143432617,16,IN_TRANSIT_TO,2025-03-24 08:13:49,12804,2267,76-86-ZG,POINT (-9.185850143432617 38.760101318359375)
2266_731,5022_20250101_190_0_3,190_0,0,38.780521392822266,-9.104849815368652,33,IN_TRANSIT_TO,2025-03-24 08:13:38,7902,2266,76-92-ZG,POINT (-9.104849815368652 38.780521392822266)
