id,trip_id,route_id,direction_id,latitude,longitude,current_stop_sequence,current_status,timestamp,stop_id,vehicle_id,license_plate,geometry
4648_750,6325_20250601_106_0_6,106_0,1,38.76258087158203,-9.129949569702148,30,IN_TRANSIT_TO,2025-06-11 10:55:12,7501,4648,98-JO-47,POINT (-9.129949569702148 38.76258087158203)
2793_738,5554_20250601_117_0_6,117_0,1,38.72666931152344,-9.149080276489258,16,IN_TRANSIT_TO,2025-06-11 10:55:18,1207,2793,AJ-58-LI,POINT (-9.149080276489258 38.72666931152344)
557_24E,17835_20250601_213_0_14,213_0,0,38.710479736328125,-9.143730163574219,0,IN_TRANSIT_TO,2025-06-11 10:55:08,,557,,POINT (-9.143730163574219 38.710479736328125)
2302_794,8040_20250601_115_0_8,115_0,0,38.75117874145508,-9.124719619750977,19,IN_TRANSIT_TO,2025-06-11 10:55:21,14726,2302,83-08-ZM,POINT (-9.124719619750977 38.75117874145508)
2253_716,3748_20250601_164_0_7,164_0,0,38.74565124511719,-9.181719779968262,16,IN_TRANSIT_TO,2025-06-11 10:55:13,10704,2253,80-52-ZE,POINT (-9.181719779968262 38.74565124511719)
4607_753,6578_20250601_167_0_12,167_0,1,38.67414855957031,-9.173370361328125,2,IN_TRANSIT_TO,2025-06-11 10:54:41,14602,4607,96-GL-84,POINT (-9.173370361328125 38.67414855957031)
4606_753,6572_20250601_167_0_10,167_0,1,38.72574996948242,-9.148079872131348,6,IN_TRANSIT_TO,2025-06-11 10:55:23,1212,4606,96-GL-83,POINT (-9.148079872131348 38.72574996948242)
2315_717,3865_20250601_170_0_7,170_0,0,38.78546905517578,-9.143199920654297,32,IN_TRANSIT_TO,2025-06-11 10:55:18,6006,2315,61-88-ZB,POINT (-9.143199920654297 38.78546905517578)
2448_767,7284_20250601_112_0_6,112_0,1,38.76068115234375,-9.16670036315918,25,IN_TRANSIT_TO,2025-06-11 10:55:06,50006,2448,44-BC-34,POINT (-9.16670036315918 38.76068115234375)
2317_794,8062_20250601_115_0_8,115_0,0,38.71739959716797,-9.11832046508789,4,IN_TRANSIT_TO,2025-06-11 10:55:30,2127,2317,61-86-ZB,POINT (-9.11832046508789 38.71739959716797)
2766_723,18953_20250601_121_0_7,121_0,0,38.697330474853516,-9.2224702835083,29,IN_TRANSIT_TO,2025-06-11 10:55:15,13204,2766,AH-40-ND,POINT (-9.2224702835083 38.697330474853516)
2250_731,19403_20240727_190_0_8,190_0,1,38.78303146362305,-9.114009857177734,3,IN_TRANSIT_TO,2024-08-10 10:41:27,12610,2250,80-41-ZE,POINT (-9.114009857177734 38.78303146362305)
6021_732,5097_20250601_107_0_4,107_0,1,38.70970153808594,-9.215450286865234,4,IN_TRANSIT_TO,2025-06-11 10:55:22,12407,6021,BD-91-QG,POINT (-9.215450286865234 38.70970153808594)
2256_763,49572_20250601_282_0_11,282_0,0,38.76512908935547,-9.198969841003418,17,IN_TRANSIT_TO,2025-06-11 10:55:06,13909,2256,80-53-ZE,POINT (-9.198969841003418 38.76512908935547)
2494_735,5268_20250601_172_0_7,172_0,0,38.728519439697266,-9.12814998626709,15,IN_TRANSIT_TO,2025-06-11 10:54:56,7009,2494,88-BL-68,POINT (-9.12814998626709 38.728519439697266)
2346_731,5019_20250601_190_0_5,190_0,1,38.74502944946289,-9.15820026397705,26,IN_TRANSIT_TO,2025-06-11 10:43:06,3306,2346,62-93-ZG,POINT (-9.15820026397705 38.74502944946289)
4617_728,4707_20250601_204_0_6,204_0,0,38.70841979980469,-9.136320114135742,21,IN_TRANSIT_TO,2025-06-11 10:55:12,5501,4617,22-GP-51,POINT (-9.136320114135742 38.70841979980469)
4620_750,6347_20250601_106_0_7,106_0,1,38.7565803527832,-9.146080017089844,26,IN_TRANSIT_TO,2025-06-11 10:55:19,5712,4620,22-GP-54,POINT (-9.146080017089844 38.7565803527832)
2955_40B,19263_20250601_212_0_9,212_0,0,38.7877197265625,-9.163430213928223,0,IN_TRANSIT_TO,2025-06-11 10:55:19,,2955,27-GU-70,POINT (-9.163430213928223 38.7877197265625)
2954_40B,17561_20250601_212_0_9,212_0,1,38.780601501464844,-9.15054988861084,11,IN_TRANSIT_TO,2025-06-11 10:55:18,50344,2954,62-GQ-56,POINT (-9.15054988861084 38.780601501464844)
2624_781,7746_20250601_151_0_8,151_0,1,38.78522872924805,-9.124279975891113,2,IN_TRANSIT_TO,2025-06-11 10:55:16,16308,2624,72-VP-82,POINT (-9.124279975891113 38.78522872924805)
4642_750,6304_20250601_106_0_7,106_0,1,38.767601013183594,-9.099900245666504,5,IN_TRANSIT_TO,2025-06-11 10:55:22,18402,4642,90-JI-99,POINT (-9.099900245666504 38.767601013183594)
4816_748,6181_20250601_169_0_3,169_0,1,38.715599060058594,-9.234720230102539,7,IN_TRANSIT_TO,2025-06-11 10:55:11,8608,4816,34-VR-17,POINT (-9.234720230102539 38.715599060058594)
4614_750,6291_20250601_106_0_7,106_0,0,38.763431549072266,-9.129520416259766,9,IN_TRANSIT_TO,2025-06-11 10:55:29,7506,4614,96-GL-90,POINT (-9.129520416259766 38.763431549072266)
4616_750,6389_20250601_106_0_7,106_0,1,38.70732879638672,-9.225830078125,5,IN_TRANSIT_TO,2025-06-11 10:55:12,18402,4616,22-GP-50,POINT (-9.225830078125 38.70732879638672)
4611_750,6371_20250601_106_0_6,106_0,1,38.749778747558594,-9.194279670715332,16,IN_TRANSIT_TO,2025-06-11 10:55:17,10835,4611,96-GL-88,POINT (-9.194279670715332 38.749778747558594)
2950_29B,17527_20250601_209_0_9,209_0,0,38.776729583740234,-9.119979858398438,21,IN_TRANSIT_TO,2025-06-11 10:55:06,50348,2950,62-GQ-51,POINT (-9.119979858398438 38.776729583740234)
4641_750,6261_20250601_106_0_7,106_0,0,38.75653076171875,-9.181679725646973,20,IN_TRANSIT_TO,2025-06-11 10:55:05,13604,4641,90-JI-98,POINT (-9.181679725646973 38.75653076171875)
2945_29B,17535_20250601_209_0_8,209_0,0,38.75804901123047,-9.107069969177246,4,IN_TRANSIT_TO,2025-06-11 10:55:13,8440,2945,75-GO-14,POINT (-9.107069969177246 38.75804901123047)
2949_26B,17513_20250601_208_0_9,208_0,0,38.75843048095703,-9.097229957580566,20,IN_TRANSIT_TO,2025-06-11 10:55:07,2403,2949,62-GQ-52,POINT (-9.097229957580566 38.75843048095703)
4626_736,5340_20250601_199_0_8,199_0,1,38.763771057128906,-9.156900405883789,13,IN_TRANSIT_TO,2025-06-11 10:55:16,5814,4626,90-JI-93,POINT (-9.156900405883789 38.763771057128906)
2699_714,3704_20250601_102_0_7,102_0,0,38.72798156738281,-9.209269523620605,31,IN_TRANSIT_TO,2025-06-11 10:54:54,18102,2699,92-XQ-25,POINT (-9.209269523620605 38.72798156738281)
2690_746,5988_20250601_108_0_9,108_0,0,38.75075149536133,-9.201720237731934,20,IN_TRANSIT_TO,2025-06-11 10:55:20,10904,2690,99-XE-57,POINT (-9.201720237731934 38.75075149536133)
2693_738,5533_20250601_117_0_7,117_0,0,38.75196838378906,-9.151069641113281,12,IN_TRANSIT_TO,2025-06-11 10:55:26,2008,2693,90-XF-46,POINT (-9.151069641113281 38.75196838378906)
2694_711,3495_20250601_101_0_8,101_0,1,38.75144958496094,-9.20617961883545,7,IN_TRANSIT_TO,2025-06-11 10:55:21,11001,2694,90-XF-49,POINT (-9.20617961883545 38.75144958496094)
2669_713,3611_20250601_122_0_5,122_0,0,38.70600128173828,-9.172869682312012,28,IN_TRANSIT_TO,2025-06-11 10:55:24,10208,2669,87-XB-34,POINT (-9.172869682312012 38.70600128173828)
4836_736,5372_20250601_199_0_6,199_0,1,38.77473068237305,-9.162449836730957,9,IN_TRANSIT_TO,2025-06-11 10:55:14,5908,4836,34-VR-23,POINT (-9.162449836730957 38.77473068237305)
2705_723,4178_20250601_121_0_8,121_0,1,38.72344970703125,-9.16469955444336,26,IN_TRANSIT_TO,2025-06-11 10:55:21,8608,2705,92-XQ-29,POINT (-9.16469955444336 38.72344970703125)
6047_760,7069_20250601_171_0_5,171_0,1,38.70962905883789,-9.135680198669434,32,IN_TRANSIT_TO,2025-06-11 10:55:25,5519,6047,BH-20-IP,POINT (-9.135680198669434 38.70962905883789)
4619_728,4699_20250601_204_0_4,204_0,0,38.76166915893555,-9.096779823303223,40,IN_TRANSIT_TO,2025-06-11 10:55:07,2404,4619,22-GP-53,POINT (-9.096779823303223 38.76166915893555)
2947_32B,17551_20250601_211_0_9,211_0,0,38.747371673583984,-9.114950180053711,16,IN_TRANSIT_TO,2025-06-11 10:55:10,3611,2947,51-GL-84,POINT (-9.114950180053711 38.747371673583984)
2952_765,7174_20250601_110_0_21,110_0,0,38.752681732177734,-9.20740032196045,9,IN_TRANSIT_TO,2025-06-11 10:55:07,50386,2952,62-GQ-54,POINT (-9.20740032196045 38.752681732177734)
2957_40B,17569_20250601_212_0_9,212_0,0,38.7772216796875,-9.159819602966309,23,IN_TRANSIT_TO,2025-06-11 10:55:10,5927,2957,27-GU-72,POINT (-9.159819602966309 38.7772216796875)
2677_754,6616_20250601_201_0_7,201_0,0,38.747230529785156,-9.156220436096191,8,IN_TRANSIT_TO,2025-06-11 10:55:22,13501,2677,87-XB-41,POINT (-9.156220436096191 38.747230529785156)
2671_764,7138_20250601_168_0_9,168_0,0,38.75246810913086,-9.188969612121582,15,IN_TRANSIT_TO,2025-06-11 10:55:07,10808,2671,87-XB-43,POINT (-9.188969612121582 38.75246810913086)
2680_714,3673_20250601_102_0_8,102_0,1,38.69712829589844,-9.201069831848145,21,IN_TRANSIT_TO,2025-06-11 10:55:21,9609,2680,93-XA-36,POINT (-9.201069831848145 38.69712829589844)
2673_711,3516_20250601_101_0_8,101_0,0,38.71942138671875,-9.145000457763672,5,IN_TRANSIT_TO,2025-06-11 10:55:06,1003,2673,87-XB-37,POINT (-9.145000457763672 38.71942138671875)
2672_709,3413_20250601_148_0_11,148_0,1,38.71527862548828,-9.164719581604004,3,IN_TRANSIT_TO,2025-06-11 10:55:18,8001,2672,87-XB-44,POINT (-9.164719581604004 38.71527862548828)
2670_711,3486_20250601_101_0_8,101_0,1,38.722320556640625,-9.172080039978027,25,IN_TRANSIT_TO,2025-06-11 10:55:17,50324,2670,87-XB-32,POINT (-9.172080039978027 38.722320556640625)
2675_727,4539_20250601_103_0_5,103_0,1,38.71133041381836,-9.153650283813477,30,IN_TRANSIT_TO,2025-06-11 10:55:05,6701,2675,87-XB-35,POINT (-9.153650283813477 38.71133041381836)
2964_737,5478_20250601_173_0_14,173_0,1,38.710079193115234,-9.133170127868652,4,IN_TRANSIT_TO,2025-06-11 10:55:30,13804,2964,30-VM-19,POINT (-9.133170127868652 38.710079193115234)
2961_774,7453_20250601_192_0_15,192_0,0,38.72159957885742,-9.156450271606445,8,IN_TRANSIT_TO,2025-06-11 10:55:11,6823,2961,26-VD-02,POINT (-9.156450271606445 38.72159957885742)
4623_736,5320_20250601_199_0_8,199_0,1,38.71535110473633,-9.141550064086914,28,IN_TRANSIT_TO,2025-06-11 10:55:27,1006,4623,27-JO-12,POINT (-9.141550064086914 38.71535110473633)
510_15E,11289_20250601_76_0_9,76_0,0,38.69792938232422,-9.204319953918457,16,IN_TRANSIT_TO,2025-06-11 10:55:31,4112,510,,POINT (-9.204319953918457 38.69792938232422)
6031_760,7097_20250601_171_0_5,171_0,0,38.711021423339844,-9.206199645996094,38,IN_TRANSIT_TO,2025-06-11 10:54:55,12911,6031,BF-87-AX,POINT (-9.206199645996094 38.711021423339844)
2718_712,3559_20250601_189_0_7,189_0,0,38.73212814331055,-9.128479957580566,13,IN_TRANSIT_TO,2025-06-11 10:55:13,7011,2718,92-XQ-23,POINT (-9.128479957580566 38.73212814331055)
6014_706,3217_20250601_147_0_7,147_0,1,38.7065315246582,-9.155019760131836,31,IN_TRANSIT_TO,2025-06-11 10:55:23,3913,6014,67-ZF-30,POINT (-9.155019760131836 38.7065315246582)
6049_760,7088_20250601_171_0_6,171_0,1,38.712799072265625,-9.195830345153809,10,IN_TRANSIT_TO,2025-06-11 10:55:20,12928,6049,BH-47-IR,POINT (-9.195830345153809 38.712799072265625)
2723_711,3464_20250601_101_0_8,101_0,1,38.710479736328125,-9.138529777526855,33,IN_TRANSIT_TO,2025-06-11 10:54:48,5510,2723,92-XQ-43,POINT (-9.138529777526855 38.710479736328125)
2827_753,6563_20250601_167_0_13,167_0,0,38.729698181152344,-9.14408016204834,1,IN_TRANSIT_TO,2025-06-11 10:55:12,1712,2827,BF-61-FZ,POINT (-9.14408016204834 38.729698181152344)
6050_760,7024_20250601_171_0_6,171_0,0,38.70903015136719,-9.135270118713379,10,IN_TRANSIT_TO,2025-06-11 10:55:26,5502,6050,BH-62-IR,POINT (-9.135270118713379 38.70903015136719)
2741_756,6762_20250601_175_0_10,175_0,0,38.70457077026367,-9.178119659423828,24,IN_TRANSIT_TO,2025-06-11 10:55:10,12122,2741,AG-99-TG,POINT (-9.178119659423828 38.70457077026367)
2658_714,3710_20250601_102_0_7,102_0,0,38.697418212890625,-9.203499794006348,19,IN_TRANSIT_TO,2025-06-11 10:55:26,4112,2658,05-VZ-71,POINT (-9.203499794006348 38.697418212890625)
2479_726,4284_20250601_116_0_8,116_0,1,38.76448059082031,-9.199819564819336,3,IN_TRANSIT_TO,2025-06-11 10:53:48,13905,2479,91-BE-74,POINT (-9.199819564819336 38.76448059082031)
4634_796,8116_20250601_174_0_17,174_0,0,38.78131866455078,-9.163220405578613,7,IN_TRANSIT_TO,2025-06-11 10:55:24,5923,4634,11-JM-78,POINT (-9.163220405578613 38.78131866455078)
2414_729,4755_20250601_104_0_7,104_0,1,38.69892883300781,-9.227279663085938,0,IN_TRANSIT_TO,2025-06-11 10:55:15,,2414,92-AO-51,POINT (-9.227279663085938 38.69892883300781)
2844_728,4622_20250601_204_0_7,204_0,1,38.725650787353516,-9.111069679260254,25,IN_TRANSIT_TO,2025-06-11 10:55:22,8310,2844,BF-73-FZ,POINT (-9.111069679260254 38.725650787353516)
2288_731,5026_20250601_190_0_8,190_0,1,38.77381896972656,-9.110969543457031,11,IN_TRANSIT_TO,2025-06-11 10:55:25,12310,2288,92-59-ZM,POINT (-9.110969543457031 38.77381896972656)
2295_724,4190_20250601_178_0_12,178_0,1,38.761329650878906,-9.196619987487793,2,IN_TRANSIT_TO,2025-06-11 10:55:25,13911,2295,92-53-ZM,POINT (-9.196619987487793 38.761329650878906)
2298_723,4175_20250601_121_0_8,121_0,1,38.72480010986328,-9.149149894714355,29,IN_TRANSIT_TO,2025-06-11 10:54:55,1212,2298,83-05-ZM,POINT (-9.149149894714355 38.72480010986328)
608_15E,11191_20250601_76_0_7,76_0,0,38.70500183105469,-9.158550262451172,6,IN_TRANSIT_TO,2025-06-11 10:55:22,3902,608,,POINT (-9.158550262451172 38.70500183105469)
610_15E,11245_20250601_76_0_6,76_0,1,38.7046012878418,-9.176569938659668,14,IN_TRANSIT_TO,2025-06-11 10:55:12,12115,610,,POINT (-9.176569938659668 38.7046012878418)
2257_758,6847_20250601_150_0_7,150_0,0,38.75080108642578,-9.201720237731934,29,IN_TRANSIT_TO,2025-06-11 10:55:05,10904,2257,80-50-ZE,POINT (-9.201720237731934 38.75080108642578)
2281_758,6797_20250601_150_0_8,150_0,1,38.73482131958008,-9.165129661560059,17,IN_TRANSIT_TO,2025-06-11 10:55:28,2710,2281,67-56-ZJ,POINT (-9.165129661560059 38.73482131958008)
2628_744,5804_20250601_200_0_7,200_0,0,38.76340103149414,-9.129199981689453,17,IN_TRANSIT_TO,2025-06-11 10:55:10,7513,2628,52-VP-82,POINT (-9.129199981689453 38.76340103149414)
2841_728,4682_20250601_204_0_6,204_0,0,38.759830474853516,-9.09630012512207,39,IN_TRANSIT_TO,2025-06-11 10:55:17,50315,2841,BF-55-FZ,POINT (-9.09630012512207 38.759830474853516)
1717_783,7810_20250601_203_0_8,203_0,1,38.731319427490234,-9.146419525146484,24,IN_TRANSIT_TO,2025-06-11 10:55:32,1812,1717,69-AL-80,POINT (-9.146419525146484 38.731319427490234)
4832_736,18835_20250601_199_0_7,199_0,0,38.7440185546875,-9.147049903869629,9,IN_TRANSIT_TO,2025-06-11 10:55:22,1901,4832,68-VQ-51,POINT (-9.147049903869629 38.7440185546875)
6015_760,7058_20250601_171_0_6,171_0,1,38.71847915649414,-9.136520385742188,36,IN_TRANSIT_TO,2025-06-11 10:55:09,810,6015,69-ZF-01,POINT (-9.136520385742188 38.71847915649414)
2717_723,4170_20250601_121_0_7,121_0,0,38.72544860839844,-9.148670196533203,6,IN_TRANSIT_TO,2025-06-11 10:55:28,1202,2717,92-XQ-16,POINT (-9.148670196533203 38.72544860839844)
2629_722,4128_20250601_196_0_7,196_0,0,38.783668518066406,-9.108799934387207,34,IN_TRANSIT_TO,2025-06-11 10:54:59,12617,2629,52-VP-81,POINT (-9.108799934387207 38.783668518066406)
4835_783,7855_20250601_203_0_9,203_0,0,38.7258186340332,-9.149580001831055,3,IN_TRANSIT_TO,2025-06-11 10:55:14,50197,4835,53-VR-06,POINT (-9.149580001831055 38.7258186340332)
2978_702,3057_20250601_146_0_20,146_0,1,38.725921630859375,-9.169230461120605,6,IN_TRANSIT_TO,2025-06-11 10:55:14,8606,2978,29-VM-92,POINT (-9.169230461120605 38.725921630859375)
4633_755,6652_20250601_118_0_7,118_0,1,38.75627136230469,-9.11365032196045,26,IN_TRANSIT_TO,2025-06-11 10:55:29,8427,4633,90-JI-94,POINT (-9.11365032196045 38.75627136230469)
2259_726,4275_20250601_116_0_6,116_0,1,38.740970611572266,-9.168219566345215,16,IN_TRANSIT_TO,2025-06-11 10:55:25,1610,2259,67-44-ZJ,POINT (-9.168219566345215 38.740970611572266)
2430_716,3715_20250601_164_0_13,164_0,0,38.736568450927734,-9.133469581604004,0,IN_TRANSIT_TO,2025-06-11 10:55:19,,2430,29-AX-12,POINT (-9.133469581604004 38.736568450927734)
2442_767,7306_20250601_112_0_5,112_0,0,38.7493782043457,-9.21934986114502,44,IN_TRANSIT_TO,2025-06-11 10:55:18,3002,2442,29-AX-06,POINT (-9.21934986114502 38.7493782043457)
2779_712,3548_20250601_189_0_7,189_0,0,38.720001220703125,-9.169699668884277,30,IN_TRANSIT_TO,2025-06-11 10:55:31,8010,2779,AI-02-BT,POINT (-9.169699668884277 38.720001220703125)
2703_709,3388_20250601_148_0_14,148_0,0,38.71976852416992,-9.155770301818848,7,IN_TRANSIT_TO,2025-06-11 10:55:09,6810,2703,92-XQ-24,POINT (-9.155770301818848 38.71976852416992)
2495_794,8037_20250601_115_0_5,115_0,0,38.75556945800781,-9.102950096130371,33,IN_TRANSIT_TO,2025-06-11 10:55:18,2319,2495,88-BL-69,POINT (-9.102950096130371 38.75556945800781)
2842_728,4590_20250601_204_0_7,204_0,1,38.70296859741211,-9.1735200881958,40,IN_TRANSIT_TO,2025-06-11 10:55:30,4002,2842,BF-56-FZ,POINT (-9.1735200881958 38.70296859741211)
251_37B,18842_20250601_224_0_10,224_0,0,38.72452163696289,-9.116350173950195,24,IN_TRANSIT_TO,2025-06-11 10:42:29,9803,251,AF-87-NU,POINT (-9.116350173950195 38.72452163696289)
6009_706,3253_20250601_147_0_7,147_0,1,38.71678161621094,-9.12024974822998,3,IN_TRANSIT_TO,2025-06-11 10:54:13,2103,6009,81-ZC-18,POINT (-9.12024974822998 38.71678161621094)
4839_755,6630_20250601_118_0_7,118_0,0,38.743568420410156,-9.101550102233887,2,IN_TRANSIT_TO,2025-06-11 10:55:15,12511,4839,53-VR-08,POINT (-9.101550102233887 38.743568420410156)
4825_783,7836_20250601_203_0_8,203_0,1,38.7901496887207,-9.12417984008789,0,IN_TRANSIT_TO,2025-06-11 10:55:16,,4825,20-VQ-72,POINT (-9.12417984008789 38.7901496887207)
2345_760,7047_20250601_171_0_3,171_0,0,38.72737121582031,-9.140669822692871,1,IN_TRANSIT_TO,2025-06-11 10:55:27,6909,2345,53-59-ZJ,POINT (-9.140669822692871 38.72737121582031)
2614_759,6957_20250601_144_0_8,144_0,1,38.736778259277344,-9.112930297851562,28,IN_TRANSIT_TO,2025-06-11 10:55:21,3712,2614,66-VI-24,POINT (-9.112930297851562 38.736778259277344)
2965_730,4968_20250601_198_0_10,198_0,0,38.72288131713867,-9.141819953918457,22,IN_TRANSIT_TO,2025-06-11 10:55:11,9205,2965,29-VM-97,POINT (-9.141819953918457 38.72288131713867)
2997_774,7440_20250601_192_0_16,192_0,1,38.72785186767578,-9.143179893493652,2,IN_TRANSIT_TO,2025-06-11 10:51:47,6608,2997,34-VN-03,POINT (-9.143179893493652 38.72785186767578)
4815_728,4582_20250601_204_0_7,204_0,1,38.69779968261719,-9.204500198364258,43,IN_TRANSIT_TO,2025-06-11 10:55:03,9604,4815,34-VR-24,POINT (-9.204500198364258 38.69779968261719)
2613_759,6982_20250601_144_0_7,144_0,0,38.7600212097168,-9.111579895019531,28,IN_TRANSIT_TO,2025-06-11 10:55:21,8416,2613,66-VI-22,POINT (-9.111579895019531 38.7600212097168)
4827_783,7847_20250601_203_0_7,203_0,0,38.757080078125,-9.14465045928955,15,IN_TRANSIT_TO,2025-06-11 10:55:19,11304,4827,34-VR-15,POINT (-9.14465045928955 38.757080078125)
2601_759,6926_20250601_144_0_7,144_0,0,38.71329879760742,-9.139519691467285,2,IN_TRANSIT_TO,2025-06-11 10:55:24,902,2601,04-VA-70,POINT (-9.139519691467285 38.71329879760742)
2264_767,7203_20250601_112_0_5,112_0,0,38.7601203918457,-9.171950340270996,23,IN_TRANSIT_TO,2025-06-11 10:55:25,50011,2264,76-90-ZG,POINT (-9.171950340270996 38.7601203918457)
6036_732,5061_20250601_107_0_5,107_0,0,38.71207809448242,-9.139120101928711,16,IN_TRANSIT_TO,2025-06-11 10:55:31,908,6036,BG-90-LX,POINT (-9.139120101928711 38.71207809448242)
6026_732,5092_20250601_107_0_5,107_0,1,38.70349884033203,-9.167070388793945,24,IN_TRANSIT_TO,2025-06-11 10:55:19,10201,6026,BF-39-BB,POINT (-9.167070388793945 38.70349884033203)
2706_714,3660_20250601_102_0_8,102_0,1,38.70576858520508,-9.15999984741211,33,IN_TRANSIT_TO,2025-06-11 10:55:25,3907,2706,92-XQ-46,POINT (-9.15999984741211 38.70576858520508)
2653_727,4534_20250601_103_0_5,103_0,1,38.72446823120117,-9.149669647216797,36,IN_TRANSIT_TO,2025-06-11 10:55:28,1207,2653,05-VZ-52,POINT (-9.149669647216797 38.72446823120117)
2749_735,5284_20250601_172_0_6,172_0,1,38.70869827270508,-9.133429527282715,33,IN_TRANSIT_TO,2025-06-11 10:55:17,4502,2749,AG-03-TH,POINT (-9.133429527282715 38.70869827270508)
2988_797,8175_20250601_163_0_15,163_0,0,38.73311996459961,-9.132619857788086,4,IN_TRANSIT_TO,2025-06-11 10:55:26,504,2988,29-VM-94,POINT (-9.132619857788086 38.73311996459961)
2743_720,4064_20250601_143_0_6,143_0,1,38.73738098144531,-9.123920440673828,30,IN_TRANSIT_TO,2025-06-11 10:45:58,8904,2743,AG-02-TH,POINT (-9.123920440673828 38.73738098144531)
4837_736,5332_20250601_199_0_6,199_0,1,38.74761962890625,-9.148420333862305,19,IN_TRANSIT_TO,2025-06-11 10:55:09,2002,4837,34-VR-18,POINT (-9.148420333862305 38.74761962890625)
4826_783,7843_20250601_203_0_7,203_0,0,38.763328552246094,-9.129170417785645,18,IN_TRANSIT_TO,2025-06-11 10:55:22,7513,4826,53-VR-05,POINT (-9.129170417785645 38.763328552246094)
2637_722,4130_20250601_196_0_6,196_0,0,38.743900299072266,-9.132080078125,14,IN_TRANSIT_TO,2025-06-11 10:55:04,317,2637,87-VS-51,POINT (-9.132080078125 38.743900299072266)
4830_736,5417_20250601_199_0_7,199_0,0,38.7794189453125,-9.163200378417969,22,IN_TRANSIT_TO,2025-06-11 10:55:09,5911,4830,20-VQ-63,POINT (-9.163200378417969 38.7794189453125)
2638_705,3196_20250601_176_0_8,176_0,0,38.77693176269531,-9.11709976196289,9,IN_TRANSIT_TO,2025-06-11 10:55:17,12305,2638,87-VS-48,POINT (-9.11709976196289 38.77693176269531)
6037_732,5089_20250601_107_0_3,107_0,1,38.70787048339844,-9.1389799118042,29,IN_TRANSIT_TO,2025-06-11 10:55:30,3824,6037,BG-37-LT,POINT (-9.1389799118042 38.70787048339844)
2617_781,7754_20250601_151_0_8,151_0,0,38.77162170410156,-9.109729766845703,20,IN_TRANSIT_TO,2025-06-11 10:55:19,7713,2617,66-VI-28,POINT (-9.109729766845703 38.77162170410156)
6005_706,3206_20250601_147_0_8,147_0,0,38.711151123046875,-9.15369987487793,8,IN_TRANSIT_TO,2025-06-11 10:55:10,6701,6005,81-ZC-91,POINT (-9.15369987487793 38.711151123046875)
2648_755,6705_20250601_118_0_8,118_0,0,38.759151458740234,-9.123900413513184,20,IN_TRANSIT_TO,2025-06-11 10:54:12,14703,2648,75-VS-46,POINT (-9.123900413513184 38.759151458740234)
2716_738,5562_20250601_117_0_7,117_0,1,38.704349517822266,-9.17490005493164,5,IN_TRANSIT_TO,2025-06-11 10:55:31,12101,2716,92-XQ-27,POINT (-9.17490005493164 38.704349517822266)
6025_760,7104_20250601_171_0_8,171_0,0,38.70376968383789,-9.19480037689209,25,IN_TRANSIT_TO,2025-06-11 10:55:18,13408,6025,BF-92-AX,POINT (-9.19480037689209 38.70376968383789)
2991_52B,21672_20250601_244_0_8,244_0,0,38.741519927978516,-9.159729957580566,3,IN_TRANSIT_TO,2025-06-11 10:55:09,50539,2991,29-VM-89,POINT (-9.159729957580566 38.741519927978516)
4820_748,6189_20250601_169_0_3,169_0,1,38.72434997558594,-9.159819602966309,8,IN_TRANSIT_TO,2025-06-11 10:55:29,8502,4820,20-VQ-62,POINT (-9.159819602966309 38.72434997558594)
2704_746,5966_20250601_108_0_10,108_0,1,38.73939895629883,-9.167449951171875,16,IN_TRANSIT_TO,2025-06-11 10:55:05,1620,2704,92-XQ-18,POINT (-9.167449951171875 38.73939895629883)
6041_732,5084_20250601_107_0_5,107_0,1,38.74277877807617,-9.146699905395508,40,IN_TRANSIT_TO,2025-06-11 10:55:14,1903,6041,BG-20-LV,POINT (-9.146699905395508 38.74277877807617)
2989_72B,45271_20250601_279_0_7,279_0,0,38.74599838256836,-9.206500053405762,12,IN_TRANSIT_TO,2025-06-11 10:55:17,2907,2989,29-VM-85,POINT (-9.206500053405762 38.74599838256836)
577_28E,14916_20250601_75_0_7,75_0,1,38.70830154418945,-9.139800071716309,17,IN_TRANSIT_TO,2025-06-11 10:54:50,10521,577,,POINT (-9.139800071716309 38.70830154418945)
2642_759,6898_20250601_144_0_5,144_0,0,38.74129867553711,-9.11221981048584,21,IN_TRANSIT_TO,2025-06-11 10:55:08,3701,2642,75-VS-51,POINT (-9.11221981048584 38.74129867553711)
573_24E,17845_20250601_213_0_15,213_0,1,38.72475051879883,-9.1599702835083,1,IN_TRANSIT_TO,2025-06-11 10:55:17,6130,573,,POINT (-9.1599702835083 38.72475051879883)
2724_723,4184_20250601_121_0_7,121_0,1,38.71554946899414,-9.214730262756348,10,IN_TRANSIT_TO,2025-06-11 10:55:13,12402,2724,92-XQ-40,POINT (-9.214730262756348 38.71554946899414)
2661_754,6623_20250601_201_0_6,201_0,1,38.74245071411133,-9.146780014038086,33,IN_TRANSIT_TO,2025-06-11 10:55:05,2020,2661,05-VZ-58,POINT (-9.146780014038086 38.74245071411133)
2737_756,6746_20250601_175_0_11,175_0,1,38.74156951904297,-9.144229888916016,13,IN_TRANSIT_TO,2025-06-11 10:55:09,1915,2737,AG-45-EI,POINT (-9.144229888916016 38.74156951904297)
2609_781,7736_20250601_151_0_8,151_0,1,38.75423049926758,-9.098250389099121,17,IN_TRANSIT_TO,2025-06-11 10:55:06,50164,2609,66-VI-36,POINT (-9.098250389099121 38.75423049926758)
2611_759,6945_20250601_144_0_6,144_0,1,38.708099365234375,-9.133199691772461,44,IN_TRANSIT_TO,2025-06-11 10:55:35,4506,2611,66-VI-38,POINT (-9.133199691772461 38.708099365234375)
2981_702,3034_20250601_146_0_15,146_0,0,38.72494888305664,-9.156270027160645,1,IN_TRANSIT_TO,2025-06-11 10:55:23,50188,2981,29-VM-86,POINT (-9.156270027160645 38.72494888305664)
6030_732,5043_20250601_107_0_5,107_0,0,38.705570220947266,-9.200819969177246,36,IN_TRANSIT_TO,2025-06-11 10:55:16,13302,6030,BF-39-AU,POINT (-9.200819969177246 38.705570220947266)
2618_759,6904_20250601_144_0_7,144_0,0,38.71553039550781,-9.121549606323242,7,IN_TRANSIT_TO,2025-06-11 10:55:22,2101,2618,66-VI-42,POINT (-9.121549606323242 38.71553039550781)
2308_742,5722_20250601_114_0_7,114_0,0,38.73067855834961,-9.156929969787598,27,IN_TRANSIT_TO,2025-06-11 10:55:34,6117,2308,83-17-ZM,POINT (-9.156929969787598 38.73067855834961)
2654_738,5565_20250601_117_0_4,117_0,0,38.70438003540039,-9.174220085144043,32,IN_TRANSIT_TO,2025-06-11 10:55:31,4004,2654,05-VZ-69,POINT (-9.174220085144043 38.70438003540039)
2612_781,7760_20250601_151_0_8,151_0,0,38.731781005859375,-9.104949951171875,6,IN_TRANSIT_TO,2025-06-11 10:54:03,8309,2612,66-VI-29,POINT (-9.104949951171875 38.731781005859375)
501_15E,11224_20250601_76_0_8,76_0,1,38.70640182495117,-9.15231990814209,18,IN_TRANSIT_TO,2025-06-11 10:55:23,3901,501,,POINT (-9.15231990814209 38.70640182495117)
6042_732,5058_20250601_107_0_5,107_0,0,38.704280853271484,-9.173999786376953,25,IN_TRANSIT_TO,2025-06-11 10:55:08,4004,6042,BG-97-LU,POINT (-9.173999786376953 38.704280853271484)
542_25E,14257_20250601_79_0_11,79_0,1,38.7097282409668,-9.136619567871094,18,IN_TRANSIT_TO,2025-06-11 10:55:09,5512,542,,POINT (-9.136619567871094 38.7097282409668)
574_18E,12194_20250601_78_0_12,78_0,1,38.7038688659668,-9.172630310058594,15,IN_TRANSIT_TO,2025-06-11 10:55:17,4001,574,,POINT (-9.172630310058594 38.7038688659668)
2713_714,3629_20250601_102_0_9,102_0,0,38.7065315246582,-9.15839958190918,5,IN_TRANSIT_TO,2025-06-11 10:55:21,3912,2713,92-XQ-34,POINT (-9.15839958190918 38.7065315246582)
2635_705,3181_20250601_176_0_8,176_0,1,38.7747688293457,-9.10216999053955,22,IN_TRANSIT_TO,2025-06-11 10:55:08,7910,2635,52-VP-90,POINT (-9.10216999053955 38.7747688293457)
2258_758,6830_20250601_150_0_7,150_0,1,38.747379302978516,-9.18988037109375,7,IN_TRANSIT_TO,2025-06-11 10:55:12,10803,2258,53-58-ZJ,POINT (-9.18988037109375 38.747379302978516)
544_25E,14258_20250601_79_0_10,79_0,0,38.715431213378906,-9.164520263671875,16,IN_TRANSIT_TO,2025-06-11 10:55:08,8002,544,,POINT (-9.164520263671875 38.715431213378906)
2769_712,3551_20250601_189_0_5,189_0,0,38.72507858276367,-9.154780387878418,24,IN_TRANSIT_TO,2025-06-11 10:55:19,1209,2769,AH-19-ND,POINT (-9.154780387878418 38.72507858276367)
402_73B,18776_20250601_220_0_7,220_0,0,38.70743179321289,-9.1741304397583,25,IN_TRANSIT_TO,2025-06-11 10:55:21,50375,402,BF-81-TP,POINT (-9.1741304397583 38.70743179321289)
2636_744,5832_20250601_200_0_6,200_0,1,38.72478103637695,-9.150870323181152,30,IN_TRANSIT_TO,2025-06-11 10:55:22,1206,2636,87-VS-50,POINT (-9.150870323181152 38.72478103637695)
571_28E,14967_20250601_75_0_7,75_0,1,38.7153205871582,-9.164779663085938,3,IN_TRANSIT_TO,2025-06-11 10:55:26,8001,571,,POINT (-9.164779663085938 38.7153205871582)
2652_723,4138_20250601_121_0_7,121_0,0,38.695068359375,-9.215749740600586,28,IN_TRANSIT_TO,2025-06-11 10:55:29,50385,2652,05-VZ-61,POINT (-9.215749740600586 38.695068359375)
2626_744,5840_20250601_200_0_7,200_0,1,38.767669677734375,-9.104570388793945,5,IN_TRANSIT_TO,2025-06-11 10:55:22,7822,2626,52-VP-86,POINT (-9.104570388793945 38.767669677734375)
2620_722,4120_20250601_196_0_7,196_0,1,38.7163200378418,-9.142379760742188,33,IN_TRANSIT_TO,2025-06-11 10:55:23,1102,2620,66-VI-33,POINT (-9.142379760742188 38.7163200378418)
503_15E,11250_20250601_76_0_7,76_0,0,38.695770263671875,-9.218420028686523,19,IN_TRANSIT_TO,2025-06-11 10:55:26,13206,503,,POINT (-9.218420028686523 38.695770263671875)
263_67B,28219_20250601_253_0_9,253_0,0,38.706668853759766,-9.155969619750977,19,IN_TRANSIT_TO,2025-06-11 10:55:28,3913,263,AG-26-NH,POINT (-9.155969619750977 38.706668853759766)
2975_774,7433_20250601_192_0_10,192_0,1,38.72114944458008,-9.160869598388672,10,IN_TRANSIT_TO,2025-06-11 10:55:06,8519,2975,30-VM-11,POINT (-9.160869598388672 38.72114944458008)
2985_730,4948_20250601_198_0_9,198_0,1,38.73316955566406,-9.132820129394531,12,IN_TRANSIT_TO,2025-06-11 10:55:08,504,2985,30-VM-14,POINT (-9.132820129394531 38.73316955566406)
2701_713,3608_20250601_122_0_10,122_0,1,38.727901458740234,-9.173020362854004,2,IN_TRANSIT_TO,2025-06-11 10:55:21,2704,2701,92-XQ-35,POINT (-9.173020362854004 38.727901458740234)
2982_52B,21664_20250601_244_0_8,244_0,0,38.738731384277344,-9.165029525756836,21,IN_TRANSIT_TO,2025-06-11 10:55:16,1601,2982,30-VM-23,POINT (-9.165029525756836 38.738731384277344)
2976_797,8164_20250601_163_0_21,163_0,1,38.72930145263672,-9.129850387573242,6,IN_TRANSIT_TO,2025-06-11 10:55:10,7007,2976,30-VM-00,POINT (-9.129850387573242 38.72930145263672)
2702_754,6585_20250601_201_0_6,201_0,1,38.748199462890625,-9.188329696655273,22,IN_TRANSIT_TO,2025-06-11 10:55:25,10805,2702,92-XQ-21,POINT (-9.188329696655273 38.748199462890625)
2604_759,6969_20250601_144_0_8,144_0,1,38.77484893798828,-9.105330467224121,5,IN_TRANSIT_TO,2025-06-11 10:55:07,7908,2604,66-VI-32,POINT (-9.105330467224121 38.77484893798828)
552_25E,14265_20250601_79_0_10,79_0,0,38.706298828125,-9.144499778747559,3,IN_TRANSIT_TO,2025-06-11 10:55:00,3820,552,,POINT (-9.144499778747559 38.706298828125)
2634_759,6960_20250601_144_0_6,144_0,1,38.734779357910156,-9.112600326538086,29,IN_TRANSIT_TO,2025-06-11 10:55:25,17580,2634,52-VP-85,POINT (-9.112600326538086 38.734779357910156)
2980_730,4950_20250601_198_0_9,198_0,1,38.72298049926758,-9.141850471496582,4,IN_TRANSIT_TO,2025-06-11 10:55:17,6604,2980,29-VM-90,POINT (-9.141850471496582 38.72298049926758)
2663_714,3697_20240914_102_0_16,102_0,1,38.72127151489258,-9.221500396728516,4,IN_TRANSIT_TO,2024-10-22 20:26:58,18703,2663,05-VZ-62,POINT (-9.221500396728516 38.72127151489258)
2659_713,3596_20250601_122_0_8,122_0,1,38.71002960205078,-9.160479545593262,16,IN_TRANSIT_TO,2025-06-11 10:55:29,10006,2659,05-VZ-57,POINT (-9.160479545593262 38.71002960205078)
581_25E,14250_20250601_79_0_10,79_0,0,38.713130950927734,-9.13782024383545,0,IN_TRANSIT_TO,2025-06-11 10:55:07,,581,,POINT (-9.13782024383545 38.713130950927734)
6043_760,7106_20250601_171_0_5,171_0,0,38.70640182495117,-9.149020195007324,13,IN_TRANSIT_TO,2025-06-11 10:55:08,7102,6043,BG-93-LT,POINT (-9.149020195007324 38.70640182495117)
554_12E,11034_20250601_77_0_10,77_0,0,38.71498107910156,-9.136119842529297,12,IN_TRANSIT_TO,2025-06-11 10:55:25,50620,554,,POINT (-9.136119842529297 38.71498107910156)
1714_717,3878_20250601_170_0_8,170_0,0,38.77429962158203,-9.152020454406738,23,IN_TRANSIT_TO,2025-06-11 10:55:32,11507,1714,69-AL-77,POINT (-9.152020454406738 38.77429962158203)
2995_45B,49564_20250601_277_0_8,277_0,1,38.76462936401367,-9.157050132751465,15,IN_TRANSIT_TO,2025-06-11 10:55:07,5811,2995,30-VM-15,POINT (-9.157050132751465 38.76462936401367)
580_28E,14942_20250601_75_0_7,75_0,1,38.71179962158203,-9.153969764709473,8,IN_TRANSIT_TO,2025-06-11 10:55:22,6721,580,,POINT (-9.153969764709473 38.71179962158203)
543_28E,14893_20250601_75_0_5,75_0,1,38.71324920654297,-9.130229949951172,35,IN_TRANSIT_TO,2025-06-11 10:55:05,5602,543,,POINT (-9.130229949951172 38.71324920654297)
2963_737,5503_20250601_173_0_13,173_0,0,38.71398162841797,-9.138019561767578,0,IN_TRANSIT_TO,2025-06-11 10:55:18,,2963,29-VM-88,POINT (-9.138019561767578 38.71398162841797)
2687_713,3574_20250601_122_0_9,122_0,0,38.73722839355469,-9.14525032043457,3,IN_TRANSIT_TO,2025-06-11 10:55:33,11118,2687,93-XA-44,POINT (-9.14525032043457 38.73722839355469)
4813_751,6456_20250601_109_0_12,109_0,1,38.70532989501953,-9.176520347595215,24,IN_TRANSIT_TO,2025-06-11 10:55:29,12107,4813,68-VQ-50,POINT (-9.176520347595215 38.70532989501953)
2828_728,4662_20250601_204_0_5,204_0,1,38.78171920776367,-9.113980293273926,0,IN_TRANSIT_TO,2025-06-11 10:55:19,,2828,BF-60-FZ,POINT (-9.113980293273926 38.78171920776367)
2644_705,3187_20250601_176_0_8,176_0,1,38.74946975708008,-9.130749702453613,3,IN_TRANSIT_TO,2025-06-11 10:55:09,313,2644,87-VS-52,POINT (-9.130749702453613 38.74946975708008)
578_28E,15038_20250601_75_0_4,75_0,0,38.71670150756836,-9.13545036315918,1,IN_TRANSIT_TO,2025-06-06 13:01:53,819,578,,POINT (-9.13545036315918 38.71670150756836)
2662_722,4108_20250601_196_0_7,196_0,0,38.717098236083984,-9.142720222473145,1,IN_TRANSIT_TO,2025-06-11 10:55:18,1011,2662,05-VZ-51,POINT (-9.142720222473145 38.717098236083984)
2977_774,7460_20250601_192_0_15,192_0,0,38.717369079589844,-9.16670036315918,3,IN_TRANSIT_TO,2025-06-11 10:55:21,8005,2977,30-VM-21,POINT (-9.16670036315918 38.717369079589844)
2427_729,4830_20250601_104_0_7,104_0,1,38.74822998046875,-9.192370414733887,31,IN_TRANSIT_TO,2025-06-11 10:55:28,10835,2427,29-AX-14,POINT (-9.192370414733887 38.74822998046875)
4808_751,6515_20250601_109_0_8,109_0,0,38.697418212890625,-9.204019546508789,15,IN_TRANSIT_TO,2025-06-11 10:55:22,4112,4808,20-VQ-73,POINT (-9.204019546508789 38.697418212890625)
572_24E,17855_20250601_213_0_8,213_0,0,38.71165084838867,-9.142930030822754,2,IN_TRANSIT_TO,2025-06-11 10:55:11,10501,572,,POINT (-9.142930030822754 38.71165084838867)
4824_783,7818_20250601_203_0_8,203_0,1,38.76234817504883,-9.130430221557617,13,IN_TRANSIT_TO,2025-06-11 10:55:18,7502,4824,34-VR-19,POINT (-9.130430221557617 38.76234817504883)
2778_727,4542_20250601_103_0_3,103_0,1,38.70466995239258,-9.178079605102539,18,IN_TRANSIT_TO,2025-06-11 10:55:29,12111,2778,AI-03-BT,POINT (-9.178079605102539 38.70466995239258)
555_28E,14994_20250601_75_0_6,75_0,0,38.709381103515625,-9.137800216674805,11,IN_TRANSIT_TO,2025-06-11 10:55:25,5604,555,,POINT (-9.137800216674805 38.709381103515625)
2974_79B,18672_20250601_221_0_6,221_0,0,38.71424865722656,-9.214579582214355,31,IN_TRANSIT_TO,2025-06-11 10:55:06,13309,2974,30-VM-22,POINT (-9.214579582214355 38.71424865722656)
4817_748,6183_20250601_169_0_4,169_0,0,38.7246208190918,-9.159749984741211,3,IN_TRANSIT_TO,2025-06-11 10:55:06,1223,4817,00-VV-37,POINT (-9.159749984741211 38.7246208190918)
2987_730,4970_20250601_198_0_9,198_0,0,38.7357292175293,-9.120280265808105,2,IN_TRANSIT_TO,2025-06-11 10:48:32,50050,2987,29-VM-99,POINT (-9.120280265808105 38.7357292175293)
575_28E,14915_20250601_75_0_7,75_0,1,38.71308135986328,-9.130180358886719,35,IN_TRANSIT_TO,2025-06-11 10:55:32,5602,575,,POINT (-9.130180358886719 38.71308135986328)
2660_754,6610_20250601_201_0_7,201_0,0,38.73210144042969,-9.217280387878418,31,IN_TRANSIT_TO,2025-06-11 10:55:19,18104,2660,05-VZ-60,POINT (-9.217280387878418 38.73210144042969)
2655_764,7163_20250601_168_0_7,168_0,1,38.74394989013672,-9.211030006408691,9,IN_TRANSIT_TO,2025-06-11 10:55:26,8823,2655,05-VZ-67,POINT (-9.211030006408691 38.74394989013672)
269_734,5145_20250601_205_0_12,205_0,0,38.716819763183594,-9.135669708251953,1,IN_TRANSIT_TO,2025-06-11 10:55:22,816,269,AG-25-NH,POINT (-9.135669708251953 38.716819763183594)
4807_751,6435_20250601_109_0_9,109_0,1,38.71580123901367,-9.17555046081543,28,IN_TRANSIT_TO,2025-06-11 10:55:10,11903,4807,20-VQ-69,POINT (-9.17555046081543 38.71580123901367)
2650_720,4084_20250601_143_0_8,143_0,1,38.73347854614258,-9.141329765319824,21,IN_TRANSIT_TO,2025-06-11 10:54:09,6502,2650,75-VS-50,POINT (-9.141329765319824 38.73347854614258)
1729_794,8106_20250601_115_0_9,115_0,1,38.76810073852539,-9.09988021850586,0,IN_TRANSIT_TO,2025-06-11 10:55:29,,1729,25-AS-41,POINT (-9.09988021850586 38.76810073852539)
4805_751,6509_20250601_109_0_7,109_0,0,38.70317077636719,-9.227120399475098,25,IN_TRANSIT_TO,2025-06-11 10:55:08,4224,4805,20-VQ-66,POINT (-9.227120399475098 38.70317077636719)
2740_756,6758_20250601_175_0_9,175_0,1,38.71120071411133,-9.174599647521973,4,IN_TRANSIT_TO,2025-06-11 10:55:07,9415,2740,AG-43-EI,POINT (-9.174599647521973 38.71120071411133)
2984_71B,45262_20250601_278_0_7,278_0,0,38.748680114746094,-9.19773006439209,4,IN_TRANSIT_TO,2025-06-11 10:55:08,10908,2984,30-VM-04,POINT (-9.19773006439209 38.748680114746094)
4803_751,6521_20250601_109_0_6,109_0,0,38.70817184448242,-9.173800468444824,7,IN_TRANSIT_TO,2025-06-11 10:55:19,9425,4803,77-VP-16,POINT (-9.173800468444824 38.70817184448242)
2645_759,6977_20250601_144_0_7,144_0,0,38.76737976074219,-9.098050117492676,46,IN_TRANSIT_TO,2025-06-11 10:55:09,7822,2645,87-VS-49,POINT (-9.098050117492676 38.76737976074219)
2983_72B,45270_20250601_279_0_7,279_0,0,38.751731872558594,-9.189769744873047,27,IN_TRANSIT_TO,2025-06-11 10:55:10,10807,2983,30-VM-08,POINT (-9.189769744873047 38.751731872558594)
262_28E,44756_20250601_75_8_27,75_8,1,38.717018127441406,-9.136199951171875,10,IN_TRANSIT_TO,2025-06-11 10:55:05,804,262,AF-49-ZD,POINT (-9.136199951171875 38.717018127441406)
2627_781,7720_20250601_151_0_8,151_0,1,38.707218170166016,-9.141500473022461,29,IN_TRANSIT_TO,2025-06-11 10:55:33,3820,2627,52-VP-83,POINT (-9.141500473022461 38.707218170166016)
2742_708,3346_20250601_100_0_5,100_0,1,38.758968353271484,-9.113450050354004,26,IN_TRANSIT_TO,2025-06-11 10:55:30,8406,2742,AG-94-TG,POINT (-9.113450050354004 38.758968353271484)
2725_711,3508_20250601_101_0_7,101_0,0,38.74272918701172,-9.20442008972168,18,IN_TRANSIT_TO,2025-06-11 10:55:30,8829,2725,92-XQ-30,POINT (-9.20442008972168 38.74272918701172)
2731_742,5685_20250601_114_0_5,114_0,0,38.7041015625,-9.185600280761719,42,IN_TRANSIT_TO,2025-06-11 10:55:11,12004,2731,AG-49-EI,POINT (-9.185600280761719 38.7041015625)
2722_712,3534_20250601_189_0_6,189_0,1,38.725250244140625,-9.15697956085205,13,IN_TRANSIT_TO,2025-06-11 10:55:27,6128,2722,92-XQ-36,POINT (-9.15697956085205 38.725250244140625)
4632_796,8141_20250601_174_0_16,174_0,1,38.774600982666016,-9.162300109863281,11,IN_TRANSIT_TO,2025-06-11 10:55:20,5908,4632,98-JO-43,POINT (-9.162300109863281 38.774600982666016)
2735_756,6715_20250601_175_0_10,175_0,0,38.73331832885742,-9.164179801940918,15,IN_TRANSIT_TO,2025-06-11 10:55:28,1514,2735,AG-37-EI,POINT (-9.164179801940918 38.73331832885742)
2972_770,7366_20250601_191_0_10,191_0,0,38.73680114746094,-9.168549537658691,15,IN_TRANSIT_TO,2025-06-11 10:55:31,2720,2972,29-VM-96,POINT (-9.168549537658691 38.73680114746094)
2274_768,7333_20250601_111_0_10,111_0,1,38.74991989135742,-9.164799690246582,21,IN_TRANSIT_TO,2025-06-11 10:55:31,12705,2274,76-79-ZG,POINT (-9.164799690246582 38.74991989135742)
2247_767,7225_20250601_112_0_5,112_0,0,38.74967956542969,-9.142020225524902,12,IN_TRANSIT_TO,2025-06-11 10:55:31,201,2247,22-34-ZB,POINT (-9.142020225524902 38.74967956542969)
2330_793,7972_20250601_145_0_11,145_0,1,38.747169494628906,-9.118430137634277,9,IN_TRANSIT_TO,2025-06-11 10:55:13,3608,2330,67-52-ZJ,POINT (-9.118430137634277 38.747169494628906)
2260_758,6878_20250601_150_0_7,150_0,0,38.714881896972656,-9.144430160522461,5,IN_TRANSIT_TO,2025-06-11 10:55:16,10601,2260,67-47-ZJ,POINT (-9.144430160522461 38.714881896972656)
2428_767,7270_20250601_112_0_6,112_0,1,38.738250732421875,-9.139619827270508,38,IN_TRANSIT_TO,2025-06-11 10:55:11,11109,2428,29-AX-13,POINT (-9.139619827270508 38.738250732421875)
2310_742,5763_20250601_114_0_7,114_0,1,38.732818603515625,-9.131319999694824,42,IN_TRANSIT_TO,2025-06-11 10:55:28,522,2310,83-07-ZM,POINT (-9.131319999694824 38.732818603515625)
253_58B,19294_20250601_227_0_10,227_0,0,38.74580001831055,-9.182000160217285,15,IN_TRANSIT_TO,2025-06-11 10:55:28,10709,253,AF-88-NU,POINT (-9.182000160217285 38.74580001831055)
2490_720,4092_20250601_143_0_9,143_0,1,38.71976852416992,-9.155599594116211,13,IN_TRANSIT_TO,2025-06-11 10:55:16,6801,2490,55-BH-01,POINT (-9.155599594116211 38.71976852416992)
2750_735,5194_20250601_172_0_6,172_0,1,38.73128128051758,-9.127750396728516,17,IN_TRANSIT_TO,2025-06-11 10:55:18,502,2750,AG-10-TH,POINT (-9.127750396728516 38.73128128051758)
2780_713,3581_20250601_122_0_8,122_0,1,38.734981536865234,-9.149330139160156,33,IN_TRANSIT_TO,2025-06-11 10:55:28,1410,2780,AI-06-BT,POINT (-9.149330139160156 38.734981536865234)
2994_45B,45284_20250601_277_0_8,277_0,0,38.76171875,-9.163419723510742,13,IN_TRANSIT_TO,2025-06-11 10:55:19,5823,2994,29-VM-91,POINT (-9.163419723510742 38.76171875)
2471_726,4323_20250601_116_0_7,116_0,0,38.73876953125,-9.157369613647461,13,IN_TRANSIT_TO,2025-06-11 10:55:29,1503,2471,74-BC-70,POINT (-9.157369613647461 38.73876953125)
2246_729,4790_20250601_104_0_5,104_0,0,38.74987030029297,-9.203319549560547,15,IN_TRANSIT_TO,2025-06-11 10:55:08,10921,2246,22-38-ZB,POINT (-9.203319549560547 38.74987030029297)
2248_771,21937_20250601_248_0_9,248_0,1,38.719669342041016,-9.184100151062012,14,IN_TRANSIT_TO,2025-06-11 10:55:17,21306,2248,22-33-ZB,POINT (-9.184100151062012 38.719669342041016)
2709_723,4160_20250601_121_0_9,121_0,0,38.724571228027344,-9.180780410766602,10,IN_TRANSIT_TO,2025-06-11 10:55:11,8607,2709,92-XQ-42,POINT (-9.180780410766602 38.724571228027344)
2760_727,4444_20250601_103_0_5,103_0,0,38.69771957397461,-9.20438003540039,37,IN_TRANSIT_TO,2025-06-11 10:55:30,9604,2760,AH-35-ND,POINT (-9.20438003540039 38.69771957397461)
6013_799,8212_20250601_120_0_11,120_0,1,38.75442123413086,-9.195579528808594,22,IN_TRANSIT_TO,2025-06-11 10:55:14,10912,6013,68-ZF-53,POINT (-9.195579528808594 38.75442123413086)
2293_731,5023_20250601_190_0_8,190_0,1,38.75907897949219,-9.138520240783691,20,IN_TRANSIT_TO,2025-06-11 10:55:12,11308,2293,92-57-ZM,POINT (-9.138520240783691 38.75907897949219)
2478_703,3138_20250601_165_0_7,165_0,1,38.758750915527344,-9.18047046661377,12,IN_TRANSIT_TO,2025-06-11 10:55:25,12803,2478,91-BE-80,POINT (-9.18047046661377 38.758750915527344)
1778_708,3352_20250601_100_0_5,100_0,0,38.7670783996582,-9.10004997253418,37,IN_TRANSIT_TO,2025-06-11 10:55:07,50340,1778,63-HX-30,POINT (-9.10004997253418 38.7670783996582)
2496_735,5185_20250601_172_0_8,172_0,1,38.71284866333008,-9.123470306396484,30,IN_TRANSIT_TO,2025-06-11 10:55:13,2118,2496,88-BL-70,POINT (-9.123470306396484 38.71284866333008)
2814_718,3980_20250601_105_0_9,105_0,1,38.745399475097656,-9.135769844055176,0,IN_TRANSIT_TO,2025-06-11 10:55:30,,2814,90-II-54,POINT (-9.135769844055176 38.745399475097656)
2815_718,3989_20250601_105_0_8,105_0,0,38.73052978515625,-9.1077299118042,15,IN_TRANSIT_TO,2025-06-11 10:55:13,8308,2815,90-II-55,POINT (-9.1077299118042 38.73052978515625)
2813_718,3964_20250601_105_0_9,105_0,1,38.729278564453125,-9.108570098876953,16,IN_TRANSIT_TO,2025-06-11 10:54:12,8303,2813,90-II-53,POINT (-9.108570098876953 38.729278564453125)
2971_34B,19152_20250601_226_0_6,226_0,0,38.730369567871094,-9.107850074768066,25,IN_TRANSIT_TO,2025-06-11 10:55:20,8308,2971,29-VM-98,POINT (-9.107850074768066 38.730369567871094)
4812_751,6479_20250601_109_0_10,109_0,1,38.702369689941406,-9.217829704284668,13,IN_TRANSIT_TO,2025-06-11 10:55:13,9710,4812,20-VQ-70,POINT (-9.217829704284668 38.702369689941406)
2802_725,4240_20250601_197_0_17,197_0,0,38.790279388427734,-9.124600410461426,13,IN_TRANSIT_TO,2025-06-11 10:54:16,16307,2802,01-IH-91,POINT (-9.124600410461426 38.790279388427734)
2807_749,6202_20250601_195_0_13,195_0,1,38.7470703125,-9.12405014038086,6,IN_TRANSIT_TO,2025-06-11 10:55:08,7302,2807,01-IH-96,POINT (-9.12405014038086 38.7470703125)
1748_717,3827_20250601_170_0_5,170_0,1,38.75783157348633,-9.155320167541504,25,IN_TRANSIT_TO,2025-06-11 10:55:17,5808,1748,92-HR-05,POINT (-9.155320167541504 38.75783157348633)
2806_725,4256_20250601_197_0_16,197_0,1,38.77484893798828,-9.101079940795898,12,IN_TRANSIT_TO,2025-06-11 10:55:32,7910,2806,01-IH-95,POINT (-9.101079940795898 38.77484893798828)
2459_703,3112_20250601_165_0_8,165_0,1,38.78120040893555,-9.15896987915039,28,IN_TRANSIT_TO,2025-06-11 10:55:32,5922,2459,74-BC-74,POINT (-9.15896987915039 38.78120040893555)
401_19B,21690_20250601_245_0_9,245_0,0,38.71725082397461,-9.145050048828125,15,IN_TRANSIT_TO,2025-06-11 10:53:58,50532,401,BF-60-TR,POINT (-9.145050048828125 38.71725082397461)
4831_736,5432_20250601_199_0_7,199_0,0,38.760799407958984,-9.157219886779785,16,IN_TRANSIT_TO,2025-06-11 10:55:19,5807,4831,20-VQ-61,POINT (-9.157219886779785 38.760799407958984)
1750_717,3783_20250601_170_0_6,170_0,0,38.749019622802734,-9.134550094604492,6,IN_TRANSIT_TO,2025-06-11 10:55:12,7301,1750,92-HR-07,POINT (-9.134550094604492 38.749019622802734)
2816_718,3935_20250601_105_0_6,105_0,1,38.75511932373047,-9.113670349121094,29,IN_TRANSIT_TO,2025-06-11 10:55:08,24389,2816,90-II-56,POINT (-9.113670349121094 38.75511932373047)
231_49B,22215_20250601_251_0_9,251_0,0,38.7441291809082,-9.127420425415039,14,IN_TRANSIT_TO,2025-06-11 10:55:22,9004,231,84-47-XQ,POINT (-9.127420425415039 38.7441291809082)
2411_778,7531_20250601_179_0_12,179_0,1,38.754600524902344,-9.190999984741211,1,IN_TRANSIT_TO,2025-06-11 10:55:17,10832,2411,62-AL-11,POINT (-9.190999984741211 38.754600524902344)
2700_746,5975_20250601_108_0_12,108_0,1,38.749420166015625,-9.192569732666016,7,IN_TRANSIT_TO,2025-06-11 10:55:16,10801,2700,92-XQ-26,POINT (-9.192569732666016 38.749420166015625)
2251_758,6819_20250601_150_0_8,150_0,1,38.741050720214844,-9.168319702148438,14,IN_TRANSIT_TO,2025-06-11 10:55:27,1610,2251,22-31-ZB,POINT (-9.168319702148438 38.741050720214844)
2280_758,6870_20250601_150_0_9,150_0,0,38.723419189453125,-9.160929679870605,10,IN_TRANSIT_TO,2025-06-11 10:55:15,8513,2280,67-40-ZJ,POINT (-9.160929679870605 38.723419189453125)
2762_727,4505_20250601_103_0_5,103_0,0,38.748531341552734,-9.147130012512207,5,IN_TRANSIT_TO,2025-06-11 10:55:15,2016,2762,AH-38-ND,POINT (-9.147130012512207 38.748531341552734)
2734_708,3357_20250601_100_0_6,100_0,0,38.7953987121582,-9.10023021697998,40,IN_TRANSIT_TO,2025-06-11 10:48:03,50448,2734,AG-50-EI,POINT (-9.10023021697998 38.7953987121582)
2756_727,4451_20250601_103_0_4,103_0,0,38.704769134521484,-9.168049812316895,26,IN_TRANSIT_TO,2025-06-11 10:55:24,10210,2756,AH-27-ND,POINT (-9.168049812316895 38.704769134521484)
2450_716,3743_20250601_164_0_11,164_0,0,38.73809814453125,-9.159919738769531,9,IN_TRANSIT_TO,2025-06-11 10:55:14,1505,2450,44-BC-36,POINT (-9.159919738769531 38.73809814453125)
301_744,5817_20250601_200_0_7,200_0,0,38.74259948730469,-9.146730422973633,7,IN_TRANSIT_TO,2025-06-11 10:55:05,1809,301,74-SM-62,POINT (-9.146730422973633 38.74259948730469)
2746_701,2985_20250601_123_0_10,123_0,0,38.740848541259766,-9.168120384216309,20,IN_TRANSIT_TO,2025-06-11 10:55:16,1610,2746,AG-97-TG,POINT (-9.168120384216309 38.740848541259766)
2483_747,6120_20250601_177_0_10,177_0,0,38.76044845581055,-9.155550003051758,2,IN_TRANSIT_TO,2025-06-11 10:55:30,5807,2483,74-BC-66,POINT (-9.155550003051758 38.76044845581055)
2818_718,3973_20250601_105_0_7,105_0,1,38.733131408691406,-9.132479667663574,5,IN_TRANSIT_TO,2025-06-11 10:55:21,522,2818,90-II-58,POINT (-9.132479667663574 38.733131408691406)
1721_742,5771_20250601_114_0_6,114_0,1,38.729549407958984,-9.158379554748535,31,IN_TRANSIT_TO,2025-06-11 10:55:10,6106,1721,25-AS-33,POINT (-9.158379554748535 38.729549407958984)
2797_738,5549_20250601_117_0_5,117_0,1,38.75407028198242,-9.155630111694336,27,IN_TRANSIT_TO,2025-06-11 10:55:07,5703,2797,AJ-57-LI,POINT (-9.155630111694336 38.75407028198242)
2759_727,4466_20250601_103_0_5,103_0,0,38.706451416015625,-9.158550262451172,22,IN_TRANSIT_TO,2025-06-11 10:55:05,50593,2759,AH-21-ND,POINT (-9.158550262451172 38.706451416015625)
2284_758,6886_20250601_150_0_9,150_0,0,38.70552062988281,-9.143170356750488,0,IN_TRANSIT_TO,2025-06-11 10:55:27,,2284,67-36-ZJ,POINT (-9.143170356750488 38.70552062988281)
1705_717,3805_20250601_170_0_8,170_0,1,38.73591995239258,-9.133979797363281,39,IN_TRANSIT_TO,2025-06-11 10:55:19,410,1705,69-AL-68,POINT (-9.133979797363281 38.73591995239258)
2784_776,7492_20250601_193_0_22,193_0,0,38.70119857788086,-9.250630378723145,8,IN_TRANSIT_TO,2025-06-11 10:55:28,4302,2784,AI-09-BT,POINT (-9.250630378723145 38.70119857788086)
1710_742,5729_20250601_114_0_4,114_0,1,38.73884963989258,-9.125869750976562,52,IN_TRANSIT_TO,2025-06-11 10:55:19,8301,1710,69-AL-73,POINT (-9.125869750976562 38.73884963989258)
2480_767,7307_20250601_112_0_5,112_0,0,38.75651931762695,-9.20067024230957,36,IN_TRANSIT_TO,2025-06-11 10:55:23,13706,2480,91-BE-75,POINT (-9.20067024230957 38.75651931762695)
2252_758,6888_20250601_150_0_8,150_0,1,38.70656967163086,-9.143779754638672,33,IN_TRANSIT_TO,2025-06-11 10:55:20,3826,2252,80-40-ZE,POINT (-9.143779754638672 38.70656967163086)
217_773,7406_20250601_124_0_14,124_0,1,38.71242141723633,-9.156350135803223,17,IN_TRANSIT_TO,2025-06-11 10:53:39,10004,217,29-98-XM,POINT (-9.156350135803223 38.71242141723633)
2413_706,3241_20250601_147_0_3,147_0,1,38.721778869628906,-9.151350021362305,22,IN_TRANSIT_TO,2025-06-06 06:13:05,1211,2413,92-AO-50,POINT (-9.151350021362305 38.721778869628906)
2454_726,4262_20250601_116_0_8,116_0,1,38.73627853393555,-9.149450302124023,24,IN_TRANSIT_TO,2025-06-11 10:55:31,1412,2454,16-AZ-18,POINT (-9.149450302124023 38.73627853393555)
2801_718,3957_20250601_105_0_9,105_0,1,38.753700256347656,-9.113800048828125,29,IN_TRANSIT_TO,2025-06-11 10:55:18,24389,2801,38-HU-27,POINT (-9.113800048828125 38.753700256347656)
1780_755,6689_20250601_118_0_9,118_0,1,38.751251220703125,-9.158699989318848,5,IN_TRANSIT_TO,2025-06-11 10:55:10,13509,1780,63-HX-18,POINT (-9.158699989318848 38.751251220703125)
1769_742,5778_20250601_114_0_6,114_0,1,38.70341873168945,-9.191650390625,15,IN_TRANSIT_TO,2025-06-11 10:55:16,13405,1769,63-HX-24,POINT (-9.191650390625 38.70341873168945)
1768_794,8103_20250601_115_0_8,115_0,1,38.755828857421875,-9.113679885864258,10,IN_TRANSIT_TO,2025-06-11 10:55:02,24367,1768,63-HX-23,POINT (-9.113679885864258 38.755828857421875)
2666_714,3696_20250601_102_0_8,102_0,1,38.72407150268555,-9.227569580078125,0,IN_TRANSIT_TO,2025-06-11 10:55:22,,2666,87-XB-39,POINT (-9.227569580078125 38.72407150268555)
1756_701,2958_20250601_123_0_8,123_0,1,38.73802185058594,-9.167579650878906,11,IN_TRANSIT_TO,2025-06-11 10:55:23,2713,1756,34-HU-22,POINT (-9.167579650878906 38.73802185058594)
1754_755,6674_20250601_118_0_9,118_0,1,38.75450134277344,-9.125080108642578,19,IN_TRANSIT_TO,2025-06-11 10:55:09,14712,1754,34-HU-20,POINT (-9.125080108642578 38.75450134277344)
2470_716,3730_20250601_164_0_12,164_0,1,38.74536895751953,-9.181269645690918,9,IN_TRANSIT_TO,2025-06-11 10:55:33,10701,2470,74-BC-71,POINT (-9.181269645690918 38.74536895751953)
2433_778,18641_20250601_179_0_13,179_0,0,38.769081115722656,-9.16746997833252,11,IN_TRANSIT_TO,2025-06-11 10:55:17,50280,2433,44-BC-28,POINT (-9.16746997833252 38.769081115722656)
2239_768,7343_20250601_111_0_10,111_0,0,38.76932907104492,-9.190369606018066,24,IN_TRANSIT_TO,2025-06-11 10:55:30,50512,2239,06-30-XX,POINT (-9.190369606018066 38.76932907104492)
2771_727,4550_20250601_103_0_6,103_0,1,38.71097946166992,-9.205880165100098,5,IN_TRANSIT_TO,2025-06-11 10:55:29,12911,2771,AH-20-ND,POINT (-9.205880165100098 38.71097946166992)
2322_712,3529_20250601_189_0_7,189_0,1,38.725868225097656,-9.12837028503418,27,IN_TRANSIT_TO,2025-06-11 10:55:24,7006,2322,67-46-ZJ,POINT (-9.12837028503418 38.725868225097656)
405_22B,19423_20250601_236_0_11,236_0,0,38.70582962036133,-9.143899917602539,16,IN_TRANSIT_TO,2025-06-11 10:55:15,3804,405,BF-14-TU,POINT (-9.143899917602539 38.70582962036133)
2469_726,4336_20250601_116_0_5,116_0,0,38.731300354003906,-9.136919975280762,6,IN_TRANSIT_TO,2025-06-11 10:55:20,6504,2469,16-AZ-09,POINT (-9.136919975280762 38.731300354003906)
1704_735,5260_20250601_172_0_5,172_0,0,38.749080657958984,-9.141650199890137,25,IN_TRANSIT_TO,2025-06-11 10:55:18,201,1704,35-AL-14,POINT (-9.141650199890137 38.749080657958984)
2268_731,5010_20250601_190_0_7,190_0,0,38.75516891479492,-9.150529861450195,15,IN_TRANSIT_TO,2025-06-11 10:55:25,5712,2268,76-87-ZG,POINT (-9.150529861450195 38.75516891479492)
2447_767,7283_20250601_112_0_4,112_0,1,38.756221771240234,-9.147270202636719,30,IN_TRANSIT_TO,2025-06-11 10:54:40,5706,2447,44-BC-33,POINT (-9.147270202636719 38.756221771240234)
1771_742,5664_20250601_114_0_6,114_0,0,38.71092987060547,-9.191849708557129,55,IN_TRANSIT_TO,2025-06-11 10:55:22,10307,1771,63-HX-27,POINT (-9.191849708557129 38.71092987060547)
1725_735,5276_20250601_172_0_7,172_0,0,38.71432113647461,-9.122870445251465,6,IN_TRANSIT_TO,2025-06-11 10:55:20,2101,1725,25-AS-37,POINT (-9.122870445251465 38.71432113647461)
2467_703,3163_20250601_165_0_7,165_0,0,38.749481201171875,-9.191180229187012,34,IN_TRANSIT_TO,2025-06-11 10:55:22,10804,2467,16-AZ-14,POINT (-9.191180229187012 38.749481201171875)
1760_742,5784_20250601_114_0_7,114_0,0,38.71070098876953,-9.193570137023926,51,IN_TRANSIT_TO,2025-06-11 10:55:06,10306,1760,34-HU-26,POINT (-9.193570137023926 38.71070098876953)
2473_703,3174_20250601_165_0_8,165_0,0,38.775081634521484,-9.163249969482422,17,IN_TRANSIT_TO,2025-06-11 10:55:10,5912,2473,74-BC-68,POINT (-9.163249969482422 38.775081634521484)
2333_793,8008_20250601_145_0_10,145_0,1,38.739681243896484,-9.10653018951416,29,IN_TRANSIT_TO,2025-06-11 10:55:16,12519,2333,62-97-ZG,POINT (-9.10653018951416 38.739681243896484)
2497_720,4042_20250601_143_0_5,143_0,0,38.7156982421875,-9.159830093383789,19,IN_TRANSIT_TO,2025-06-11 10:55:27,8104,2497,88-BL-71,POINT (-9.159830093383789 38.7156982421875)
2461_703,3152_20250601_165_0_8,165_0,1,38.74742889404297,-9.197870254516602,5,IN_TRANSIT_TO,2025-06-11 10:55:25,2803,2461,55-BH-04,POINT (-9.197870254516602 38.74742889404297)
2422_767,7292_20250601_112_0_6,112_0,1,38.74946975708008,-9.192680358886719,15,IN_TRANSIT_TO,2025-06-11 10:55:32,10835,2422,29-AU-17,POINT (-9.192680358886719 38.74946975708008)
2285_771,21941_20250601_248_0_10,248_0,0,38.705970764160156,-9.199199676513672,21,IN_TRANSIT_TO,2025-06-11 10:55:27,10301,2285,67-55-ZJ,POINT (-9.199199676513672 38.705970764160156)
2809_749,6206_20250601_195_0_12,195_0,0,38.74977111816406,-9.102720260620117,10,IN_TRANSIT_TO,2025-06-11 10:55:22,50228,2809,01-IH-98,POINT (-9.102720260620117 38.74977111816406)
2445_767,7299_20250601_112_0_6,112_0,1,38.7523193359375,-9.206469535827637,6,IN_TRANSIT_TO,2025-06-11 10:55:05,11001,2445,44-BC-31,POINT (-9.206469535827637 38.7523193359375)
2437_767,7253_20250601_112_0_15,112_0,0,38.75170135498047,-9.1431303024292,14,IN_TRANSIT_TO,2025-06-08 19:44:49,101,2437,29-AX-09,POINT (-9.1431303024292 38.75170135498047)
2423_729,4777_20250601_104_0_5,104_0,0,38.70637130737305,-9.199170112609863,31,IN_TRANSIT_TO,2025-06-11 10:55:33,10301,2423,29-AU-18,POINT (-9.199170112609863 38.70637130737305)
2269_758,6867_20250601_150_0_7,150_0,0,38.731849670410156,-9.162469863891602,14,IN_TRANSIT_TO,2025-06-11 10:55:06,6121,2269,76-88-ZG,POINT (-9.162469863891602 38.731849670410156)
2758_727,4526_20250601_103_0_5,103_0,1,38.74134826660156,-9.146479606628418,41,IN_TRANSIT_TO,2025-06-11 10:55:22,1805,2758,AH-36-ND,POINT (-9.146479606628418 38.74134826660156)
1703_717,3842_20250601_170_0_7,170_0,0,38.77907180786133,-9.148750305175781,40,IN_TRANSIT_TO,2025-06-11 10:55:24,16002,1703,35-AL-13,POINT (-9.148750305175781 38.77907180786133)
2465_703,3167_20250601_165_0_7,165_0,0,38.75025177001953,-9.196220397949219,35,IN_TRANSIT_TO,2025-06-11 10:55:21,10802,2465,55-BH-00,POINT (-9.196220397949219 38.75025177001953)
1715_717,3846_20250601_170_0_8,170_0,1,38.79222106933594,-9.15073013305664,5,IN_TRANSIT_TO,2025-06-11 10:55:12,11603,1715,69-AL-78,POINT (-9.15073013305664 38.79222106933594)
1765_720,4057_20250601_143_0_9,143_0,0,38.7287712097168,-9.14424991607666,12,IN_TRANSIT_TO,2025-06-11 10:55:05,1710,1765,63-HX-28,POINT (-9.14424991607666 38.7287712097168)
2498_708,3331_20250601_100_0_6,100_0,1,38.739830017089844,-9.133569717407227,36,IN_TRANSIT_TO,2025-06-11 10:55:14,404,2498,03-BM-57,POINT (-9.133569717407227 38.739830017089844)
1763_742,5781_20250601_114_0_4,114_0,0,38.77225112915039,-9.147729873657227,18,IN_TRANSIT_TO,2025-06-11 10:50:47,518,1763,63-HX-25,POINT (-9.147729873657227 38.77225112915039)
4612_728,4715_20250601_204_0_6,204_0,0,38.69717025756836,-9.189900398254395,12,IN_TRANSIT_TO,2025-06-11 10:55:11,4101,4612,96-GL-89,POINT (-9.189900398254395 38.69717025756836)
4605_753,6540_20250601_167_0_13,167_0,0,38.694618225097656,-9.178279876708984,7,IN_TRANSIT_TO,2025-06-11 10:55:31,8607,4605,31-GN-72,POINT (-9.178279876708984 38.694618225097656)
1712_701,2990_20250601_123_0_12,123_0,0,38.7576789855957,-9.15524959564209,2,IN_TRANSIT_TO,2025-06-11 10:55:16,5806,1712,69-AL-75,POINT (-9.15524959564209 38.7576789855957)
220_773,7422_20250601_124_0_15,124_0,0,38.70682144165039,-9.173199653625488,0,IN_TRANSIT_TO,2025-06-11 10:55:18,,220,11-07-XO,POINT (-9.173199653625488 38.70682144165039)
605_15E,11311_20250601_76_0_9,76_0,0,38.7046012878418,-9.176230430603027,9,IN_TRANSIT_TO,2025-06-11 10:55:07,4004,605,,POINT (-9.176230430603027 38.7046012878418)
2297_731,5015_20250601_190_0_9,190_0,0,38.74256896972656,-9.165369987487793,2,IN_TRANSIT_TO,2025-06-11 10:55:19,1621,2297,83-06-ZM,POINT (-9.165369987487793 38.74256896972656)
2403_747,6112_20250601_177_0_10,177_0,0,38.7642707824707,-9.176750183105469,9,IN_TRANSIT_TO,2025-06-11 10:55:20,50007,2403,50-AL-12,POINT (-9.176750183105469 38.7642707824707)
2791_713,3620_20250601_122_0_9,122_0,0,38.72200012207031,-9.156800270080566,12,IN_TRANSIT_TO,2025-06-11 10:55:27,8516,2791,AJ-61-LI,POINT (-9.156800270080566 38.72200012207031)
2426_729,4822_20250601_104_0_7,104_0,1,38.76451873779297,-9.197799682617188,37,IN_TRANSIT_TO,2025-06-11 10:55:25,13904,2426,29-AU-21,POINT (-9.197799682617188 38.76451873779297)
2838_751,6500_20250601_109_0_10,109_0,0,38.71437072753906,-9.226829528808594,29,IN_TRANSIT_TO,2025-06-11 10:55:33,14310,2838,BF-59-FZ,POINT (-9.226829528808594 38.71437072753906)
2408_729,4812_20250601_104_0_5,104_0,0,38.76179885864258,-9.19717025756836,7,IN_TRANSIT_TO,2025-06-11 10:55:10,13911,2408,50-AL-08,POINT (-9.19717025756836 38.76179885864258)
2764_727,4488_20250601_103_0_6,103_0,0,38.72945022583008,-9.147549629211426,11,IN_TRANSIT_TO,2025-06-11 10:55:15,1704,2764,AH-29-ND,POINT (-9.147549629211426 38.72945022583008)
2474_726,4319_20250601_116_0_7,116_0,0,38.76055145263672,-9.1939697265625,26,IN_TRANSIT_TO,2025-06-11 10:55:13,12814,2474,74-BC-67,POINT (-9.1939697265625 38.76055145263672)
2748_708,3300_20250601_100_0_5,100_0,0,38.729068756103516,-9.134650230407715,6,IN_TRANSIT_TO,2025-06-11 10:55:23,609,2748,AG-96-TG,POINT (-9.134650230407715 38.729068756103516)
4840_755,6704_20250601_118_0_5,118_0,0,38.749298095703125,-9.164870262145996,38,IN_TRANSIT_TO,2025-06-11 10:55:28,13508,4840,45-VX-93,POINT (-9.164870262145996 38.749298095703125)
609_15E,11271_20250601_76_0_9,76_0,1,38.70106887817383,-9.181750297546387,12,IN_TRANSIT_TO,2025-06-11 10:55:32,9503,609,,POINT (-9.181750297546387 38.70106887817383)
204_61B,21523_20250601_241_0_11,241_0,1,38.7247200012207,-9.169480323791504,17,IN_TRANSIT_TO,2025-06-11 10:55:21,50507,204,89-71-XD,POINT (-9.169480323791504 38.7247200012207)
2406_768,7345_20250601_111_0_7,111_0,0,38.766178131103516,-9.1981201171875,21,IN_TRANSIT_TO,2025-06-11 10:55:18,13906,2406,50-AL-09,POINT (-9.1981201171875 38.766178131103516)
2753_742,5766_20250601_114_0_5,114_0,1,38.735198974609375,-9.140469551086426,38,IN_TRANSIT_TO,2025-06-11 10:55:32,11101,2753,AG-08-TH,POINT (-9.140469551086426 38.735198974609375)
2941_31B,17541_20250601_210_0_9,210_0,0,38.74203109741211,-9.10824966430664,12,IN_TRANSIT_TO,2025-06-11 10:55:09,50652,2941,51-GL-81,POINT (-9.10824966430664 38.74203109741211)
2451_703,3127_20250601_165_0_6,165_0,1,38.775028228759766,-9.164679527282715,24,IN_TRANSIT_TO,2025-06-11 10:55:31,5917,2451,75-AQ-16,POINT (-9.164679527282715 38.775028228759766)
2788_764,7159_20250601_168_0_9,168_0,1,38.75992965698242,-9.182479858398438,23,IN_TRANSIT_TO,2025-06-11 10:55:10,12803,2788,AI-51-TL,POINT (-9.182479858398438 38.75992965698242)
2434_747,6097_20250601_177_0_9,177_0,0,38.761199951171875,-9.196629524230957,21,IN_TRANSIT_TO,2025-06-11 10:55:34,13907,2434,29-AU-24,POINT (-9.196629524230957 38.761199951171875)
2464_726,4352_20250601_116_0_7,116_0,0,38.731651306152344,-9.140419960021973,28,IN_TRANSIT_TO,2025-06-11 10:55:18,13912,2464,91-BE-71,POINT (-9.140419960021973 38.731651306152344)
1723_701,2976_20250601_123_0_10,123_0,0,38.737548828125,-9.168370246887207,21,IN_TRANSIT_TO,2025-06-11 10:55:32,2712,1723,25-AS-35,POINT (-9.168370246887207 38.737548828125)
206_41B,19378_20250601_232_0_11,232_0,1,38.784278869628906,-9.151379585266113,19,IN_TRANSIT_TO,2025-06-11 10:55:26,50435,206,33-49-XH,POINT (-9.151379585266113 38.784278869628906)
4610_750,6409_20250601_106_0_7,106_0,0,38.74357986450195,-9.205949783325195,29,IN_TRANSIT_TO,2025-06-11 10:54:07,8814,4610,96-GL-87,POINT (-9.205949783325195 38.74357986450195)
2290_724,4232_20250601_178_0_10,178_0,1,38.7445182800293,-9.197349548339844,13,IN_TRANSIT_TO,2025-06-11 10:55:26,2805,2290,92-55-ZM,POINT (-9.197349548339844 38.7445182800293)
2840_728,4610_20250601_204_0_7,204_0,1,38.7087516784668,-9.135299682617188,32,IN_TRANSIT_TO,2025-06-11 10:55:33,4502,2840,BF-75-FZ,POINT (-9.135299682617188 38.7087516784668)
6012_706,3268_20250601_147_0_2,147_0,0,38.7317008972168,-9.134380340576172,20,IN_TRANSIT_TO,2025-06-11 10:55:29,511,6012,67-ZF-26,POINT (-9.134380340576172 38.7317008972168)
4838_755,6696_20250601_118_0_8,118_0,0,38.75447082519531,-9.136480331420898,30,IN_TRANSIT_TO,2025-06-11 10:55:34,7406,4838,34-VR-22,POINT (-9.136480331420898 38.75447082519531)
2249_747,6076_20250601_177_0_10,177_0,1,38.7659797668457,-9.183019638061523,9,IN_TRANSIT_TO,2025-06-11 10:55:30,50365,2249,22-32-ZB,POINT (-9.183019638061523 38.7659797668457)
2276_731,4992_20250601_190_0_7,190_0,0,38.773399353027344,-9.105719566345215,28,IN_TRANSIT_TO,2025-06-11 10:55:13,12301,2276,53-57-ZJ,POINT (-9.105719566345215 38.773399353027344)
2245_767,7226_20250601_112_0_5,112_0,0,38.73242950439453,-9.141019821166992,5,IN_TRANSIT_TO,2025-06-11 10:55:12,6502,2245,22-35-ZB,POINT (-9.141019821166992 38.73242950439453)
2466_703,3103_20250601_165_0_8,165_0,1,38.777099609375,-9.159680366516113,27,IN_TRANSIT_TO,2025-06-11 10:55:29,5924,2466,16-AZ-16,POINT (-9.159680366516113 38.777099609375)
2668_714,3690_20250601_102_0_6,102_0,1,38.72806930541992,-9.210530281066895,9,IN_TRANSIT_TO,2025-06-11 10:55:24,18111,2668,87-XB-36,POINT (-9.210530281066895 38.72806930541992)
4829_783,7858_20250601_203_0_6,203_0,1,38.722068786621094,-9.16176986694336,30,IN_TRANSIT_TO,2025-06-11 10:55:24,8501,4829,34-VR-21,POINT (-9.16176986694336 38.722068786621094)
208_41B,19386_20250601_232_0_4,232_0,1,38.78403091430664,-9.163450241088867,7,IN_TRANSIT_TO,2025-06-09 10:47:59,5905,208,33-47-XH,POINT (-9.163450241088867 38.78403091430664)
4834_736,18837_20250601_199_0_7,199_0,0,38.72005081176758,-9.145330429077148,3,IN_TRANSIT_TO,2025-06-11 10:54:57,1103,4834,20-VQ-71,POINT (-9.145330429077148 38.72005081176758)
2296_724,4224_20250601_178_0_13,178_0,0,38.722469329833984,-9.186519622802734,6,IN_TRANSIT_TO,2025-06-11 10:55:13,21305,2296,92-51-ZM,POINT (-9.186519622802734 38.722469329833984)
213_773,7376_20250601_124_0_15,124_0,0,38.711830139160156,-9.153420448303223,8,IN_TRANSIT_TO,2025-06-11 10:55:09,6704,213,44-10-XL,POINT (-9.153420448303223 38.711830139160156)
209_46B,21502_20250601_239_0_7,239_0,0,38.75912857055664,-9.137069702148438,13,IN_TRANSIT_TO,2025-06-11 10:55:08,11316,209,33-46-XH,POINT (-9.137069702148438 38.75912857055664)
2209_708,3287_20250601_100_0_8,100_0,0,38.75017166137695,-9.13070011138916,12,IN_TRANSIT_TO,2025-06-11 10:55:25,7305,2209,01-68-XO,POINT (-9.13070011138916 38.75017166137695)
2235_768,7317_20250601_111_0_11,111_0,0,38.74631881713867,-9.167929649353027,4,IN_TRANSIT_TO,2025-06-11 10:55:15,12704,2235,06-32-XX,POINT (-9.167929649353027 38.74631881713867)
2213_717,3761_20250601_170_0_8,170_0,0,38.77022933959961,-9.15958023071289,18,IN_TRANSIT_TO,2025-06-11 10:55:20,5901,2213,08-04-XS,POINT (-9.15958023071289 38.77022933959961)
2834_728,4723_20250601_204_4_3,204_4,0,38.71358108520508,-9.122400283813477,14,IN_TRANSIT_TO,2025-06-11 10:55:22,8201,2834,BF-76-FZ,POINT (-9.122400283813477 38.71358108520508)
2781_738,5514_20250601_117_0_7,117_0,0,38.72611999511719,-9.15017032623291,21,IN_TRANSIT_TO,2025-06-11 10:55:29,1206,2781,AI-00-BT,POINT (-9.15017032623291 38.72611999511719)
2203_717,3862_20250601_170_0_7,170_0,0,38.798099517822266,-9.145270347595215,40,IN_TRANSIT_TO,2025-06-11 10:55:17,16002,2203,72-19-XN,POINT (-9.145270347595215 38.798099517822266)
2208_701,2937_20250601_123_0_11,123_0,1,38.74858093261719,-9.157620429992676,23,IN_TRANSIT_TO,2025-06-11 10:55:13,13509,2208,01-69-XO,POINT (-9.157620429992676 38.74858093261719)
411_734,5134_20250601_205_0_12,205_0,1,38.71849822998047,-9.129980087280273,6,IN_TRANSIT_TO,2025-06-11 10:55:05,14803,411,BF-51-TD,POINT (-9.129980087280273 38.71849822998047)
2218_717,3820_20250601_170_0_8,170_0,1,38.75764846801758,-9.15524959564209,26,IN_TRANSIT_TO,2025-06-11 10:55:03,5806,2218,07-98-XS,POINT (-9.15524959564209 38.75764846801758)
2220_794,8078_20250601_115_0_7,115_0,1,38.708831787109375,-9.130419731140137,38,IN_TRANSIT_TO,2025-06-11 10:55:33,8202,2220,07-96-XS,POINT (-9.130419731140137 38.708831787109375)
6002_706,3243_20250601_147_0_7,147_0,1,38.723880767822266,-9.147270202636719,21,IN_TRANSIT_TO,2025-06-11 10:55:07,1217,6002,98-XU-85,POINT (-9.147270202636719 38.723880767822266)
2223_793,7993_20250601_145_0_10,145_0,0,38.7429313659668,-9.112199783325195,15,IN_TRANSIT_TO,2025-06-11 10:55:09,3715,2223,08-16-XS,POINT (-9.112199783325195 38.7429313659668)
229_13B,21594_20250601_243_0_8,243_0,0,38.76142120361328,-9.194250106811523,0,IN_TRANSIT_TO,2025-06-11 10:55:32,,229,97-24-XT,POINT (-9.194250106811523 38.76142120361328)
2221_735,5209_20250601_172_0_8,172_0,1,38.74620056152344,-9.140270233154297,9,IN_TRANSIT_TO,2025-06-11 10:55:17,202,2221,07-95-XS,POINT (-9.140270233154297 38.74620056152344)
563_18E,12179_20250601_78_0_13,78_0,0,38.706329345703125,-9.145299911499023,1,IN_TRANSIT_TO,2025-06-11 10:55:29,50339,563,,POINT (-9.145299911499023 38.706329345703125)
234_49B,22216_20250601_251_0_8,251_0,0,38.745418548583984,-9.135120391845703,17,IN_TRANSIT_TO,2025-06-11 10:55:29,50109,234,13-31-XZ,POINT (-9.135120391845703 38.745418548583984)
412_10B,21752_20250601_242_0_11,242_0,0,38.71506881713867,-9.126219749450684,11,IN_TRANSIT_TO,2025-06-11 10:55:03,2116,412,BF-65-TC,POINT (-9.126219749450684 38.71506881713867)
566_25E,14266_20250601_79_0_6,79_0,0,38.7075309753418,-9.14015007019043,12,IN_TRANSIT_TO,2025-06-11 10:55:17,10012,566,,POINT (-9.14015007019043 38.7075309753418)
567_28E,14968_20250601_75_0_8,75_0,0,38.714271545410156,-9.169469833374023,28,IN_TRANSIT_TO,2025-06-11 10:55:16,8017,567,,POINT (-9.169469833374023 38.714271545410156)
2228_742,5700_20250601_114_0_7,114_0,0,38.702579498291016,-9.180999755859375,41,IN_TRANSIT_TO,2025-06-11 10:55:31,12112,2228,06-24-XX,POINT (-9.180999755859375 38.702579498291016)
2222_708,3278_20250601_100_0_8,100_0,0,38.76856994628906,-9.100079536437988,27,IN_TRANSIT_TO,2025-06-11 10:55:03,7711,2222,08-17-XS,POINT (-9.100079536437988 38.76856994628906)
2836_728,4642_20250601_204_0_7,204_0,1,38.76736831665039,-9.097920417785645,9,IN_TRANSIT_TO,2025-06-11 10:55:08,7805,2836,BF-70-FZ,POINT (-9.097920417785645 38.76736831665039)
2207_794,8094_20250601_115_0_8,115_0,1,38.746421813964844,-9.119620323181152,24,IN_TRANSIT_TO,2025-06-11 10:53:30,3605,2207,01-70-XO,POINT (-9.119620323181152 38.746421813964844)
4615_728,4570_20250601_204_0_6,204_0,0,38.70103073120117,-9.207169532775879,8,IN_TRANSIT_TO,2025-06-11 10:55:30,9605,4615,22-GP-49,POINT (-9.207169532775879 38.70103073120117)
565_28E,14993_20250601_75_0_6,75_0,0,38.707969665527344,-9.14169979095459,12,IN_TRANSIT_TO,2025-06-11 10:55:15,10518,565,,POINT (-9.14169979095459 38.707969665527344)
2231_763,46420_20250601_282_0_10,282_0,1,38.760948181152344,-9.19657039642334,4,IN_TRANSIT_TO,2025-06-11 10:55:31,12812,2231,06-28-XX,POINT (-9.19657039642334 38.760948181152344)
2232_716,3727_20250601_164_0_8,164_0,1,38.739471435546875,-9.167530059814453,14,IN_TRANSIT_TO,2025-06-11 10:55:15,1620,2232,06-23-XX,POINT (-9.167530059814453 38.739471435546875)
2238_758,6859_20250601_150_0_7,150_0,0,38.74507141113281,-9.180299758911133,22,IN_TRANSIT_TO,2025-06-11 10:55:09,10704,2238,06-29-XX,POINT (-9.180299758911133 38.74507141113281)
2835_728,4725_20250601_204_4_3,204_4,1,38.70378112792969,-9.162320137023926,11,IN_TRANSIT_TO,2025-06-11 10:55:32,3906,2835,BF-62-FZ,POINT (-9.162320137023926 38.70378112792969)
6027_732,5075_20250601_107_0_5,107_0,0,38.739498138427734,-9.146249771118164,6,IN_TRANSIT_TO,2025-06-11 10:55:08,1902,6027,BF-66-BA,POINT (-9.146249771118164 38.739498138427734)
2242_729,4831_20250601_104_0_6,104_0,1,38.712100982666016,-9.19909954071045,16,IN_TRANSIT_TO,2025-06-11 10:55:18,12923,2242,22-42-ZB,POINT (-9.19909954071045 38.712100982666016)
615_15E,11219_20250601_76_0_8,76_0,1,38.71084976196289,-9.136969566345215,22,IN_TRANSIT_TO,2025-06-11 10:55:20,5512,615,,POINT (-9.136969566345215 38.71084976196289)
2287_778,18645_20250601_179_0_9,179_0,1,38.760520935058594,-9.16707992553711,21,IN_TRANSIT_TO,2025-06-11 10:55:21,50006,2287,92-58-ZM,POINT (-9.16707992553711 38.760520935058594)
2265_758,6774_20250601_150_0_8,150_0,1,38.7158317565918,-9.146679878234863,28,IN_TRANSIT_TO,2025-06-11 10:55:15,10606,2265,76-91-ZG,POINT (-9.146679878234863 38.7158317565918)
2273_771,21933_20250601_248_0_11,248_0,1,38.7422981262207,-9.167949676513672,24,IN_TRANSIT_TO,2025-06-11 10:55:20,50472,2273,76-81-ZG,POINT (-9.167949676513672 38.7422981262207)
2267_763,46418_20250601_282_0_9,282_0,0,38.77455139160156,-9.155400276184082,0,IN_TRANSIT_TO,2025-06-11 10:55:18,,2267,76-86-ZG,POINT (-9.155400276184082 38.77455139160156)
2266_767,7182_20250601_112_0_5,112_0,0,38.75151824951172,-9.190179824829102,30,IN_TRANSIT_TO,2025-06-11 10:55:18,10808,2266,76-92-ZG,POINT (-9.190179824829102 38.75151824951172)
