id,trip_id,route_id,direction_id,latitude,longitude,current_stop_sequence,current_status,timestamp,stop_id,vehicle_id,license_plate,geometry
6032_706,3241_20250101_147_0_4,147_0,0,38.706329345703125,-9.145219802856445,1,IN_TRANSIT_TO,2025-03-13 07:46:34,3804,6032,BF-93-BC,POINT (-9.145219802856445 38.706329345703125)
2689_738,5553_20250101_117_0_2,117_0,1,38.75389862060547,-9.156319618225098,28,IN_TRANSIT_TO,2025-03-13 07:46:20,5701,2689,93-XA-45,POINT (-9.156319618225098 38.75389862060547)
4645_728,4669_20250101_204_0_4,204_0,0,38.70581817626953,-9.205100059509277,6,IN_TRANSIT_TO,2025-03-13 07:47:19,13117,4645,98-JO-46,POINT (-9.205100059509277 38.70581817626953)
4648_750,6372_20250101_106_0_3,106_0,0,38.75897979736328,-9.113369941711426,6,IN_TRANSIT_TO,2025-03-13 07:46:42,2302,4648,98-JO-47,POINT (-9.113369941711426 38.75897979736328)
4637_783,7857_20250101_203_0_2,203_0,1,38.72394943237305,-9.1628999710083,30,IN_TRANSIT_TO,2025-03-13 07:45:56,8501,4637,98-JO-44,POINT (-9.1628999710083 38.72394943237305)
2302_793,7989_20250101_145_0_5,145_0,1,38.73482894897461,-9.11262035369873,24,IN_TRANSIT_TO,2025-03-13 07:46:30,17580,2302,83-08-ZM,POINT (-9.11262035369873 38.73482894897461)
2253_768,7335_20250101_111_0_4,111_0,1,38.74855041503906,-9.180370330810547,14,IN_TRANSIT_TO,2025-03-13 07:46:41,10709,2253,80-52-ZE,POINT (-9.180370330810547 38.74855041503906)
611_15E,11212_20250101_76_0_5,76_0,0,38.70043182373047,-9.18297004699707,8,IN_TRANSIT_TO,2025-03-13 07:46:33,12108,611,,POINT (-9.18297004699707 38.70043182373047)
4607_728,4700_20250101_204_0_3,204_0,1,38.69947052001953,-9.18043041229248,40,IN_TRANSIT_TO,2025-03-13 07:46:25,4002,4607,96-GL-84,POINT (-9.18043041229248 38.69947052001953)
304_744,5816_20250101_200_0_4,200_0,1,38.74631881713867,-9.148070335388184,23,IN_TRANSIT_TO,2025-03-13 07:47:17,2002,304,22-SP-91,POINT (-9.148070335388184 38.74631881713867)
4606_750,6290_20250101_106_0_3,106_0,0,38.71192169189453,-9.225580215454102,35,IN_TRANSIT_TO,2025-03-13 07:47:20,14309,4606,96-GL-83,POINT (-9.225580215454102 38.71192169189453)
2315_793,8019_20250101_145_0_4,145_0,0,38.74462127685547,-9.110770225524902,16,IN_TRANSIT_TO,2025-03-13 07:46:37,3719,2315,61-88-ZB,POINT (-9.110770225524902 38.74462127685547)
2992_730,4947_20250101_198_0_4,198_0,0,38.73548126220703,-9.120820045471191,2,IN_TRANSIT_TO,2025-03-13 07:47:18,50050,2992,29-VM-95,POINT (-9.120820045471191 38.73548126220703)
558_25E,14260_20250101_79_0_2,79_0,0,38.70772933959961,-9.159629821777344,6,IN_TRANSIT_TO,2025-03-13 07:46:38,10010,558,,POINT (-9.159629821777344 38.70772933959961)
2317_735,5271_20250101_172_1_2,172_1,1,38.71540069580078,-9.12067985534668,15,IN_TRANSIT_TO,2025-03-13 07:46:40,2128,2317,61-86-ZB,POINT (-9.12067985534668 38.71540069580078)
2250_731,19403_20240727_190_0_8,190_0,1,38.78303146362305,-9.114009857177734,3,IN_TRANSIT_TO,2024-08-10 10:41:27,12610,2250,80-41-ZE,POINT (-9.114009857177734 38.78303146362305)
6021_760,7103_20250101_171_3_4,171_3,0,38.71189880371094,-9.211020469665527,36,IN_TRANSIT_TO,2025-03-13 07:46:41,12922,6021,BD-91-QG,POINT (-9.211020469665527 38.71189880371094)
2292_724,4236_20250101_178_0_4,178_0,1,38.75767135620117,-9.205300331115723,3,IN_TRANSIT_TO,2025-03-13 07:38:24,13710,2292,83-16-ZM,POINT (-9.205300331115723 38.75767135620117)
2328_782,7794_20250101_152_0_2,152_0,0,38.737850189208984,-9.102849960327148,8,IN_TRANSIT_TO,2025-03-13 07:46:20,12513,2328,62-96-ZG,POINT (-9.102849960327148 38.737850189208984)
2256_731,5007_20250101_190_0_3,190_0,0,38.77238082885742,-9.110150337219238,28,IN_TRANSIT_TO,2025-03-13 07:46:22,7801,2256,80-53-ZE,POINT (-9.110150337219238 38.77238082885742)
2494_720,4094_20250101_143_0_5,143_0,0,38.72407913208008,-9.150819778442383,15,IN_TRANSIT_TO,2025-03-13 07:46:38,1208,2494,88-BL-68,POINT (-9.150819778442383 38.72407913208008)
2830_753,6577_20250101_167_0_5,167_0,0,38.730018615722656,-9.14352035522461,0,IN_TRANSIT_TO,2025-03-13 07:47:19,,2830,BF-57-FZ,POINT (-9.14352035522461 38.730018615722656)
2346_724,4222_20250101_178_0_5,178_0,0,38.73468017578125,-9.202030181884766,12,IN_TRANSIT_TO,2025-03-13 07:46:24,8846,2346,62-93-ZG,POINT (-9.202030181884766 38.73468017578125)
6033_760,7090_20250101_171_0_4,171_0,1,38.70452880859375,-9.178319931030273,23,IN_TRANSIT_TO,2025-03-13 07:46:38,12119,6033,BF-92-AZ,POINT (-9.178319931030273 38.70452880859375)
4620_750,6421_20250101_106_0_4,106_0,1,38.73582077026367,-9.206100463867188,8,IN_TRANSIT_TO,2025-03-13 07:46:21,8803,4620,22-GP-54,POINT (-9.206100463867188 38.73582077026367)
2951_718,3940_20250101_105_0_2,105_0,0,38.72856903076172,-9.121370315551758,23,IN_TRANSIT_TO,2025-03-13 07:46:20,11703,2951,62-GQ-53,POINT (-9.121370315551758 38.72856903076172)
2954_40B,17568_20250101_212_0_3,212_0,0,38.790748596191406,-9.15939998626709,2,IN_TRANSIT_TO,2025-03-13 07:46:29,50104,2954,62-GQ-56,POINT (-9.15939998626709 38.790748596191406)
2624_759,6978_20250101_144_0_2,144_0,1,38.72024917602539,-9.117179870605469,39,IN_TRANSIT_TO,2025-03-13 07:46:31,9814,2624,72-VP-82,POINT (-9.117179870605469 38.72024917602539)
1745_747,6114_20250101_177_0_4,177_0,1,38.75926971435547,-9.156299591064453,0,IN_TRANSIT_TO,2025-03-13 07:46:14,,1745,92-HR-02,POINT (-9.156299591064453 38.75926971435547)
4642_748,6160_20250101_169_0_2,169_0,1,38.70772171020508,-9.222270011901855,6,IN_TRANSIT_TO,2025-03-13 07:47:20,14311,4642,90-JI-99,POINT (-9.222270011901855 38.70772171020508)
4614_750,6335_20250101_106_0_3,106_0,0,38.759700775146484,-9.155779838562012,16,IN_TRANSIT_TO,2025-03-13 07:46:36,5810,4614,96-GL-90,POINT (-9.155779838562012 38.759700775146484)
4616_750,6393_20250101_106_0_2,106_0,1,38.75965118408203,-9.136520385742188,29,IN_TRANSIT_TO,2025-03-13 07:46:34,11305,4616,22-GP-50,POINT (-9.136520385742188 38.75965118408203)
2943_32B,17548_20250101_211_0_3,211_0,0,38.75920104980469,-9.123869895935059,8,IN_TRANSIT_TO,2025-03-13 07:46:36,14703,2943,51-GL-83,POINT (-9.123869895935059 38.75920104980469)
4646_750,6413_20250101_106_0_1,106_0,1,38.75400161743164,-9.185620307922363,19,IN_TRANSIT_TO,2025-03-13 07:46:20,10827,4646,11-JM-79,POINT (-9.185620307922363 38.75400161743164)
4650_728,4601_20250101_204_0_2,204_0,0,38.766300201416016,-9.097800254821777,42,IN_TRANSIT_TO,2025-03-13 07:47:13,2512,4650,11-JM-80,POINT (-9.097800254821777 38.766300201416016)
4629_796,8135_20250101_174_0_6,174_0,1,38.79087829589844,-9.151470184326172,16,IN_TRANSIT_TO,2025-03-13 07:46:29,5808,4629,11-JM-77,POINT (-9.151470184326172 38.79087829589844)
4631_796,8148_20250101_174_0_6,174_0,1,38.7843017578125,-9.161279678344727,16,IN_TRANSIT_TO,2025-03-13 07:47:21,5808,4631,02-JN-86,POINT (-9.161279678344727 38.7843017578125)
4630_796,8140_20250101_174_0_8,174_0,1,38.78022003173828,-9.163920402526855,9,IN_TRANSIT_TO,2025-03-13 07:46:43,7214,4630,02-JN-85,POINT (-9.163920402526855 38.78022003173828)
2973_702,3030_20250101_146_0_6,146_0,1,38.728599548339844,-9.169670104980469,5,IN_TRANSIT_TO,2025-03-13 07:46:38,2704,2973,30-VM-13,POINT (-9.169670104980469 38.728599548339844)
4818_751,6454_20250101_109_0_7,109_0,0,38.72959899902344,-9.16882038116455,1,IN_TRANSIT_TO,2025-03-13 07:46:42,2702,4818,42-VT-57,POINT (-9.16882038116455 38.72959899902344)
4627_755,6702_20250101_118_0_5,118_0,1,38.75325012207031,-9.14402961730957,10,IN_TRANSIT_TO,2025-03-13 07:46:29,104,4627,11-JM-76,POINT (-9.14402961730957 38.75325012207031)
2699_727,4552_20250101_103_0_3,103_0,0,38.74607849121094,-9.132949829101562,0,IN_TRANSIT_TO,2025-03-13 07:46:44,,2699,92-XQ-25,POINT (-9.132949829101562 38.74607849121094)
2692_746,5964_20250101_108_0_4,108_0,1,38.72467041015625,-9.149330139160156,25,IN_TRANSIT_TO,2025-03-13 07:46:28,1212,2692,90-XF-62,POINT (-9.149330139160156 38.72467041015625)
2691_723,4177_20250101_121_0_2,121_0,1,38.724578857421875,-9.150429725646973,28,IN_TRANSIT_TO,2025-03-13 07:46:37,1212,2691,90-XF-45,POINT (-9.150429725646973 38.724578857421875)
2690_714,3662_20250101_102_0_4,102_0,1,38.70623016357422,-9.155770301818848,28,IN_TRANSIT_TO,2025-03-13 07:46:40,12105,2690,99-XE-57,POINT (-9.155770301818848 38.70623016357422)
2693_746,5977_20250101_108_0_6,108_0,1,38.737831115722656,-9.156829833984375,19,IN_TRANSIT_TO,2025-03-13 07:47:20,1506,2693,90-XF-46,POINT (-9.156829833984375 38.737831115722656)
2669_738,5535_20250101_117_0_2,117_0,0,38.750099182128906,-9.161520004272461,7,IN_TRANSIT_TO,2025-03-13 07:46:21,13620,2669,87-XB-34,POINT (-9.161520004272461 38.750099182128906)
6048_760,7061_20250101_171_0_3,171_0,0,38.7236213684082,-9.13971996307373,4,IN_TRANSIT_TO,2025-03-13 07:46:32,9211,6048,BH-46-IR,POINT (-9.13971996307373 38.7236213684082)
2695_746,5986_20250101_108_0_4,108_0,1,38.75067138671875,-9.201419830322266,5,IN_TRANSIT_TO,2025-03-13 07:46:39,10903,2695,90-XF-50,POINT (-9.201419830322266 38.75067138671875)
4836_736,5299_20250101_199_0_3,199_0,0,38.75828170776367,-9.1537504196167,15,IN_TRANSIT_TO,2025-03-13 07:46:41,5805,4836,34-VR-23,POINT (-9.1537504196167 38.75828170776367)
2705_714,3640_20250101_102_0_5,102_0,0,38.706478118896484,-9.153900146484375,3,IN_TRANSIT_TO,2025-03-13 07:47:17,7102,2705,92-XQ-29,POINT (-9.153900146484375 38.706478118896484)
2684_714,3689_20250101_102_0_2,102_0,1,38.71194839477539,-9.2147798538208,12,IN_TRANSIT_TO,2025-03-13 07:46:36,10403,2684,99-XE-59,POINT (-9.2147798538208 38.71194839477539)
2683_727,4553_20250101_103_0_2,103_0,1,38.71541976928711,-9.230030059814453,0,IN_TRANSIT_TO,2025-03-13 07:46:27,,2683,99-XE-55,POINT (-9.230030059814453 38.71541976928711)
6047_760,7105_20250101_171_0_2,171_0,1,38.70949935913086,-9.20283031463623,0,IN_TRANSIT_TO,2025-03-13 07:46:30,,6047,BH-20-IP,POINT (-9.20283031463623 38.70949935913086)
6046_760,7081_20250101_171_0_4,171_0,1,38.72214889526367,-9.139129638671875,38,IN_TRANSIT_TO,2025-03-13 07:46:22,9213,6046,BH-73-IR,POINT (-9.139129638671875 38.72214889526367)
4619_750,6262_20250101_106_0_3,106_0,0,38.71112823486328,-9.226129531860352,36,IN_TRANSIT_TO,2025-03-13 07:46:37,14311,4619,22-GP-53,POINT (-9.226129531860352 38.71112823486328)
4618_728,4629_20250101_204_0_2,204_0,0,38.70957946777344,-9.128829956054688,22,IN_TRANSIT_TO,2025-03-13 07:46:16,4505,4618,22-GP-52,POINT (-9.128829956054688 38.70957946777344)
2947_26B,17510_20250101_208_0_3,208_0,0,38.76612091064453,-9.109880447387695,12,IN_TRANSIT_TO,2025-03-13 07:46:36,7716,2947,51-GL-84,POINT (-9.109880447387695 38.76612091064453)
2946_29B,17524_20250101_209_0_3,209_0,0,38.77667999267578,-9.117919921875,17,IN_TRANSIT_TO,2025-03-13 07:46:20,12208,2946,75-GO-15,POINT (-9.117919921875 38.77667999267578)
2678_711,3484_20250101_101_0_2,101_0,1,38.722999572753906,-9.186829566955566,20,IN_TRANSIT_TO,2025-03-13 07:46:17,8702,2678,93-XA-39,POINT (-9.186829566955566 38.722999572753906)
2952_40B,17558_20250101_212_0_2,212_0,0,38.774131774902344,-9.160449981689453,27,IN_TRANSIT_TO,2025-03-13 07:46:43,50163,2952,62-GQ-54,POINT (-9.160449981689453 38.774131774902344)
2959_798,8190_20250101_194_0_6,194_0,1,38.78752136230469,-9.148019790649414,3,IN_TRANSIT_TO,2025-03-13 07:45:23,6001,2959,27-GU-74,POINT (-9.148019790649414 38.78752136230469)
4643_750,6377_20250101_106_0_4,106_0,0,38.76752853393555,-9.099900245666504,0,IN_TRANSIT_TO,2025-03-13 07:46:31,,4643,98-JO-45,POINT (-9.099900245666504 38.76752853393555)
2676_711,3475_20250101_101_0_4,101_0,1,38.72079849243164,-9.145970344543457,29,IN_TRANSIT_TO,2025-03-13 07:46:23,50197,2676,87-XB-40,POINT (-9.145970344543457 38.72079849243164)
2957_798,8198_20250101_194_0_5,194_0,0,38.77429962158203,-9.152000427246094,10,IN_TRANSIT_TO,2025-03-13 07:46:25,11507,2957,27-GU-72,POINT (-9.152000427246094 38.77429962158203)
2671_723,4158_20250101_121_0_3,121_0,0,38.717071533203125,-9.211099624633789,22,IN_TRANSIT_TO,2025-03-13 07:47:15,10404,2671,87-XB-43,POINT (-9.211099624633789 38.717071533203125)
2680_714,3697_20250101_102_0_4,102_0,1,38.72753143310547,-9.2121000289917,9,IN_TRANSIT_TO,2025-03-13 07:46:31,18111,2680,93-XA-36,POINT (-9.2121000289917 38.72753143310547)
2681_727,4545_20250101_103_0_9,103_0,0,38.744651794433594,-9.147600173950195,6,IN_TRANSIT_TO,2025-03-13 07:46:30,2004,2681,93-XA-41,POINT (-9.147600173950195 38.744651794433594)
2673_713,3622_20250101_122_0_5,122_0,0,38.736698150634766,-9.148980140686035,4,IN_TRANSIT_TO,2025-03-13 07:47:19,1811,2673,87-XB-37,POINT (-9.148980140686035 38.736698150634766)
2679_723,4176_20250101_121_0_2,121_0,0,38.725868225097656,-9.148030281066895,5,IN_TRANSIT_TO,2025-03-13 07:47:19,6605,2679,93-XA-34,POINT (-9.148030281066895 38.725868225097656)
2672_714,3709_20250101_102_0_3,102_0,0,38.71002960205078,-9.214980125427246,26,IN_TRANSIT_TO,2025-03-13 07:46:40,12404,2672,87-XB-44,POINT (-9.214980125427246 38.71002960205078)
2670_738,5572_20250101_117_0_3,117_0,0,38.70787811279297,-9.167280197143555,29,IN_TRANSIT_TO,2025-03-13 07:46:40,10102,2670,87-XB-32,POINT (-9.167280197143555 38.70787811279297)
2674_754,6622_20250101_201_0_2,201_0,1,38.742130279541016,-9.205519676208496,15,IN_TRANSIT_TO,2025-03-13 07:47:18,50240,2674,87-XB-38,POINT (-9.205519676208496 38.742130279541016)
2675_713,3612_20250101_122_0_5,122_0,0,38.70663070678711,-9.158069610595703,23,IN_TRANSIT_TO,2025-03-13 07:47:17,10009,2675,87-XB-35,POINT (-9.158069610595703 38.70663070678711)
2964_774,7450_20250101_192_0_6,192_0,1,38.72026824951172,-9.154919624328613,7,IN_TRANSIT_TO,2025-03-13 07:46:38,6812,2964,30-VM-19,POINT (-9.154919624328613 38.72026824951172)
6031_760,7039_20250101_171_0_5,171_0,0,38.70616912841797,-9.15608024597168,14,IN_TRANSIT_TO,2025-03-13 07:46:31,3902,6031,BF-87-AX,POINT (-9.15608024597168 38.70616912841797)
6049_716,3738_20250101_164_0_3,164_0,0,38.737571716308594,-9.13362979888916,1,IN_TRANSIT_TO,2025-03-13 07:46:38,50469,6049,BH-47-IR,POINT (-9.13362979888916 38.737571716308594)
2723_711,3519_20250101_101_0_2,101_0,0,38.72547912597656,-9.186949729919434,10,IN_TRANSIT_TO,2025-03-13 07:46:26,8607,2723,92-XQ-43,POINT (-9.186949729919434 38.72547912597656)
6050_760,7098_20250101_171_0_2,171_0,1,38.712120056152344,-9.19909954071045,9,IN_TRANSIT_TO,2025-03-13 07:44:52,12923,6050,BH-62-IR,POINT (-9.19909954071045 38.712120056152344)
2347_731,19406_20250101_190_0_4,190_0,1,38.7413215637207,-9.160249710083008,28,IN_TRANSIT_TO,2025-03-13 07:47:20,3302,2347,53-61-ZJ,POINT (-9.160249710083008 38.7413215637207)
2741_755,6682_20250101_118_0_3,118_0,1,38.7442512512207,-9.11359977722168,31,IN_TRANSIT_TO,2025-03-13 07:46:24,3708,2741,AG-99-TG,POINT (-9.11359977722168 38.7442512512207)
2479_726,4286_20250101_116_0_4,116_0,1,38.761199951171875,-9.196619987487793,4,IN_TRANSIT_TO,2025-03-13 07:46:46,13907,2479,91-BE-74,POINT (-9.196619987487793 38.761199951171875)
4634_796,8152_20250101_174_0_4,174_0,1,38.78596878051758,-9.159680366516113,7,IN_TRANSIT_TO,2025-03-13 07:46:25,50176,4634,11-JM-78,POINT (-9.159680366516113 38.78596878051758)
2493_735,5275_20250101_172_0_3,172_0,0,38.72304916381836,-9.128729820251465,16,IN_TRANSIT_TO,2025-03-13 07:46:22,7003,2493,88-BL-65,POINT (-9.128729820251465 38.72304916381836)
2414_716,3757_20250101_164_0_5,164_0,0,38.746498107910156,-9.183429718017578,17,IN_TRANSIT_TO,2025-03-13 07:47:16,10702,2414,92-AO-51,POINT (-9.183429718017578 38.746498107910156)
2288_729,4833_20250101_104_0_4,104_0,0,38.744720458984375,-9.198869705200195,18,IN_TRANSIT_TO,2025-03-13 07:46:26,2805,2288,92-59-ZM,POINT (-9.198869705200195 38.744720458984375)
2417_703,3158_20250101_165_0_3,165_0,0,38.779518127441406,-9.159420013427734,14,IN_TRANSIT_TO,2025-03-13 07:46:11,5927,2417,50-AL-06,POINT (-9.159420013427734 38.779518127441406)
2755_720,4086_20250101_143_0_5,143_0,1,38.70478057861328,-9.183469772338867,2,IN_TRANSIT_TO,2025-03-13 07:46:30,12003,2755,AG-95-TG,POINT (-9.183469772338867 38.70478057861328)
608_15E,11228_20250101_76_0_5,76_0,0,38.70647048950195,-9.152899742126465,2,IN_TRANSIT_TO,2025-03-13 07:46:31,7102,608,,POINT (-9.152899742126465 38.70647048950195)
610_15E,11254_20250101_76_0_4,76_0,1,38.704429626464844,-9.17490005493164,14,IN_TRANSIT_TO,2025-03-13 07:46:29,12115,610,,POINT (-9.17490005493164 38.704429626464844)
2257_706,3266_20250101_147_0_3,147_0,1,38.714019775390625,-9.122269630432129,0,IN_TRANSIT_TO,2025-03-13 07:41:13,,2257,80-50-ZE,POINT (-9.122269630432129 38.714019775390625)
2281_763,49570_20250101_282_0_5,282_0,0,38.772220611572266,-9.190730094909668,14,IN_TRANSIT_TO,2025-03-13 07:46:39,14103,2281,67-56-ZJ,POINT (-9.190730094909668 38.772220611572266)
255_13B,21591_20250101_243_0_2,243_0,0,38.71508026123047,-9.121979713439941,15,IN_TRANSIT_TO,2025-03-13 07:46:28,2101,255,AF-58-RM,POINT (-9.121979713439941 38.71508026123047)
4832_736,5399_20250101_199_0_4,199_0,1,38.76118087768555,-9.157429695129395,14,IN_TRANSIT_TO,2025-03-13 07:46:40,5808,4832,68-VQ-51,POINT (-9.157429695129395 38.76118087768555)
2301_723,4183_20250101_121_0_4,121_0,1,38.72480010986328,-9.150779724121094,28,IN_TRANSIT_TO,2025-03-13 07:46:18,1212,2301,83-12-ZM,POINT (-9.150779724121094 38.72480010986328)
2629_744,5830_20250101_200_0_2,200_0,1,38.767818450927734,-9.097970008850098,5,IN_TRANSIT_TO,2025-03-13 07:46:46,7822,2629,52-VP-81,POINT (-9.097970008850098 38.767818450927734)
271_61B,21520_20250101_241_0_3,241_0,1,38.72721862792969,-9.162280082702637,10,IN_TRANSIT_TO,2025-03-13 07:46:45,6122,271,AH-27-IN,POINT (-9.162280082702637 38.72721862792969)
4811_728,4569_20250101_204_0_3,204_0,1,38.76811981201172,-9.098150253295898,9,IN_TRANSIT_TO,2025-03-13 07:46:16,7805,4811,34-VR-20,POINT (-9.098150253295898 38.76811981201172)
6034_732,5085_20250101_107_0_3,107_0,1,38.71215057373047,-9.21483039855957,2,IN_TRANSIT_TO,2025-03-13 07:46:28,10403,6034,BF-61-AX,POINT (-9.21483039855957 38.71215057373047)
6035_732,5062_20250101_107_0_2,107_0,1,38.717498779296875,-9.143119812011719,32,IN_TRANSIT_TO,2025-03-13 07:46:25,1010,6035,BG-76-LX,POINT (-9.143119812011719 38.717498779296875)
2294_778,18644_20250101_179_0_2,179_0,0,38.76675033569336,-9.184679985046387,20,IN_TRANSIT_TO,2025-03-13 07:47:21,50360,2294,92-52-ZM,POINT (-9.184679985046387 38.76675033569336)
2783_712,3558_20250101_189_0_4,189_0,1,38.72760009765625,-9.128230094909668,23,IN_TRANSIT_TO,2025-03-13 07:46:28,9110,2783,AI-10-BT,POINT (-9.128230094909668 38.72760009765625)
2978_702,3075_20250101_146_0_4,146_0,1,38.724918365478516,-9.154950141906738,12,IN_TRANSIT_TO,2025-03-13 07:47:22,1224,2978,29-VM-92,POINT (-9.154950141906738 38.724918365478516)
4633_755,6711_20250101_118_0_4,118_0,0,38.7486686706543,-9.164420127868652,38,IN_TRANSIT_TO,2025-03-13 07:47:21,13508,4633,90-JI-94,POINT (-9.164420127868652 38.7486686706543)
2259_758,6877_20250101_150_0_3,150_0,0,38.70555114746094,-9.143150329589844,0,IN_TRANSIT_TO,2025-03-13 07:46:40,,2259,67-44-ZJ,POINT (-9.143150329589844 38.70555114746094)
2270_758,6787_20250101_150_0_2,150_0,1,38.731998443603516,-9.162579536437988,18,IN_TRANSIT_TO,2025-03-13 07:47:20,6124,2270,76-82-ZG,POINT (-9.162579536437988 38.731998443603516)
2442_771,21940_20250101_248_0_3,248_0,1,38.723079681396484,-9.16349983215332,16,IN_TRANSIT_TO,2025-03-13 07:46:31,8608,2442,29-AX-06,POINT (-9.16349983215332 38.723079681396484)
2779_712,3535_20250101_189_0_3,189_0,0,38.72602081298828,-9.14957046508789,17,IN_TRANSIT_TO,2025-03-13 07:46:27,1202,2779,AI-02-BT,POINT (-9.14957046508789 38.72602081298828)
2495_735,5217_20250101_172_1_2,172_1,0,38.72163009643555,-9.12952995300293,16,IN_TRANSIT_TO,2025-03-13 07:46:22,7003,2495,88-BL-69,POINT (-9.12952995300293 38.72163009643555)
2842_751,6506_20250101_109_0_1,109_0,1,38.7027702331543,-9.227350234985352,9,IN_TRANSIT_TO,2025-03-13 07:46:44,4225,2842,BF-56-FZ,POINT (-9.227350234985352 38.7027702331543)
4839_736,5319_20250101_199_0_5,199_0,0,38.72248077392578,-9.147500038146973,3,IN_TRANSIT_TO,2025-03-13 07:47:20,1103,4839,53-VR-08,POINT (-9.147500038146973 38.72248077392578)
2272_731,5022_20250101_190_0_3,190_0,0,38.75545120239258,-9.14972972869873,16,IN_TRANSIT_TO,2025-03-13 07:46:43,5712,2272,76-80-ZG,POINT (-9.14972972869873 38.75545120239258)
2796_714,21717_20250101_102_0_2,102_0,0,38.70085144042969,-9.227849960327148,32,IN_TRANSIT_TO,2025-03-13 07:46:16,14006,2796,AJ-59-LI,POINT (-9.227849960327148 38.70085144042969)
2614_759,6984_20250101_144_0_2,144_0,1,38.74076843261719,-9.11205005645752,27,IN_TRANSIT_TO,2025-03-13 07:46:15,3702,2614,66-VI-24,POINT (-9.11205005645752 38.74076843261719)
2965_774,7437_20250101_192_0_3,192_0,0,38.71427917480469,-9.169949531555176,0,IN_TRANSIT_TO,2025-03-13 07:46:46,,2965,29-VM-97,POINT (-9.169949531555176 38.71427917480469)
2997_770,7364_20250101_191_3_3,191_3,0,38.742431640625,-9.167579650878906,16,IN_TRANSIT_TO,2025-03-13 07:46:44,1621,2997,34-VN-03,POINT (-9.167579650878906 38.742431640625)
2607_759,6906_20250101_144_0_4,144_0,1,38.7681999206543,-9.098219871520996,2,IN_TRANSIT_TO,2025-03-13 07:46:31,7805,2607,AA-95-TQ,POINT (-9.098219871520996 38.7681999206543)
4815_751,6481_20250101_109_0_3,109_0,0,38.70252990722656,-9.22737979888916,24,IN_TRANSIT_TO,2025-03-13 07:45:10,4202,4815,34-VR-24,POINT (-9.22737979888916 38.70252990722656)
2821_753,6541_20250101_167_0_6,167_0,1,38.72294998168945,-9.167229652404785,2,IN_TRANSIT_TO,2025-03-13 07:46:29,14602,2821,BF-71-FZ,POINT (-9.167229652404785 38.72294998168945)
4809_728,4581_20250101_204_0_5,204_0,1,38.77690124511719,-9.102919578552246,4,IN_TRANSIT_TO,2025-03-13 07:46:22,7904,4809,20-VQ-67,POINT (-9.102919578552246 38.77690124511719)
2601_759,6949_20250101_144_0_3,144_0,0,38.75592041015625,-9.113149642944336,27,IN_TRANSIT_TO,2025-03-13 07:46:40,24370,2601,04-VA-70,POINT (-9.113149642944336 38.75592041015625)
6026_760,7085_20250101_171_0_2,171_0,1,38.70621871948242,-9.145179748535156,30,IN_TRANSIT_TO,2025-03-13 07:46:22,3803,6026,BF-39-BB,POINT (-9.145179748535156 38.70621871948242)
2739_720,4101_20250101_143_0_2,143_0,1,38.74156951904297,-9.129520416259766,28,IN_TRANSIT_TO,2025-03-13 07:46:35,9008,2739,AG-31-EI,POINT (-9.129520416259766 38.74156951904297)
2602_759,6961_20250101_144_0_3,144_0,0,38.732181549072266,-9.114749908447266,17,IN_TRANSIT_TO,2025-03-13 07:46:19,17569,2602,16-VF-81,POINT (-9.114749908447266 38.732181549072266)
4806_728,4681_20250101_204_0_3,204_0,1,38.70349884033203,-9.170550346374512,39,IN_TRANSIT_TO,2025-03-13 07:46:31,10202,4806,20-VQ-74,POINT (-9.170550346374512 38.70349884033203)
4837_736,5408_20250101_199_0_4,199_0,1,38.78627014160156,-9.17156982421875,5,IN_TRANSIT_TO,2025-03-13 07:46:41,50083,4837,34-VR-18,POINT (-9.17156982421875 38.78627014160156)
4826_736,18816_20250101_199_0_3,199_0,0,38.78689956665039,-9.170350074768066,27,IN_TRANSIT_TO,2025-03-13 07:47:21,7211,4826,53-VR-05,POINT (-9.170350074768066 38.78689956665039)
2657_711,3509_20250101_101_0_4,101_0,1,38.74483108520508,-9.218600273132324,2,IN_TRANSIT_TO,2025-03-13 07:46:27,3019,2657,05-VZ-66,POINT (-9.218600273132324 38.74483108520508)
4830_736,5311_20250101_199_0_5,199_0,0,38.74277114868164,-9.146769523620605,9,IN_TRANSIT_TO,2025-03-13 07:46:40,1901,4830,20-VQ-63,POINT (-9.146769523620605 38.74277114868164)
2638_759,6943_20250101_144_0_3,144_0,0,38.774749755859375,-9.102700233459473,43,IN_TRANSIT_TO,2025-03-13 07:46:41,7812,2638,87-VS-48,POINT (-9.102700233459473 38.774749755859375)
6037_732,5076_20250101_107_0_2,107_0,1,38.70817947387695,-9.13677978515625,29,IN_TRANSIT_TO,2025-03-13 07:46:42,3824,6037,BG-37-LT,POINT (-9.13677978515625 38.70817947387695)
2617_759,6981_20250101_144_0_4,144_0,1,38.72492980957031,-9.11340045928955,36,IN_TRANSIT_TO,2025-03-13 07:46:26,8302,2617,66-VI-28,POINT (-9.11340045928955 38.72492980957031)
2633_781,7721_20250101_151_0_3,151_0,0,38.78144836425781,-9.118780136108398,25,IN_TRANSIT_TO,2025-03-13 07:46:23,12603,2633,52-VP-79,POINT (-9.118780136108398 38.78144836425781)
6005_706,3252_20250101_147_0_3,147_0,1,38.713470458984375,-9.153229713439941,27,IN_TRANSIT_TO,2025-03-13 07:46:29,6704,6005,81-ZC-91,POINT (-9.153229713439941 38.713470458984375)
2648_714,3627_20250101_102_0_5,102_0,0,38.69847869873047,-9.188220024108887,15,IN_TRANSIT_TO,2025-03-13 07:46:22,9504,2648,75-VS-46,POINT (-9.188220024108887 38.69847869873047)
2619_759,6987_20250101_144_0_4,144_0,1,38.760719299316406,-9.112030029296875,18,IN_TRANSIT_TO,2025-03-13 07:47:18,8435,2619,66-VI-37,POINT (-9.112030029296875 38.760719299316406)
2716_712,3565_20250101_189_0_2,189_0,1,38.72517013549805,-9.156769752502441,13,IN_TRANSIT_TO,2025-03-13 07:46:32,6128,2716,92-XQ-27,POINT (-9.156769752502441 38.72517013549805)
2991_730,4949_20250101_198_0_3,198_0,1,38.72682189941406,-9.130279541015625,13,IN_TRANSIT_TO,2025-03-13 07:46:31,9102,2991,29-VM-89,POINT (-9.130279541015625 38.72682189941406)
4820_751,6514_20250101_109_0_1,109_0,1,38.726348876953125,-9.172929763793945,0,IN_TRANSIT_TO,2025-03-13 07:46:21,,4820,20-VQ-62,POINT (-9.172929763793945 38.726348876953125)
2704_711,3462_20250101_101_0_2,101_0,1,38.707828521728516,-9.13325023651123,34,IN_TRANSIT_TO,2025-03-13 07:46:33,5501,2704,92-XQ-18,POINT (-9.13325023651123 38.707828521728516)
6041_767,7289_20250101_112_0_3,112_0,0,38.7536506652832,-9.144120216369629,14,IN_TRANSIT_TO,2025-03-13 07:46:20,101,6041,BG-20-LV,POINT (-9.144120216369629 38.7536506652832)
2639_705,3199_20250101_176_0_3,176_0,0,38.77912139892578,-9.126669883728027,13,IN_TRANSIT_TO,2025-03-13 07:46:23,7610,2639,75-VS-47,POINT (-9.126669883728027 38.77912139892578)
2647_781,7762_20250101_151_0_4,151_0,1,38.77922821044922,-9.120180130004883,6,IN_TRANSIT_TO,2025-03-13 07:47:19,12604,2647,75-VS-45,POINT (-9.120180130004883 38.77922821044922)
2826_753,6569_20250101_167_0_3,167_0,0,38.70718002319336,-9.17842960357666,7,IN_TRANSIT_TO,2025-03-13 07:46:44,8607,2826,BF-74-FZ,POINT (-9.17842960357666 38.70718002319336)
2642_722,4121_20250101_196_0_3,196_0,1,38.76702117919922,-9.12852954864502,16,IN_TRANSIT_TO,2025-03-13 07:47:16,7602,2642,75-VS-51,POINT (-9.12852954864502 38.76702117919922)
573_28E,14895_20250101_75_0_3,75_0,1,38.72262954711914,-9.135250091552734,21,IN_TRANSIT_TO,2025-03-13 07:46:28,706,573,,POINT (-9.135250091552734 38.72262954711914)
2724_764,7166_20250101_168_0_2,168_0,1,38.7528190612793,-9.188070297241211,20,IN_TRANSIT_TO,2025-03-13 07:46:37,10813,2724,92-XQ-40,POINT (-9.188070297241211 38.7528190612793)
273_734,5150_20250101_205_0_2,205_0,0,38.72296905517578,-9.132329940795898,4,IN_TRANSIT_TO,2025-03-13 07:46:37,707,273,AH-15-TB,POINT (-9.132329940795898 38.72296905517578)
2737_756,6748_20250101_175_0_5,175_0,1,38.73849868774414,-9.12537956237793,21,IN_TRANSIT_TO,2025-03-13 07:46:40,8908,2737,AG-45-EI,POINT (-9.12537956237793 38.73849868774414)
2609_781,7738_20250101_151_0_3,151_0,0,38.711448669433594,-9.125579833984375,4,IN_TRANSIT_TO,2025-03-13 07:46:43,4505,2609,66-VI-36,POINT (-9.125579833984375 38.711448669433594)
2981_702,3066_20250101_146_0_3,146_0,0,38.730369567871094,-9.1693696975708,8,IN_TRANSIT_TO,2025-03-13 07:46:36,6132,2981,29-VM-86,POINT (-9.1693696975708 38.730369567871094)
2618_705,3190_20250101_176_0_3,176_0,1,38.75564956665039,-9.130149841308594,6,IN_TRANSIT_TO,2025-03-13 07:46:24,7401,2618,66-VI-42,POINT (-9.130149841308594 38.75564956665039)
2646_759,6965_20250101_144_0_3,144_0,0,38.712650299072266,-9.123729705810547,6,IN_TRANSIT_TO,2025-03-13 07:46:21,8201,2646,75-VS-48,POINT (-9.123729705810547 38.712650299072266)
2733_756,6764_20250101_175_0_4,175_0,0,38.70634841918945,-9.175299644470215,22,IN_TRANSIT_TO,2025-03-13 07:46:33,9425,2733,AG-41-EI,POINT (-9.175299644470215 38.70634841918945)
2468_729,4766_20250101_104_0_3,104_0,1,38.76176834106445,-9.196900367736816,36,IN_TRANSIT_TO,2025-03-13 07:47:19,12812,2468,16-AZ-10,POINT (-9.196900367736816 38.76176834106445)
2664_754,6615_20250101_201_0_2,201_0,1,38.74317932128906,-9.146780014038086,34,IN_TRANSIT_TO,2025-03-13 07:46:24,1901,2664,05-VZ-68,POINT (-9.146780014038086 38.74317932128906)
2308_793,7994_20250101_145_0_5,145_0,1,38.7469482421875,-9.119319915771484,9,IN_TRANSIT_TO,2025-03-13 07:46:33,3608,2308,83-17-ZM,POINT (-9.119319915771484 38.7469482421875)
2640_759,6896_20250101_144_0_2,144_0,1,38.77442169189453,-9.111169815063477,7,IN_TRANSIT_TO,2025-03-13 07:46:35,12309,2640,75-VS-43,POINT (-9.111169815063477 38.77442169189453)
2612_705,3180_20250101_176_0_3,176_0,0,38.77035140991211,-9.097419738769531,2,IN_TRANSIT_TO,2025-03-13 07:46:41,7805,2612,66-VI-29,POINT (-9.097419738769531 38.77035140991211)
2736_756,6713_20250101_175_0_4,175_0,0,38.73876953125,-9.153900146484375,13,IN_TRANSIT_TO,2025-03-13 07:46:39,1503,2736,AG-47-EI,POINT (-9.153900146484375 38.73876953125)
574_24E,17832_20250101_213_0_3,213_0,1,38.72330093383789,-9.159070014953613,3,IN_TRANSIT_TO,2025-03-13 07:46:27,8516,574,,POINT (-9.159070014953613 38.72330093383789)
2713_764,7135_20250101_168_0_4,168_0,1,38.74327087402344,-9.205699920654297,12,IN_TRANSIT_TO,2025-03-13 07:46:42,50240,2713,92-XQ-34,POINT (-9.205699920654297 38.74327087402344)
2635_722,4127_20250101_196_0_4,196_0,1,38.75333023071289,-9.130350112915039,25,IN_TRANSIT_TO,2025-03-13 07:46:43,305,2635,52-VP-90,POINT (-9.130350112915039 38.75333023071289)
2799_15E,11495_20250101_76_8_6,76_8,1,38.706298828125,-9.144980430603027,6,IN_TRANSIT_TO,2025-03-13 07:46:23,3803,2799,AJ-52-LI,POINT (-9.144980430603027 38.706298828125)
6040_732,5080_20250101_107_0_2,107_0,1,38.698448181152344,-9.18822956085205,18,IN_TRANSIT_TO,2025-03-13 07:47:18,9507,6040,BG-46-LT,POINT (-9.18822956085205 38.698448181152344)
2258_731,4996_20250101_190_0_2,190_0,1,38.78245162963867,-9.10846996307373,0,IN_TRANSIT_TO,2025-03-13 07:46:25,,2258,53-58-ZJ,POINT (-9.10846996307373 38.78245162963867)
2769_748,6151_20250101_169_0_3,169_0,0,38.72570037841797,-9.149120330810547,0,IN_TRANSIT_TO,2025-03-13 07:46:27,,2769,AH-19-ND,POINT (-9.149120330810547 38.72570037841797)
549_28E,14960_20250101_75_0_4,75_0,0,38.709720611572266,-9.13659954071045,17,IN_TRANSIT_TO,2025-03-13 07:46:41,5602,549,,POINT (-9.13659954071045 38.709720611572266)
2636_781,7748_20250101_151_0_3,151_0,1,38.71355056762695,-9.122730255126953,26,IN_TRANSIT_TO,2025-03-13 07:47:19,2114,2636,87-VS-50,POINT (-9.122730255126953 38.71355056762695)
2686_723,4149_20250101_121_0_3,121_0,0,38.70267868041992,-9.217530250549316,25,IN_TRANSIT_TO,2025-03-13 07:46:32,9705,2686,99-XE-58,POINT (-9.217530250549316 38.70267868041992)
571_28E,14920_20250101_75_0_5,75_0,1,38.70998001098633,-9.133279800415039,8,IN_TRANSIT_TO,2025-03-13 07:46:18,13801,571,,POINT (-9.133279800415039 38.70998001098633)
2652_776,7489_20250101_193_0_8,193_0,0,38.699501037597656,-9.227800369262695,0,IN_TRANSIT_TO,2025-03-13 07:46:25,,2652,05-VZ-61,POINT (-9.227800369262695 38.699501037597656)
2829_753,6575_20250101_167_0_3,167_0,0,38.72957992553711,-9.144220352172852,1,IN_TRANSIT_TO,2025-03-13 07:46:35,1712,2829,BF-58-FZ,POINT (-9.144220352172852 38.72957992553711)
2621_744,5805_20250101_200_0_2,200_0,1,38.72467041015625,-9.150629997253418,31,IN_TRANSIT_TO,2025-03-13 07:47:17,1212,2621,66-VI-45,POINT (-9.150629997253418 38.72467041015625)
2622_744,5849_20250101_200_0_2,200_0,0,38.742618560791016,-9.146679878234863,7,IN_TRANSIT_TO,2025-03-13 07:46:43,1809,2622,66-VI-21,POINT (-9.146679878234863 38.742618560791016)
2649_776,7476_20250101_193_0_12,193_0,0,38.70328140258789,-9.251350402832031,9,IN_TRANSIT_TO,2025-03-13 07:41:03,4304,2649,75-VS-42,POINT (-9.251350402832031 38.70328140258789)
2975_52B,21661_20250101_244_0_2,244_0,0,38.740169525146484,-9.144579887390137,12,IN_TRANSIT_TO,2025-03-13 07:46:30,1915,2975,30-VM-11,POINT (-9.144579887390137 38.740169525146484)
2985_72B,45276_20250101_279_0_2,279_0,0,38.747398376464844,-9.207050323486328,11,IN_TRANSIT_TO,2025-03-13 07:46:29,2910,2985,30-VM-14,POINT (-9.207050323486328 38.747398376464844)
2701_754,6592_20250101_201_0_3,201_0,0,38.73445129394531,-9.22052001953125,29,IN_TRANSIT_TO,2025-03-13 07:46:29,50328,2701,92-XQ-35,POINT (-9.22052001953125 38.73445129394531)
551_18E,12182_20250101_78_0_5,78_0,0,38.704769134521484,-9.18632984161377,11,IN_TRANSIT_TO,2025-03-13 07:46:40,12012,551,,POINT (-9.18632984161377 38.704769134521484)
2982_71B,45266_20250101_278_0_2,278_0,0,38.750370025634766,-9.196820259094238,3,IN_TRANSIT_TO,2025-03-13 07:46:27,10802,2982,30-VM-23,POINT (-9.196820259094238 38.750370025634766)
2990_34B,19151_20250101_226_0_2,226_0,0,38.73537063598633,-9.114049911499023,21,IN_TRANSIT_TO,2025-03-13 07:47:16,50411,2990,30-VM-06,POINT (-9.114049911499023 38.73537063598633)
2616_705,3186_20250101_176_0_2,176_0,1,38.77616882324219,-9.11382007598877,18,IN_TRANSIT_TO,2025-03-13 07:46:19,12306,2616,66-VI-44,POINT (-9.11382007598877 38.77616882324219)
2604_781,7756_20250101_151_0_3,151_0,1,38.747928619384766,-9.097000122070312,19,IN_TRANSIT_TO,2025-03-13 07:46:26,2203,2604,66-VI-32,POINT (-9.097000122070312 38.747928619384766)
552_25E,14252_20250101_79_0_3,79_0,1,38.7069206237793,-9.158080101013184,13,IN_TRANSIT_TO,2025-03-13 07:47:20,3915,552,,POINT (-9.158080101013184 38.7069206237793)
2634_781,7722_20250101_151_0_3,151_0,0,38.77146911621094,-9.10966968536377,20,IN_TRANSIT_TO,2025-03-13 07:46:26,7713,2634,52-VP-85,POINT (-9.10966968536377 38.77146911621094)
2980_702,3068_20250101_146_0_7,146_0,0,38.72727966308594,-9.158829689025879,2,IN_TRANSIT_TO,2025-03-13 07:47:17,6127,2980,29-VM-90,POINT (-9.158829689025879 38.72727966308594)
2663_714,3697_20240914_102_0_16,102_0,1,38.72127151489258,-9.221500396728516,4,IN_TRANSIT_TO,2024-10-22 20:26:58,18703,2663,05-VZ-62,POINT (-9.221500396728516 38.72127151489258)
579_28E,14986_20250101_75_0_4,75_0,0,38.714900970458984,-9.12874984741211,10,IN_TRANSIT_TO,2025-03-13 07:47:17,14802,579,,POINT (-9.12874984741211 38.714900970458984)
6043_732,5093_20250101_107_0_2,107_0,0,38.70492935180664,-9.158670425415039,22,IN_TRANSIT_TO,2025-03-13 07:46:22,3902,6043,BG-93-LT,POINT (-9.158670425415039 38.70492935180664)
545_25E,14271_20250101_79_0_3,79_0,1,38.707149505615234,-9.141819953918457,16,IN_TRANSIT_TO,2025-03-13 07:46:39,3803,545,,POINT (-9.141819953918457 38.707149505615234)
2995_730,4969_20250101_198_0_3,198_0,0,38.726280212402344,-9.134220123291016,18,IN_TRANSIT_TO,2025-03-13 07:46:33,603,2995,30-VM-15,POINT (-9.134220123291016 38.726280212402344)
4804_728,4714_20250101_204_0_3,204_0,1,38.724369049072266,-9.11217975616455,26,IN_TRANSIT_TO,2025-03-13 07:47:20,9810,4804,53-VR-07,POINT (-9.11217975616455 38.724369049072266)
265_734,5133_20250101_205_0_2,205_0,1,38.715248107910156,-9.13640022277832,15,IN_TRANSIT_TO,2025-03-13 07:46:22,805,265,AG-40-OV,POINT (-9.13640022277832 38.715248107910156)
2708_764,7158_20250101_168_0_4,168_0,0,38.75086975097656,-9.17313003540039,8,IN_TRANSIT_TO,2025-03-13 07:46:40,12711,2708,92-XQ-32,POINT (-9.17313003540039 38.75086975097656)
4813_728,4661_20250101_204_0_2,204_0,0,38.70637893676758,-9.149620056152344,17,IN_TRANSIT_TO,2025-03-13 07:47:20,3901,4813,68-VQ-50,POINT (-9.149620056152344 38.70637893676758)
2644_722,4119_20250101_196_0_3,196_0,1,38.72351837158203,-9.148579597473145,32,IN_TRANSIT_TO,2025-03-13 07:46:34,1206,2644,87-VS-52,POINT (-9.148579597473145 38.72351837158203)
252_58B,19291_20250101_227_0_3,227_0,0,38.75603103637695,-9.17905044555664,11,IN_TRANSIT_TO,2025-03-13 07:46:30,50184,252,AF-89-NU,POINT (-9.17905044555664 38.75603103637695)
2662_727,4536_20250101_103_0_2,103_0,0,38.70746994018555,-9.156370162963867,22,IN_TRANSIT_TO,2025-03-13 07:47:20,50593,2662,05-VZ-51,POINT (-9.156370162963867 38.70746994018555)
4808_751,6498_20250101_109_0_5,109_0,1,38.697479248046875,-9.196619987487793,19,IN_TRANSIT_TO,2025-03-13 07:46:18,4109,4808,20-VQ-73,POINT (-9.196619987487793 38.697479248046875)
6003_706,3224_20250101_147_0_4,147_0,0,38.727020263671875,-9.144330024719238,15,IN_TRANSIT_TO,2025-03-13 07:46:40,6609,6003,82-ZC-02,POINT (-9.144330024719238 38.727020263671875)
572_28E,14946_20250101_75_0_2,75_0,0,38.712398529052734,-9.130579948425293,1,IN_TRANSIT_TO,2025-03-13 07:46:27,819,572,,POINT (-9.130579948425293 38.712398529052734)
264_64B,21489_20250101_238_0_4,238_0,0,38.714019775390625,-9.175029754638672,13,IN_TRANSIT_TO,2025-03-13 07:46:44,50492,264,AG-42-OV,POINT (-9.175029754638672 38.714019775390625)
2778_709,3384_20250101_148_0_6,148_0,0,38.72132873535156,-9.146699905395508,4,IN_TRANSIT_TO,2025-03-13 07:46:31,1103,2778,AI-03-BT,POINT (-9.146699905395508 38.72132873535156)
555_18E,12186_20250101_78_0_4,78_0,1,38.701778411865234,-9.18008041381836,13,IN_TRANSIT_TO,2025-03-13 07:46:35,12119,555,,POINT (-9.18008041381836 38.701778411865234)
2974_702,3047_20250101_146_0_2,146_0,1,38.73080062866211,-9.173230171203613,0,IN_TRANSIT_TO,2025-03-13 07:46:29,,2974,30-VM-22,POINT (-9.173230171203613 38.73080062866211)
266_64B,35837_20250101_238_0_3,238_0,0,38.724369049072266,-9.167579650878906,7,IN_TRANSIT_TO,2025-03-13 07:46:35,50504,266,AH-55-CZ,POINT (-9.167579650878906 38.724369049072266)
6006_706,3202_20250101_147_3_2,147_3,0,38.7315788269043,-9.134329795837402,24,IN_TRANSIT_TO,2025-03-13 07:46:43,511,6006,82-ZC-09,POINT (-9.134329795837402 38.7315788269043)
2660_746,5958_20250101_108_0_5,108_0,0,38.74557113647461,-9.181550025939941,13,IN_TRANSIT_TO,2025-03-13 07:46:35,10704,2660,05-VZ-60,POINT (-9.181550025939941 38.74557113647461)
2655_720,4100_20250101_143_0_5,143_0,0,38.737728118896484,-9.13677978515625,8,IN_TRANSIT_TO,2025-03-13 07:47:20,407,2655,05-VZ-67,POINT (-9.13677978515625 38.737728118896484)
4807_728,4621_20250101_204_0_4,204_0,0,38.747928619384766,-9.096850395202637,36,IN_TRANSIT_TO,2025-03-13 07:46:21,2204,4807,20-VQ-69,POINT (-9.096850395202637 38.747928619384766)
2650_720,4044_20250101_143_0_4,143_0,1,38.73516845703125,-9.14074993133545,22,IN_TRANSIT_TO,2025-03-13 07:46:44,11102,2650,75-VS-50,POINT (-9.14074993133545 38.73516845703125)
2782_713,3621_20250101_122_0_5,122_0,0,38.726200103759766,-9.160980224609375,10,IN_TRANSIT_TO,2025-03-13 07:46:34,6120,2782,AI-99-BS,POINT (-9.160980224609375 38.726200103759766)
4644_750,6424_20250101_106_0_2,106_0,1,38.703521728515625,-9.227080345153809,3,IN_TRANSIT_TO,2025-03-13 07:47:21,4224,4644,27-JO-11,POINT (-9.227080345153809 38.703521728515625)
4805_728,4706_20250101_204_0_3,204_0,1,38.71297073364258,-9.123299598693848,29,IN_TRANSIT_TO,2025-03-13 07:46:25,2114,4805,20-VQ-66,POINT (-9.123299598693848 38.71297073364258)
2740_756,6730_20250101_175_0_3,175_0,0,38.74251937866211,-9.136420249938965,7,IN_TRANSIT_TO,2025-03-13 07:46:33,319,2740,AG-43-EI,POINT (-9.136420249938965 38.74251937866211)
2630_718,3991_20250101_105_0_2,105_0,1,38.72909927368164,-9.122529983520508,8,IN_TRANSIT_TO,2025-03-13 07:46:37,7012,2630,52-VP-89,POINT (-9.122529983520508 38.72909927368164)
4803_728,4589_20250101_204_0_5,204_0,1,38.7819709777832,-9.113969802856445,0,IN_TRANSIT_TO,2025-03-13 07:47:23,,4803,77-VP-16,POINT (-9.113969802856445 38.7819709777832)
2651_781,7737_20250101_151_0_3,151_0,0,38.75630187988281,-9.104479789733887,14,IN_TRANSIT_TO,2025-03-13 07:46:32,2304,2651,05-VZ-54,POINT (-9.104479789733887 38.75630187988281)
2720_723,4168_20250101_121_0_2,121_0,0,38.72045135498047,-9.197669982910156,12,IN_TRANSIT_TO,2025-03-13 07:47:17,21301,2720,92-XQ-28,POINT (-9.197669982910156 38.72045135498047)
2665_738,5566_20250101_117_0_3,117_0,1,38.70362091064453,-9.171500205993652,6,IN_TRANSIT_TO,2025-03-13 07:46:41,4001,2665,87-XB-33,POINT (-9.171500205993652 38.70362091064453)
262_61B,21530_20250101_241_0_3,241_0,0,38.739898681640625,-9.16819953918457,13,IN_TRANSIT_TO,2025-03-13 07:46:31,2713,262,AF-49-ZD,POINT (-9.16819953918457 38.739898681640625)
2627_722,4129_20250101_196_0_2,196_0,0,38.752281188964844,-9.130470275878906,16,IN_TRANSIT_TO,2025-03-13 07:46:37,7305,2627,52-VP-83,POINT (-9.130470275878906 38.752281188964844)
4635_755,6654_20250101_118_0_4,118_0,0,38.7565803527832,-9.114500045776367,15,IN_TRANSIT_TO,2025-03-13 07:46:35,24370,4635,90-JI-95,POINT (-9.114500045776367 38.7565803527832)
2742_756,6761_20250101_175_0_5,175_0,1,38.700130462646484,-9.183219909667969,0,IN_TRANSIT_TO,2025-03-13 07:46:23,,2742,AG-94-TG,POINT (-9.183219909667969 38.700130462646484)
2725_712,3550_20250101_189_0_5,189_0,0,38.72127151489258,-9.119199752807617,3,IN_TRANSIT_TO,2025-03-13 07:47:19,2103,2725,92-XQ-30,POINT (-9.119199752807617 38.72127151489258)
256_55B,21534_20250101_240_0_3,240_0,0,38.76887130737305,-9.187899589538574,9,IN_TRANSIT_TO,2025-03-13 07:46:34,50512,256,AF-57-RM,POINT (-9.187899589538574 38.76887130737305)
2715_738,5528_20250101_117_0_3,117_0,0,38.7447509765625,-9.14758014678955,14,IN_TRANSIT_TO,2025-03-13 07:46:32,2004,2715,92-XQ-22,POINT (-9.14758014678955 38.7447509765625)
2608_759,6970_20250101_144_0_3,144_0,0,38.71548080444336,-9.141719818115234,0,IN_TRANSIT_TO,2025-03-13 07:46:19,,2608,66-VI-39,POINT (-9.141719818115234 38.71548080444336)
2719_723,4169_20250101_121_0_3,121_0,0,38.7253303527832,-9.152050018310547,7,IN_TRANSIT_TO,2025-03-13 07:47:16,1209,2719,92-XQ-17,POINT (-9.152050018310547 38.7253303527832)
2631_744,5846_20250101_200_0_3,200_0,0,38.75952911376953,-9.135979652404785,16,IN_TRANSIT_TO,2025-03-13 07:46:23,11319,2631,52-VP-80,POINT (-9.135979652404785 38.75952911376953)
258_28E,48628_20250101_75_8_5,75_8,0,38.715248107910156,-9.16466999053955,3,IN_TRANSIT_TO,2025-03-13 07:46:30,8001,258,AF-56-RM,POINT (-9.16466999053955 38.715248107910156)
2722_764,7151_20250101_168_0_2,168_0,0,38.744930267333984,-9.205120086669922,21,IN_TRANSIT_TO,2025-03-13 07:46:40,8816,2722,92-XQ-36,POINT (-9.205120086669922 38.744930267333984)
4632_755,6709_20250101_118_0_4,118_0,0,38.74964904785156,-9.16510009765625,38,IN_TRANSIT_TO,2025-03-13 07:46:38,13508,4632,98-JO-43,POINT (-9.16510009765625 38.74964904785156)
279_76B,18630_20250101_219_0_3,219_0,0,38.708580017089844,-9.193570137023926,8,IN_TRANSIT_TO,2025-03-13 07:46:32,50367,279,AI-38-FG,POINT (-9.193570137023926 38.708580017089844)
2625_781,7755_20250101_151_0_3,151_0,1,38.73006820678711,-9.106399536132812,24,IN_TRANSIT_TO,2025-03-13 07:46:29,8314,2625,72-VP-79,POINT (-9.106399536132812 38.73006820678711)
6045_760,7066_20250101_171_0_2,171_0,0,38.726200103759766,-9.140700340270996,4,IN_TRANSIT_TO,2025-03-13 07:46:35,9211,6045,BH-32-IQ,POINT (-9.140700340270996 38.726200103759766)
2247_758,6815_20250101_150_0_4,150_0,1,38.75067138671875,-9.2012300491333,4,IN_TRANSIT_TO,2025-03-13 07:45:13,10903,2247,22-34-ZB,POINT (-9.2012300491333 38.75067138671875)
2419_703,3135_20250101_165_0_3,165_0,0,38.74998092651367,-9.195280075073242,33,IN_TRANSIT_TO,2025-03-13 07:46:17,10804,2419,92-AO-55,POINT (-9.195280075073242 38.74998092651367)
2330_783,7817_20250101_203_0_3,203_0,0,38.74903106689453,-9.149069786071777,18,IN_TRANSIT_TO,2025-03-13 07:46:30,7513,2330,67-52-ZJ,POINT (-9.149069786071777 38.74903106689453)
2316_735,5279_20250101_172_1_2,172_1,1,38.73323059082031,-9.132780075073242,2,IN_TRANSIT_TO,2025-03-13 07:46:19,504,2316,61-87-ZB,POINT (-9.132780075073242 38.73323059082031)
2428_716,3753_20250101_164_0_6,164_0,1,38.750728607177734,-9.199919700622559,3,IN_TRANSIT_TO,2025-03-13 07:46:27,10903,2428,29-AX-13,POINT (-9.199919700622559 38.750728607177734)
2327_781,7761_20250101_151_0_2,151_0,1,38.767181396484375,-9.110170364379883,12,IN_TRANSIT_TO,2025-03-13 07:46:41,7716,2327,67-53-ZJ,POINT (-9.110170364379883 38.767181396484375)
2204_742,5747_20250101_114_0_4,114_0,1,38.702999114990234,-9.194549560546875,14,IN_TRANSIT_TO,2025-03-13 07:46:24,13401,2204,01-72-XO,POINT (-9.194549560546875 38.702999114990234)
2489_729,4788_20250101_104_0_3,104_0,1,38.75382995605469,-9.190070152282715,33,IN_TRANSIT_TO,2025-03-13 07:46:32,50134,2489,55-BH-05,POINT (-9.190070152282715 38.75382995605469)
253_37B,18839_20250101_224_0_3,224_0,0,38.73175048828125,-9.127429962158203,18,IN_TRANSIT_TO,2025-03-13 07:46:18,50396,253,AF-88-NU,POINT (-9.127429962158203 38.73175048828125)
2402_747,6079_20250101_177_0_4,177_0,1,38.76927185058594,-9.189169883728027,7,IN_TRANSIT_TO,2025-03-13 07:47:21,14108,2402,50-AL-13,POINT (-9.189169883728027 38.76927185058594)
2443_703,3162_20250101_165_0_4,165_0,0,38.78554916381836,-9.142729759216309,2,IN_TRANSIT_TO,2025-03-13 07:46:36,6009,2443,29-AX-05,POINT (-9.142729759216309 38.78554916381836)
1701_701,2979_20250101_123_0_5,123_0,1,38.74729919433594,-9.154620170593262,25,IN_TRANSIT_TO,2025-03-13 07:47:17,13502,1701,39-AB-08,POINT (-9.154620170593262 38.74729919433594)
2341_768,7319_20250101_111_0_5,111_0,0,38.742130279541016,-9.167929649353027,5,IN_TRANSIT_TO,2025-03-13 07:46:24,12702,2341,67-50-ZJ,POINT (-9.167929649353027 38.742130279541016)
2750_756,6757_20250101_175_0_3,175_0,1,38.71577072143555,-9.17555046081543,5,IN_TRANSIT_TO,2025-03-13 07:46:32,9411,2750,AG-10-TH,POINT (-9.17555046081543 38.71577072143555)
2780_723,4136_20250101_121_0_3,121_0,0,38.699031829833984,-9.225419998168945,30,IN_TRANSIT_TO,2025-03-13 07:46:28,4208,2780,AI-06-BT,POINT (-9.225419998168945 38.699031829833984)
2785_713,3576_20250101_122_0_4,122_0,1,38.734798431396484,-9.152449607849121,31,IN_TRANSIT_TO,2025-03-13 07:46:33,1414,2785,AI-05-BT,POINT (-9.152449607849121 38.734798431396484)
2994_765,7179_20250101_110_0_4,110_0,1,38.75571823120117,-9.199629783630371,7,IN_TRANSIT_TO,2025-03-13 07:46:35,13705,2994,29-VM-91,POINT (-9.199629783630371 38.75571823120117)
2471_729,4828_20250101_104_0_2,104_0,0,38.71363067626953,-9.200980186462402,23,IN_TRANSIT_TO,2025-03-13 07:46:25,21303,2471,74-BC-70,POINT (-9.200980186462402 38.71363067626953)
2404_767,7316_20250101_112_1_2,112_1,1,38.756351470947266,-9.203980445861816,9,IN_TRANSIT_TO,2025-03-13 07:46:42,13712,2404,50-AL-11,POINT (-9.203980445861816 38.756351470947266)
2248_771,21932_20250101_248_0_2,248_0,0,38.73923110961914,-9.168230056762695,2,IN_TRANSIT_TO,2025-03-13 07:47:23,1610,2248,22-33-ZB,POINT (-9.168230056762695 38.73923110961914)
2709_727,4537_20250101_103_0_2,103_0,0,38.724769592285156,-9.150779724121094,13,IN_TRANSIT_TO,2025-03-13 07:46:20,1206,2709,92-XQ-42,POINT (-9.150779724121094 38.724769592285156)
1708_794,8108_20250101_115_0_5,115_0,1,38.75313186645508,-9.103449821472168,5,IN_TRANSIT_TO,2025-03-13 07:46:30,2310,1708,69-AL-71,POINT (-9.103449821472168 38.75313186645508)
2714_713,3594_20250101_122_0_4,122_0,1,38.730430603027344,-9.168700218200684,2,IN_TRANSIT_TO,2025-03-13 07:46:25,2704,2714,92-XQ-38,POINT (-9.168700218200684 38.730430603027344)
2760_727,4485_20250101_103_0_3,103_0,1,38.700069427490234,-9.183650016784668,16,IN_TRANSIT_TO,2025-03-13 07:47:17,9505,2760,AH-35-ND,POINT (-9.183650016784668 38.700069427490234)
2299_723,4186_20250101_121_0_2,121_0,1,38.7223014831543,-9.186479568481445,22,IN_TRANSIT_TO,2025-03-13 07:47:18,21308,2299,83-14-ZM,POINT (-9.186479568481445 38.7223014831543)
6013_706,3267_20250101_147_0_5,147_0,1,38.71892166137695,-9.115050315856934,4,IN_TRANSIT_TO,2025-03-13 07:46:36,2131,6013,68-ZF-53,POINT (-9.115050315856934 38.71892166137695)
2478_726,4264_20250101_116_0_4,116_0,1,38.73517990112305,-9.144100189208984,24,IN_TRANSIT_TO,2025-03-13 07:46:16,1806,2478,91-BE-80,POINT (-9.144100189208984 38.73517990112305)
1778_717,3844_20250101_170_0_4,170_0,1,38.754329681396484,-9.138819694519043,31,IN_TRANSIT_TO,2025-03-13 07:46:30,7411,1778,63-HX-30,POINT (-9.138819694519043 38.754329681396484)
4814_751,6517_20250101_109_0_3,109_0,0,38.706199645996094,-9.175530433654785,8,IN_TRANSIT_TO,2025-03-13 07:46:23,12110,4814,68-VQ-52,POINT (-9.175530433654785 38.706199645996094)
1751_717,3879_20250101_170_0_5,170_0,1,38.79751968383789,-9.143779754638672,1,IN_TRANSIT_TO,2025-03-13 07:46:32,16001,1751,34-HU-17,POINT (-9.143779754638672 38.79751968383789)
2812_725,4239_20250101_197_0_6,197_0,1,38.773868560791016,-9.105950355529785,10,IN_TRANSIT_TO,2025-03-13 07:14:37,12316,2812,90-II-61,POINT (-9.105950355529785 38.773868560791016)
2496_720,4066_20250101_143_0_4,143_0,1,38.704219818115234,-9.168020248413086,7,IN_TRANSIT_TO,2025-03-13 07:46:19,10203,2496,88-BL-70,POINT (-9.168020248413086 38.704219818115234)
4639_755,6694_20250101_118_0_5,118_0,1,38.752681732177734,-9.126299858093262,15,IN_TRANSIT_TO,2025-03-13 07:46:21,7403,4639,27-JO-13,POINT (-9.126299858093262 38.752681732177734)
2819_718,3978_20250101_105_0_3,105_0,1,38.72576904296875,-9.118829727172852,10,IN_TRANSIT_TO,2025-03-13 07:34:29,11704,2819,90-II-59,POINT (-9.118829727172852 38.72576904296875)
4647_750,6417_20250101_106_0_3,106_0,1,38.74517822265625,-9.203149795532227,11,IN_TRANSIT_TO,2025-03-13 07:46:35,8811,4647,02-JN-88,POINT (-9.203149795532227 38.74517822265625)
2970_45B,45280_20250101_277_0_3,277_0,1,38.76166915893555,-9.1658296585083,11,IN_TRANSIT_TO,2025-03-13 07:46:35,50006,2970,29-VM-87,POINT (-9.1658296585083 38.76166915893555)
2808_781,7737_20250101_151_0_17,151_0,0,38.78879928588867,-9.123950004577637,29,IN_TRANSIT_TO,2025-01-28 20:19:57,16307,2808,01-IH-97,POINT (-9.123950004577637 38.78879928588867)
2813_718,3937_20250101_105_0_4,105_0,0,38.74298095703125,-9.133569717407227,31,IN_TRANSIT_TO,2025-03-13 07:46:33,50109,2813,90-II-53,POINT (-9.133569717407227 38.74298095703125)
2969_774,7430_20250101_192_0_7,192_0,0,38.72275161743164,-9.158049583435059,7,IN_TRANSIT_TO,2025-03-13 07:47:21,8516,2969,30-VM-09,POINT (-9.158049583435059 38.72275161743164)
2971_45B,49562_20250101_277_0_3,277_0,0,38.76974868774414,-9.159429550170898,8,IN_TRANSIT_TO,2025-03-13 07:47:19,5904,2971,29-VM-98,POINT (-9.159429550170898 38.76974868774414)
4636_755,6712_20250101_118_0_2,118_0,0,38.753028869628906,-9.126469612121582,27,IN_TRANSIT_TO,2025-03-13 07:47:20,50229,4636,90-JI-97,POINT (-9.126469612121582 38.753028869628906)
2811_725,4255_20250101_197_0_6,197_0,1,38.77095031738281,-9.09762954711914,14,IN_TRANSIT_TO,2025-03-13 07:46:32,7822,2811,02-IH-00,POINT (-9.09762954711914 38.77095031738281)
2802_782,7793_20250101_152_0_2,152_0,0,38.775169372558594,-9.097479820251465,20,IN_TRANSIT_TO,2025-03-13 07:46:29,7823,2802,01-IH-91,POINT (-9.097479820251465 38.775169372558594)
2817_718,3959_20250101_105_0_4,105_0,0,38.731651306152344,-9.106829643249512,15,IN_TRANSIT_TO,2025-03-13 07:46:22,8308,2817,90-II-57,POINT (-9.106829643249512 38.731651306152344)
2806_782,7786_20250101_152_0_3,152_0,1,38.77494812011719,-9.099430084228516,2,IN_TRANSIT_TO,2025-03-13 07:46:42,7910,2806,01-IH-95,POINT (-9.099430084228516 38.77494812011719)
2960_798,8194_20250101_194_0_3,194_0,0,38.79243087768555,-9.150230407714844,23,IN_TRANSIT_TO,2025-03-13 07:46:42,11602,2960,27-GU-75,POINT (-9.150230407714844 38.79243087768555)
2453_726,4295_20250101_116_0_2,116_0,1,38.76681900024414,-9.202249526977539,0,IN_TRANSIT_TO,2025-03-13 07:45:51,,2453,16-AZ-13,POINT (-9.202249526977539 38.76681900024414)
4640_736,18817_20250101_199_0_5,199_0,0,38.78303146362305,-9.16569995880127,25,IN_TRANSIT_TO,2025-03-13 07:46:19,7207,4640,02-JN-87,POINT (-9.16569995880127 38.78303146362305)
4625_783,7846_20250101_203_0_3,203_0,0,38.76251983642578,-9.12992000579834,18,IN_TRANSIT_TO,2025-03-13 07:46:30,7513,4625,90-JI-92,POINT (-9.12992000579834 38.76251983642578)
1753_717,3825_20250101_170_0_1,170_0,1,38.74386978149414,-9.132320404052734,36,IN_TRANSIT_TO,2025-03-13 07:47:18,310,1753,34-HU-19,POINT (-9.132320404052734 38.74386978149414)
1750_735,5242_20250101_172_1_2,172_1,0,38.7105712890625,-9.127449989318848,5,IN_TRANSIT_TO,2025-03-13 07:46:30,8201,1750,92-HR-07,POINT (-9.127449989318848 38.7105712890625)
2761_709,3394_20250101_148_0_3,148_0,0,38.714481353759766,-9.140020370483398,11,IN_TRANSIT_TO,2025-03-13 07:46:35,8002,2761,AH-33-ND,POINT (-9.140020370483398 38.714481353759766)
2810_782,7766_20250101_152_0_3,152_0,0,38.70777130126953,-9.139019966125488,2,IN_TRANSIT_TO,2025-03-13 07:46:37,3824,2810,01-IH-99,POINT (-9.139019966125488 38.70777130126953)
2816_782,7776_20250101_152_0_2,152_0,1,38.71332931518555,-9.12279987335205,18,IN_TRANSIT_TO,2025-03-13 07:46:43,2114,2816,90-II-56,POINT (-9.12279987335205 38.71332931518555)
1752_735,5191_20250101_172_0_2,172_0,1,38.72941970825195,-9.128049850463867,20,IN_TRANSIT_TO,2025-03-13 07:46:33,9110,1752,34-HU-18,POINT (-9.128049850463867 38.72941970825195)
2820_718,3994_20250101_105_0_3,105_0,1,38.74330139160156,-9.13284969329834,2,IN_TRANSIT_TO,2025-03-13 07:46:43,308,2820,90-II-60,POINT (-9.13284969329834 38.74330139160156)
231_41B,19375_20250101_232_0_3,232_0,1,38.7747802734375,-9.146949768066406,14,IN_TRANSIT_TO,2025-03-13 07:46:17,11501,231,84-47-XQ,POINT (-9.146949768066406 38.7747802734375)
2411_767,7184_20250101_112_0_2,112_0,1,38.76005172729492,-9.174079895019531,23,IN_TRANSIT_TO,2025-03-13 07:47:20,50016,2411,62-AL-11,POINT (-9.174079895019531 38.76005172729492)
2700_754,6604_20250101_201_0_3,201_0,0,38.74787902832031,-9.188480377197266,16,IN_TRANSIT_TO,2025-03-13 07:46:31,10824,2700,92-XQ-26,POINT (-9.188480377197266 38.74787902832031)
2311_754,6617_20250101_201_0_2,201_0,1,38.7481689453125,-9.180520057678223,24,IN_TRANSIT_TO,2025-03-13 07:46:28,10707,2311,72-23-XN,POINT (-9.180520057678223 38.7481689453125)
2667_711,3454_20250101_101_0_4,101_0,0,38.713470458984375,-9.136930465698242,3,IN_TRANSIT_TO,2025-03-13 07:46:15,5519,2667,87-XB-45,POINT (-9.136930465698242 38.713470458984375)
2251_799,8211_20250101_120_0_4,120_0,0,38.738399505615234,-9.21792984008789,16,IN_TRANSIT_TO,2025-03-13 07:46:25,50053,2251,22-31-ZB,POINT (-9.21792984008789 38.738399505615234)
2410_778,7529_20250101_179_0_5,179_0,0,38.76237106323242,-9.163479804992676,1,IN_TRANSIT_TO,2025-03-13 07:46:42,5809,2410,92-AO-46,POINT (-9.163479804992676 38.76237106323242)
2762_727,4528_20250101_103_0_2,103_0,0,38.69797134399414,-9.191149711608887,33,IN_TRANSIT_TO,2025-03-13 07:46:27,9506,2762,AH-38-ND,POINT (-9.191149711608887 38.69797134399414)
219_773,7398_20250101_124_0_4,124_0,0,38.71181869506836,-9.16372013092041,17,IN_TRANSIT_TO,2025-03-13 07:46:34,10109,219,11-12-XO,POINT (-9.16372013092041 38.71181869506836)
302_744,5841_20250101_200_0_3,200_0,0,38.77507019042969,-9.097820281982422,27,IN_TRANSIT_TO,2025-03-13 07:46:32,7823,302,22-SP-89,POINT (-9.097820281982422 38.77507019042969)
2425_703,3173_20250101_165_0_2,165_0,1,38.76731872558594,-9.181349754333496,17,IN_TRANSIT_TO,2025-03-13 07:47:19,12811,2425,29-AU-20,POINT (-9.181349754333496 38.76731872558594)
2278_768,7347_20250101_111_0_1,111_0,0,38.76966857910156,-9.189530372619629,24,IN_TRANSIT_TO,2025-03-13 07:46:37,50512,2278,67-41-ZJ,POINT (-9.189530372619629 38.76966857910156)
2623_749,6205_20250101_195_0_4,195_0,0,38.7536506652832,-9.114230155944824,2,IN_TRANSIT_TO,2025-03-13 07:46:30,50070,2623,66-VI-26,POINT (-9.114230155944824 38.7536506652832)
2790_738,5550_20250101_117_0_2,117_0,1,38.750518798828125,-9.15863037109375,29,IN_TRANSIT_TO,2025-03-13 07:46:34,13507,2790,AI-54-TL,POINT (-9.15863037109375 38.750518798828125)
2756_727,4441_20250101_103_0_2,103_0,1,38.72882080078125,-9.14780044555664,38,IN_TRANSIT_TO,2025-03-13 07:46:34,1701,2756,AH-27-ND,POINT (-9.14780044555664 38.72882080078125)
2450_767,7250_20250101_112_0_2,112_0,0,38.75278091430664,-9.207679748535156,40,IN_TRANSIT_TO,2025-03-13 07:47:18,50386,2450,44-BC-36,POINT (-9.207679748535156 38.75278091430664)
2746_735,5206_20250101_172_0_4,172_0,1,38.741580963134766,-9.133429527282715,12,IN_TRANSIT_TO,2025-03-13 07:46:34,302,2746,AG-97-TG,POINT (-9.133429527282715 38.741580963134766)
2483_726,4325_20250101_116_0_3,116_0,0,38.73957061767578,-9.150099754333496,12,IN_TRANSIT_TO,2025-03-13 07:46:31,1407,2483,74-BC-66,POINT (-9.150099754333496 38.73957061767578)
2499_742,5777_20250101_114_0_2,114_0,0,38.730228424072266,-9.157529830932617,27,IN_TRANSIT_TO,2025-03-13 07:46:20,6117,2499,03-BM-58,POINT (-9.157529830932617 38.730228424072266)
2300_15E,11499_20250101_76_8_3,76_8,0,38.706329345703125,-9.145350456237793,4,IN_TRANSIT_TO,2025-03-13 07:46:24,3802,2300,83-13-ZM,POINT (-9.145350456237793 38.706329345703125)
1721_794,8054_20250101_115_0_2,115_0,0,38.75185012817383,-9.113880157470703,27,IN_TRANSIT_TO,2025-03-13 07:46:26,24378,1721,25-AS-33,POINT (-9.113880157470703 38.75185012817383)
1705_783,7854_20250101_203_3_2,203_3,1,38.72489929199219,-9.155619621276855,27,IN_TRANSIT_TO,2025-03-13 07:47:17,1206,1705,69-AL-68,POINT (-9.155619621276855 38.72489929199219)
2784_712,3525_20250101_189_0_3,189_0,0,38.707679748535156,-9.17354965209961,30,IN_TRANSIT_TO,2025-03-13 07:46:42,9401,2784,AI-09-BT,POINT (-9.17354965209961 38.707679748535156)
2243_758,6869_20250101_150_0_5,150_0,0,38.71451950073242,-9.144220352172852,4,IN_TRANSIT_TO,2025-03-13 07:45:52,10503,2243,22-36-ZB,POINT (-9.144220352172852 38.71451950073242)
1706_783,7809_20250101_203_0_4,203_0,1,38.73984909057617,-9.146400451660156,22,IN_TRANSIT_TO,2025-03-13 07:45:59,1906,1706,69-AL-69,POINT (-9.146400451660156 38.73984909057617)
1770_755,6663_20250101_118_0_3,118_0,0,38.74726867675781,-9.10811996459961,7,IN_TRANSIT_TO,2025-03-13 07:47:19,2210,1770,63-HX-17,POINT (-9.10811996459961 38.74726867675781)
1710_793,8012_20250101_145_0_2,145_0,0,38.74076843261719,-9.123200416564941,23,IN_TRANSIT_TO,2025-03-13 07:47:17,3609,1710,69-AL-73,POINT (-9.123200416564941 38.74076843261719)
1713_701,2947_20250101_123_0_3,123_0,0,38.73176956176758,-9.162529945373535,24,IN_TRANSIT_TO,2025-03-13 07:46:29,6124,1713,69-AL-76,POINT (-9.162529945373535 38.73176956176758)
2480_767,7305_20250101_112_0_2,112_0,1,38.736881256103516,-9.141949653625488,38,IN_TRANSIT_TO,2025-03-13 07:47:16,11109,2480,91-BE-75,POINT (-9.141949653625488 38.736881256103516)
2252_731,4989_20250101_190_0_4,190_0,1,38.779029846191406,-9.104229927062988,7,IN_TRANSIT_TO,2025-03-13 07:46:22,7904,2252,80-40-ZE,POINT (-9.104229927062988 38.779029846191406)
2413_747,6110_20250101_177_0_4,177_0,0,38.76702880859375,-9.16450023651123,5,IN_TRANSIT_TO,2025-03-13 07:46:38,5815,2413,92-AO-50,POINT (-9.16450023651123 38.76702880859375)
403_79B,18671_20250101_221_0_2,221_0,0,38.702301025390625,-9.202369689941406,9,IN_TRANSIT_TO,2025-03-13 07:46:40,9602,403,BF-84-TA,POINT (-9.202369689941406 38.702301025390625)
2454_703,3170_20250101_165_0_4,165_0,1,38.78165054321289,-9.156599998474121,29,IN_TRANSIT_TO,2025-03-13 07:46:26,5928,2454,16-AZ-18,POINT (-9.156599998474121 38.78165054321289)
2482_716,3752_20250101_164_0_2,164_0,1,38.7422981262207,-9.171870231628418,12,IN_TRANSIT_TO,2025-03-13 07:46:40,1615,2482,55-BH-02,POINT (-9.171870231628418 38.7422981262207)
2801_749,6201_20250101_195_0_4,195_0,0,38.743080139160156,-9.147130012512207,15,IN_TRANSIT_TO,2025-03-13 07:46:36,2002,2801,38-HU-27,POINT (-9.147130012512207 38.743080139160156)
1769_717,3845_20250101_170_0_4,170_0,1,38.767879486083984,-9.158349990844727,22,IN_TRANSIT_TO,2025-03-13 07:46:44,5904,1769,63-HX-24,POINT (-9.158349990844727 38.767879486083984)
1767_717,3759_20250101_170_0_4,170_0,0,38.78282928466797,-9.142129898071289,30,IN_TRANSIT_TO,2025-03-13 07:47:18,6016,1767,63-HX-29,POINT (-9.142129898071289 38.78282928466797)
1768_735,5263_20250101_172_1_2,172_1,1,38.70637893676758,-9.1428804397583,21,IN_TRANSIT_TO,2025-03-13 07:46:23,3820,1768,63-HX-23,POINT (-9.1428804397583 38.70637893676758)
2255_799,8227_20250101_120_0_4,120_0,1,38.741668701171875,-9.211669921875,12,IN_TRANSIT_TO,2025-03-13 07:47:19,8819,2255,80-54-ZE,POINT (-9.211669921875 38.741668701171875)
2666_711,3517_20250101_101_0_3,101_0,0,38.74406814575195,-9.20536994934082,20,IN_TRANSIT_TO,2025-03-13 07:46:23,8811,2666,87-XB-39,POINT (-9.20536994934082 38.74406814575195)
1722_794,8067_20250101_115_0_4,115_0,0,38.74422073364258,-9.118570327758789,14,IN_TRANSIT_TO,2025-03-13 07:46:23,3610,1722,25-AS-34,POINT (-9.118570327758789 38.74422073364258)
1759_717,3887_20250101_170_4_4,170_4,1,38.767730712890625,-9.158280372619629,23,IN_TRANSIT_TO,2025-03-13 07:46:39,5902,1759,34-HU-25,POINT (-9.158280372619629 38.767730712890625)
2487_703,3166_20250101_165_0_2,165_0,1,38.787681579589844,-9.147299766540527,36,IN_TRANSIT_TO,2025-03-13 07:45:38,6001,2487,54-BH-97,POINT (-9.147299766540527 38.787681579589844)
1754_717,3891_20250101_170_4_4,170_4,1,38.78736877441406,-9.148880004882812,7,IN_TRANSIT_TO,2025-03-13 07:46:40,6001,1754,34-HU-20,POINT (-9.148880004882812 38.78736877441406)
2470_767,7294_20250101_112_0_3,112_0,0,38.73516845703125,-9.141329765319824,6,IN_TRANSIT_TO,2025-03-13 07:46:16,11102,2470,74-BC-71,POINT (-9.141329765319824 38.73516845703125)
1762_717,3864_20250101_170_0_4,170_0,1,38.79867935180664,-9.147669792175293,2,IN_TRANSIT_TO,2025-03-13 07:45:31,16003,1762,63-HX-32,POINT (-9.147669792175293 38.79867935180664)
2433_729,4801_20250101_104_0_2,104_0,0,38.7265510559082,-9.194419860839844,36,IN_TRANSIT_TO,2025-03-13 07:46:33,13210,2433,44-BC-28,POINT (-9.194419860839844 38.7265510559082)
2239_758,6868_20250101_150_0_3,150_0,0,38.7203483581543,-9.158379554748535,8,IN_TRANSIT_TO,2025-03-13 07:45:48,6812,2239,06-30-XX,POINT (-9.158379554748535 38.7203483581543)
2322_712,3566_20250101_189_0_5,189_0,1,38.71833038330078,-9.171549797058105,6,IN_TRANSIT_TO,2025-03-13 07:46:35,9302,2322,67-46-ZJ,POINT (-9.171549797058105 38.71833038330078)
2412_747,6122_20250101_177_0_4,177_0,1,38.7672004699707,-9.179519653320312,11,IN_TRANSIT_TO,2025-03-13 07:46:39,12830,2412,92-AO-48,POINT (-9.179519653320312 38.7672004699707)
2774_709,3412_20250101_148_0_2,148_0,0,38.71538162231445,-9.164329528808594,11,IN_TRANSIT_TO,2025-03-13 07:46:35,8002,2774,AH-22-ND,POINT (-9.164329528808594 38.71538162231445)
405_67B,28217_20250101_253_0_2,253_0,0,38.71355056762695,-9.161879539489746,1,IN_TRANSIT_TO,2025-03-13 07:46:32,50525,405,BF-14-TU,POINT (-9.161879539489746 38.71355056762695)
2747_756,6754_20250101_175_0_4,175_0,1,38.7411003112793,-9.147950172424316,12,IN_TRANSIT_TO,2025-03-13 07:46:39,33101,2747,AG-09-TH,POINT (-9.147950172424316 38.7411003112793)
1704_794,8043_20250101_115_0_5,115_0,1,38.76763153076172,-9.103819847106934,1,IN_TRANSIT_TO,2025-03-13 07:46:36,7814,1704,35-AL-14,POINT (-9.103819847106934 38.76763153076172)
2268_768,7341_20250101_111_0_5,111_0,1,38.77014923095703,-9.192850112915039,2,IN_TRANSIT_TO,2025-03-13 07:46:07,50645,2268,76-87-ZG,POINT (-9.192850112915039 38.77014923095703)
1772_717,3781_20250101_170_0_2,170_0,0,38.764949798583984,-9.157170295715332,17,IN_TRANSIT_TO,2025-03-13 07:47:16,5811,1772,63-HX-22,POINT (-9.157170295715332 38.764949798583984)
4613_748,6140_20250101_169_0_3,169_0,0,38.72747039794922,-9.212420463562012,5,IN_TRANSIT_TO,2025-03-13 07:47:19,8607,4613,22-GP-48,POINT (-9.212420463562012 38.72747039794922)
1779_735,5267_20250101_172_0_3,172_0,0,38.74332046508789,-9.138629913330078,23,IN_TRANSIT_TO,2025-03-13 07:46:23,305,1779,63-HX-20,POINT (-9.138629913330078 38.74332046508789)
1725_796,8144_20250101_174_0_9,174_0,0,38.76116943359375,-9.15725040435791,0,IN_TRANSIT_TO,2025-03-13 07:46:46,,1725,25-AS-37,POINT (-9.15725040435791 38.76116943359375)
202_49B,22225_20250101_251_0_2,251_0,0,38.745548248291016,-9.135129928588867,17,IN_TRANSIT_TO,2025-03-13 07:43:53,50109,202,89-58-XD,POINT (-9.135129928588867 38.745548248291016)
2772_713,3592_20250101_122_0_4,122_0,1,38.70283126831055,-9.173500061035156,7,IN_TRANSIT_TO,2025-03-13 07:46:38,9425,2772,AH-24-ND,POINT (-9.173500061035156 38.70283126831055)
1774_717,3863_20250101_170_0_4,170_0,1,38.787418365478516,-9.148550033569336,7,IN_TRANSIT_TO,2025-03-13 07:46:40,6001,1774,53-HX-07,POINT (-9.148550033569336 38.787418365478516)
2467_729,4757_20250101_104_0_2,104_0,0,38.77217102050781,-9.190879821777344,3,IN_TRANSIT_TO,2025-03-13 07:46:35,14103,2467,16-AZ-14,POINT (-9.190879821777344 38.77217102050781)
2752_708,3358_20250101_100_0_3,100_0,1,38.73128128051758,-9.134380340576172,38,IN_TRANSIT_TO,2025-03-13 07:46:39,506,2752,AG-18-TH,POINT (-9.134380340576172 38.73128128051758)
1760_742,5666_20250101_114_0_3,114_0,0,38.729469299316406,-9.123100280761719,13,IN_TRANSIT_TO,2025-03-13 07:47:20,11701,1760,34-HU-26,POINT (-9.123100280761719 38.729469299316406)
2757_727,4502_20250101_103_0_2,103_0,1,38.70397186279297,-9.202380180358887,9,IN_TRANSIT_TO,2025-03-13 07:47:18,13113,2757,AH-32-ND,POINT (-9.202380180358887 38.70397186279297)
2823_753,6553_20250101_167_0_4,167_0,1,38.66775131225586,-9.17162036895752,1,IN_TRANSIT_TO,2025-03-13 07:46:23,19001,2823,BF-64-FZ,POINT (-9.17162036895752 38.66775131225586)
2497_735,5182_20250101_172_0_4,172_0,1,38.708431243896484,-9.133350372314453,32,IN_TRANSIT_TO,2025-03-13 07:46:32,4502,2497,88-BL-71,POINT (-9.133350372314453 38.708431243896484)
2461_726,4317_20250101_116_0_3,116_0,0,38.75518035888672,-9.176030158996582,23,IN_TRANSIT_TO,2025-03-13 07:46:33,13617,2461,55-BH-04,POINT (-9.176030158996582 38.75518035888672)
2422_767,7272_20250101_112_0_3,112_0,0,38.752479553222656,-9.188969612121582,30,IN_TRANSIT_TO,2025-03-13 07:46:21,10808,2422,29-AU-17,POINT (-9.188969612121582 38.752479553222656)
2775_713,3579_20250101_122_0_4,122_0,1,38.71363067626953,-9.15977954864502,18,IN_TRANSIT_TO,2025-03-13 07:46:45,10012,2775,AH-31-ND,POINT (-9.15977954864502 38.71363067626953)
2285_767,7223_20250101_112_0_2,112_0,1,38.75114822387695,-9.197369575500488,14,IN_TRANSIT_TO,2025-03-13 07:46:20,10913,2285,67-55-ZJ,POINT (-9.197369575500488 38.75114822387695)
2967_737,51374_20250101_173_0_2,173_0,0,38.745750427246094,-9.155670166015625,0,IN_TRANSIT_TO,2025-03-13 07:46:44,,2967,30-VM-05,POINT (-9.155670166015625 38.745750427246094)
1719_701,2987_20250101_123_0_7,123_0,1,38.755550384521484,-9.176329612731934,17,IN_TRANSIT_TO,2025-03-13 07:46:41,13617,1719,25-AS-31,POINT (-9.176329612731934 38.755550384521484)
2423_747,6101_20250101_177_0_3,177_0,0,38.7718505859375,-9.189849853515625,16,IN_TRANSIT_TO,2025-03-13 07:47:21,14105,2423,29-AU-18,POINT (-9.189849853515625 38.7718505859375)
2758_738,5512_20250101_117_0_3,117_0,0,38.72309875488281,-9.151470184326172,22,IN_TRANSIT_TO,2025-03-13 07:46:34,1208,2758,AH-36-ND,POINT (-9.151470184326172 38.72309875488281)
2420_778,18640_20250101_179_0_6,179_0,1,38.757728576660156,-9.193619728088379,2,IN_TRANSIT_TO,2025-03-13 07:46:36,50242,2420,29-AU-15,POINT (-9.193619728088379 38.757728576660156)
218_773,7409_20250101_124_0_2,124_0,0,38.717628479003906,-9.151029586791992,4,IN_TRANSIT_TO,2025-03-13 07:46:33,10608,218,11-13-XO,POINT (-9.151029586791992 38.717628479003906)
2833_753,20066_20250101_167_0_2,167_0,1,38.72846984863281,-9.144669532775879,8,IN_TRANSIT_TO,2025-03-13 07:47:17,6601,2833,BF-65-FZ,POINT (-9.144669532775879 38.72846984863281)
2839_751,6490_20250101_109_0_2,109_0,1,38.698028564453125,-9.190580368041992,21,IN_TRANSIT_TO,2025-03-13 07:46:37,9507,2839,BF-69-FZ,POINT (-9.190580368041992 38.698028564453125)
1703_794,8099_20250101_115_0_2,115_0,1,38.73468017578125,-9.117230415344238,29,IN_TRANSIT_TO,2025-03-13 07:46:36,17576,1703,35-AL-13,POINT (-9.117230415344238 38.73468017578125)
4622_796,8154_20250101_174_0_4,174_0,1,38.79085159301758,-9.151399612426758,2,IN_TRANSIT_TO,2025-03-13 07:46:20,11601,4622,90-JI-91,POINT (-9.151399612426758 38.79085159301758)
1766_717,3889_20250101_170_4_4,170_4,1,38.78757858276367,-9.14756965637207,7,IN_TRANSIT_TO,2025-03-13 07:45:55,6001,1766,63-HX-33,POINT (-9.14756965637207 38.78757858276367)
2465_767,7308_20250101_112_0_2,112_0,1,38.73326873779297,-9.141180038452148,39,IN_TRANSIT_TO,2025-03-13 07:47:07,11105,2465,55-BH-00,POINT (-9.141180038452148 38.73326873779297)
1715_701,2960_20250101_123_0_2,123_0,0,38.7552490234375,-9.176199913024902,15,IN_TRANSIT_TO,2025-03-13 07:47:19,50143,1715,69-AL-78,POINT (-9.176199913024902 38.7552490234375)
2787_738,5561_20250101_117_0_2,117_0,1,38.722599029541016,-9.151570320129395,15,IN_TRANSIT_TO,2025-03-13 07:46:37,6809,2787,AI-55-TL,POINT (-9.151570320129395 38.722599029541016)
1765_708,3276_20250101_100_0_5,100_0,1,38.7869987487793,-9.0974702835083,6,IN_TRANSIT_TO,2025-03-13 07:46:33,50305,1765,63-HX-28,POINT (-9.0974702835083 38.7869987487793)
2498_720,4087_20250101_143_0_5,143_0,0,38.70357131958008,-9.169870376586914,24,IN_TRANSIT_TO,2025-03-13 07:46:29,10204,2498,03-BM-57,POINT (-9.169870376586914 38.70357131958008)
1776_717,3803_20250101_170_0_5,170_0,0,38.73664855957031,-9.134119987487793,1,IN_TRANSIT_TO,2025-03-13 07:46:19,521,1776,53-HX-09,POINT (-9.134119987487793 38.73664855957031)
2477_726,4308_20250101_116_0_3,116_0,0,38.7659797668457,-9.198949813842773,31,IN_TRANSIT_TO,2025-03-13 07:45:26,13910,2477,91-BE-73,POINT (-9.198949813842773 38.7659797668457)
220_773,7424_20250101_124_0_4,124_0,1,38.71247100830078,-9.152830123901367,19,IN_TRANSIT_TO,2025-03-13 07:46:26,6712,220,11-07-XO,POINT (-9.152830123901367 38.71247100830078)
6011_724,4233_20250101_178_0_2,178_0,1,38.742149353027344,-9.200169563293457,14,IN_TRANSIT_TO,2025-03-13 07:46:18,2810,6011,65-ZF-82,POINT (-9.200169563293457 38.742149353027344)
2484_703,3149_20250101_165_0_3,165_0,0,38.769798278808594,-9.176730155944824,21,IN_TRANSIT_TO,2025-03-13 07:46:25,50391,2484,91-BE-76,POINT (-9.176730155944824 38.769798278808594)
605_15E,11264_20250101_76_0_4,76_0,1,38.69723129272461,-9.201729774475098,7,IN_TRANSIT_TO,2025-03-13 07:46:27,9609,605,,POINT (-9.201729774475098 38.69723129272461)
2240_758,6848_20250101_150_0_3,150_0,0,38.74448013305664,-9.179019927978516,21,IN_TRANSIT_TO,2025-03-13 07:46:41,10706,2240,06-31-XX,POINT (-9.179019927978516 38.74448013305664)
2403_703,3100_20250101_165_0_3,165_0,1,38.74454879760742,-9.198249816894531,4,IN_TRANSIT_TO,2025-03-13 07:46:27,2812,2403,50-AL-12,POINT (-9.198249816894531 38.74454879760742)
2791_751,6503_20250101_109_0_1,109_0,1,38.69977951049805,-9.224200248718262,12,IN_TRANSIT_TO,2025-03-13 07:46:42,4204,2791,AJ-61-LI,POINT (-9.224200248718262 38.69977951049805)
2786_712,3541_20250101_189_0_5,189_0,0,38.72650146484375,-9.13599967956543,12,IN_TRANSIT_TO,2025-03-13 07:47:16,605,2786,AI-52-TL,POINT (-9.13599967956543 38.72650146484375)
2426_716,3747_20250101_164_0_6,164_0,1,38.73912811279297,-9.15272045135498,19,IN_TRANSIT_TO,2025-03-13 07:47:17,33101,2426,29-AU-21,POINT (-9.15272045135498 38.73912811279297)
221_773,7408_20250101_124_0_7,124_0,0,38.71036911010742,-9.161370277404785,12,IN_TRANSIT_TO,2025-03-13 07:46:38,10001,221,11-06-XO,POINT (-9.161370277404785 38.71036911010742)
408_19B,21687_20250101_245_0_2,245_0,0,38.7169189453125,-9.148929595947266,11,IN_TRANSIT_TO,2025-03-13 07:46:41,6715,408,BF-24-TS,POINT (-9.148929595947266 38.7169189453125)
2485_729,4817_20250101_104_0_3,104_0,1,38.69892120361328,-9.227149963378906,0,IN_TRANSIT_TO,2025-03-13 07:46:21,,2485,91-BE-77,POINT (-9.227149963378906 38.69892120361328)
2408_767,7314_20250101_112_1_2,112_1,0,38.75947952270508,-9.185179710388184,9,IN_TRANSIT_TO,2025-03-13 07:46:10,12804,2408,50-AL-08,POINT (-9.185179710388184 38.75947952270508)
2837_751,21402_20250101_109_0_2,109_0,0,38.69902038574219,-9.226300239562988,22,IN_TRANSIT_TO,2025-03-13 07:46:25,4205,2837,BF-66-FZ,POINT (-9.226300239562988 38.69902038574219)
2764_727,4463_20250101_103_0_2,103_0,1,38.70774841308594,-9.153200149536133,27,IN_TRANSIT_TO,2025-03-13 07:46:16,3922,2764,AH-29-ND,POINT (-9.153200149536133 38.70774841308594)
228_773,7378_20250101_124_0_8,124_0,1,38.70555114746094,-9.171250343322754,2,IN_TRANSIT_TO,2025-03-13 07:46:41,9418,228,84-39-XQ,POINT (-9.171250343322754 38.70555114746094)
2474_726,4273_20250101_116_0_2,116_0,1,38.742401123046875,-9.167320251464844,14,IN_TRANSIT_TO,2025-03-13 07:46:27,12708,2474,74-BC-67,POINT (-9.167320251464844 38.742401123046875)
2942_31B,17538_20250101_210_0_3,210_0,0,38.754371643066406,-9.108819961547852,8,IN_TRANSIT_TO,2025-03-13 07:46:27,24365,2942,51-GL-82,POINT (-9.108819961547852 38.754371643066406)
4840_736,5379_20250101_199_0_2,199_0,1,38.73086929321289,-9.146719932556152,24,IN_TRANSIT_TO,2025-03-13 07:47:21,1714,4840,45-VX-93,POINT (-9.146719932556152 38.73086929321289)
2335_782,7785_20250101_152_0_2,152_0,1,38.75613021850586,-9.103219985961914,8,IN_TRANSIT_TO,2025-03-13 07:46:46,2320,2335,62-98-ZG,POINT (-9.103219985961914 38.75613021850586)
2481_767,7201_20250101_112_0_2,112_0,1,38.752750396728516,-9.18826961517334,17,IN_TRANSIT_TO,2025-03-13 07:46:24,10813,2481,54-BH-99,POINT (-9.18826961517334 38.752750396728516)
4609_748,6144_20250101_169_0_2,169_0,1,38.724998474121094,-9.156169891357422,9,IN_TRANSIT_TO,2025-03-13 07:46:26,1224,4609,96-GL-86,POINT (-9.156169891357422 38.724998474121094)
1720_794,8073_20250101_115_0_4,115_0,0,38.710750579833984,-9.12714958190918,2,IN_TRANSIT_TO,2025-03-13 07:47:17,8201,1720,25-AS-32,POINT (-9.12714958190918 38.710750579833984)
1724_794,8101_20250101_115_0_4,115_0,1,38.74647903442383,-9.119529724121094,24,IN_TRANSIT_TO,2025-03-13 07:46:45,3605,1724,25-AS-36,POINT (-9.119529724121094 38.74647903442383)
2753_735,5232_20250101_172_0_4,172_0,1,38.743370056152344,-9.138699531555176,20,IN_TRANSIT_TO,2025-03-13 07:46:28,9110,2753,AG-08-TH,POINT (-9.138699531555176 38.743370056152344)
2941_29B,17534_20250101_209_0_2,209_0,0,38.76165008544922,-9.113699913024902,1,IN_TRANSIT_TO,2025-03-13 07:47:18,50090,2941,51-GL-81,POINT (-9.113699913024902 38.76165008544922)
2451_703,3175_20250101_165_0_4,165_0,1,38.76026916503906,-9.184399604797363,11,IN_TRANSIT_TO,2025-03-13 07:46:39,12823,2451,75-AQ-16,POINT (-9.184399604797363 38.76026916503906)
2405_716,3718_20250101_164_0_7,164_0,0,38.738128662109375,-9.149749755859375,6,IN_TRANSIT_TO,2025-03-13 07:46:33,1407,2405,50-AL-10,POINT (-9.149749755859375 38.738128662109375)
2792_714,3671_20250101_102_0_4,102_0,1,38.697479248046875,-9.194049835205078,23,IN_TRANSIT_TO,2025-03-13 07:46:41,4115,2792,AJ-53-LI,POINT (-9.194049835205078 38.697479248046875)
2434_726,4341_20250101_116_0_3,116_0,0,38.726200103759766,-9.132399559020996,3,IN_TRANSIT_TO,2025-03-13 07:46:05,601,2434,29-AU-24,POINT (-9.132399559020996 38.726200103759766)
2464_729,4836_20250101_104_0_1,104_0,0,38.74991989135742,-9.194720268249512,11,IN_TRANSIT_TO,2025-03-13 07:47:18,10804,2464,91-BE-71,POINT (-9.194720268249512 38.74991989135742)
1723_798,8202_20250101_194_0_6,194_0,1,38.76342010498047,-9.153619766235352,19,IN_TRANSIT_TO,2025-03-13 07:46:23,5836,1723,25-AS-35,POINT (-9.153619766235352 38.76342010498047)
2800_748,6155_20250101_169_0_2,169_0,1,38.722469329833984,-9.170000076293945,6,IN_TRANSIT_TO,2025-03-13 07:46:33,14311,2800,AJ-54-LI,POINT (-9.170000076293945 38.722469329833984)
223_773,20155_20250101_124_0_6,124_0,1,38.71244812011719,-9.163020133972168,10,IN_TRANSIT_TO,2025-03-13 07:46:39,10103,223,84-38-XQ,POINT (-9.163020133972168 38.71244812011719)
1726_701,2967_20250101_123_0_3,123_0,0,38.748870849609375,-9.148980140686035,5,IN_TRANSIT_TO,2025-03-13 07:46:40,2006,1726,25-AS-38,POINT (-9.148980140686035 38.748870849609375)
2488_767,7286_20250101_112_0_3,112_0,0,38.75907897949219,-9.180930137634277,26,IN_TRANSIT_TO,2025-03-13 07:47:18,12828,2488,91-BE-79,POINT (-9.180930137634277 38.75907897949219)
4610_750,6401_20250101_106_0_3,106_0,1,38.75566864013672,-9.149129867553711,26,IN_TRANSIT_TO,2025-03-13 07:46:34,5712,4610,96-GL-87,POINT (-9.149129867553711 38.75566864013672)
2290_767,7228_20250101_112_0_2,112_0,1,38.74789810180664,-9.215350151062012,4,IN_TRANSIT_TO,2025-03-13 07:46:28,3018,2290,92-55-ZM,POINT (-9.215350151062012 38.74789810180664)
2840_751,6437_20250101_109_0_4,109_0,0,38.697879791259766,-9.19176959991455,13,IN_TRANSIT_TO,2025-03-13 07:46:20,9508,2840,BF-75-FZ,POINT (-9.19176959991455 38.697879791259766)
2773_754,6609_20250101_201_0_3,201_0,0,38.74140167236328,-9.146200180053711,2,IN_TRANSIT_TO,2025-03-13 07:46:43,1904,2773,AH-39-ND,POINT (-9.146200180053711 38.74140167236328)
1728_701,2988_20250101_123_0_3,123_0,1,38.726478576660156,-9.162280082702637,7,IN_TRANSIT_TO,2025-03-13 07:46:37,6104,1728,25-AS-40,POINT (-9.162280082702637 38.726478576660156)
2798_727,4476_20250101_103_0_2,103_0,1,38.70384979248047,-9.168000221252441,19,IN_TRANSIT_TO,2025-03-13 07:46:19,12105,2798,AJ-56-LI,POINT (-9.168000221252441 38.70384979248047)
4838_783,7852_20250101_203_0_3,203_0,0,38.745521545410156,-9.14745044708252,10,IN_TRANSIT_TO,2025-03-13 07:46:37,2021,4838,34-VR-22,POINT (-9.14745044708252 38.745521545410156)
2751_735,5283_20250101_172_0_3,172_0,0,38.708580017089844,-9.133480072021484,3,IN_TRANSIT_TO,2025-03-13 07:46:44,5501,2751,AG-12-TH,POINT (-9.133480072021484 38.708580017089844)
2249_731,4974_20250101_190_0_4,190_0,1,38.76020050048828,-9.135120391845703,19,IN_TRANSIT_TO,2025-03-13 07:46:45,7515,2249,22-32-ZB,POINT (-9.135120391845703 38.76020050048828)
6029_732,5057_20250101_107_0_2,107_0,1,38.739898681640625,-9.146200180053711,38,IN_TRANSIT_TO,2025-03-13 07:46:34,1809,6029,BF-52-AX,POINT (-9.146200180053711 38.739898681640625)
2276_729,4810_20250101_104_0_2,104_0,1,38.71221923828125,-9.198670387268066,16,IN_TRANSIT_TO,2025-03-13 07:46:20,12923,2276,53-57-ZJ,POINT (-9.198670387268066 38.71221923828125)
2944_26B,17520_20250101_208_0_2,208_0,1,38.7706298828125,-9.108699798583984,13,IN_TRANSIT_TO,2025-03-13 07:46:31,7809,2944,75-GO-13,POINT (-9.108699798583984 38.7706298828125)
2245_771,21942_20250101_248_0_5,248_0,1,38.7076301574707,-9.19651985168457,5,IN_TRANSIT_TO,2025-03-13 07:46:41,10302,2245,22-35-ZB,POINT (-9.19651985168457 38.7076301574707)
4829_736,5388_20250101_199_0_4,199_0,1,38.75461959838867,-9.152999877929688,15,IN_TRANSIT_TO,2025-03-13 07:46:15,5806,4829,34-VR-21,POINT (-9.152999877929688 38.75461959838867)
2956_797,8172_20250101_163_0_3,163_0,0,38.73748016357422,-9.133819580078125,1,IN_TRANSIT_TO,2025-03-13 07:46:42,409,2956,27-GU-71,POINT (-9.133819580078125 38.73748016357422)
4834_736,5422_20250101_199_0_4,199_0,1,38.788719177246094,-9.176079750061035,4,IN_TRANSIT_TO,2025-03-13 07:46:39,15107,4834,20-VQ-71,POINT (-9.176079750061035 38.788719177246094)
2843_751,21406_20250101_109_0_2,109_0,0,38.71860122680664,-9.175049781799316,4,IN_TRANSIT_TO,2025-03-13 07:46:24,11902,2843,BF-63-FZ,POINT (-9.175049781799316 38.71860122680664)
209_49B,22224_20250101_251_0_3,251_0,0,38.740928649902344,-9.137579917907715,3,IN_TRANSIT_TO,2025-03-13 07:46:33,50567,209,33-46-XH,POINT (-9.137579917907715 38.740928649902344)
212_773,7416_20250101_124_0_7,124_0,0,38.72037887573242,-9.153630256652832,0,IN_TRANSIT_TO,2025-03-13 07:46:46,,212,44-11-XL,POINT (-9.153630256652832 38.72037887573242)
2209_742,5737_20250101_114_0_2,114_0,1,38.70280075073242,-9.180100440979004,18,IN_TRANSIT_TO,2025-03-13 07:45:53,12005,2209,01-68-XO,POINT (-9.180100440979004 38.70280075073242)
2225_708,3370_20250101_100_0_2,100_0,1,38.773128509521484,-9.097430229187012,13,IN_TRANSIT_TO,2025-03-13 07:46:35,7824,2225,08-03-XS,POINT (-9.097430229187012 38.773128509521484)
2235_758,6770_20250101_150_0_4,150_0,1,38.727081298828125,-9.162320137023926,20,IN_TRANSIT_TO,2025-03-13 07:46:26,6102,2235,06-32-XX,POINT (-9.162320137023926 38.727081298828125)
2224_708,3365_20250101_100_0_5,100_0,1,38.761619567871094,-9.11454963684082,23,IN_TRANSIT_TO,2025-03-13 07:46:20,8433,2224,08-15-XS,POINT (-9.11454963684082 38.761619567871094)
2217_708,3333_20250101_100_0_3,100_0,0,38.759281158447266,-9.129779815673828,15,IN_TRANSIT_TO,2025-03-13 07:46:38,7507,2217,07-99-XS,POINT (-9.129779815673828 38.759281158447266)
2214_742,5751_20250101_114_0_3,114_0,1,38.709129333496094,-9.191949844360352,7,IN_TRANSIT_TO,2025-03-13 07:47:20,10309,2214,08-02-XS,POINT (-9.191949844360352 38.709129333496094)
2213_742,5776_20250101_114_0_4,114_0,0,38.704071044921875,-9.185680389404297,43,IN_TRANSIT_TO,2025-03-13 07:46:29,12002,2213,08-04-XS,POINT (-9.185680389404297 38.704071044921875)
2834_753,20068_20250101_167_0_2,167_0,1,38.72431945800781,-9.160599708557129,4,IN_TRANSIT_TO,2025-03-13 07:47:19,8502,2834,BF-76-FZ,POINT (-9.160599708557129 38.72431945800781)
2215_742,5769_20250101_114_0_2,114_0,0,38.704471588134766,-9.189350128173828,44,IN_TRANSIT_TO,2025-03-13 07:46:42,12006,2215,08-01-XS,POINT (-9.189350128173828 38.704471588134766)
2205_742,5698_20250101_114_0_3,114_0,1,38.72983169555664,-9.124070167541504,45,IN_TRANSIT_TO,2025-03-13 07:46:24,7012,2205,01-71-XO,POINT (-9.124070167541504 38.72983169555664)
2208_742,5759_20250101_114_0_4,114_0,1,38.713951110839844,-9.199419975280762,1,IN_TRANSIT_TO,2025-03-13 07:46:35,10315,2208,01-69-XO,POINT (-9.199419975280762 38.713951110839844)
2216_742,5731_20250101_114_0_3,114_0,1,38.72705078125,-9.162229537963867,30,IN_TRANSIT_TO,2025-03-13 07:46:33,6104,2216,08-00-XS,POINT (-9.162229537963867 38.72705078125)
2218_708,3311_20250101_100_0_4,100_0,0,38.76816940307617,-9.098329544067383,28,IN_TRANSIT_TO,2025-03-13 07:47:22,7805,2218,07-98-XS,POINT (-9.098329544067383 38.76816940307617)
2220_742,5783_20250101_114_0_3,114_0,0,38.729549407958984,-9.158530235290527,27,IN_TRANSIT_TO,2025-03-13 07:46:44,6117,2220,07-96-XS,POINT (-9.158530235290527 38.729549407958984)
6002_758,6809_20250101_150_0_2,150_0,1,38.74745178222656,-9.190070152282715,7,IN_TRANSIT_TO,2025-03-13 07:46:38,10803,6002,98-XU-85,POINT (-9.190070152282715 38.74745178222656)
2223_742,5720_20250101_114_0_4,114_0,1,38.735130310058594,-9.142499923706055,38,IN_TRANSIT_TO,2025-03-13 07:47:19,11101,2223,08-16-XS,POINT (-9.142499923706055 38.735130310058594)
2221_708,3347_20250101_100_0_2,100_0,0,38.732051849365234,-9.134329795837402,6,IN_TRANSIT_TO,2025-03-13 07:47:19,609,2221,07-95-XS,POINT (-9.134329795837402 38.732051849365234)
6028_732,5044_20250101_107_0_3,107_0,0,38.7429313659668,-9.147069931030273,5,IN_TRANSIT_TO,2025-03-13 07:46:31,2019,6028,BF-68-AX,POINT (-9.147069931030273 38.7429313659668)
234_17B,21703_20250101_247_0_2,247_0,0,38.72267150878906,-9.13938045501709,10,IN_TRANSIT_TO,2025-03-13 07:47:18,9211,234,13-31-XZ,POINT (-9.13938045501709 38.72267150878906)
412_19B,21687_20250101_245_0_23,245_0,0,38.7224006652832,-9.140700340270996,0,IN_TRANSIT_TO,2025-02-17 19:56:24,,412,BF-65-TC,POINT (-9.140700340270996 38.7224006652832)
568_25E,14263_20250101_79_0_4,79_0,0,38.70634841918945,-9.14503002166748,1,IN_TRANSIT_TO,2025-03-13 07:46:27,3821,568,,POINT (-9.14503002166748 38.70634841918945)
567_18E,12202_20250101_78_0_2,78_0,1,38.70317840576172,-9.192970275878906,8,IN_TRANSIT_TO,2025-03-13 07:46:38,13407,567,,POINT (-9.192970275878906 38.70317840576172)
2207_742,5788_20250101_114_0_2,114_0,0,38.73262023925781,-9.130370140075684,16,IN_TRANSIT_TO,2025-03-13 07:46:38,501,2207,01-70-XO,POINT (-9.130370140075684 38.73262023925781)
4615_750,6313_20250101_106_0_4,106_0,0,38.757720947265625,-9.176619529724121,19,IN_TRANSIT_TO,2025-03-13 07:47:16,12805,4615,22-GP-49,POINT (-9.176619529724121 38.757720947265625)
565_24E,17842_20250101_213_0_4,213_0,0,38.72090148925781,-9.155850410461426,7,IN_TRANSIT_TO,2025-03-13 07:46:39,50361,565,,POINT (-9.155850410461426 38.72090148925781)
2229_755,6706_20250101_118_0_2,118_0,1,38.74174880981445,-9.167619705200195,2,IN_TRANSIT_TO,2025-03-13 07:47:17,1603,2229,06-37-XX,POINT (-9.167619705200195 38.74174880981445)
2233_724,4213_20250101_178_0_3,178_0,0,38.751319885253906,-9.19729995727539,19,IN_TRANSIT_TO,2025-03-13 07:46:30,10907,2233,06-38-XX,POINT (-9.19729995727539 38.751319885253906)
2231_758,6831_20250101_150_0_3,150_0,1,38.752620697021484,-9.209449768066406,0,IN_TRANSIT_TO,2025-03-13 07:47:19,,2231,06-28-XX,POINT (-9.209449768066406 38.752620697021484)
2232_758,6793_20250101_150_0_4,150_0,1,38.74082946777344,-9.169699668884277,13,IN_TRANSIT_TO,2025-03-13 07:46:39,1615,2232,06-23-XX,POINT (-9.169699668884277 38.74082946777344)
6008_778,7534_20250101_179_0_2,179_0,1,38.76512908935547,-9.171680450439453,18,IN_TRANSIT_TO,2025-03-13 07:46:29,50024,6008,81-ZC-08,POINT (-9.171680450439453 38.76512908935547)
2238_758,6889_20250101_150_0_4,150_0,1,38.720829010009766,-9.159870147705078,23,IN_TRANSIT_TO,2025-03-13 07:46:21,8514,2238,06-29-XX,POINT (-9.159870147705078 38.720829010009766)
2201_742,5676_20250101_114_0_2,114_0,0,38.73387145996094,-9.112480163574219,0,IN_TRANSIT_TO,2025-03-13 07:46:20,,2201,72-15-XN,POINT (-9.112480163574219 38.73387145996094)
6004_706,3251_20250101_147_0_3,147_0,1,38.713130950927734,-9.153169631958008,27,IN_TRANSIT_TO,2025-03-13 07:46:15,6704,6004,82-ZC-35,POINT (-9.153169631958008 38.713130950927734)
2234_758,6860_20250101_150_0_3,150_0,0,38.74317932128906,-9.1743803024292,20,IN_TRANSIT_TO,2025-03-13 07:47:19,1616,2234,06-26-XX,POINT (-9.1743803024292 38.74317932128906)
414_67B,28216_20250101_253_0_2,253_0,0,38.707000732421875,-9.161199569702148,16,IN_TRANSIT_TO,2025-03-13 07:46:26,50327,414,BF-95-TP,POINT (-9.161199569702148 38.707000732421875)
2835_751,6459_20250101_109_0_4,109_0,0,38.69990158081055,-9.20580005645752,16,IN_TRANSIT_TO,2025-03-13 07:46:23,9604,2835,BF-62-FZ,POINT (-9.20580005645752 38.69990158081055)
6027_767,7311_20250101_112_0_2,112_0,1,38.7564811706543,-9.146369934082031,30,IN_TRANSIT_TO,2025-03-13 07:46:28,5706,6027,BF-66-BA,POINT (-9.146369934082031 38.7564811706543)
615_15E,11202_20250101_76_0_5,76_0,0,38.6973991394043,-9.203530311584473,13,IN_TRANSIT_TO,2025-03-13 07:47:19,4112,615,,POINT (-9.203530311584473 38.6973991394043)
407_22B,19420_20250101_236_0_2,236_0,0,38.714820861816406,-9.151530265808105,14,IN_TRANSIT_TO,2025-03-13 07:46:29,9902,407,BF-55-TT,POINT (-9.151530265808105 38.714820861816406)
613_15E,11238_20250101_76_0_2,76_0,1,38.7065315246582,-9.151029586791992,18,IN_TRANSIT_TO,2025-03-13 07:46:33,3901,613,,POINT (-9.151029586791992 38.7065315246582)
2241_771,21928_20250101_248_0_3,248_0,0,38.726318359375,-9.194319725036621,11,IN_TRANSIT_TO,2025-03-13 07:46:36,8607,2241,22-37-ZB,POINT (-9.194319725036621 38.726318359375)
2262_750,38368_20250101_106_4_2,106_4,1,38.74388122558594,-9.205519676208496,11,IN_TRANSIT_TO,2025-03-12 07:43:27,8811,2262,80-48-ZE,POINT (-9.205519676208496 38.74388122558594)
2287_763,46424_20250101_282_0_4,282_0,1,38.77693176269531,-9.176079750061035,12,IN_TRANSIT_TO,2025-03-13 07:46:42,50313,2287,92-58-ZM,POINT (-9.176079750061035 38.77693176269531)
2261_750,38367_20250101_106_4_3,106_4,0,38.711578369140625,-9.22577953338623,9,IN_TRANSIT_TO,2025-03-13 07:46:27,14309,2261,80-49-ZE,POINT (-9.22577953338623 38.711578369140625)
2832_753,21628_20250101_167_0_3,167_0,1,38.7247314453125,-9.156749725341797,4,IN_TRANSIT_TO,2025-03-13 07:46:21,8502,2832,BF-68-FZ,POINT (-9.156749725341797 38.7247314453125)
303_744,5819_20250101_200_0_3,200_0,1,38.76422119140625,-9.129570007324219,14,IN_TRANSIT_TO,2025-03-13 07:47:15,50592,303,22-SP-90,POINT (-9.129570007324219 38.76422119140625)
2266_706,3260_20250101_147_0_3,147_0,1,38.72357177734375,-9.147700309753418,21,IN_TRANSIT_TO,2025-03-13 07:47:17,1217,2266,76-92-ZG,POINT (-9.147700309753418 38.72357177734375)
