id,trip_id,route_id,direction_id,latitude,longitude,current_stop_sequence,current_status,timestamp,stop_id,vehicle_id,license_plate,geometry
2689_711,3497_20250101_101_0_6,101_0,1,38.71677017211914,-9.14253044128418,30,IN_TRANSIT_TO,2025-02-27 21:09:39,1102,2689,93-XA-45,POINT (-9.14253044128418 38.71677017211914)
4648_750,6283_20250101_106_0_5,106_0,0,38.716331481933594,-9.231300354003906,34,IN_TRANSIT_TO,2025-02-27 21:09:58,18111,4648,98-JO-47,POINT (-9.231300354003906 38.716331481933594)
4637_736,18817_20250101_199_0_17,199_0,0,38.7882194519043,-9.169580459594727,25,IN_TRANSIT_TO,2025-02-27 21:09:54,7207,4637,98-JO-44,POINT (-9.169580459594727 38.7882194519043)
2793_712,3541_20250101_189_0_19,189_0,0,38.71413040161133,-9.122079849243164,0,IN_TRANSIT_TO,2025-02-27 21:09:44,,2793,AJ-58-LI,POINT (-9.122079849243164 38.71413040161133)
2302_755,6709_20250101_118_0_17,118_0,1,38.74422073364258,-9.113579750061035,31,IN_TRANSIT_TO,2025-02-27 21:10:07,3708,2302,83-08-ZM,POINT (-9.113579750061035 38.74422073364258)
4607_750,6268_20250101_106_0_2,106_0,1,38.74742126464844,-9.189949989318848,17,IN_TRANSIT_TO,2025-02-27 21:10:00,10803,4607,96-GL-84,POINT (-9.189949989318848 38.74742126464844)
304_744,5830_20250101_200_0_14,200_0,1,38.76213073730469,-9.130620002746582,15,IN_TRANSIT_TO,2025-02-27 21:09:42,7502,304,22-SP-91,POINT (-9.130620002746582 38.76213073730469)
2254_763,46424_20250101_282_0_24,282_0,1,38.752620697021484,-9.189419746398926,0,IN_TRANSIT_TO,2025-02-27 21:09:54,,2254,80-51-ZE,POINT (-9.189419746398926 38.752620697021484)
2315_735,5263_20250101_172_1_16,172_1,1,38.72064971923828,-9.124520301818848,9,IN_TRANSIT_TO,2025-02-27 21:09:51,9114,2315,61-88-ZB,POINT (-9.124520301818848 38.72064971923828)
2440_778,18644_20250101_179_0_25,179_0,1,38.760528564453125,-9.1670503616333,21,IN_TRANSIT_TO,2025-02-27 21:09:58,50006,2440,29-AX-08,POINT (-9.1670503616333 38.760528564453125)
2992_730,4969_20250101_198_0_21,198_0,0,38.72932815551758,-9.145930290222168,24,IN_TRANSIT_TO,2025-02-27 21:09:41,6605,2992,29-VM-95,POINT (-9.145930290222168 38.72932815551758)
603_15E,11228_20250101_76_0_19,76_0,0,38.706268310546875,-9.14402961730957,1,IN_TRANSIT_TO,2025-02-27 21:10:09,3802,603,,POINT (-9.14402961730957 38.706268310546875)
4604_750,6393_20250101_106_0_10,106_0,1,38.723880767822266,-9.208169937133789,5,IN_TRANSIT_TO,2025-02-27 21:09:40,18402,4604,96-GL-82,POINT (-9.208169937133789 38.723880767822266)
2250_731,19403_20240727_190_0_8,190_0,1,38.78303146362305,-9.114009857177734,3,IN_TRANSIT_TO,2024-08-10 10:41:27,12610,2250,80-41-ZE,POINT (-9.114009857177734 38.78303146362305)
6021_706,3218_20250101_147_0_8,147_0,0,38.71628189086914,-9.154820442199707,10,IN_TRANSIT_TO,2025-02-27 21:09:41,6705,6021,BD-91-QG,POINT (-9.154820442199707 38.71628189086914)
2830_751,6523_20250101_109_0_8,109_0,1,38.7140007019043,-9.225680351257324,23,IN_TRANSIT_TO,2025-02-27 21:09:46,9503,2830,BF-57-FZ,POINT (-9.225680351257324 38.7140007019043)
4642_750,6355_20250101_106_0_3,106_0,0,38.726478576660156,-9.209699630737305,33,IN_TRANSIT_TO,2025-02-27 21:09:51,14008,4642,90-JI-99,POINT (-9.209699630737305 38.726478576660156)
4816_748,6195_20250101_169_0_2,169_0,0,38.723819732666016,-9.178030014038086,5,IN_TRANSIT_TO,2025-02-27 21:10:09,8607,4816,34-VR-17,POINT (-9.178030014038086 38.723819732666016)
4614_750,6372_20250101_106_0_13,106_0,0,38.74528121948242,-9.203720092773438,28,IN_TRANSIT_TO,2025-02-27 21:09:41,8816,4614,96-GL-90,POINT (-9.203720092773438 38.74528121948242)
2943_26B,17520_20250101_208_0_23,208_0,0,38.774131774902344,-9.105830192565918,10,IN_TRANSIT_TO,2025-02-27 21:10:02,7908,2943,51-GL-83,POINT (-9.105830192565918 38.774131774902344)
4611_750,6313_20250101_106_0_15,106_0,1,38.74980163574219,-9.19417953491211,16,IN_TRANSIT_TO,2025-02-27 21:09:58,10835,4611,96-GL-88,POINT (-9.19417953491211 38.74980163574219)
4629_783,7817_20250101_203_0_15,203_0,0,38.785919189453125,-9.12382984161377,29,IN_TRANSIT_TO,2025-02-27 21:09:47,16305,4629,11-JM-77,POINT (-9.12382984161377 38.785919189453125)
4630_783,7835_20250101_203_0_16,203_0,1,38.74811935424805,-9.148599624633789,19,IN_TRANSIT_TO,2025-02-27 21:09:51,2006,4630,02-JN-85,POINT (-9.148599624633789 38.74811935424805)
2973_52B,21661_20250101_244_0_20,244_0,0,38.7617301940918,-9.195249557495117,22,IN_TRANSIT_TO,2025-02-27 21:06:27,50472,2973,30-VM-13,POINT (-9.195249557495117 38.7617301940918)
4627_736,5359_20250101_199_0_15,199_0,0,38.77452850341797,-9.14883041381836,20,IN_TRANSIT_TO,2025-02-27 21:09:55,5907,4627,11-JM-76,POINT (-9.14883041381836 38.77452850341797)
2692_746,5964_20250101_108_0_23,108_0,0,38.73860168457031,-9.16355037689209,7,IN_TRANSIT_TO,2025-02-27 21:10:08,1507,2692,90-XF-62,POINT (-9.16355037689209 38.73860168457031)
2694_746,5986_20250101_108_0_21,108_0,0,38.72502136230469,-9.184599876403809,1,IN_TRANSIT_TO,2025-02-27 21:09:52,1203,2694,90-XF-49,POINT (-9.184599876403809 38.72502136230469)
4836_736,5319_20250101_199_0_16,199_0,1,38.743099212646484,-9.146880149841309,20,IN_TRANSIT_TO,2025-02-27 21:09:43,2019,4836,34-VR-23,POINT (-9.146880149841309 38.743099212646484)
2683_723,4136_20250101_121_0_17,121_0,0,38.72222137451172,-9.196800231933594,11,IN_TRANSIT_TO,2025-02-27 21:09:37,8702,2683,99-XE-55,POINT (-9.196800231933594 38.72222137451172)
6046_706,3235_20250101_147_0_11,147_0,1,38.71091842651367,-9.153630256652832,28,IN_TRANSIT_TO,2025-02-27 21:10:03,6702,6046,BH-73-IR,POINT (-9.153630256652832 38.71091842651367)
4643_750,6401_20250101_106_0_14,106_0,0,38.767520904541016,-9.102899551391602,1,IN_TRANSIT_TO,2025-02-27 21:09:58,7813,4643,98-JO-45,POINT (-9.102899551391602 38.767520904541016)
2671_738,5550_20250101_117_0_15,117_0,0,38.74208068847656,-9.146949768066406,15,IN_TRANSIT_TO,2025-02-27 21:09:50,2020,2671,87-XB-43,POINT (-9.146949768066406 38.74208068847656)
2681_723,4187_20250101_121_0_14,121_0,0,38.712100982666016,-9.211050033569336,19,IN_TRANSIT_TO,2025-02-27 21:10:06,12922,2681,93-XA-41,POINT (-9.211050033569336 38.712100982666016)
2679_727,4536_20250101_103_0_12,103_0,0,38.706298828125,-9.173500061035156,28,IN_TRANSIT_TO,2025-02-27 21:10:02,9417,2679,93-XA-34,POINT (-9.173500061035156 38.706298828125)
2672_714,3706_20250101_102_0_6,102_0,1,38.707279205322266,-9.213580131530762,15,IN_TRANSIT_TO,2025-02-27 21:09:48,12403,2672,87-XB-44,POINT (-9.213580131530762 38.707279205322266)
2964_774,7457_20250101_192_1_33,192_1,0,38.7087287902832,-9.151200294494629,6,IN_TRANSIT_TO,2025-02-27 21:09:39,7105,2964,30-VM-19,POINT (-9.151200294494629 38.7087287902832)
6031_760,7066_20250101_171_0_13,171_0,1,38.705501556396484,-9.157400131225586,27,IN_TRANSIT_TO,2025-02-27 21:09:44,3905,6031,BF-87-AX,POINT (-9.157400131225586 38.705501556396484)
604_15E,11212_20250101_76_0_18,76_0,1,38.704769134521484,-9.177319526672363,14,IN_TRANSIT_TO,2025-02-27 21:09:56,12115,604,,POINT (-9.177319526672363 38.704769134521484)
2718_714,3684_20250101_102_0_6,102_0,1,38.70610046386719,-9.143230438232422,0,IN_TRANSIT_TO,2025-02-27 21:09:54,,2718,92-XQ-23,POINT (-9.143230438232422 38.70610046386719)
6014_726,4286_20250101_116_0_16,116_0,1,38.753421783447266,-9.174579620361328,11,IN_TRANSIT_TO,2025-02-27 21:09:59,13618,6014,67-ZF-30,POINT (-9.174579620361328 38.753421783447266)
6049_760,7105_20250101_171_0_13,171_0,0,38.70320129394531,-9.193900108337402,25,IN_TRANSIT_TO,2025-02-27 21:10:05,13408,6049,BH-47-IR,POINT (-9.193900108337402 38.70320129394531)
2827_753,6577_20250101_167_0_23,167_0,0,38.721370697021484,-9.204130172729492,7,IN_TRANSIT_TO,2025-02-27 21:10:02,8607,2827,BF-61-FZ,POINT (-9.204130172729492 38.721370697021484)
6050_732,5096_20250101_107_0_9,107_0,0,38.705421447753906,-9.202329635620117,36,IN_TRANSIT_TO,2025-02-27 21:10:08,13302,6050,BH-62-IR,POINT (-9.202329635620117 38.705421447753906)
2741_720,4087_20250101_143_1_19,143_1,0,38.74095153808594,-9.127829551696777,4,IN_TRANSIT_TO,2025-02-27 21:09:56,8910,2741,AG-99-TG,POINT (-9.127829551696777 38.74095153808594)
2479_767,7305_20250101_112_0_12,112_0,1,38.747798919677734,-9.217000007629395,2,IN_TRANSIT_TO,2025-02-27 21:09:47,50336,2479,91-BE-74,POINT (-9.217000007629395 38.747798919677734)
2493_742,5777_20250101_114_0_11,114_0,1,38.72977828979492,-9.123769760131836,45,IN_TRANSIT_TO,2025-02-27 21:09:59,7012,2493,88-BL-65,POINT (-9.123769760131836 38.72977828979492)
2288_763,49571_20250101_282_0_9,282_0,0,38.77561950683594,-9.178420066833496,10,IN_TRANSIT_TO,2025-02-27 21:09:43,14109,2288,92-59-ZM,POINT (-9.178420066833496 38.77561950683594)
2295_724,4222_20250101_178_0_24,178_0,1,38.725921630859375,-9.198769569396973,19,IN_TRANSIT_TO,2025-02-27 21:10:05,50183,2295,92-53-ZM,POINT (-9.198769569396973 38.725921630859375)
2763_714,3709_20250101_102_0_15,102_0,0,38.70568084716797,-9.22659969329834,4,IN_TRANSIT_TO,2025-02-27 21:10:03,3926,2763,AH-23-ND,POINT (-9.22659969329834 38.70568084716797)
2257_758,6885_20250101_150_0_16,150_0,1,38.71992874145508,-9.154680252075195,26,IN_TRANSIT_TO,2025-02-27 21:10:07,6807,2257,80-50-ZE,POINT (-9.154680252075195 38.71992874145508)
4832_736,5431_20250101_199_0_13,199_0,0,38.75926971435547,-9.154729843139648,15,IN_TRANSIT_TO,2025-02-27 21:09:43,5805,4832,68-VQ-51,POINT (-9.154729843139648 38.75926971435547)
2717_738,5553_20250101_117_0_15,117_0,0,38.724029541015625,-9.150830268859863,0,IN_TRANSIT_TO,2025-02-27 21:09:55,,2717,92-XQ-16,POINT (-9.150830268859863 38.724029541015625)
280_28E,44753_20250101_75_8_36,75_8,0,38.71039962768555,-9.159680366516113,10,IN_TRANSIT_TO,2025-02-27 21:10:07,10006,280,AI-46-OJ,POINT (-9.159680366516113 38.71039962768555)
2294_724,4236_20250101_178_0_24,178_0,1,38.73902130126953,-9.20359992980957,14,IN_TRANSIT_TO,2025-02-27 21:10:05,2810,2294,92-52-ZM,POINT (-9.20359992980957 38.73902130126953)
2765_709,3412_20250101_148_0_28,148_0,0,38.71979904174805,-9.155779838562012,7,IN_TRANSIT_TO,2025-02-27 21:09:42,6810,2765,AH-37-ND,POINT (-9.155779838562012 38.71979904174805)
2978_702,3053_20250101_146_0_39,146_0,0,38.72785186767578,-9.159379959106445,3,IN_TRANSIT_TO,2025-02-27 21:09:51,6103,2978,29-VM-92,POINT (-9.159379959106445 38.72785186767578)
4633_736,5379_20250101_199_0_14,199_0,1,38.77299880981445,-9.16135025024414,9,IN_TRANSIT_TO,2025-02-27 21:10:03,5908,4633,90-JI-94,POINT (-9.16135025024414 38.77299880981445)
2259_724,4191_20250101_178_0_23,178_0,0,38.75642013549805,-9.204099655151367,24,IN_TRANSIT_TO,2025-02-27 21:09:56,13704,2259,67-44-ZJ,POINT (-9.204099655151367 38.75642013549805)
2270_768,7341_20250101_111_0_24,111_0,0,38.770050048828125,-9.192919731140137,23,IN_TRANSIT_TO,2025-02-27 21:09:40,50511,2270,76-82-ZG,POINT (-9.192919731140137 38.770050048828125)
2442_729,4788_20250101_104_0_15,104_0,1,38.71356964111328,-9.195380210876465,18,IN_TRANSIT_TO,2025-02-27 21:09:56,10315,2442,29-AX-06,POINT (-9.195380210876465 38.71356964111328)
2495_735,5267_20250101_172_0_16,172_0,1,38.718231201171875,-9.12108039855957,24,IN_TRANSIT_TO,2025-02-27 21:10:04,2108,2495,88-BL-69,POINT (-9.12108039855957 38.718231201171875)
2272_731,5018_20250101_190_0_14,190_0,1,38.7796516418457,-9.104479789733887,7,IN_TRANSIT_TO,2025-02-27 21:09:54,7904,2272,76-80-ZG,POINT (-9.104479789733887 38.7796516418457)
2796_712,3558_20250101_189_0_17,189_0,0,38.727500915527344,-9.162320137023926,20,IN_TRANSIT_TO,2025-02-27 21:09:54,6103,2796,AJ-59-LI,POINT (-9.162320137023926 38.727500915527344)
2345_731,19406_20250101_190_0_16,190_0,1,38.75522994995117,-9.150429725646973,22,IN_TRANSIT_TO,2025-02-27 21:10:04,11321,2345,53-59-ZJ,POINT (-9.150429725646973 38.75522994995117)
2997_774,7437_20250101_192_1_28,192_1,1,38.720130920410156,-9.165670394897461,12,IN_TRANSIT_TO,2025-02-27 21:10:06,8006,2997,34-VN-03,POINT (-9.165670394897461 38.720130920410156)
2607_744,5849_20250101_200_0_14,200_0,0,38.76906967163086,-9.118969917297363,20,IN_TRANSIT_TO,2025-02-27 21:09:49,12209,2607,AA-95-TQ,POINT (-9.118969917297363 38.76906967163086)
6023_732,5080_20250101_107_0_10,107_0,1,38.708580017089844,-9.135970115661621,29,IN_TRANSIT_TO,2025-02-27 21:09:54,3824,6023,BF-03-BD,POINT (-9.135970115661621 38.708580017089844)
2821_753,6541_20250101_167_0_23,167_0,0,38.72187042236328,-9.173999786376953,7,IN_TRANSIT_TO,2025-02-27 21:10:07,8607,2821,BF-71-FZ,POINT (-9.173999786376953 38.72187042236328)
4827_736,5408_20250101_199_0_15,199_0,0,38.760318756103516,-9.156720161437988,15,IN_TRANSIT_TO,2025-02-27 21:09:44,5805,4827,34-VR-15,POINT (-9.156720161437988 38.760318756103516)
2697_764,7162_20250101_168_0_20,168_0,1,38.745849609375,-9.217499732971191,6,IN_TRANSIT_TO,2025-02-27 21:09:39,3013,2697,90-XF-59,POINT (-9.217499732971191 38.745849609375)
2606_759,6973_20250101_144_0_14,144_0,1,38.75782012939453,-9.112070083618164,0,IN_TRANSIT_TO,2025-02-27 21:09:51,,2606,66-VI-40,POINT (-9.112070083618164 38.75782012939453)
2601_759,6970_20250101_144_0_13,144_0,0,38.77106857299805,-9.109450340270996,9,IN_TRANSIT_TO,2025-02-27 21:09:50,2131,2601,04-VA-70,POINT (-9.109450340270996 38.77106857299805)
2264_758,19409_20250101_150_0_4,150_0,1,38.74692153930664,-9.186369895935059,8,IN_TRANSIT_TO,2025-02-27 21:09:57,10821,2264,76-90-ZG,POINT (-9.186369895935059 38.74692153930664)
2706_764,7135_20250101_168_0_19,168_0,0,38.743499755859375,-9.206029891967773,22,IN_TRANSIT_TO,2025-02-27 21:09:51,8814,2706,92-XQ-46,POINT (-9.206029891967773 38.743499755859375)
2739_720,4066_20250101_143_0_16,143_0,1,38.72945022583008,-9.143400192260742,18,IN_TRANSIT_TO,2025-02-27 21:09:50,6601,2739,AG-31-EI,POINT (-9.143400192260742 38.72945022583008)
2749_756,6740_20250101_175_0_5,175_0,0,38.77299880981445,-9.146269798278809,3,IN_TRANSIT_TO,2025-02-27 21:06:38,8905,2749,AG-03-TH,POINT (-9.146269798278809 38.77299880981445)
2743_720,4100_20250101_143_0_15,143_0,0,38.75733184814453,-9.11182975769043,11,IN_TRANSIT_TO,2025-02-27 21:10:03,6501,2743,AG-02-TH,POINT (-9.11182975769043 38.75733184814453)
4837_783,7859_20250101_203_0_5,203_0,1,38.724971771240234,-9.156129837036133,29,IN_TRANSIT_TO,2025-02-27 21:09:51,1223,4837,34-VR-18,POINT (-9.156129837036133 38.724971771240234)
2657_776,7489_20250101_193_0_54,193_0,0,38.70323181152344,-9.251270294189453,9,IN_TRANSIT_TO,2025-02-27 21:09:34,4304,2657,05-VZ-66,POINT (-9.251270294189453 38.70323181152344)
2638_722,4119_20250101_196_0_15,196_0,1,38.752628326416016,-9.105270385742188,29,IN_TRANSIT_TO,2025-02-27 21:10:02,1812,2638,87-VS-48,POINT (-9.105270385742188 38.752628326416016)
6037_732,5071_20250101_107_0_5,107_0,0,38.74612045288086,-9.148019790649414,4,IN_TRANSIT_TO,2025-02-27 21:09:51,2002,6037,BG-37-LT,POINT (-9.148019790649414 38.74612045288086)
2633_759,6987_20250101_144_0_15,144_0,0,38.713829040527344,-9.123370170593262,6,IN_TRANSIT_TO,2025-02-27 21:09:58,8201,2633,52-VP-79,POINT (-9.123370170593262 38.713829040527344)
2716_723,4176_20250101_121_0_17,121_0,1,38.71242904663086,-9.199950218200684,15,IN_TRANSIT_TO,2025-02-27 21:09:44,12910,2716,92-XQ-27,POINT (-9.199950218200684 38.71242904663086)
6025_758,6853_20250101_150_0_14,150_0,1,38.727230072021484,-9.16154956817627,22,IN_TRANSIT_TO,2025-02-27 21:09:42,8512,6025,BF-92-AX,POINT (-9.16154956817627 38.727230072021484)
2704_764,7142_20250101_168_0_20,168_0,0,38.75934982299805,-9.181320190429688,11,IN_TRANSIT_TO,2025-02-27 21:09:48,13608,2704,92-XQ-18,POINT (-9.181320190429688 38.75934982299805)
6041_732,5038_20250101_107_0_9,107_0,1,38.71112823486328,-9.214730262756348,33,IN_TRANSIT_TO,2025-02-27 21:09:51,1103,6041,BG-20-LV,POINT (-9.214730262756348 38.71112823486328)
2639_781,7762_20250101_151_0_19,151_0,0,38.77067947387695,-9.108650207519531,20,IN_TRANSIT_TO,2025-02-27 21:09:58,7713,2639,75-VS-47,POINT (-9.108650207519531 38.77067947387695)
2647_759,6928_20250101_144_0_13,144_0,0,38.71595001220703,-9.142219543457031,5,IN_TRANSIT_TO,2025-02-27 21:09:41,4501,2647,75-VS-45,POINT (-9.142219543457031 38.71595001220703)
2826_753,18385_20250101_167_0_16,167_0,1,38.66790008544922,-9.164119720458984,0,IN_TRANSIT_TO,2025-02-27 21:10:03,,2826,BF-74-FZ,POINT (-9.164119720458984 38.66790008544922)
577_25E,14255_20250101_79_0_21,79_0,1,38.7065315246582,-9.15703010559082,13,IN_TRANSIT_TO,2025-02-27 21:09:57,3915,577,,POINT (-9.15703010559082 38.7065315246582)
273_65B,35087_20250101_250_0_25,250_0,0,38.71588134765625,-9.23112964630127,15,IN_TRANSIT_TO,2025-02-27 20:59:00,50484,273,AH-15-TB,POINT (-9.23112964630127 38.71588134765625)
2609_26B,17510_20250101_208_0_24,208_0,1,38.7661018371582,-9.097820281982422,5,IN_TRANSIT_TO,2025-02-27 21:10:02,2402,2609,66-VI-36,POINT (-9.097820281982422 38.7661018371582)
2721_727,4518_20250101_103_0_4,103_0,1,38.709068298339844,-9.213820457458496,36,IN_TRANSIT_TO,2025-02-27 21:09:53,1207,2721,92-XQ-37,POINT (-9.213820457458496 38.709068298339844)
2632_759,6981_20250101_144_0_15,144_0,0,38.74803161621094,-9.112700462341309,24,IN_TRANSIT_TO,2025-02-27 21:09:21,3705,2632,52-VP-88,POINT (-9.112700462341309 38.74803161621094)
6030_760,7110_20250101_171_0_6,171_0,1,38.7100715637207,-9.135120391845703,32,IN_TRANSIT_TO,2025-02-27 21:09:54,5519,6030,BF-39-AU,POINT (-9.135120391845703 38.7100715637207)
2664_711,3475_20250101_101_0_15,101_0,0,38.723228454589844,-9.166680335998535,9,IN_TRANSIT_TO,2025-02-27 21:09:56,8501,2664,05-VZ-68,POINT (-9.166680335998535 38.723228454589844)
2308_735,5232_20250101_172_1_17,172_1,0,38.708370208740234,-9.13640022277832,3,IN_TRANSIT_TO,2025-02-27 21:09:47,5501,2308,83-17-ZM,POINT (-9.13640022277832 38.708370208740234)
2640_29B,17524_20250101_209_0_23,209_0,0,38.77470016479492,-9.114150047302246,14,IN_TRANSIT_TO,2025-02-27 21:09:55,12309,2640,75-VS-43,POINT (-9.114150047302246 38.77470016479492)
6040_732,5057_20250101_107_0_11,107_0,0,38.706298828125,-9.145350456237793,20,IN_TRANSIT_TO,2025-02-27 21:10:01,3802,6040,BG-46-LT,POINT (-9.145350456237793 38.706298828125)
544_28E,14934_20250101_75_0_15,75_0,1,38.71595001220703,-9.136799812316895,23,IN_TRANSIT_TO,2025-02-27 21:09:56,804,544,,POINT (-9.136799812316895 38.71595001220703)
2996_797,8161_20250101_163_0_49,163_0,1,38.73297882080078,-9.13148021697998,9,IN_TRANSIT_TO,2025-02-27 21:09:49,501,2996,30-VM-03,POINT (-9.13148021697998 38.73297882080078)
2769_709,3411_20250101_148_0_12,148_0,1,38.71443176269531,-9.160719871520996,4,IN_TRANSIT_TO,2025-02-27 21:10:06,8105,2769,AH-19-ND,POINT (-9.160719871520996 38.71443176269531)
549_28E,14986_20250101_75_0_23,75_0,1,38.70827102661133,-9.139829635620117,5,IN_TRANSIT_TO,2025-02-27 21:09:20,10521,549,,POINT (-9.139829635620117 38.70827102661133)
2626_759,6949_20250101_144_0_14,144_0,1,38.74454879760742,-9.113579750061035,24,IN_TRANSIT_TO,2025-02-27 21:10:03,3708,2626,52-VP-86,POINT (-9.113579750061035 38.74454879760742)
2829_728,4601_20250101_204_0_11,204_0,1,38.70624923706055,-9.143699645996094,34,IN_TRANSIT_TO,2025-02-27 21:10:03,3820,2829,BF-58-FZ,POINT (-9.143699645996094 38.70624923706055)
2701_713,42765_20250101_122_0_4,122_0,1,38.7047004699707,-9.167550086975098,9,IN_TRANSIT_TO,2025-02-27 21:09:36,10207,2701,92-XQ-35,POINT (-9.167550086975098 38.7047004699707)
2990_730,4949_20250101_198_0_22,198_0,0,38.733829498291016,-9.128450393676758,10,IN_TRANSIT_TO,2025-02-27 21:09:39,7001,2990,30-VM-06,POINT (-9.128450393676758 38.733829498291016)
2702_764,7158_20250101_168_0_19,168_0,1,38.74991989135742,-9.164819717407227,31,IN_TRANSIT_TO,2025-02-27 21:10:04,12705,2702,92-XQ-21,POINT (-9.164819717407227 38.74991989135742)
2604_722,4129_20250101_196_0_15,196_0,1,38.75333023071289,-9.130599975585938,19,IN_TRANSIT_TO,2025-02-27 21:09:49,7413,2604,66-VI-32,POINT (-9.130599975585938 38.75333023071289)
2663_714,3697_20240914_102_0_16,102_0,1,38.72127151489258,-9.221500396728516,4,IN_TRANSIT_TO,2024-10-22 20:26:58,18703,2663,05-VZ-62,POINT (-9.221500396728516 38.72127151489258)
545_28E,14960_20250101_75_0_23,75_0,1,38.71067810058594,-9.130880355834961,9,IN_TRANSIT_TO,2025-02-27 21:10:04,13803,545,,POINT (-9.130880355834961 38.71067810058594)
2995_765,7176_20250101_110_0_55,110_0,0,38.7617301940918,-9.195899963378906,10,IN_TRANSIT_TO,2025-02-27 21:09:42,11006,2995,30-VM-15,POINT (-9.195899963378906 38.7617301940918)
580_25E,14268_20250101_79_0_16,79_0,0,38.69797134399414,-9.19081974029541,3,IN_TRANSIT_TO,2025-02-27 16:56:08,7102,580,,POINT (-9.19081974029541 38.69797134399414)
2687_738,5512_20250101_117_0_16,117_0,1,38.74100112915039,-9.146400451660156,21,IN_TRANSIT_TO,2025-02-27 21:09:52,1805,2687,93-XA-44,POINT (-9.146400451660156 38.74100112915039)
4813_751,6517_20250101_109_0_14,109_0,1,38.71097183227539,-9.22622013092041,6,IN_TRANSIT_TO,2025-02-27 21:09:40,14311,4813,68-VQ-50,POINT (-9.22622013092041 38.71097183227539)
2696_754,6622_20250101_201_0_16,201_0,1,38.7435188293457,-9.145500183105469,34,IN_TRANSIT_TO,2025-02-27 21:09:56,1901,2696,90-XF-63,POINT (-9.145500183105469 38.7435188293457)
2662_711,3512_20250101_101_0_14,101_0,1,38.72869873046875,-9.190699577331543,19,IN_TRANSIT_TO,2025-02-27 21:09:53,8704,2662,05-VZ-51,POINT (-9.190699577331543 38.72869873046875)
2427_716,3744_20250101_164_0_21,164_0,0,38.75104904174805,-9.202630043029785,23,IN_TRANSIT_TO,2025-02-27 21:09:58,10904,2427,29-AX-14,POINT (-9.202630043029785 38.75104904174805)
4808_728,4621_20250101_204_0_13,204_0,1,38.70677947998047,-9.141599655151367,34,IN_TRANSIT_TO,2025-02-27 21:10:00,3820,4808,20-VQ-73,POINT (-9.141599655151367 38.70677947998047)
2778_727,4544_20250101_103_4_10,103_4,0,38.73088073730469,-9.146599769592285,11,IN_TRANSIT_TO,2025-02-27 21:10:06,1704,2778,AI-03-BT,POINT (-9.146599769592285 38.73088073730469)
555_28E,15012_20250101_75_0_24,75_0,0,38.71083068847656,-9.143150329589844,21,IN_TRANSIT_TO,2025-02-27 21:10:06,10514,555,,POINT (-9.143150329589844 38.71083068847656)
2974_768,7347_20250101_111_0_21,111_0,0,38.74372863769531,-9.176079750061035,8,IN_TRANSIT_TO,2025-02-27 21:09:42,10706,2974,30-VM-22,POINT (-9.176079750061035 38.74372863769531)
4807_728,4681_20250101_204_0_12,204_0,0,38.76702117919922,-9.098950386047363,43,IN_TRANSIT_TO,2025-02-27 21:09:52,7825,4807,20-VQ-69,POINT (-9.098950386047363 38.76702117919922)
2782_727,4528_20250101_103_0_12,103_0,0,38.70452880859375,-9.16681957244873,25,IN_TRANSIT_TO,2025-02-27 21:09:42,10212,2782,AI-99-BS,POINT (-9.16681957244873 38.70452880859375)
2740_735,5217_20250101_172_0_16,172_0,0,38.720279693603516,-9.123550415039062,10,IN_TRANSIT_TO,2025-02-27 21:10:06,9115,2740,AG-43-EI,POINT (-9.123550415039062 38.720279693603516)
2744_720,4101_20250101_143_0_16,143_0,1,38.71152877807617,-9.164019584655762,9,IN_TRANSIT_TO,2025-02-27 21:09:23,10101,2744,AG-13-TH,POINT (-9.164019584655762 38.71152877807617)
2651_744,5805_20250101_200_0_14,200_0,1,38.72024917602539,-9.145730018615723,32,IN_TRANSIT_TO,2025-02-27 21:09:55,1102,2651,05-VZ-54,POINT (-9.145730018615723 38.72024917602539)
262_734,5150_20250101_205_0_35,205_0,1,38.71514892578125,-9.136899948120117,14,IN_TRANSIT_TO,2025-02-27 21:10:05,804,262,AF-49-ZD,POINT (-9.136899948120117 38.71514892578125)
276_79B,18671_20250101_221_0_16,221_0,0,38.71492004394531,-9.214579582214355,17,IN_TRANSIT_TO,2025-02-27 21:10:04,12402,276,AH-12-TB,POINT (-9.214579582214355 38.71492004394531)
274_28E,48628_20250101_75_8_36,75_8,1,38.713748931884766,-9.160880088806152,14,IN_TRANSIT_TO,2025-02-27 21:07:22,8112,274,AH-14-TB,POINT (-9.160880088806152 38.713748931884766)
2725_714,3697_20250101_102_0_16,102_0,1,38.70682144165039,-9.155229568481445,35,IN_TRANSIT_TO,2025-02-27 21:09:54,3913,2725,92-XQ-30,POINT (-9.155229568481445 38.70682144165039)
2719_713,3592_20250101_122_0_15,122_0,0,38.72861862182617,-9.169529914855957,33,IN_TRANSIT_TO,2025-02-27 21:09:52,8601,2719,92-XQ-17,POINT (-9.169529914855957 38.72861862182617)
258_734,5152_20250101_205_0_23,205_0,0,38.71358108520508,-9.123519897460938,16,IN_TRANSIT_TO,2025-02-27 21:09:38,2110,258,AF-56-RM,POINT (-9.123519897460938 38.71358108520508)
2722_714,3662_20250101_102_0_17,102_0,0,38.6975212097168,-9.195170402526855,17,IN_TRANSIT_TO,2025-02-27 21:09:42,9508,2722,92-XQ-36,POINT (-9.195170402526855 38.6975212097168)
4632_783,7846_20250101_203_0_15,203_0,0,38.72893142700195,-9.147669792175293,5,IN_TRANSIT_TO,2025-02-27 21:09:56,1701,4632,98-JO-43,POINT (-9.147669792175293 38.72893142700195)
6045_760,7044_20250101_171_0_10,171_0,1,38.70927810668945,-9.136300086975098,32,IN_TRANSIT_TO,2025-02-27 21:10:02,5519,6045,BH-32-IQ,POINT (-9.136300086975098 38.70927810668945)
2274_771,39065_20250101_248_0_23,248_0,1,38.725399017333984,-9.160019874572754,22,IN_TRANSIT_TO,2025-02-27 21:09:43,2711,2274,76-79-ZG,POINT (-9.160019874572754 38.725399017333984)
2419_767,7206_20250101_112_0_5,112_0,0,38.757171630859375,-9.185569763183594,28,IN_TRANSIT_TO,2025-02-27 21:09:38,12824,2419,92-AO-55,POINT (-9.185569763183594 38.757171630859375)
2489_726,4334_20250101_116_0_13,116_0,0,38.73712158203125,-9.146499633789062,11,IN_TRANSIT_TO,2025-02-27 21:09:48,1811,2489,55-BH-05,POINT (-9.146499633789062 38.73712158203125)
2402_703,3173_20250101_165_0_16,165_0,1,38.75992965698242,-9.182530403137207,12,IN_TRANSIT_TO,2025-02-27 21:09:49,12803,2402,50-AL-13,POINT (-9.182530403137207 38.75992965698242)
2490_708,3351_20250101_100_0_13,100_0,0,38.73358154296875,-9.134119987487793,7,IN_TRANSIT_TO,2025-02-27 21:10:02,505,2490,55-BH-01,POINT (-9.134119987487793 38.73358154296875)
6044_732,5093_20250101_107_0_10,107_0,0,38.740928649902344,-9.169500350952148,24,IN_TRANSIT_TO,2025-02-27 21:09:56,10202,6044,BG-87-LX,POINT (-9.169500350952148 38.740928649902344)
2780_723,4168_20250101_121_0_17,121_0,1,38.72563171386719,-9.149100303649902,33,IN_TRANSIT_TO,2025-02-27 21:09:40,9214,2780,AI-06-BT,POINT (-9.149100303649902 38.72563171386719)
2785_728,4698_20250101_204_0_10,204_0,0,38.76839828491211,-9.104169845581055,43,IN_TRANSIT_TO,2025-02-27 21:09:53,7825,2785,AI-05-BT,POINT (-9.104169845581055 38.76839828491211)
2471_729,4836_20250101_104_0_12,104_0,1,38.76300048828125,-9.19711971282959,37,IN_TRANSIT_TO,2025-02-27 21:10:07,13904,2471,74-BC-70,POINT (-9.19711971282959 38.76300048828125)
2404_767,7250_20250101_112_0_13,112_0,1,38.75053024291992,-9.211179733276367,5,IN_TRANSIT_TO,2025-02-27 21:09:58,3003,2404,50-AL-11,POINT (-9.211179733276367 38.75053024291992)
2709_713,3621_20250101_122_0_18,122_0,1,38.72505187988281,-9.159930229187012,25,IN_TRANSIT_TO,2025-02-27 21:09:46,8511,2709,92-XQ-42,POINT (-9.159930229187012 38.72505187988281)
2244_758,6869_20250101_150_0_17,150_0,0,38.73225021362305,-9.162480354309082,15,IN_TRANSIT_TO,2025-02-27 21:09:58,6123,2244,22-44-ZB,POINT (-9.162480354309082 38.73225021362305)
6013_706,3267_20250101_147_0_16,147_0,0,38.714351654052734,-9.12185001373291,30,IN_TRANSIT_TO,2025-02-27 21:10:04,2128,6013,68-ZF-53,POINT (-9.12185001373291 38.714351654052734)
2478_729,4817_20250101_104_0_13,104_0,1,38.70320129394531,-9.199480056762695,33,IN_TRANSIT_TO,2025-02-27 21:09:50,50134,2478,91-BE-80,POINT (-9.199480056762695 38.70320129394531)
1751_708,3365_20250101_100_0_15,100_0,1,38.79418182373047,-9.103619575500488,30,IN_TRANSIT_TO,2025-02-27 21:09:55,7512,1751,34-HU-17,POINT (-9.103619575500488 38.79418182373047)
2812_718,3975_20250101_105_0_20,105_0,0,38.72332000732422,-9.114629745483398,19,IN_TRANSIT_TO,2025-02-27 21:09:52,9808,2812,90-II-61,POINT (-9.114629745483398 38.72332000732422)
2819_718,3991_20250101_105_0_19,105_0,0,38.73857879638672,-9.133580207824707,29,IN_TRANSIT_TO,2025-02-27 21:09:41,413,2819,90-II-59,POINT (-9.133580207824707 38.73857879638672)
1749_701,2939_20250101_123_0_22,123_0,0,38.74087905883789,-9.168120384216309,19,IN_TRANSIT_TO,2025-02-27 21:10:06,12708,1749,92-HR-06,POINT (-9.168120384216309 38.74087905883789)
2808_781,7737_20250101_151_0_17,151_0,0,38.78879928588867,-9.123950004577637,29,IN_TRANSIT_TO,2025-01-28 20:19:57,16307,2808,01-IH-97,POINT (-9.123950004577637 38.78879928588867)
2813_718,3937_20250101_105_0_21,105_0,1,38.757728576660156,-9.111350059509277,29,IN_TRANSIT_TO,2025-02-27 21:09:56,24389,2813,90-II-53,POINT (-9.111350059509277 38.757728576660156)
1746_793,7989_20250101_145_0_24,145_0,0,38.74327087402344,-9.111530303955078,15,IN_TRANSIT_TO,2025-02-27 21:10:01,3715,1746,92-HR-03,POINT (-9.111530303955078 38.74327087402344)
2802_749,6205_20250101_195_0_29,195_0,1,38.74903106689453,-9.137920379638672,4,IN_TRANSIT_TO,2025-02-27 21:09:59,2053,2802,01-IH-91,POINT (-9.137920379638672 38.74903106689453)
1748_755,6691_20250101_118_0_6,118_0,0,38.75904846191406,-9.125650405883789,21,IN_TRANSIT_TO,2025-02-27 21:09:46,14705,1748,92-HR-05,POINT (-9.125650405883789 38.75904846191406)
2459_726,4317_20250101_116_0_15,116_0,0,38.76070022583008,-9.195269584655762,29,IN_TRANSIT_TO,2025-02-27 21:09:42,12812,2459,74-BC-74,POINT (-9.195269584655762 38.76070022583008)
1753_717,3822_20250101_170_0_17,170_0,0,38.75712966918945,-9.1525297164917,14,IN_TRANSIT_TO,2025-02-27 21:10:07,5705,1753,34-HU-19,POINT (-9.1525297164917 38.75712966918945)
2816_718,3994_20250101_105_0_20,105_0,0,38.73590087890625,-9.103679656982422,11,IN_TRANSIT_TO,2025-02-27 21:09:45,12524,2816,90-II-56,POINT (-9.103679656982422 38.73590087890625)
1752_742,5676_20250101_114_0_11,114_0,1,38.727149963378906,-9.110679626464844,52,IN_TRANSIT_TO,2025-02-27 21:10:09,8301,1752,34-HU-18,POINT (-9.110679626464844 38.727149963378906)
2342_731,4991_20250101_190_0_16,190_0,1,38.763099670410156,-9.127799987792969,18,IN_TRANSIT_TO,2025-02-23 18:02:33,7506,2342,67-45-ZJ,POINT (-9.127799987792969 38.763099670410156)
2455_726,4350_20250101_116_0_15,116_0,0,38.731449127197266,-9.137299537658691,7,IN_TRANSIT_TO,2025-02-27 21:09:39,6504,2455,16-AZ-12,POINT (-9.137299537658691 38.731449127197266)
2279_768,7350_20250101_111_0_6,111_0,1,38.750179290771484,-9.158320426940918,22,IN_TRANSIT_TO,2025-02-27 21:09:55,13509,2279,67-38-ZJ,POINT (-9.158320426940918 38.750179290771484)
2700_711,3519_20250101_101_0_12,101_0,0,38.72439956665039,-9.160730361938477,8,IN_TRANSIT_TO,2025-02-27 21:10:04,1223,2700,92-XQ-26,POINT (-9.160730361938477 38.72439956665039)
2667_727,4553_20250101_103_0_11,103_0,0,38.708980560302734,-9.21310043334961,46,IN_TRANSIT_TO,2025-02-27 21:09:45,12406,2667,87-XB-45,POINT (-9.21310043334961 38.708980560302734)
2251_799,8222_20250101_120_0_26,120_0,0,38.75270080566406,-9.189399719238281,0,IN_TRANSIT_TO,2025-02-27 21:08:30,,2251,22-31-ZB,POINT (-9.189399719238281 38.75270080566406)
2280_763,46422_20250101_282_0_22,282_0,1,38.7818489074707,-9.171319961547852,14,IN_TRANSIT_TO,2025-02-27 21:10:01,50358,2280,67-40-ZJ,POINT (-9.171319961547852 38.7818489074707)
219_773,7378_20250101_124_0_32,124_0,1,38.711219787597656,-9.158249855041504,17,IN_TRANSIT_TO,2025-02-27 21:10:07,10004,219,11-12-XO,POINT (-9.158249855041504 38.711219787597656)
2734_742,5731_20250101_114_0_13,114_0,1,38.729549407958984,-9.158379554748535,32,IN_TRANSIT_TO,2025-02-27 21:09:52,6116,2734,AG-50-EI,POINT (-9.158379554748535 38.729549407958984)
2746_742,5747_20250101_114_0_13,114_0,0,38.73112869262695,-9.10966968536377,3,IN_TRANSIT_TO,2025-02-27 21:09:53,17568,2746,AG-97-TG,POINT (-9.10966968536377 38.73112869262695)
2499_742,5666_20250101_114_0_12,114_0,1,38.725128173828125,-9.113249778747559,51,IN_TRANSIT_TO,2025-02-27 21:10:01,9807,2499,03-BM-58,POINT (-9.113249778747559 38.725128173828125)
2818_782,7776_20250101_152_0_13,152_0,1,38.7577018737793,-9.111920356750488,17,IN_TRANSIT_TO,2025-02-27 21:09:56,8310,2818,90-II-58,POINT (-9.111920356750488 38.7577018737793)
1721_735,5206_20250101_172_1_17,172_1,0,38.73542022705078,-9.133970260620117,19,IN_TRANSIT_TO,2025-02-27 21:09:47,509,1721,25-AS-33,POINT (-9.133970260620117 38.73542022705078)
1773_755,6632_20250101_118_0_14,118_0,1,38.75727844238281,-9.116920471191406,25,IN_TRANSIT_TO,2025-02-27 21:10:02,8425,1773,53-HX-06,POINT (-9.116920471191406 38.75727844238281)
2745_735,5252_20250101_172_0_6,172_0,1,38.70532989501953,-9.143369674682617,34,IN_TRANSIT_TO,2025-02-27 21:10:08,3820,2745,AG-06-TH,POINT (-9.143369674682617 38.70532989501953)
1710_736,5371_20250101_199_1_2,199_1,1,38.74943161010742,-9.14937973022461,17,IN_TRANSIT_TO,2025-02-27 21:09:50,2008,1710,69-AL-73,POINT (-9.14937973022461 38.74943161010742)
1713_735,5242_20250101_172_0_14,172_0,0,38.755470275878906,-9.1497802734375,29,IN_TRANSIT_TO,2025-02-27 21:09:47,11321,1713,69-AL-76,POINT (-9.1497802734375 38.755470275878906)
2480_771,39066_20250101_248_0_10,248_0,0,38.704750061035156,-9.198749542236328,22,IN_TRANSIT_TO,2025-02-27 21:10:03,13303,2480,91-BE-75,POINT (-9.198749542236328 38.704750061035156)
217_773,7416_20250101_124_0_31,124_0,0,38.712669372558594,-9.167280197143555,19,IN_TRANSIT_TO,2025-02-27 21:10:03,10107,217,29-98-XM,POINT (-9.167280197143555 38.712669372558594)
2767_711,3522_20250101_101_0_6,101_0,0,38.72317886352539,-9.16681957244873,10,IN_TRANSIT_TO,2025-02-27 21:09:50,8607,2767,AH-34-ND,POINT (-9.16681957244873 38.72317886352539)
2482_767,7308_20250101_112_0_12,112_0,1,38.731651306152344,-9.140979766845703,40,IN_TRANSIT_TO,2025-02-27 21:09:41,6501,2482,55-BH-02,POINT (-9.140979766845703 38.731651306152344)
2801_749,6201_20250101_195_0_31,195_0,1,38.75743103027344,-9.111379623413086,14,IN_TRANSIT_TO,2025-02-27 21:09:55,24370,2801,38-HU-27,POINT (-9.111379623413086 38.75743103027344)
1769_794,8109_20250101_115_0_6,115_0,1,38.74787139892578,-9.118470191955566,24,IN_TRANSIT_TO,2025-02-27 21:09:40,3605,1769,63-HX-24,POINT (-9.118470191955566 38.74787139892578)
1768_794,8073_20250101_115_0_16,115_0,0,38.752079010009766,-9.120820045471191,16,IN_TRANSIT_TO,2025-02-27 21:09:56,3606,1768,63-HX-23,POINT (-9.120820045471191 38.752079010009766)
1722_717,3879_20250101_170_0_16,170_0,0,38.770320892333984,-9.159649848937988,19,IN_TRANSIT_TO,2025-02-27 21:09:45,5903,1722,25-AS-34,POINT (-9.159649848937988 38.770320892333984)
1743_758,6770_20250101_150_0_15,150_0,0,38.72941970825195,-9.162400245666504,13,IN_TRANSIT_TO,2025-02-27 21:09:53,6119,1743,92-HR-00,POINT (-9.162400245666504 38.72941970825195)
1756_717,3759_20250101_170_0_17,170_0,1,38.79751968383789,-9.144000053405762,1,IN_TRANSIT_TO,2025-02-27 21:09:54,16001,1756,34-HU-22,POINT (-9.144000053405762 38.79751968383789)
1757_735,5271_20250101_172_1_15,172_1,0,38.73759841918945,-9.133399963378906,20,IN_TRANSIT_TO,2025-02-27 21:09:56,409,1757,34-HU-23,POINT (-9.133399963378906 38.73759841918945)
1754_717,3845_20250101_170_0_16,170_0,1,38.756019592285156,-9.139679908752441,30,IN_TRANSIT_TO,2025-02-27 21:10:05,11314,1754,34-HU-20,POINT (-9.139679908752441 38.756019592285156)
2470_729,4828_20250101_104_0_13,104_0,1,38.76047134399414,-9.19379997253418,35,IN_TRANSIT_TO,2025-02-27 21:09:14,12822,2470,74-BC-71,POINT (-9.19379997253418 38.76047134399414)
2433_716,3718_20250101_164_0_24,164_0,1,38.7352294921875,-9.14074993133545,23,IN_TRANSIT_TO,2025-02-27 21:10:03,11101,2433,44-BC-28,POINT (-9.14074993133545 38.7352294921875)
2771_738,5558_20250101_117_0_5,117_0,1,38.704429626464844,-9.175020217895508,5,IN_TRANSIT_TO,2025-02-27 21:09:45,12101,2771,AH-20-ND,POINT (-9.175020217895508 38.704429626464844)
2774_727,4441_20250101_103_0_12,103_0,1,38.742801666259766,-9.146719932556152,42,IN_TRANSIT_TO,2025-02-27 21:09:58,1903,2774,AH-22-ND,POINT (-9.146719932556152 38.742801666259766)
2469_767,7297_20250101_112_0_13,112_0,0,38.75471878051758,-9.144720077514648,15,IN_TRANSIT_TO,2025-02-27 21:10:09,106,2469,16-AZ-09,POINT (-9.144720077514648 38.75471878051758)
1718_40B,17568_20250101_212_0_24,212_0,1,38.792179107666016,-9.150279998779297,24,IN_TRANSIT_TO,2025-02-27 21:08:19,50194,1718,69-AL-81,POINT (-9.150279998779297 38.792179107666016)
1725_736,5405_20250101_199_1_2,199_1,1,38.77547836303711,-9.162879943847656,9,IN_TRANSIT_TO,2025-02-27 21:10:08,5908,1725,25-AS-37,POINT (-9.162879943847656 38.77547836303711)
1774_794,8035_20250101_115_0_14,115_0,1,38.76811981201172,-9.104269981384277,1,IN_TRANSIT_TO,2025-02-27 21:09:46,7814,1774,53-HX-07,POINT (-9.104269981384277 38.76811981201172)
2752_742,5776_20250101_114_0_13,114_0,1,38.71257019042969,-9.195429801940918,30,IN_TRANSIT_TO,2025-02-27 21:09:59,6104,2752,AG-18-TH,POINT (-9.195429801940918 38.71257019042969)
1760_717,3781_20250101_170_0_13,170_0,1,38.75526809692383,-9.139180183410645,30,IN_TRANSIT_TO,2025-02-27 21:09:52,11314,1760,34-HU-26,POINT (-9.139180183410645 38.75526809692383)
2333_708,3276_20250101_100_0_16,100_0,0,38.76128005981445,-9.121930122375488,16,IN_TRANSIT_TO,2025-02-27 21:10:00,7505,2333,62-97-ZG,POINT (-9.121930122375488 38.76128005981445)
2422_729,4801_20250101_104_0_15,104_0,1,38.69892883300781,-9.227179527282715,0,IN_TRANSIT_TO,2025-02-27 21:10:08,,2422,29-AU-17,POINT (-9.227179527282715 38.69892883300781)
2775_727,4463_20250101_103_0_12,103_0,1,38.748268127441406,-9.147850036621094,43,IN_TRANSIT_TO,2025-02-27 21:09:41,2022,2775,AH-31-ND,POINT (-9.147850036621094 38.748268127441406)
2336_794,8086_20250101_115_0_7,115_0,0,38.72560119628906,-9.112580299377441,6,IN_TRANSIT_TO,2025-02-27 21:09:57,9822,2336,53-63-ZJ,POINT (-9.112580299377441 38.72560119628906)
2285_731,5007_20250101_190_0_15,190_0,0,38.76197814941406,-9.1941499710083,20,IN_TRANSIT_TO,2025-02-27 21:09:54,7501,2285,67-55-ZJ,POINT (-9.1941499710083 38.76197814941406)
2809_725,4239_20250101_197_0_39,197_0,0,38.77751922607422,-9.113200187683105,7,IN_TRANSIT_TO,2025-02-27 21:09:50,12315,2809,01-IH-98,POINT (-9.113200187683105 38.77751922607422)
2445_767,7267_20250101_112_0_4,112_0,1,38.759971618652344,-9.179630279541016,21,IN_TRANSIT_TO,2025-02-27 21:09:49,12827,2445,44-BC-31,POINT (-9.179630279541016 38.759971618652344)
2437_716,3753_20250101_164_0_23,164_0,0,38.73897171020508,-9.157429695129395,8,IN_TRANSIT_TO,2025-02-27 21:10:01,1503,2437,29-AX-09,POINT (-9.157429695129395 38.73897171020508)
2758_712,3550_20250101_189_0_18,189_0,1,38.70227813720703,-9.180120468139648,1,IN_TRANSIT_TO,2025-02-27 21:09:59,4005,2758,AH-36-ND,POINT (-9.180120468139648 38.70227813720703)
218_773,7408_20250101_124_0_32,124_0,1,38.70827102661133,-9.17140007019043,5,IN_TRANSIT_TO,2025-02-27 21:09:58,9420,218,11-13-XO,POINT (-9.17140007019043 38.70827102661133)
4622_796,8140_20250101_174_0_46,174_0,1,38.79191970825195,-9.150679588317871,0,IN_TRANSIT_TO,2025-02-25 23:04:46,,4622,90-JI-91,POINT (-9.150679588317871 38.79191970825195)
2787_728,36654_20250101_204_0_1,204_0,0,38.76892852783203,-9.116180419921875,1,IN_TRANSIT_TO,2025-02-27 21:09:57,12409,2787,AI-55-TL,POINT (-9.116180419921875 38.76892852783203)
2307_735,5275_20250101_172_0_16,172_0,1,38.75416946411133,-9.153180122375488,3,IN_TRANSIT_TO,2025-02-27 21:09:55,5702,2307,83-20-ZM,POINT (-9.153180122375488 38.75416946411133)
1761_717,3864_20250101_170_0_15,170_0,0,38.77452087402344,-9.149100303649902,23,IN_TRANSIT_TO,2025-02-27 21:09:55,11507,1761,63-HX-19,POINT (-9.149100303649902 38.77452087402344)
2477_767,7294_20250101_112_0_13,112_0,0,38.76060104370117,-9.16707992553711,22,IN_TRANSIT_TO,2025-02-27 21:10:02,50005,2477,91-BE-73,POINT (-9.16707992553711 38.76060104370117)
1712_798,8202_20250101_194_0_32,194_0,1,38.77909851074219,-9.141519546508789,7,IN_TRANSIT_TO,2025-02-27 21:09:48,6011,1712,69-AL-75,POINT (-9.141519546508789 38.77909851074219)
601_15E,11280_20250101_76_0_20,76_0,1,38.69609832763672,-9.209770202636719,5,IN_TRANSIT_TO,2025-02-27 21:09:58,13205,601,,POINT (-9.209770202636719 38.69609832763672)
605_15E,11254_20250101_76_0_19,76_0,0,38.70608139038086,-9.143349647521973,1,IN_TRANSIT_TO,2025-02-27 21:09:45,3802,605,,POINT (-9.143349647521973 38.70608139038086)
2491_742,5769_20250101_114_0_11,114_0,1,38.727378845214844,-9.110400199890137,53,IN_TRANSIT_TO,2025-02-27 21:10:08,8303,2491,54-BH-98,POINT (-9.110400199890137 38.727378845214844)
1707_701,2978_20250101_123_0_22,123_0,0,38.751651763916016,-9.167519569396973,10,IN_TRANSIT_TO,2025-02-27 21:10:06,13508,1707,69-AL-70,POINT (-9.167519569396973 38.751651763916016)
2786_754,6615_20250101_201_0_17,201_0,0,38.744571685791016,-9.179300308227539,12,IN_TRANSIT_TO,2025-02-27 21:09:41,10704,2786,AI-52-TL,POINT (-9.179300308227539 38.744571685791016)
2426_729,4757_20250101_104_0_15,104_0,1,38.7346305847168,-9.206819534301758,1,IN_TRANSIT_TO,2025-02-27 21:09:41,4211,2426,29-AU-21,POINT (-9.206819534301758 38.7346305847168)
2309_708,3370_20250101_100_0_11,100_0,0,38.78544998168945,-9.096030235290527,35,IN_TRANSIT_TO,2025-02-27 21:10:00,50130,2309,83-15-ZM,POINT (-9.096030235290527 38.78544998168945)
2837_728,4649_20250101_204_0_5,204_0,1,38.7765007019043,-9.10276985168457,5,IN_TRANSIT_TO,2025-02-27 21:10:02,7906,2837,BF-66-FZ,POINT (-9.10276985168457 38.7765007019043)
2334_742,5737_20250101_114_0_11,114_0,0,38.71112060546875,-9.172430038452148,35,IN_TRANSIT_TO,2025-02-27 21:09:37,9405,2334,53-53-ZJ,POINT (-9.172430038452148 38.71112060546875)
2776_728,36655_20250101_204_0_1,204_0,0,38.70838165283203,-9.136500358581543,21,IN_TRANSIT_TO,2025-02-27 21:09:52,5501,2776,AI-07-BT,POINT (-9.136500358581543 38.70838165283203)
2474_747,6114_20250101_177_0_18,177_0,1,38.76390075683594,-9.174880027770996,13,IN_TRANSIT_TO,2025-02-27 21:10:05,50022,2474,74-BC-67,POINT (-9.174880027770996 38.76390075683594)
2481_729,4825_20250101_104_0_13,104_0,0,38.750728607177734,-9.198599815368652,13,IN_TRANSIT_TO,2025-02-27 21:10:04,10906,2481,54-BH-99,POINT (-9.198599815368652 38.750728607177734)
2406_706,3266_20250101_147_0_14,147_0,0,38.7612190246582,-9.196000099182129,4,IN_TRANSIT_TO,2025-02-27 21:03:57,3926,2406,50-AL-09,POINT (-9.196000099182129 38.7612190246582)
2753_742,5761_20250101_114_0_4,114_0,1,38.71392059326172,-9.199430465698242,30,IN_TRANSIT_TO,2025-02-27 21:09:56,6104,2753,AG-08-TH,POINT (-9.199430465698242 38.71392059326172)
2289_731,4974_20250101_190_0_15,190_0,0,38.75701904296875,-9.144579887390137,17,IN_TRANSIT_TO,2025-02-27 21:10:03,11304,2289,92-60-ZM,POINT (-9.144579887390137 38.75701904296875)
2405_747,6079_20250101_177_0_24,177_0,1,38.76634979248047,-9.15762996673584,19,IN_TRANSIT_TO,2025-02-27 21:09:41,5816,2405,50-AL-10,POINT (-9.15762996673584 38.76634979248047)
2788_728,36656_20250101_204_0_1,204_0,0,38.70705032348633,-9.205619812011719,5,IN_TRANSIT_TO,2025-02-27 21:09:47,13115,2788,AI-51-TL,POINT (-9.205619812011719 38.70705032348633)
2464_767,7201_20250101_112_0_11,112_0,0,38.753929138183594,-9.20615005493164,39,IN_TRANSIT_TO,2025-02-27 21:09:51,10927,2464,91-BE-71,POINT (-9.20615005493164 38.753929138183594)
223_702,3094_20250101_146_0_1,146_0,1,38.72574996948242,-9.149800300598145,13,IN_TRANSIT_TO,2025-02-27 21:09:44,50197,223,84-38-XQ,POINT (-9.149800300598145 38.72574996948242)
1726_798,8190_20250101_194_0_30,194_0,1,38.77233123779297,-9.149319648742676,9,IN_TRANSIT_TO,2025-02-27 21:09:46,11509,1726,25-AS-38,POINT (-9.149319648742676 38.77233123779297)
2610_759,6896_20250101_144_0_12,144_0,1,38.70954895019531,-9.134929656982422,44,IN_TRANSIT_TO,2025-02-27 21:10:03,4506,2610,66-VI-20,POINT (-9.134929656982422 38.70954895019531)
2751_720,4086_20250101_143_0_16,143_0,0,38.75725173950195,-9.111729621887207,29,IN_TRANSIT_TO,2025-02-27 21:10:03,12002,2751,AG-12-TH,POINT (-9.111729621887207 38.75725173950195)
2438_703,3170_20250101_165_0_18,165_0,1,38.78226852416992,-9.147419929504395,32,IN_TRANSIT_TO,2025-02-27 21:09:57,6018,2438,44-BC-29,POINT (-9.147419929504395 38.78226852416992)
2825_753,6573_20250101_167_0_27,167_0,0,38.72536849975586,-9.152050018310547,4,IN_TRANSIT_TO,2025-02-27 21:09:55,1209,2825,BF-53-FZ,POINT (-9.152050018310547 38.72536849975586)
2276_771,21940_20250101_248_0_23,248_0,1,38.731849670410156,-9.162420272827148,20,IN_TRANSIT_TO,2025-02-27 21:09:47,6121,2276,53-57-ZJ,POINT (-9.162420272827148 38.731849670410156)
2418_703,3162_20250101_165_0_18,165_0,0,38.78601837158203,-9.149970054626465,5,IN_TRANSIT_TO,2025-02-27 21:09:46,6002,2418,92-AO-54,POINT (-9.149970054626465 38.78601837158203)
2466_703,3149_20250101_165_0_15,165_0,0,38.760318756103516,-9.184399604797363,29,IN_TRANSIT_TO,2025-02-27 21:09:58,12804,2466,16-AZ-16,POINT (-9.184399604797363 38.760318756103516)
4829_736,5399_20250101_199_0_15,199_0,0,38.75910186767578,-9.154620170593262,15,IN_TRANSIT_TO,2025-02-27 21:09:44,5805,4829,34-VR-21,POINT (-9.154620170593262 38.75910186767578)
2770_713,3612_20250101_122_0_19,122_0,0,38.73712158203125,-9.1466703414917,3,IN_TRANSIT_TO,2025-02-27 21:10:04,11118,2770,AH-30-ND,POINT (-9.1466703414917 38.73712158203125)
2209_708,3311_20250101_100_0_15,100_0,1,38.756248474121094,-9.130330085754395,30,IN_TRANSIT_TO,2025-02-27 21:10:03,7512,2209,01-68-XO,POINT (-9.130330085754395 38.756248474121094)
2235_731,5014_20250101_190_0_6,190_0,1,38.742618560791016,-9.157779693603516,27,IN_TRANSIT_TO,2025-02-27 21:10:05,3304,2235,06-32-XX,POINT (-9.157779693603516 38.742618560791016)
2224_708,3333_20250101_100_0_12,100_0,1,38.77642059326172,-9.095100402832031,37,IN_TRANSIT_TO,2025-02-27 21:09:40,410,2224,08-15-XS,POINT (-9.095100402832031 38.77642059326172)
2217_717,3844_20250101_170_0_16,170_0,1,38.73408126831055,-9.13521957397461,39,IN_TRANSIT_TO,2025-02-27 21:09:40,410,2217,07-99-XS,POINT (-9.13521957397461 38.73408126831055)
2214_793,8019_20250101_145_0_23,145_0,1,38.74536895751953,-9.135549545288086,0,IN_TRANSIT_TO,2025-02-27 21:09:46,,2214,08-02-XS,POINT (-9.135549545288086 38.74536895751953)
2213_793,8007_20250101_145_0_23,145_0,1,38.74822998046875,-9.113550186157227,12,IN_TRANSIT_TO,2025-02-27 21:09:49,3612,2213,08-04-XS,POINT (-9.113550186157227 38.74822998046875)
2781_15E,11544_20250101_76_0_16,76_0,0,38.70172882080078,-9.180049896240234,14,IN_TRANSIT_TO,2025-02-27 21:09:59,9610,2781,AI-00-BT,POINT (-9.180049896240234 38.70172882080078)
2220_708,3289_20250101_100_0_16,100_0,0,38.75434875488281,-9.130270004272461,13,IN_TRANSIT_TO,2025-02-27 21:09:55,7307,2220,07-96-XS,POINT (-9.130270004272461 38.75434875488281)
6002_706,3251_20250101_147_0_14,147_0,1,38.73268127441406,-9.130270004272461,11,IN_TRANSIT_TO,2025-02-27 21:09:06,7011,6002,98-XU-85,POINT (-9.130270004272461 38.73268127441406)
6028_760,7098_20250101_171_0_13,171_0,0,38.70335006713867,-9.19402027130127,25,IN_TRANSIT_TO,2025-02-27 21:10:02,13408,6028,BF-68-AX,POINT (-9.19402027130127 38.70335006713867)
412_19B,21687_20250101_245_0_23,245_0,0,38.7224006652832,-9.140700340270996,0,IN_TRANSIT_TO,2025-02-17 19:56:24,,412,BF-65-TC,POINT (-9.140700340270996 38.7224006652832)
568_28E,15024_20250101_75_0_14,75_0,0,38.7192497253418,-9.129799842834473,8,IN_TRANSIT_TO,2025-02-27 21:09:47,9131,568,,POINT (-9.129799842834473 38.7192497253418)
2222_742,5783_20250101_114_0_12,114_0,1,38.72542190551758,-9.11305046081543,51,IN_TRANSIT_TO,2025-02-27 21:10:02,9807,2222,08-17-XS,POINT (-9.11305046081543 38.72542190551758)
560_25E,14252_20250101_79_0_23,79_0,1,38.706729888916016,-9.155179977416992,14,IN_TRANSIT_TO,2025-02-27 21:10:01,3913,560,,POINT (-9.155179977416992 38.706729888916016)
2201_742,5698_20250101_114_0_12,114_0,0,38.70647048950195,-9.173469543457031,37,IN_TRANSIT_TO,2025-02-27 21:09:47,9403,2201,72-15-XN,POINT (-9.173469543457031 38.70647048950195)
230_773,7417_20250101_124_0_12,124_0,1,38.712520599365234,-9.155879974365234,0,IN_TRANSIT_TO,2025-02-27 21:09:48,,230,13-33-XZ,POINT (-9.155879974365234 38.712520599365234)
414_73B,18773_20250101_220_0_18,220_0,0,38.70518112182617,-9.1766996383667,14,IN_TRANSIT_TO,2025-02-27 21:10:09,12104,414,BF-95-TP,POINT (-9.1766996383667 38.70518112182617)
6027_760,7085_20250101_171_0_14,171_0,1,38.70344924926758,-9.191630363464355,19,IN_TRANSIT_TO,2025-02-27 21:09:48,13405,6027,BF-66-BA,POINT (-9.191630363464355 38.70344924926758)
613_15E,11453_20250101_76_0_2,76_0,0,38.69554901123047,-9.211480140686035,15,IN_TRANSIT_TO,2025-02-27 21:09:57,13210,613,,POINT (-9.211480140686035 38.69554901123047)
