id,trip_id,route_id,direction_id,latitude,longitude,current_stop_sequence,current_status,timestamp,stop_id,vehicle_id,license_plate,geometry
6032_732,5093_20250901_107_0_6,107_0,0,38.72486877441406,-9.150899887084961,13,IN_TRANSIT_TO,2025-11-26 13:27:20,1212,6032,BF-93-BC,POINT (-9.150899887084961 38.72486877441406)
1742_763,49570_20250901_282_0_14,282_0,1,38.759849548339844,-9.192150115966797,3,IN_TRANSIT_TO,2025-11-26 13:27:30,12822,1742,91-HR-99,POINT (-9.192150115966797 38.759849548339844)
2689_738,5550_20250901_117_0_8,117_0,1,38.71979904174805,-9.155380249023438,13,IN_TRANSIT_TO,2025-11-26 13:27:21,6801,2689,93-XA-45,POINT (-9.155380249023438 38.71979904174805)
2302_720,4100_20250901_143_0_10,143_0,1,38.73749923706055,-9.124300003051758,30,IN_TRANSIT_TO,2025-11-26 13:27:25,8904,2302,83-08-ZM,POINT (-9.124300003051758 38.73749923706055)
2253_758,6831_20250901_150_0_8,150_0,0,38.750118255615234,-9.195670127868652,27,IN_TRANSIT_TO,2025-11-26 13:27:30,10802,2253,80-52-ZE,POINT (-9.195670127868652 38.750118255615234)
4607_750,6390_20250901_106_0_8,106_0,0,38.759700775146484,-9.155799865722656,16,IN_TRANSIT_TO,2025-11-26 13:27:28,5810,4607,96-GL-84,POINT (-9.155799865722656 38.759700775146484)
4606_750,6262_20250901_106_0_8,106_0,1,38.75714874267578,-9.166830062866211,23,IN_TRANSIT_TO,2025-11-26 13:27:13,50001,4606,96-GL-83,POINT (-9.166830062866211 38.75714874267578)
2254_763,46424_20250901_282_0_12,282_0,1,38.7741813659668,-9.159919738769531,19,IN_TRANSIT_TO,2025-11-26 13:27:12,50162,2254,80-51-ZE,POINT (-9.159919738769531 38.7741813659668)
2440_767,7228_20250901_112_0_6,112_0,1,38.750179290771484,-9.196069717407227,14,IN_TRANSIT_TO,2025-11-26 13:27:20,10913,2440,29-AX-08,POINT (-9.196069717407227 38.750179290771484)
2317_712,3565_20250901_189_0_10,189_0,1,38.725101470947266,-9.151829719543457,14,IN_TRANSIT_TO,2025-11-26 13:27:12,1224,2317,61-86-ZB,POINT (-9.151829719543457 38.725101470947266)
2766_735,5191_20250901_172_0_7,172_0,0,38.7559814453125,-9.148079872131348,29,IN_TRANSIT_TO,2025-11-26 13:27:07,11321,2766,AH-40-ND,POINT (-9.148079872131348 38.7559814453125)
2250_731,19403_20240727_190_0_8,190_0,1,38.78303146362305,-9.114009857177734,3,IN_TRANSIT_TO,2024-08-10 10:41:27,12610,2250,80-41-ZE,POINT (-9.114009857177734 38.78303146362305)
2328_712,3550_20250901_189_0_11,189_0,0,38.725399017333984,-9.132169723510742,10,IN_TRANSIT_TO,2025-11-26 13:27:17,601,2328,62-96-ZG,POINT (-9.132169723510742 38.725399017333984)
2256_731,41474_20250901_190_0_8,190_0,1,38.76274871826172,-9.11970043182373,19,IN_TRANSIT_TO,2025-11-26 13:27:19,8402,2256,80-53-ZE,POINT (-9.11970043182373 38.76274871826172)
6033_732,5096_20250901_107_0_5,107_0,0,38.74802017211914,-9.150179862976074,3,IN_TRANSIT_TO,2025-11-26 13:27:17,2010,6033,BF-92-AZ,POINT (-9.150179862976074 38.74802017211914)
4620_750,6372_20250901_106_0_7,106_0,0,38.74639892578125,-9.197799682617188,25,IN_TRANSIT_TO,2025-11-26 13:25:51,2804,4620,22-GP-54,POINT (-9.197799682617188 38.74639892578125)
2955_40B,17568_20250901_212_0_12,212_0,1,38.77384948730469,-9.161520004272461,2,IN_TRANSIT_TO,2025-11-26 13:27:20,5905,2955,27-GU-70,POINT (-9.161520004272461 38.77384948730469)
2951_26B,17520_20250901_208_0_11,208_0,0,38.776100158691406,-9.09512996673584,9,IN_TRANSIT_TO,2025-11-26 13:27:15,50123,2951,62-GQ-53,POINT (-9.09512996673584 38.776100158691406)
2624_718,3975_20250901_105_0_11,105_0,1,38.742698669433594,-9.133299827575684,2,IN_TRANSIT_TO,2025-11-26 13:27:04,308,2624,72-VP-82,POINT (-9.133299827575684 38.742698669433594)
2953_40B,17558_20250901_212_0_11,212_0,1,38.79302978515625,-9.15552043914795,27,IN_TRANSIT_TO,2025-11-26 13:27:10,11607,2953,62-GQ-55,POINT (-9.15552043914795 38.79302978515625)
2950_32B,17548_20250901_211_0_11,211_0,0,38.75407028198242,-9.11104965209961,27,IN_TRANSIT_TO,2025-11-26 13:27:06,24366,2950,62-GQ-51,POINT (-9.11104965209961 38.75407028198242)
4641_750,6401_20250901_106_0_8,106_0,0,38.76076889038086,-9.119330406188965,8,IN_TRANSIT_TO,2025-11-26 13:27:06,8408,4641,90-JI-98,POINT (-9.119330406188965 38.76076889038086)
2945_26B,17510_20250901_208_0_12,208_0,1,38.76387023925781,-9.104029655456543,8,IN_TRANSIT_TO,2025-11-26 13:27:26,2324,2945,75-GO-14,POINT (-9.104029655456543 38.76387023925781)
2949_31B,17538_20250901_210_0_11,210_0,0,38.759178161621094,-9.124850273132324,29,IN_TRANSIT_TO,2025-11-26 13:27:33,14706,2949,62-GQ-52,POINT (-9.124850273132324 38.759178161621094)
4646_750,6335_20250901_106_0_7,106_0,0,38.70537185668945,-9.226949691772461,37,IN_TRANSIT_TO,2025-11-26 13:27:30,18403,4646,11-JM-79,POINT (-9.226949691772461 38.70537185668945)
4629_796,8140_20250901_174_0_28,174_0,1,38.7923698425293,-9.156270027160645,4,IN_TRANSIT_TO,2025-11-05 15:40:33,11607,4629,11-JM-77,POINT (-9.156270027160645 38.7923698425293)
2973_737,5502_20250901_173_0_19,173_0,0,38.71152877807617,-9.130829811096191,5,IN_TRANSIT_TO,2025-11-26 13:27:10,13807,2973,30-VM-13,POINT (-9.130829811096191 38.71152877807617)
4818_728,4569_20250901_204_0_7,204_0,1,38.77130126953125,-9.104780197143555,7,IN_TRANSIT_TO,2025-11-26 13:27:21,7811,4818,42-VT-57,POINT (-9.104780197143555 38.77130126953125)
2691_709,3401_20250901_148_0_19,148_0,1,38.715579986572266,-9.164199829101562,3,IN_TRANSIT_TO,2025-11-26 13:27:24,8001,2691,90-XF-45,POINT (-9.164199829101562 38.715579986572266)
2693_764,7166_20250901_168_0_8,168_0,1,38.75006866455078,-9.15999984741211,31,IN_TRANSIT_TO,2025-11-26 13:27:11,12705,2693,90-XF-46,POINT (-9.15999984741211 38.75006866455078)
2669_713,3612_20250901_122_0_11,122_0,0,38.72378158569336,-9.160799980163574,11,IN_TRANSIT_TO,2025-11-26 13:27:09,8512,2669,87-XB-34,POINT (-9.160799980163574 38.72378158569336)
6048_760,7061_20250901_171_0_8,171_0,1,38.709449768066406,-9.194899559020996,13,IN_TRANSIT_TO,2025-11-26 13:27:26,10305,6048,BH-46-IR,POINT (-9.194899559020996 38.709449768066406)
2695_746,5977_20250901_108_0_14,108_0,1,38.75067138671875,-9.200180053710938,5,IN_TRANSIT_TO,2025-11-26 13:27:07,10903,2695,90-XF-50,POINT (-9.200180053710938 38.75067138671875)
4836_736,5379_20250901_199_0_7,199_0,0,38.77035140991211,-9.159680366516113,19,IN_TRANSIT_TO,2025-11-26 13:27:28,5903,4836,34-VR-23,POINT (-9.159680366516113 38.77035140991211)
2705_714,3640_20250901_102_0_10,102_0,1,38.7093505859375,-9.215499877929688,14,IN_TRANSIT_TO,2025-11-26 13:27:09,12407,2705,92-XQ-29,POINT (-9.215499877929688 38.7093505859375)
2684_738,5572_20250901_117_0_9,117_0,0,38.75374984741211,-9.15447998046875,10,IN_TRANSIT_TO,2025-11-26 13:27:11,5702,2684,99-XE-59,POINT (-9.15447998046875 38.75374984741211)
2682_746,5986_20250901_108_0_11,108_0,0,38.750450134277344,-9.197099685668945,18,IN_TRANSIT_TO,2025-11-26 13:27:17,10802,2682,93-XA-42,POINT (-9.197099685668945 38.750450134277344)
4619_728,4698_20250901_204_0_5,204_0,1,38.709930419921875,-9.209380149841309,49,IN_TRANSIT_TO,2025-11-26 13:27:22,13102,4619,22-GP-53,POINT (-9.209380149841309 38.709930419921875)
2946_29B,17534_20250901_209_0_10,209_0,0,38.77671813964844,-9.11793041229248,18,IN_TRANSIT_TO,2025-11-26 13:27:07,12311,2946,75-GO-15,POINT (-9.11793041229248 38.77671813964844)
2678_713,3621_20250901_122_0_11,122_0,0,38.738121032714844,-9.14009952545166,2,IN_TRANSIT_TO,2025-11-26 13:27:09,11109,2678,93-XA-39,POINT (-9.14009952545166 38.738121032714844)
2958_774,7467_20250901_192_0_13,192_0,0,38.72222900390625,-9.161250114440918,5,IN_TRANSIT_TO,2025-11-26 13:27:22,8027,2958,27-GU-73,POINT (-9.161250114440918 38.72222900390625)
4643_728,4661_20250901_204_0_6,204_0,0,38.70962142944336,-9.208450317382812,4,IN_TRANSIT_TO,2025-11-26 13:27:17,13101,4643,98-JO-45,POINT (-9.208450317382812 38.70962142944336)
2676_711,3475_20250901_101_0_10,101_0,1,38.75252914428711,-9.206930160522461,7,IN_TRANSIT_TO,2025-11-26 13:27:20,11001,2676,87-XB-40,POINT (-9.206930160522461 38.75252914428711)
2957_798,8190_20250901_194_0_16,194_0,1,38.77442932128906,-9.151530265808105,13,IN_TRANSIT_TO,2025-11-26 13:27:10,11505,2957,27-GU-72,POINT (-9.151530265808105 38.77442932128906)
2671_727,4552_20250901_103_0_7,103_0,0,38.731319427490234,-9.146200180053711,11,IN_TRANSIT_TO,2025-11-26 13:27:06,1704,2671,87-XB-43,POINT (-9.146200180053711 38.731319427490234)
2680_764,7142_20250901_168_0_11,168_0,1,38.74454879760742,-9.191929817199707,17,IN_TRANSIT_TO,2025-11-26 13:27:18,10838,2680,93-XA-36,POINT (-9.191929817199707 38.74454879760742)
2679_738,5566_20250901_117_0_8,117_0,0,38.73152160644531,-9.146269798278809,19,IN_TRANSIT_TO,2025-11-26 13:27:22,1704,2679,93-XA-34,POINT (-9.146269798278809 38.73152160644531)
2670_776,7476_20250901_193_0_32,193_0,0,38.70186996459961,-9.251350402832031,7,IN_TRANSIT_TO,2025-11-26 13:21:38,4304,2670,87-XB-32,POINT (-9.251350402832031 38.70186996459961)
2964_730,4969_20250901_198_0_9,198_0,1,38.73749923706055,-9.127479553222656,18,IN_TRANSIT_TO,2025-11-26 13:27:22,9002,2964,30-VM-19,POINT (-9.127479553222656 38.73749923706055)
510_15E,11280_20250901_76_0_9,76_0,0,38.69710159301758,-9.205519676208496,17,IN_TRANSIT_TO,2025-11-26 13:27:27,9610,510,,POINT (-9.205519676208496 38.69710159301758)
6031_760,7022_20250901_171_0_7,171_0,1,38.70895004272461,-9.1360502243042,31,IN_TRANSIT_TO,2025-11-26 13:27:20,3824,6031,BF-87-AX,POINT (-9.1360502243042 38.70895004272461)
4819_751,6476_20250901_109_0_13,109_0,0,38.69742965698242,-9.197179794311523,14,IN_TRANSIT_TO,2025-11-26 13:27:09,4114,4819,34-VR-16,POINT (-9.197179794311523 38.69742965698242)
2718_727,4463_20250901_103_0_6,103_0,1,38.707679748535156,-9.153149604797363,27,IN_TRANSIT_TO,2025-11-26 13:27:13,3922,2718,92-XQ-23,POINT (-9.153149604797363 38.707679748535156)
547_28E,14946_20250901_75_0_11,75_0,1,38.709678649902344,-9.136919975280762,6,IN_TRANSIT_TO,2025-11-26 13:27:12,50149,547,,POINT (-9.136919975280762 38.709678649902344)
6049_760,7098_20250901_171_0_7,171_0,0,38.71464920043945,-9.137519836425781,8,IN_TRANSIT_TO,2025-11-26 13:27:27,815,6049,BH-47-IR,POINT (-9.137519836425781 38.71464920043945)
2723_727,4544_20250901_103_0_4,103_0,0,38.7399787902832,-9.146400451660156,8,IN_TRANSIT_TO,2025-11-26 13:27:24,1906,2723,92-XQ-43,POINT (-9.146400451660156 38.7399787902832)
2827_753,6573_20250901_167_0_15,167_0,0,38.72597885131836,-9.150670051574707,3,IN_TRANSIT_TO,2025-11-26 13:27:09,1202,2827,BF-61-FZ,POINT (-9.150670051574707 38.72597885131836)
6050_732,5080_20250901_107_0_5,107_0,0,38.71638107299805,-9.214280128479004,45,IN_TRANSIT_TO,2025-11-26 13:27:25,10402,6050,BH-62-IR,POINT (-9.214280128479004 38.71638107299805)
2441_703,3170_20250901_165_0_10,165_0,1,38.77391815185547,-9.161230087280273,26,IN_TRANSIT_TO,2025-11-26 13:27:18,5905,2441,29-AX-07,POINT (-9.161230087280273 38.77391815185547)
2741_755,6682_20250901_118_0_9,118_0,1,38.75006866455078,-9.160420417785645,4,IN_TRANSIT_TO,2025-11-26 13:27:20,12705,2741,AG-99-TG,POINT (-9.160420417785645 38.75006866455078)
2844_728,4714_20250901_204_0_7,204_0,1,38.744449615478516,-9.101099967956543,19,IN_TRANSIT_TO,2025-11-26 13:27:14,12504,2844,BF-73-FZ,POINT (-9.101099967956543 38.744449615478516)
2417_767,7286_20250901_112_0_7,112_0,0,38.7601318359375,-9.18257999420166,26,IN_TRANSIT_TO,2025-11-26 13:27:26,12828,2417,50-AL-06,POINT (-9.18257999420166 38.7601318359375)
2755_708,3358_20250901_100_0_8,100_0,0,38.75382995605469,-9.130370140075684,13,IN_TRANSIT_TO,2025-11-26 13:27:18,7307,2755,AG-95-TG,POINT (-9.130370140075684 38.75382995605469)
2979_702,3030_20250901_146_0_18,146_0,1,38.72687911987305,-9.16409969329834,9,IN_TRANSIT_TO,2025-11-26 13:27:08,6108,2979,30-VM-17,POINT (-9.16409969329834 38.72687911987305)
2257_771,39065_20250901_248_0_11,248_0,1,38.723228454589844,-9.17615032196045,15,IN_TRANSIT_TO,2025-11-26 13:27:33,50324,2257,80-50-ZE,POINT (-9.17615032196045 38.723228454589844)
2282_706,3235_20250901_147_0_4,147_0,0,38.70901870727539,-9.152999877929688,7,IN_TRANSIT_TO,2025-11-26 13:26:43,7103,2282,67-35-ZJ,POINT (-9.152999877929688 38.70901870727539)
2628_781,7762_20250901_151_0_9,151_0,0,38.76274871826172,-9.109330177307129,17,IN_TRANSIT_TO,2025-11-26 13:27:17,8423,2628,52-VP-82,POINT (-9.109330177307129 38.76274871826172)
2717_713,3605_20250901_122_0_7,122_0,0,38.70656967163086,-9.158269882202148,23,IN_TRANSIT_TO,2025-11-26 13:27:06,10009,2717,92-XQ-16,POINT (-9.158269882202148 38.70656967163086)
2629_759,6949_20250901_144_0_8,144_0,1,38.77513122558594,-9.100930213928223,4,IN_TRANSIT_TO,2025-11-26 13:27:20,7823,2629,52-VP-81,POINT (-9.100930213928223 38.77513122558594)
4835_783,7835_20250901_203_0_9,203_0,0,38.759220123291016,-9.137669563293457,16,IN_TRANSIT_TO,2025-11-26 13:27:33,11303,4835,53-VR-06,POINT (-9.137669563293457 38.759220123291016)
6034_760,7085_20250901_171_0_7,171_0,0,38.7076301574707,-9.19616985321045,28,IN_TRANSIT_TO,2025-11-26 13:27:32,10304,6034,BF-61-AX,POINT (-9.19616985321045 38.7076301574707)
306_708,3311_20250901_100_0_9,100_0,1,38.77507019042969,-9.095470428466797,12,IN_TRANSIT_TO,2025-11-26 13:27:23,50123,306,73-ST-81,POINT (-9.095470428466797 38.77507019042969)
307_783,7854_20250901_203_0_10,203_0,1,38.73297119140625,-9.145350456237793,24,IN_TRANSIT_TO,2025-11-26 13:27:24,1812,307,73-ST-82,POINT (-9.145350456237793 38.73297119140625)
2294_15E,11228_20250901_76_0_10,76_0,1,38.69594955444336,-9.2189302444458,4,IN_TRANSIT_TO,2025-11-26 13:27:20,13203,2294,92-52-ZM,POINT (-9.2189302444458 38.69594955444336)
2765_742,5720_20250901_114_0_8,114_0,1,38.73482894897461,-9.1383695602417,39,IN_TRANSIT_TO,2025-11-26 13:27:07,50069,2765,AH-37-ND,POINT (-9.1383695602417 38.73482894897461)
2783_754,6592_20250901_201_0_9,201_0,0,38.74100112915039,-9.211400032043457,23,IN_TRANSIT_TO,2025-11-26 13:27:14,8818,2783,AI-10-BT,POINT (-9.211400032043457 38.74100112915039)
2259_765,7176_20250901_110_0_27,110_0,0,38.756431579589844,-9.204400062561035,7,IN_TRANSIT_TO,2025-11-26 13:27:11,13702,2259,67-44-ZJ,POINT (-9.204400062561035 38.756431579589844)
2270_768,7347_20250901_111_0_12,111_0,0,38.75014877319336,-9.164899826049805,2,IN_TRANSIT_TO,2025-11-26 13:27:06,13508,2270,76-82-ZG,POINT (-9.164899826049805 38.75014877319336)
2430_767,7223_20250901_112_0_6,112_0,1,38.7600212097168,-9.177619934082031,22,IN_TRANSIT_TO,2025-11-26 13:27:25,50142,2430,29-AX-12,POINT (-9.177619934082031 38.7600212097168)
2442_747,6119_20250901_177_0_12,177_0,0,38.76683044433594,-9.179200172424316,10,IN_TRANSIT_TO,2025-11-26 13:27:16,50021,2442,29-AX-06,POINT (-9.179200172424316 38.76683044433594)
2779_746,5958_20250901_108_0_12,108_0,1,38.725181579589844,-9.150099754333496,24,IN_TRANSIT_TO,2025-11-26 13:27:26,1206,2779,AI-02-BT,POINT (-9.150099754333496 38.725181579589844)
2703_713,3576_20250901_122_0_10,122_0,1,38.707820892333984,-9.173600196838379,7,IN_TRANSIT_TO,2025-11-26 13:27:19,9425,2703,92-XQ-24,POINT (-9.173600196838379 38.707820892333984)
2495_742,5676_20250901_114_0_5,114_0,1,38.73109817504883,-9.127900123596191,43,IN_TRANSIT_TO,2025-11-26 13:27:16,502,2495,88-BL-69,POINT (-9.127900123596191 38.73109817504883)
4839_736,18817_20250901_199_0_10,199_0,1,38.74140167236328,-9.146780014038086,21,IN_TRANSIT_TO,2025-11-26 13:27:32,1902,4839,53-VR-08,POINT (-9.146780014038086 38.74140167236328)
2272_731,4989_20250901_190_0_8,190_0,1,38.79035186767578,-9.10912036895752,0,IN_TRANSIT_TO,2025-11-26 13:24:29,,2272,76-80-ZG,POINT (-9.10912036895752 38.79035186767578)
2345_771,21936_20250901_248_0_11,248_0,0,38.717620849609375,-9.199580192565918,13,IN_TRANSIT_TO,2025-11-26 13:27:34,21301,2345,53-59-ZJ,POINT (-9.199580192565918 38.717620849609375)
2997_770,7364_20250901_191_0_14,191_0,0,38.73659896850586,-9.182000160217285,9,IN_TRANSIT_TO,2025-11-26 13:27:14,10723,2997,34-VN-03,POINT (-9.182000160217285 38.73659896850586)
6023_706,3260_20250901_147_0_9,147_0,1,38.731048583984375,-9.126870155334473,10,IN_TRANSIT_TO,2025-11-26 13:27:20,7015,6023,BF-03-BD,POINT (-9.126870155334473 38.731048583984375)
4821_736,5299_20250901_199_0_8,199_0,1,38.76585006713867,-9.15742015838623,12,IN_TRANSIT_TO,2025-11-26 13:27:06,5902,4821,20-VQ-68,POINT (-9.15742015838623 38.76585006713867)
2821_728,4724_20250901_204_4_6,204_4,0,38.70772171020508,-9.132980346679688,13,IN_TRANSIT_TO,2025-11-26 13:27:21,4505,2821,BF-71-FZ,POINT (-9.132980346679688 38.70772171020508)
2613_759,6981_20250901_144_0_9,144_0,0,38.71260070800781,-9.123800277709961,6,IN_TRANSIT_TO,2025-11-26 13:26:50,8201,2613,66-VI-22,POINT (-9.123800277709961 38.71260070800781)
2264_778,18644_20250901_179_0_12,179_0,0,38.76873016357422,-9.168499946594238,11,IN_TRANSIT_TO,2025-11-26 13:27:32,50280,2264,76-90-ZG,POINT (-9.168499946594238 38.76873016357422)
6036_732,5062_20250901_107_0_6,107_0,1,38.70426940917969,-9.173919677734375,23,IN_TRANSIT_TO,2025-11-26 13:27:27,4001,6036,BG-90-LX,POINT (-9.173919677734375 38.70426940917969)
2706_713,20157_20250901_122_0_8,122_0,1,38.729270935058594,-9.159049987792969,28,IN_TRANSIT_TO,2025-11-26 13:27:10,6106,2706,92-XQ-46,POINT (-9.159049987792969 38.729270935058594)
2739_749,59015_20250901_195_5_13,195_5,1,38.742881774902344,-9.146730422973633,2,IN_TRANSIT_TO,2025-11-26 13:27:25,1903,2739,AG-31-EI,POINT (-9.146730422973633 38.742881774902344)
602_15E,11288_20250901_76_0_11,76_0,0,38.70473098754883,-9.177379608154297,10,IN_TRANSIT_TO,2025-11-26 13:27:22,12116,602,,POINT (-9.177379608154297 38.70473098754883)
2653_722,4107_20250901_196_0_8,196_0,1,38.737430572509766,-9.145119667053223,28,IN_TRANSIT_TO,2025-11-26 13:27:16,11118,2653,05-VZ-52,POINT (-9.145119667053223 38.737430572509766)
2749_708,3347_20250901_100_0_6,100_0,0,38.77947998046875,-9.09572982788086,32,IN_TRANSIT_TO,2025-11-26 13:25:02,50124,2749,AG-03-TH,POINT (-9.09572982788086 38.77947998046875)
2743_755,6711_20250901_118_0_10,118_0,0,38.74671936035156,-9.1068696975708,7,IN_TRANSIT_TO,2025-11-26 13:27:10,2210,2743,AG-02-TH,POINT (-9.1068696975708 38.74671936035156)
4826_736,5399_20250901_199_0_9,199_0,0,38.75981903076172,-9.155200004577637,15,IN_TRANSIT_TO,2025-11-26 13:27:15,5805,4826,53-VR-05,POINT (-9.155200004577637 38.75981903076172)
4830_783,7842_20250901_203_0_9,203_0,0,38.745521545410156,-9.147549629211426,10,IN_TRANSIT_TO,2025-11-26 13:27:21,2021,4830,20-VQ-63,POINT (-9.147549629211426 38.745521545410156)
2638_718,3994_20250901_105_0_10,105_0,0,38.7470817565918,-9.104949951171875,10,IN_TRANSIT_TO,2025-11-26 13:27:04,2207,2638,87-VS-48,POINT (-9.104949951171875 38.7470817565918)
6037_760,7095_20250901_171_0_3,171_0,0,38.703548431396484,-9.169529914855957,16,IN_TRANSIT_TO,2025-11-26 13:27:29,10202,6037,BG-37-LT,POINT (-9.169529914855957 38.703548431396484)
2633_781,7747_20250901_151_0_9,151_0,1,38.771751403808594,-9.109919548034668,10,IN_TRANSIT_TO,2025-11-26 13:27:15,7802,2633,52-VP-79,POINT (-9.109919548034668 38.771751403808594)
6005_760,7044_20250901_171_0_4,171_0,1,38.70597839355469,-9.183349609375,21,IN_TRANSIT_TO,2025-11-26 13:27:13,12011,6005,81-ZC-91,POINT (-9.183349609375 38.70597839355469)
2648_705,3195_20250901_176_0_10,176_0,0,38.76184844970703,-9.129779815673828,19,IN_TRANSIT_TO,2025-11-26 13:27:10,7514,2648,75-VS-46,POINT (-9.129779815673828 38.76184844970703)
2698_711,3517_20250901_101_0_8,101_0,1,38.714599609375,-9.140520095825195,31,IN_TRANSIT_TO,2025-11-26 13:27:33,1004,2698,92-XQ-20,POINT (-9.140520095825195 38.714599609375)
6039_732,5088_20250901_107_0_4,107_0,0,38.69908142089844,-9.191180229187012,30,IN_TRANSIT_TO,2025-11-26 13:27:15,9512,6039,BG-96-LU,POINT (-9.191180229187012 38.69908142089844)
6041_732,5038_20250901_107_0_5,107_0,1,38.74810028076172,-9.150199890136719,42,IN_TRANSIT_TO,2025-11-26 13:27:20,2001,6041,BG-20-LV,POINT (-9.150199890136719 38.74810028076172)
2647_759,6896_20250901_144_0_6,144_0,1,38.708900451660156,-9.130330085754395,42,IN_TRANSIT_TO,2025-11-26 13:27:24,8202,2647,75-VS-45,POINT (-9.130330085754395 38.708900451660156)
2826_753,6564_20250901_167_0_15,167_0,0,38.72502899169922,-9.155269622802734,5,IN_TRANSIT_TO,2025-11-26 13:27:18,1223,2826,BF-74-FZ,POINT (-9.155269622802734 38.72502899169922)
2989_79B,18671_20250901_221_0_8,221_0,0,38.69874954223633,-9.21792984008789,38,IN_TRANSIT_TO,2025-11-26 13:27:27,9717,2989,29-VM-85,POINT (-9.21792984008789 38.69874954223633)
577_18E,12186_20250901_78_0_13,78_0,0,38.70220184326172,-9.179969787597656,8,IN_TRANSIT_TO,2025-11-26 13:27:21,12120,577,,POINT (-9.179969787597656 38.70220184326172)
573_25E,14268_20250901_79_0_12,79_0,0,38.714298248291016,-9.169449806213379,18,IN_TRANSIT_TO,2025-11-26 13:27:10,8017,573,,POINT (-9.169449806213379 38.714298248291016)
2724_727,4536_20250901_103_0_6,103_0,0,38.697669982910156,-9.204330444335938,37,IN_TRANSIT_TO,2025-11-26 13:27:22,9604,2724,92-XQ-40,POINT (-9.204330444335938 38.697669982910156)
273_28E,44753_20250901_75_8_16,75_8,1,38.714351654052734,-9.168600082397461,14,IN_TRANSIT_TO,2025-11-26 13:27:31,8018,273,AH-15-TB,POINT (-9.168600082397461 38.714351654052734)
2661_723,4149_20250901_121_0_7,121_0,1,38.71467971801758,-9.204779624938965,13,IN_TRANSIT_TO,2025-11-26 13:27:18,10406,2661,05-VZ-58,POINT (-9.204779624938965 38.71467971801758)
2737_756,6761_20250901_175_0_13,175_0,1,38.70568084716797,-9.176170349121094,3,IN_TRANSIT_TO,2025-11-26 13:27:11,12105,2737,AG-45-EI,POINT (-9.176170349121094 38.70568084716797)
2609_744,5841_20250901_200_0_8,200_0,1,38.72600173950195,-9.149849891662598,30,IN_TRANSIT_TO,2025-11-26 13:27:13,1206,2609,66-VI-36,POINT (-9.149849891662598 38.72600173950195)
2611_759,6970_20250901_144_0_7,144_0,0,38.76306915283203,-9.114020347595215,29,IN_TRANSIT_TO,2025-11-26 13:27:16,8419,2611,66-VI-38,POINT (-9.114020347595215 38.76306915283203)
2721_711,3501_20250901_101_0_9,101_0,0,38.72372055053711,-9.177680015563965,10,IN_TRANSIT_TO,2025-11-26 13:27:20,8607,2721,92-XQ-37,POINT (-9.177680015563965 38.72372055053711)
2632_718,3978_20250901_105_0_10,105_0,0,38.73596954345703,-9.103730201721191,13,IN_TRANSIT_TO,2025-11-26 13:10:38,12510,2632,52-VP-88,POINT (-9.103730201721191 38.73596954345703)
2981_774,7430_20250901_192_0_19,192_0,0,38.71472930908203,-9.17002010345459,0,IN_TRANSIT_TO,2025-11-26 13:27:34,,2981,29-VM-86,POINT (-9.17002010345459 38.71472930908203)
6030_706,3266_20250901_147_0_9,147_0,1,38.71398162841797,-9.12222957611084,0,IN_TRANSIT_TO,2025-11-26 13:27:21,,6030,BF-39-AU,POINT (-9.12222957611084 38.71398162841797)
548_25E,14260_20250901_79_0_11,79_0,1,38.706329345703125,-9.147379875183105,15,IN_TRANSIT_TO,2025-11-26 13:27:30,7101,548,,POINT (-9.147379875183105 38.706329345703125)
2643_744,5830_20250901_200_0_7,200_0,0,38.750099182128906,-9.137430191040039,10,IN_TRANSIT_TO,2025-11-26 13:27:11,2053,2643,75-VS-44,POINT (-9.137430191040039 38.750099182128906)
2993_702,3068_20250901_146_0_19,146_0,0,38.72597885131836,-9.157600402832031,2,IN_TRANSIT_TO,2025-11-26 13:27:15,6127,2993,29-VM-93,POINT (-9.157600402832031 38.72597885131836)
2733_756,6730_20250901_175_0_11,175_0,0,38.7423210144043,-9.134519577026367,7,IN_TRANSIT_TO,2025-11-26 13:27:09,319,2733,AG-41-EI,POINT (-9.134519577026367 38.7423210144043)
2468_729,4817_20250901_104_0_7,104_0,1,38.76171875,-9.196829795837402,37,IN_TRANSIT_TO,2025-11-26 13:27:29,13904,2468,16-AZ-10,POINT (-9.196829795837402 38.76171875)
541_24E,17842_20250901_213_0_19,213_0,1,38.720001220703125,-9.154279708862305,4,IN_TRANSIT_TO,2025-11-26 13:27:16,6823,541,,POINT (-9.154279708862305 38.720001220703125)
2707_738,5561_20250901_117_0_7,117_0,0,38.71567153930664,-9.160120010375977,26,IN_TRANSIT_TO,2025-11-26 13:27:30,8104,2707,92-XQ-39,POINT (-9.160120010375977 38.71567153930664)
2736_735,5283_20250901_172_0_8,172_0,1,38.7387809753418,-9.13368034362793,13,IN_TRANSIT_TO,2025-11-26 13:27:05,404,2736,AG-47-EI,POINT (-9.13368034362793 38.7387809753418)
542_28E,14998_20250901_75_0_10,75_0,0,38.71931838989258,-9.129870414733887,8,IN_TRANSIT_TO,2025-11-26 13:27:11,9131,542,,POINT (-9.129870414733887 38.71931838989258)
2713_754,6622_20250901_201_0_8,201_0,1,38.7430305480957,-9.17411994934082,27,IN_TRANSIT_TO,2025-11-26 13:27:08,10705,2713,92-XQ-34,POINT (-9.17411994934082 38.7430305480957)
2635_718,3991_20250901_105_0_9,105_0,0,38.728271484375,-9.109649658203125,17,IN_TRANSIT_TO,2025-11-26 13:27:09,8304,2635,52-VP-90,POINT (-9.109649658203125 38.728271484375)
544_28E,14934_20250901_75_0_5,75_0,1,38.70998001098633,-9.135350227355957,7,IN_TRANSIT_TO,2025-11-26 13:27:01,5601,544,,POINT (-9.135350227355957 38.70998001098633)
2769_714,3662_20250901_102_0_10,102_0,1,38.72637176513672,-9.21288013458252,7,IN_TRANSIT_TO,2025-11-26 13:27:27,18707,2769,AH-19-ND,POINT (-9.21288013458252 38.72637176513672)
556_18E,18351_20250901_78_0_7,78_0,0,38.701271057128906,-9.18120002746582,7,IN_TRANSIT_TO,2025-11-26 13:27:15,12116,556,,POINT (-9.18120002746582 38.701271057128906)
2636_718,3962_20250901_105_0_9,105_0,1,38.730281829833984,-9.124930381774902,7,IN_TRANSIT_TO,2025-11-26 13:27:09,7010,2636,87-VS-50,POINT (-9.124930381774902 38.730281829833984)
2686_727,4537_20250901_103_0_6,103_0,0,38.726200103759766,-9.14972972869873,13,IN_TRANSIT_TO,2025-11-26 13:27:10,1206,2686,99-XE-58,POINT (-9.14972972869873 38.726200103759766)
571_28E,14920_20250901_75_0_13,75_0,1,38.70998001098633,-9.135199546813965,7,IN_TRANSIT_TO,2025-11-26 13:27:06,5601,571,,POINT (-9.135199546813965 38.70998001098633)
2652_744,5850_20250901_200_0_8,200_0,1,38.76778030395508,-9.105870246887207,6,IN_TRANSIT_TO,2025-11-26 13:27:11,7825,2652,05-VZ-61,POINT (-9.105870246887207 38.76778030395508)
2626_744,5819_20250901_200_0_8,200_0,0,38.768280029296875,-9.127429962158203,18,IN_TRANSIT_TO,2025-11-26 13:27:23,7601,2626,52-VP-86,POINT (-9.127429962158203 38.768280029296875)
4810_728,4581_20250901_204_0_8,204_0,0,38.78377914428711,-9.108830451965332,50,IN_TRANSIT_TO,2025-11-26 13:27:31,12617,4810,20-VQ-60,POINT (-9.108830451965332 38.78377914428711)
2621_759,6921_20250901_144_0_8,144_0,1,38.73392105102539,-9.112719535827637,30,IN_TRANSIT_TO,2025-11-26 13:27:33,17572,2621,66-VI-45,POINT (-9.112719535827637 38.73392105102539)
2656_722,4121_20250901_196_0_8,196_0,0,38.77714920043945,-9.115870475769043,28,IN_TRANSIT_TO,2025-11-26 13:27:33,12306,2656,05-VZ-53,POINT (-9.115870475769043 38.77714920043945)
2985_34B,19151_20250901_226_0_7,226_0,0,38.747779846191406,-9.11715030670166,39,IN_TRANSIT_TO,2025-11-26 13:27:07,3604,2985,30-VM-14,POINT (-9.11715030670166 38.747779846191406)
2986_774,7450_20250901_192_0_18,192_0,1,38.727718353271484,-9.1428804397583,1,IN_TRANSIT_TO,2025-11-26 13:27:10,6907,2986,30-VM-12,POINT (-9.1428804397583 38.727718353271484)
2701_738,5553_20250901_117_0_8,117_0,1,38.703819274902344,-9.172249794006348,6,IN_TRANSIT_TO,2025-11-26 13:27:07,4001,2701,92-XQ-35,POINT (-9.172249794006348 38.703819274902344)
2976_797,8161_20250901_163_0_25,163_0,1,38.7336311340332,-9.133919715881348,10,IN_TRANSIT_TO,2025-11-26 13:27:06,509,2976,30-VM-00,POINT (-9.133919715881348 38.7336311340332)
2604_759,6987_20250901_144_0_8,144_0,1,38.7164192199707,-9.142219543457031,45,IN_TRANSIT_TO,2025-11-26 13:27:10,919,2604,66-VI-32,POINT (-9.142219543457031 38.7164192199707)
2980_45B,45280_20250901_277_0_10,277_0,0,38.76647186279297,-9.17123031616211,19,IN_TRANSIT_TO,2025-11-26 13:27:18,50023,2980,29-VM-90,POINT (-9.17123031616211 38.76647186279297)
2663_714,3697_20240914_102_0_16,102_0,1,38.72127151489258,-9.221500396728516,4,IN_TRANSIT_TO,2024-10-22 20:26:58,18703,2663,05-VZ-62,POINT (-9.221500396728516 38.72127151489258)
2659_723,63530_20250901_121_0_7,121_0,1,38.72663116455078,-9.145600318908691,31,IN_TRANSIT_TO,2025-11-26 13:27:22,6606,2659,05-VZ-57,POINT (-9.145600318908691 38.72663116455078)
576_28E,14908_20250901_75_0_7,75_0,1,38.715248107910156,-9.13683032989502,23,IN_TRANSIT_TO,2025-11-26 13:27:24,804,576,,POINT (-9.13683032989502 38.715248107910156)
2685_713,3592_20250901_122_0_10,122_0,1,38.730079650878906,-9.168350219726562,2,IN_TRANSIT_TO,2025-11-26 13:27:05,2704,2685,93-XA-46,POINT (-9.168350219726562 38.730079650878906)
2615_759,6943_20250901_144_0_8,144_0,1,38.774200439453125,-9.11758041381836,10,IN_TRANSIT_TO,2025-11-26 13:27:14,12208,2615,66-VI-27,POINT (-9.11758041381836 38.774200439453125)
579_24E,17852_20250901_213_0_12,213_0,0,38.723548889160156,-9.159520149230957,8,IN_TRANSIT_TO,2025-11-26 13:27:08,6824,579,,POINT (-9.159520149230957 38.723548889160156)
554_25E,14255_20250901_79_0_11,79_0,1,38.711029052734375,-9.136919975280762,19,IN_TRANSIT_TO,2025-11-26 13:26:26,50621,554,,POINT (-9.136919975280762 38.711029052734375)
545_28E,14972_20250901_75_0_6,75_0,0,38.71049880981445,-9.14247989654541,20,IN_TRANSIT_TO,2025-11-26 13:27:18,10514,545,,POINT (-9.14247989654541 38.71049880981445)
2995_52B,21661_20250901_244_0_10,244_0,0,38.741329193115234,-9.168049812316895,22,IN_TRANSIT_TO,2025-11-26 13:27:05,50472,2995,30-VM-15,POINT (-9.168049812316895 38.741329193115234)
580_25E,14271_20250901_79_0_12,79_0,0,38.715431213378906,-9.163530349731445,15,IN_TRANSIT_TO,2025-11-26 13:27:03,8108,580,,POINT (-9.163530349731445 38.715431213378906)
2963_71B,45266_20250901_278_0_9,278_0,0,38.73357009887695,-9.206199645996094,11,IN_TRANSIT_TO,2025-11-26 13:27:18,8828,2963,29-VM-88,POINT (-9.206199645996094 38.73357009887695)
2687_738,5512_20250901_117_0_8,117_0,1,38.7559814453125,-9.172679901123047,33,IN_TRANSIT_TO,2025-11-26 13:27:06,50177,2687,93-XA-44,POINT (-9.172679901123047 38.7559814453125)
404_73B,18773_20250901_220_0_10,220_0,0,38.70677185058594,-9.174920082092285,15,IN_TRANSIT_TO,2025-11-26 13:27:12,12105,404,BF-14-TQ,POINT (-9.174920082092285 38.70677185058594)
265_61B,21520_20250901_241_0_14,241_0,0,38.73094940185547,-9.173379898071289,17,IN_TRANSIT_TO,2025-11-26 13:26:58,50085,265,AG-40-OV,POINT (-9.173379898071289 38.73094940185547)
2708_764,7162_20250901_168_0_11,168_0,0,38.76033020019531,-9.182979583740234,12,IN_TRANSIT_TO,2025-11-26 13:27:33,12804,2708,92-XQ-32,POINT (-9.182979583740234 38.76033020019531)
2828_753,6577_20250901_167_0_14,167_0,1,38.725730895996094,-9.148170471191406,6,IN_TRANSIT_TO,2025-11-26 13:27:31,1212,2828,BF-60-FZ,POINT (-9.148170471191406 38.725730895996094)
2696_764,7151_20250901_168_0_9,168_0,1,38.7453498840332,-9.22212028503418,3,IN_TRANSIT_TO,2025-11-26 13:27:24,3009,2696,90-XF-63,POINT (-9.22212028503418 38.7453498840332)
2644_718,3959_20250901_105_0_11,105_0,1,38.73997116088867,-9.10276985168457,20,IN_TRANSIT_TO,2025-11-26 13:27:06,12509,2644,87-VS-52,POINT (-9.10276985168457 38.73997116088867)
578_28E,15012_20250901_75_0_14,75_0,0,38.71937942504883,-9.129730224609375,8,IN_TRANSIT_TO,2025-11-26 13:27:23,9131,578,,POINT (-9.129730224609375 38.71937942504883)
2977_45B,49562_20250901_277_0_10,277_0,1,38.77384948730469,-9.161370277404785,23,IN_TRANSIT_TO,2025-11-26 13:27:04,5905,2977,30-VM-21,POINT (-9.161370277404785 38.77384948730469)
502_15E,11303_20250901_76_0_9,76_0,0,38.706451416015625,-9.152779579162598,5,IN_TRANSIT_TO,2025-11-26 13:27:07,7102,502,,POINT (-9.152779579162598 38.706451416015625)
4808_751,6498_20250901_109_0_8,109_0,1,38.72032928466797,-9.175149917602539,29,IN_TRANSIT_TO,2025-11-26 13:27:08,11901,4808,20-VQ-73,POINT (-9.175149917602539 38.72032928466797)
2641_759,6961_20250901_144_0_7,144_0,0,38.77252960205078,-9.097299575805664,44,IN_TRANSIT_TO,2025-11-26 13:27:11,7824,2641,75-VS-49,POINT (-9.097299575805664 38.77252960205078)
268_76B,18630_20250901_219_0_14,219_0,0,38.70404815673828,-9.199370384216309,24,IN_TRANSIT_TO,2025-11-26 13:27:28,50370,268,AH-56-CZ,POINT (-9.199370384216309 38.70404815673828)
2974_730,4947_20250901_198_0_11,198_0,1,38.72257995605469,-9.141400337219238,5,IN_TRANSIT_TO,2025-11-26 13:27:19,9206,2974,30-VM-22,POINT (-9.141400337219238 38.72257995605469)
2987_774,7437_20250901_192_0_14,192_0,1,38.72309875488281,-9.158820152282715,8,IN_TRANSIT_TO,2025-11-26 13:27:30,6824,2987,29-VM-99,POINT (-9.158820152282715 38.72309875488281)
575_25E,14263_20250901_79_0_11,79_0,1,38.71546936035156,-9.164369583129883,3,IN_TRANSIT_TO,2025-11-26 13:27:27,8001,575,,POINT (-9.164369583129883 38.71546936035156)
6006_706,3259_20250901_147_0_3,147_0,1,38.72269821166992,-9.149149894714355,22,IN_TRANSIT_TO,2025-11-26 13:27:32,1211,6006,82-ZC-09,POINT (-9.149149894714355 38.72269821166992)
2660_723,4182_20250901_121_0_9,121_0,0,38.71223068237305,-9.21448040008545,22,IN_TRANSIT_TO,2025-11-26 13:27:34,10404,2660,05-VZ-60,POINT (-9.21448040008545 38.71223068237305)
2655_781,57699_20250901_151_0_9,151_0,0,38.71480178833008,-9.121129989624023,5,IN_TRANSIT_TO,2025-11-26 13:27:14,2113,2655,05-VZ-67,POINT (-9.121129989624023 38.71480178833008)
269_61B,21530_20250901_241_0_15,241_0,0,38.72344970703125,-9.170780181884766,0,IN_TRANSIT_TO,2025-11-26 13:27:24,,269,AG-25-NH,POINT (-9.170780181884766 38.72344970703125)
2650_744,5805_20250901_200_0_8,200_0,1,38.77186965942383,-9.101369857788086,0,IN_TRANSIT_TO,2025-11-26 13:27:31,,2650,75-VS-50,POINT (-9.101369857788086 38.77186965942383)
2782_709,3412_20250901_148_0_14,148_0,0,38.720001220703125,-9.155179977416992,7,IN_TRANSIT_TO,2025-11-26 13:27:06,6810,2782,AI-99-BS,POINT (-9.155179977416992 38.720001220703125)
4805_751,6517_20250901_109_0_9,109_0,1,38.69982147216797,-9.227330207824707,10,IN_TRANSIT_TO,2025-11-26 13:27:28,4213,4805,20-VQ-66,POINT (-9.227330207824707 38.69982147216797)
2740_755,6654_20250901_118_0_9,118_0,1,38.75699996948242,-9.116000175476074,26,IN_TRANSIT_TO,2025-11-26 13:27:10,8427,2740,AG-43-EI,POINT (-9.116000175476074 38.75699996948242)
2984_52B,21671_20250901_244_0_10,244_0,0,38.735069274902344,-9.154580116271973,17,IN_TRANSIT_TO,2025-11-26 13:27:25,1403,2984,30-VM-04,POINT (-9.154580116271973 38.735069274902344)
2630_717,3800_20250901_170_0_10,170_0,1,38.77463150024414,-9.148969650268555,17,IN_TRANSIT_TO,2025-11-26 13:27:13,11505,2630,52-VP-89,POINT (-9.148969650268555 38.77463150024414)
2651_705,3180_20250901_176_0_11,176_0,0,38.77437973022461,-9.097270011901855,4,IN_TRANSIT_TO,2025-11-26 13:27:12,7823,2651,05-VZ-54,POINT (-9.097270011901855 38.77437973022461)
2665_714,3697_20250901_102_0_9,102_0,0,38.704681396484375,-9.177949905395508,13,IN_TRANSIT_TO,2025-11-26 13:27:23,12121,2665,87-XB-33,POINT (-9.177949905395508 38.704681396484375)
2645_722,4119_20250901_196_0_9,196_0,1,38.77217102050781,-9.120129585266113,12,IN_TRANSIT_TO,2025-11-26 13:27:19,12206,2645,87-VS-49,POINT (-9.120129585266113 38.77217102050781)
2627_781,7737_20250901_151_0_9,151_0,1,38.7346305847168,-9.104080200195312,23,IN_TRANSIT_TO,2025-11-26 13:27:22,12514,2627,52-VP-83,POINT (-9.104080200195312 38.7346305847168)
276_28E,48783_20250901_75_8_35,75_8,1,38.71432876586914,-9.169320106506348,15,IN_TRANSIT_TO,2025-11-16 23:22:53,8017,276,AH-12-TB,POINT (-9.169320106506348 38.71432876586914)
2742_755,6702_20250901_118_0_10,118_0,0,38.756099700927734,-9.147720336914062,34,IN_TRANSIT_TO,2025-11-26 13:27:29,11321,2742,AG-94-TG,POINT (-9.147720336914062 38.756099700927734)
2725_711,3512_20250901_101_0_7,101_0,0,38.71432113647461,-9.139200210571289,4,IN_TRANSIT_TO,2025-11-26 13:27:17,919,2725,92-XQ-30,POINT (-9.139200210571289 38.71432113647461)
2715_738,5535_20250901_117_0_7,117_0,1,38.74222183227539,-9.1466703414917,21,IN_TRANSIT_TO,2025-11-26 13:27:31,1805,2715,92-XQ-22,POINT (-9.1466703414917 38.74222183227539)
2608_722,4127_20250901_196_0_9,196_0,0,38.73706817626953,-9.136369705200195,9,IN_TRANSIT_TO,2025-11-26 13:27:23,11114,2608,66-VI-39,POINT (-9.136369705200195 38.73706817626953)
2966_34B,19141_20250901_226_0_8,226_0,0,38.74552917480469,-9.115850448608398,5,IN_TRANSIT_TO,2025-11-26 13:27:10,3611,2966,30-VM-20,POINT (-9.115850448608398 38.74552917480469)
2722_727,4441_20250901_103_0_6,103_0,1,38.74872970581055,-9.132749557495117,48,IN_TRANSIT_TO,2025-11-26 13:27:17,11208,2722,92-XQ-36,POINT (-9.132749557495117 38.74872970581055)
2735_735,5206_20250901_172_0_9,172_0,0,38.744869232177734,-9.13955020904541,24,IN_TRANSIT_TO,2025-11-26 13:27:12,307,2735,AG-37-EI,POINT (-9.13955020904541 38.744869232177734)
282_28E,48628_20250901_75_8_18,75_8,0,38.7152214050293,-9.165349960327148,2,IN_TRANSIT_TO,2025-11-26 13:27:08,8019,282,AI-47-OJ,POINT (-9.165349960327148 38.7152214050293)
2972_737,5489_20250901_173_0_24,173_0,1,38.710899353027344,-9.130749702453613,3,IN_TRANSIT_TO,2025-11-26 13:27:07,13816,2972,29-VM-96,POINT (-9.130749702453613 38.710899353027344)
6045_732,5076_20250901_107_0_6,107_0,1,38.7097282409668,-9.21541976928711,4,IN_TRANSIT_TO,2025-11-26 13:27:22,12407,6045,BH-32-IQ,POINT (-9.21541976928711 38.7097282409668)
2274_726,4334_20250901_116_0_6,116_0,1,38.73643112182617,-9.149470329284668,24,IN_TRANSIT_TO,2025-11-26 13:27:27,1412,2274,76-79-ZG,POINT (-9.149470329284668 38.73643112182617)
2247_767,7206_20250901_112_0_2,112_0,1,38.75400161743164,-9.206029891967773,8,IN_TRANSIT_TO,2025-11-17 15:34:40,10926,2247,22-34-ZB,POINT (-9.206029891967773 38.75400161743164)
2419_703,3158_20250901_165_0_9,165_0,0,38.774269104003906,-9.160900115966797,15,IN_TRANSIT_TO,2025-11-26 13:27:06,5925,2419,92-AO-55,POINT (-9.160900115966797 38.774269104003906)
2327_712,3565_20250901_189_0_8,189_0,1,38.72502899169922,-9.15291976928711,14,IN_TRANSIT_TO,2025-11-11 11:30:40,1224,2327,67-53-ZJ,POINT (-9.15291976928711 38.72502899169922)
2310_723,4176_20250901_121_0_7,121_0,0,38.69585037231445,-9.2185697555542,29,IN_TRANSIT_TO,2025-11-26 13:27:15,13204,2310,83-07-ZM,POINT (-9.2185697555542 38.69585037231445)
2489_767,7305_20250901_112_0_7,112_0,0,38.73509979248047,-9.141480445861816,6,IN_TRANSIT_TO,2025-11-26 13:27:18,11102,2489,55-BH-05,POINT (-9.141480445861816 38.73509979248047)
253_773,7423_20250901_124_0_11,124_0,1,38.717201232910156,-9.149419784545898,23,IN_TRANSIT_TO,2025-11-26 13:27:17,10605,253,AF-88-NU,POINT (-9.149419784545898 38.717201232910156)
2402_716,3744_20250901_164_0_12,164_0,1,38.74715042114258,-9.18887996673584,6,IN_TRANSIT_TO,2025-11-26 13:27:20,10803,2402,50-AL-13,POINT (-9.18887996673584 38.74715042114258)
2490_755,6694_20250901_118_0_10,118_0,0,38.74467086791992,-9.168600082397461,41,IN_TRANSIT_TO,2025-11-26 13:27:08,12702,2490,55-BH-01,POINT (-9.168600082397461 38.74467086791992)
1701_796,8152_20250901_174_0_18,174_0,1,38.773651123046875,-9.16176986694336,11,IN_TRANSIT_TO,2025-11-26 13:27:22,5908,1701,39-AB-08,POINT (-9.16176986694336 38.773651123046875)
2750_756,6757_20250901_175_0_11,175_0,1,38.737831115722656,-9.155579566955566,11,IN_TRANSIT_TO,2025-11-26 13:27:31,1511,2750,AG-10-TH,POINT (-9.155579566955566 38.737831115722656)
2780_714,3671_20250901_102_0_9,102_0,0,38.720401763916016,-9.22012996673584,35,IN_TRANSIT_TO,2025-11-26 13:27:30,18710,2780,AI-06-BT,POINT (-9.22012996673584 38.720401763916016)
2994_730,4949_20250901_198_0_10,198_0,0,38.72597122192383,-9.144929885864258,23,IN_TRANSIT_TO,2025-11-26 13:27:15,6603,2994,29-VM-91,POINT (-9.144929885864258 38.72597122192383)
2471_729,4779_20250901_104_0_6,104_0,0,38.710628509521484,-9.2006196975708,28,IN_TRANSIT_TO,2025-11-26 13:27:25,12903,2471,74-BC-70,POINT (-9.2006196975708 38.710628509521484)
2246_771,21942_20250901_248_0_13,248_0,1,38.73793029785156,-9.16746997833252,23,IN_TRANSIT_TO,2025-11-26 13:27:07,2713,2246,22-38-ZB,POINT (-9.16746997833252 38.73793029785156)
2248_758,6889_20250901_150_0_10,150_0,1,38.73640060424805,-9.166299819946289,16,IN_TRANSIT_TO,2025-11-26 13:27:27,2718,2248,22-33-ZB,POINT (-9.166299819946289 38.73640060424805)
2709_746,5964_20250901_108_0_12,108_0,1,38.7381706237793,-9.157079696655273,19,IN_TRANSIT_TO,2025-11-26 13:27:27,1506,2709,92-XQ-42,POINT (-9.157079696655273 38.7381706237793)
1708_798,8202_20250901_194_0_17,194_0,0,38.774051666259766,-9.152700424194336,9,IN_TRANSIT_TO,2025-11-26 13:27:34,11512,1708,69-AL-71,POINT (-9.152700424194336 38.774051666259766)
2244_747,6110_20250901_177_0_12,177_0,0,38.763851165771484,-9.198820114135742,20,IN_TRANSIT_TO,2025-11-26 13:27:12,13909,2244,22-44-ZB,POINT (-9.198820114135742 38.763851165771484)
2714_754,6584_20250901_201_0_8,201_0,1,38.73637008666992,-9.213430404663086,5,IN_TRANSIT_TO,2025-11-26 13:27:31,8845,2714,92-XQ-38,POINT (-9.213430404663086 38.73637008666992)
2286_731,4974_20250901_190_0_6,190_0,1,38.78133010864258,-9.108449935913086,7,IN_TRANSIT_TO,2025-11-26 13:27:22,12615,2286,67-42-ZJ,POINT (-9.108449935913086 38.78133010864258)
2760_742,5759_20250901_114_0_8,114_0,1,38.70502853393555,-9.188220024108887,15,IN_TRANSIT_TO,2025-11-26 13:27:18,13405,2760,AH-35-ND,POINT (-9.188220024108887 38.70502853393555)
2478_726,4286_20250901_116_0_9,116_0,0,38.75925064086914,-9.181180000305176,24,IN_TRANSIT_TO,2025-11-26 13:27:24,13608,2478,91-BE-80,POINT (-9.181180000305176 38.75925064086914)
1778_720,4044_20250901_143_0_10,143_0,1,38.703651428222656,-9.171469688415527,6,IN_TRANSIT_TO,2025-11-26 13:27:14,4001,1778,63-HX-30,POINT (-9.171469688415527 38.703651428222656)
2815_793,8007_20250901_145_0_12,145_0,0,38.74987030029297,-9.119330406188965,20,IN_TRANSIT_TO,2025-11-26 13:27:14,3713,2815,90-II-55,POINT (-9.119330406188965 38.74987030029297)
4647_750,6290_20250901_106_0_8,106_0,1,38.73591995239258,-9.206069946289062,9,IN_TRANSIT_TO,2025-11-26 13:27:22,8807,4647,02-JN-88,POINT (-9.206069946289062 38.73591995239258)
1749_742,5687_20250901_114_0_8,114_0,1,38.73136901855469,-9.110930442810059,55,IN_TRANSIT_TO,2025-11-26 13:27:29,17567,1749,92-HR-06,POINT (-9.110930442810059 38.73136901855469)
2970_72B,45276_20250901_279_0_9,279_0,0,38.736000061035156,-9.205320358276367,17,IN_TRANSIT_TO,2025-11-26 13:27:09,50613,2970,29-VM-87,POINT (-9.205320358276367 38.736000061035156)
2969_730,4967_20250901_198_0_12,198_0,0,38.73772048950195,-9.127269744873047,7,IN_TRANSIT_TO,2025-11-26 13:27:18,8903,2969,30-VM-09,POINT (-9.127269744873047 38.73772048950195)
4802_728,4641_20250901_204_0_8,204_0,0,38.70132827758789,-9.176369667053223,13,IN_TRANSIT_TO,2025-11-26 13:27:26,9501,4802,77-VP-17,POINT (-9.176369667053223 38.70132827758789)
4812_728,4589_20250901_204_0_8,204_0,0,38.76736831665039,-9.100870132446289,43,IN_TRANSIT_TO,2025-11-26 13:27:14,7825,4812,20-VQ-70,POINT (-9.100870132446289 38.76736831665039)
2453_726,4295_20250901_116_0_7,116_0,0,38.73857116699219,-9.154450416564941,14,IN_TRANSIT_TO,2025-11-26 13:27:13,1503,2453,16-AZ-13,POINT (-9.154450416564941 38.73857116699219)
2459_729,4757_20250901_104_0_8,104_0,0,38.701148986816406,-9.199780464172363,33,IN_TRANSIT_TO,2025-11-26 13:27:08,4106,2459,74-BC-74,POINT (-9.199780464172363 38.701148986816406)
1750_755,6709_20250901_118_0_10,118_0,0,38.759220123291016,-9.124699592590332,21,IN_TRANSIT_TO,2025-11-26 13:27:13,14705,1750,92-HR-07,POINT (-9.124699592590332 38.759220123291016)
2761_742,5782_20250901_114_0_5,114_0,0,38.702701568603516,-9.181079864501953,41,IN_TRANSIT_TO,2025-11-26 13:27:10,12112,2761,AH-33-ND,POINT (-9.181079864501953 38.702701568603516)
2810_793,7989_20250901_145_0_13,145_0,1,38.74802017211914,-9.112919807434082,13,IN_TRANSIT_TO,2025-11-26 13:27:21,3714,2810,01-IH-99,POINT (-9.112919807434082 38.74802017211914)
1755_717,3863_20250901_170_0_9,170_0,0,38.76395034790039,-9.156869888305664,16,IN_TRANSIT_TO,2025-11-26 13:27:16,5807,1755,34-HU-21,POINT (-9.156869888305664 38.76395034790039)
2311_712,3541_20250901_189_0_10,189_0,0,38.72705078125,-9.16232967376709,20,IN_TRANSIT_TO,2025-11-26 13:27:17,6103,2311,72-23-XN,POINT (-9.16232967376709 38.72705078125)
2251_799,8211_20250901_120_0_14,120_0,0,38.75394821166992,-9.190119743347168,0,IN_TRANSIT_TO,2025-11-26 13:27:09,,2251,22-31-ZB,POINT (-9.190119743347168 38.75394821166992)
2410_767,7184_20250901_112_0_6,112_0,1,38.74745178222656,-9.141030311584473,35,IN_TRANSIT_TO,2025-11-26 13:27:31,202,2410,92-AO-46,POINT (-9.141030311584473 38.74745178222656)
2280_765,18944_20250901_110_0_28,110_0,1,38.75442886352539,-9.195929527282715,8,IN_TRANSIT_TO,2025-11-26 13:27:18,10909,2280,67-40-ZJ,POINT (-9.195929527282715 38.75442886352539)
2794_714,3689_20250901_102_0_7,102_0,0,38.69784927368164,-9.191699981689453,17,IN_TRANSIT_TO,2025-11-26 13:27:06,9508,2794,AJ-60-LI,POINT (-9.191699981689453 38.69784927368164)
4608_748,6160_20250901_169_0_16,169_0,1,38.724769592285156,-9.150699615478516,10,IN_TRANSIT_TO,2025-11-26 13:27:28,1212,4608,96-GL-85,POINT (-9.150699615478516 38.724769592285156)
2777_764,7135_20250901_168_0_10,168_0,1,38.74856948852539,-9.171529769897461,27,IN_TRANSIT_TO,2025-11-26 13:27:10,12712,2777,AI-01-BT,POINT (-9.171529769897461 38.74856948852539)
302_708,3351_20250901_100_0_7,100_0,0,38.76737976074219,-9.104100227355957,27,IN_TRANSIT_TO,2025-11-26 13:27:25,7711,302,22-SP-89,POINT (-9.104100227355957 38.76737976074219)
2710_727,4553_20250901_103_0_7,103_0,0,38.746150970458984,-9.132980346679688,0,IN_TRANSIT_TO,2025-11-26 13:27:15,,2710,92-XQ-19,POINT (-9.132980346679688 38.746150970458984)
2278_799,8222_20250901_120_0_11,120_0,1,38.754478454589844,-9.195520401000977,23,IN_TRANSIT_TO,2025-11-26 13:27:10,10917,2278,67-41-ZJ,POINT (-9.195520401000977 38.754478454589844)
2756_742,5788_20250901_114_0_6,114_0,0,38.73706817626953,-9.14758014678955,23,IN_TRANSIT_TO,2025-11-26 13:27:34,1811,2756,AH-27-ND,POINT (-9.14758014678955 38.73706817626953)
301_708,3298_20250901_100_0_6,100_0,1,38.76544952392578,-9.110950469970703,20,IN_TRANSIT_TO,2025-11-26 13:27:09,7725,301,74-SM-62,POINT (-9.110950469970703 38.76544952392578)
2499_720,4094_20250901_143_0_11,143_0,0,38.739200592041016,-9.126230239868164,4,IN_TRANSIT_TO,2025-11-26 13:27:13,8910,2499,03-BM-58,POINT (-9.126230239868164 38.739200592041016)
2300_742,5769_20250901_114_0_7,114_0,1,38.71366882324219,-9.199049949645996,1,IN_TRANSIT_TO,2025-11-26 13:27:28,10315,2300,83-13-ZM,POINT (-9.199049949645996 38.71366882324219)
1721_736,5351_20250901_199_0_9,199_0,0,38.78089904785156,-9.162879943847656,22,IN_TRANSIT_TO,2025-11-26 13:27:17,5911,1721,25-AS-33,POINT (-9.162879943847656 38.78089904785156)
2797_764,7158_20250901_168_0_10,168_0,0,38.74536895751953,-9.21802043914795,29,IN_TRANSIT_TO,2025-11-26 13:27:15,3012,2797,AJ-57-LI,POINT (-9.21802043914795 38.74536895751953)
1773_796,8140_20250901_174_0_23,174_0,0,38.778350830078125,-9.16415023803711,7,IN_TRANSIT_TO,2025-11-26 13:27:28,5923,1773,53-HX-06,POINT (-9.16415023803711 38.778350830078125)
2759_742,5768_20250901_114_0_6,114_0,1,38.710548400878906,-9.193849563598633,4,IN_TRANSIT_TO,2025-11-26 13:27:23,50139,2759,AH-21-ND,POINT (-9.193849563598633 38.710548400878906)
2284_731,4996_20250901_190_0_7,190_0,0,38.77183151245117,-9.10984992980957,26,IN_TRANSIT_TO,2025-11-26 13:27:16,7809,2284,67-36-ZJ,POINT (-9.10984992980957 38.77183151245117)
2784_709,3384_20250901_148_0_17,148_0,1,38.72037887573242,-9.14585018157959,8,IN_TRANSIT_TO,2025-11-26 13:27:22,1216,2784,AI-09-BT,POINT (-9.14585018157959 38.72037887573242)
4628_796,8144_20250901_174_0_23,174_0,0,38.76097106933594,-9.15725040435791,1,IN_TRANSIT_TO,2025-11-26 13:27:29,5826,4628,27-JO-10,POINT (-9.15725040435791 38.76097106933594)
1770_717,3825_20250901_170_0_6,170_0,0,38.79254913330078,-9.150279998779297,37,IN_TRANSIT_TO,2025-11-26 13:27:21,11608,1770,63-HX-17,POINT (-9.150279998779297 38.79254913330078)
1710_701,2960_20250901_123_0_8,123_0,0,38.71731948852539,-9.169569969177246,30,IN_TRANSIT_TO,2025-11-26 13:27:20,8015,1710,69-AL-73,POINT (-9.169569969177246 38.71731948852539)
1713_701,2978_20250901_123_0_12,123_0,0,38.72867965698242,-9.16238021850586,25,IN_TRANSIT_TO,2025-11-26 13:27:03,6122,1713,69-AL-76,POINT (-9.16238021850586 38.72867965698242)
2480_726,4317_20250901_116_0_9,116_0,0,38.731449127197266,-9.138130187988281,7,IN_TRANSIT_TO,2025-11-26 13:27:10,6504,2480,91-BE-75,POINT (-9.138130187988281 38.731449127197266)
2252_758,6793_20250901_150_0_10,150_0,1,38.75067138671875,-9.201120376586914,4,IN_TRANSIT_TO,2025-11-26 13:27:26,10903,2252,80-40-ZE,POINT (-9.201120376586914 38.75067138671875)
2486_726,4264_20250901_116_0_10,116_0,1,38.76156997680664,-9.196680068969727,4,IN_TRANSIT_TO,2025-11-26 13:27:10,13907,2486,91-BE-78,POINT (-9.196680068969727 38.76156997680664)
217_58B,19291_20250901_227_0_12,227_0,0,38.747318267822266,-9.167550086975098,3,IN_TRANSIT_TO,2025-11-26 13:27:24,12703,217,29-98-XM,POINT (-9.167550086975098 38.747318267822266)
2767_712,3557_20250901_189_0_10,189_0,1,38.718170166015625,-9.127229690551758,26,IN_TRANSIT_TO,2025-11-26 13:27:25,9122,2767,AH-34-ND,POINT (-9.127229690551758 38.718170166015625)
2413_716,3734_20250901_164_0_8,164_0,1,38.73646926879883,-9.149519920349121,20,IN_TRANSIT_TO,2025-11-26 13:27:22,1408,2413,92-AO-50,POINT (-9.149519920349121 38.73646926879883)
2454_729,4836_20250901_104_0_6,104_0,1,38.69710159301758,-9.205400466918945,5,IN_TRANSIT_TO,2025-11-26 13:27:33,13209,2454,16-AZ-18,POINT (-9.205400466918945 38.69710159301758)
2482_767,7297_20250901_112_0_7,112_0,0,38.74217987060547,-9.138050079345703,10,IN_TRANSIT_TO,2025-11-26 13:27:07,6405,2482,55-BH-02,POINT (-9.138050079345703 38.74217987060547)
2801_793,7973_20250901_145_0_12,145_0,1,38.737831115722656,-9.113129615783691,23,IN_TRANSIT_TO,2025-11-26 13:27:21,3712,2801,38-HU-27,POINT (-9.113129615783691 38.737831115722656)
1769_717,3781_20250901_170_0_7,170_0,1,38.74913024902344,-9.137370109558105,32,IN_TRANSIT_TO,2025-11-26 13:27:21,11202,1769,63-HX-24,POINT (-9.137370109558105 38.74913024902344)
1768_755,6663_20250901_118_0_8,118_0,1,38.75120162963867,-9.124930381774902,16,IN_TRANSIT_TO,2025-11-26 13:27:17,50230,1768,63-HX-23,POINT (-9.124930381774902 38.75120162963867)
2768_714,3627_20250901_102_0_10,102_0,1,38.70335006713867,-9.179479598999023,27,IN_TRANSIT_TO,2025-11-26 13:27:07,12111,2768,AH-25-ND,POINT (-9.179479598999023 38.70335006713867)
1722_794,8108_20250901_115_0_10,115_0,0,38.75917053222656,-9.12477970123291,23,IN_TRANSIT_TO,2025-11-26 13:27:20,14706,1722,25-AS-34,POINT (-9.12477970123291 38.75917053222656)
1756_717,3845_20250901_170_0_9,170_0,0,38.77362823486328,-9.161600112915039,19,IN_TRANSIT_TO,2025-11-26 13:27:34,5903,1756,34-HU-22,POINT (-9.161600112915039 38.77362823486328)
2487_726,4273_20250901_116_0_7,116_0,0,38.759578704833984,-9.186820030212402,25,IN_TRANSIT_TO,2025-11-26 13:27:33,12804,2487,54-BH-97,POINT (-9.186820030212402 38.759578704833984)
1757_735,5182_20250901_172_0_10,172_0,1,38.752899169921875,-9.155900001525879,3,IN_TRANSIT_TO,2025-11-26 13:27:23,5702,1757,34-HU-23,POINT (-9.155900001525879 38.752899169921875)
2470_729,4825_20250901_104_0_6,104_0,1,38.748870849609375,-9.201379776000977,27,IN_TRANSIT_TO,2025-11-26 13:27:10,10918,2470,74-BC-71,POINT (-9.201379776000977 38.748870849609375)
2239_758,6885_20250901_150_0_10,150_0,1,38.7204704284668,-9.159099578857422,23,IN_TRANSIT_TO,2025-11-26 13:27:21,8514,2239,06-30-XX,POINT (-9.159099578857422 38.7204704284668)
2344_763,46422_20250901_282_0_11,282_0,0,38.76689910888672,-9.197649955749512,16,IN_TRANSIT_TO,2025-11-26 13:27:21,14111,2344,53-60-ZJ,POINT (-9.197649955749512 38.76689910888672)
2771_727,4502_20250901_103_0_6,103_0,1,38.70595169067383,-9.172699928283691,20,IN_TRANSIT_TO,2025-11-26 13:27:27,9418,2771,AH-20-ND,POINT (-9.172699928283691 38.70595169067383)
2412_747,6122_20250901_177_0_13,177_0,0,38.76435089111328,-9.15701961517334,2,IN_TRANSIT_TO,2025-11-26 13:27:06,5807,2412,92-AO-48,POINT (-9.15701961517334 38.76435089111328)
2774_727,4454_20250901_103_0_5,103_0,1,38.73603057861328,-9.145330429077148,40,IN_TRANSIT_TO,2025-11-26 13:27:16,1801,2774,AH-22-ND,POINT (-9.145330429077148 38.73603057861328)
2469_729,4828_20250901_104_0_7,104_0,1,38.734718322753906,-9.199399948120117,21,IN_TRANSIT_TO,2025-11-26 13:27:05,8713,2469,16-AZ-09,POINT (-9.199399948120117 38.734718322753906)
1718_794,8067_20250901_115_0_9,115_0,1,38.73466873168945,-9.117219924926758,29,IN_TRANSIT_TO,2025-11-26 13:27:32,17576,1718,69-AL-81,POINT (-9.117219924926758 38.73466873168945)
202_17B,21703_20250901_247_0_11,247_0,0,38.736270904541016,-9.13656997680664,2,IN_TRANSIT_TO,2025-11-26 13:27:33,407,202,89-58-XD,POINT (-9.13656997680664 38.736270904541016)
2772_727,4528_20250901_103_0_6,103_0,0,38.709571838378906,-9.211079597473145,45,IN_TRANSIT_TO,2025-11-26 13:22:59,50192,2772,AH-24-ND,POINT (-9.211079597473145 38.709571838378906)
2467_767,7281_20250901_112_0_5,112_0,0,38.75965118408203,-9.181819915771484,26,IN_TRANSIT_TO,2025-11-26 13:27:23,12828,2467,16-AZ-14,POINT (-9.181819915771484 38.75965118408203)
2333_711,3454_20250901_101_0_9,101_0,1,38.72277069091797,-9.174070358276367,25,IN_TRANSIT_TO,2025-11-26 13:27:15,50324,2333,62-97-ZG,POINT (-9.174070358276367 38.72277069091797)
2461_729,4788_20250901_104_0_8,104_0,0,38.75004959106445,-9.195420265197754,12,IN_TRANSIT_TO,2025-11-26 13:27:16,10802,2461,55-BH-04,POINT (-9.195420265197754 38.75004959106445)
2422_716,3753_20250901_164_0_13,164_0,0,38.738319396972656,-9.161979675292969,10,IN_TRANSIT_TO,2025-11-26 13:27:12,1507,2422,29-AU-17,POINT (-9.161979675292969 38.738319396972656)
2775_748,6132_20250901_169_0_14,169_0,1,38.72267150878906,-9.199930191040039,6,IN_TRANSIT_TO,2025-11-26 13:27:27,14311,2775,AH-31-ND,POINT (-9.199930191040039 38.72267150878906)
1719_794,8091_20250901_115_0_10,115_0,1,38.76802062988281,-9.099780082702637,0,IN_TRANSIT_TO,2025-11-26 13:26:45,,1719,25-AS-31,POINT (-9.099780082702637 38.76802062988281)
2809_725,4239_20250901_197_0_19,197_0,0,38.79011917114258,-9.123600006103516,14,IN_TRANSIT_TO,2025-11-26 13:22:39,16309,2809,01-IH-98,POINT (-9.123600006103516 38.79011917114258)
2437_767,7250_20250901_112_0_7,112_0,1,38.752830505371094,-9.208720207214355,6,IN_TRANSIT_TO,2025-11-26 13:27:25,11001,2437,29-AX-09,POINT (-9.208720207214355 38.752830505371094)
2423_703,3173_20250901_165_0_8,165_0,1,38.7598991394043,-9.182519912719727,12,IN_TRANSIT_TO,2025-11-26 13:27:24,12803,2423,29-AU-18,POINT (-9.182519912719727 38.7598991394043)
2269_731,5022_20250901_190_0_8,190_0,1,38.74208068847656,-9.168350219726562,33,IN_TRANSIT_TO,2025-11-26 13:27:03,1612,2269,76-88-ZG,POINT (-9.168350219726562 38.74208068847656)
2758_742,5747_20250901_114_0_8,114_0,1,38.704551696777344,-9.184869766235352,17,IN_TRANSIT_TO,2025-11-26 13:27:11,12003,2758,AH-36-ND,POINT (-9.184869766235352 38.704551696777344)
2420_767,7201_20250901_112_0_6,112_0,1,38.76123046875,-9.157119750976562,28,IN_TRANSIT_TO,2025-11-26 13:27:29,5808,2420,29-AU-15,POINT (-9.157119750976562 38.76123046875)
218_37B,18839_20250901_224_0_13,224_0,0,38.731319427490234,-9.126879692077637,19,IN_TRANSIT_TO,2025-11-26 13:27:12,7010,218,11-13-XO,POINT (-9.126879692077637 38.731319427490234)
2833_728,4722_20250901_204_4_6,204_4,1,38.697750091552734,-9.204529762268066,15,IN_TRANSIT_TO,2025-11-26 13:27:28,4102,2833,BF-65-FZ,POINT (-9.204529762268066 38.697750091552734)
2839_751,6523_20250901_109_0_9,109_0,0,38.70627975463867,-9.226119995117188,26,IN_TRANSIT_TO,2025-11-26 13:27:26,18404,2839,BF-69-FZ,POINT (-9.226119995117188 38.70627975463867)
1715_701,2979_20250901_123_0_12,123_0,0,38.75600051879883,-9.175729751586914,13,IN_TRANSIT_TO,2025-11-26 13:27:33,50177,1715,69-AL-78,POINT (-9.175729751586914 38.75600051879883)
1777_717,3822_20250901_170_0_9,170_0,0,38.79212951660156,-9.15071964263916,40,IN_TRANSIT_TO,2025-11-26 13:27:13,16002,1777,63-HX-31,POINT (-9.15071964263916 38.79212951660156)
2787_754,6615_20250901_201_0_8,201_0,1,38.74222946166992,-9.171669960021973,28,IN_TRANSIT_TO,2025-11-26 13:27:24,1615,2787,AI-55-TL,POINT (-9.171669960021973 38.74222946166992)
2305_720,4101_20250901_143_0_8,143_0,1,38.71982955932617,-9.155200004577637,14,IN_TRANSIT_TO,2025-11-26 13:27:25,6805,2305,83-18-ZM,POINT (-9.155200004577637 38.71982955932617)
1765_717,3864_20250901_170_0_9,170_0,0,38.75307083129883,-9.138250350952148,9,IN_TRANSIT_TO,2025-11-26 13:27:12,11201,1765,63-HX-28,POINT (-9.138250350952148 38.75307083129883)
2498_720,4087_20250901_143_0_11,143_0,0,38.73537063598633,-9.141579627990723,9,IN_TRANSIT_TO,2025-11-26 13:27:14,11109,2498,03-BM-57,POINT (-9.141579627990723 38.73537063598633)
1763_717,3803_20250901_170_0_10,170_0,1,38.780029296875,-9.148429870605469,15,IN_TRANSIT_TO,2025-11-26 13:27:23,50344,1763,63-HX-25,POINT (-9.148429870605469 38.780029296875)
4612_728,4706_20250901_204_0_7,204_0,1,38.71202850341797,-9.124629974365234,29,IN_TRANSIT_TO,2025-11-26 13:27:17,2114,4612,96-GL-89,POINT (-9.124629974365234 38.71202850341797)
1776_794,8073_20250901_115_0_9,115_0,1,38.7523193359375,-9.1154203414917,12,IN_TRANSIT_TO,2025-11-26 13:27:33,24382,1776,53-HX-09,POINT (-9.1154203414917 38.7523193359375)
1761_717,3759_20250901_170_0_9,170_0,1,38.74882125854492,-9.132120132446289,34,IN_TRANSIT_TO,2025-11-26 13:27:20,7302,1761,63-HX-19,POINT (-9.132120132446289 38.74882125854492)
4605_728,4609_20250901_204_0_8,204_0,0,38.76118087768555,-9.096170425415039,39,IN_TRANSIT_TO,2025-11-26 13:27:31,50315,4605,31-GN-72,POINT (-9.096170425415039 38.76118087768555)
2477_716,3718_20250901_164_0_15,164_0,0,38.73752975463867,-9.133529663085938,1,IN_TRANSIT_TO,2025-11-26 13:27:15,50469,2477,91-BE-73,POINT (-9.133529663085938 38.73752975463867)
1712_794,8101_20250901_115_0_9,115_0,0,38.762569427490234,-9.103619575500488,35,IN_TRANSIT_TO,2025-11-26 13:27:30,2311,1712,69-AL-75,POINT (-9.103619575500488 38.762569427490234)
2484_726,4350_20250901_116_0_8,116_0,1,38.742950439453125,-9.166830062866211,14,IN_TRANSIT_TO,2025-11-26 13:27:24,12708,2484,91-BE-76,POINT (-9.166830062866211 38.742950439453125)
225_773,7408_20250901_124_0_17,124_0,0,38.71189880371094,-9.163780212402344,17,IN_TRANSIT_TO,2025-11-26 13:27:19,10109,225,84-37-XQ,POINT (-9.163780212402344 38.71189880371094)
605_15E,11212_20250901_76_0_10,76_0,1,38.7046012878418,-9.178099632263184,13,IN_TRANSIT_TO,2025-11-26 13:27:24,12111,605,,POINT (-9.178099632263184 38.7046012878418)
2240_758,6877_20250901_150_0_8,150_0,1,38.72822952270508,-9.16238021850586,19,IN_TRANSIT_TO,2025-11-26 13:27:34,6122,2240,06-31-XX,POINT (-9.16238021850586 38.72822952270508)
2297_771,21940_20250901_248_0_12,248_0,0,38.73027038574219,-9.162280082702637,6,IN_TRANSIT_TO,2025-11-26 13:27:20,6124,2297,83-06-ZM,POINT (-9.162280082702637 38.73027038574219)
2403_767,7272_20250901_112_0_7,112_0,0,38.75566864013672,-9.199399948120117,36,IN_TRANSIT_TO,2025-11-26 13:26:31,13706,2403,50-AL-12,POINT (-9.199399948120117 38.75566864013672)
1707_701,2939_20250901_123_0_13,123_0,1,38.74721908569336,-9.156869888305664,23,IN_TRANSIT_TO,2025-11-26 13:27:33,13509,1707,69-AL-70,POINT (-9.156869888305664 38.74721908569336)
2786_727,4515_20250901_103_0_7,103_0,1,38.69738006591797,-9.203669548034668,12,IN_TRANSIT_TO,2025-11-26 13:27:21,9603,2786,AI-52-TL,POINT (-9.203669548034668 38.69738006591797)
2426_747,6101_20250901_177_0_12,177_0,1,38.76776885986328,-9.180130004882812,11,IN_TRANSIT_TO,2025-11-26 13:27:06,12830,2426,29-AU-21,POINT (-9.180130004882812 38.76776885986328)
2408_703,3175_20250901_165_0_10,165_0,1,38.74932098388672,-9.19102954864502,8,IN_TRANSIT_TO,2025-11-26 13:27:17,10807,2408,50-AL-08,POINT (-9.19102954864502 38.74932098388672)
228_773,20155_20250901_124_0_16,124_0,1,38.71477127075195,-9.151849746704102,20,IN_TRANSIT_TO,2025-11-26 13:26:38,6703,228,84-39-XQ,POINT (-9.151849746704102 38.71477127075195)
606_15E,11318_20250901_76_0_11,76_0,0,38.707801818847656,-9.139269828796387,2,IN_TRANSIT_TO,2025-11-26 13:26:18,5515,606,,POINT (-9.139269828796387 38.707801818847656)
2481_729,4810_20250901_104_0_7,104_0,0,38.76353073120117,-9.198880195617676,6,IN_TRANSIT_TO,2025-11-26 13:27:08,13909,2481,54-BH-99,POINT (-9.198880195617676 38.76353073120117)
4609_750,6421_20250901_106_0_8,106_0,1,38.758201599121094,-9.140979766845703,27,IN_TRANSIT_TO,2025-11-26 13:27:32,11304,4609,96-GL-86,POINT (-9.140979766845703 38.758201599121094)
204_46B,21499_20250901_239_0_9,239_0,0,38.748870849609375,-9.130579948425293,5,IN_TRANSIT_TO,2025-11-26 13:27:20,50497,204,89-71-XD,POINT (-9.130579948425293 38.748870849609375)
2406_703,3124_20250901_165_0_9,165_0,0,38.748779296875,-9.197620391845703,36,IN_TRANSIT_TO,2025-11-26 13:27:14,10908,2406,50-AL-09,POINT (-9.197620391845703 38.748779296875)
1724_742,5777_20250901_114_0_6,114_0,0,38.70502853393555,-9.187700271606445,44,IN_TRANSIT_TO,2025-11-26 13:27:14,12006,1724,25-AS-36,POINT (-9.187700271606445 38.70502853393555)
2753_720,4086_20250901_143_0_10,143_0,0,38.717899322509766,-9.15719985961914,18,IN_TRANSIT_TO,2025-11-26 13:27:06,6802,2753,AG-08-TH,POINT (-9.15719985961914 38.717899322509766)
2941_71B,45267_20250901_278_0_8,278_0,0,38.748600006103516,-9.207619667053223,19,IN_TRANSIT_TO,2025-11-26 13:27:21,2909,2941,51-GL-81,POINT (-9.207619667053223 38.748600006103516)
2289_724,4222_20250901_178_0_13,178_0,0,38.7618293762207,-9.196969985961914,27,IN_TRANSIT_TO,2025-11-26 13:27:21,13912,2289,92-60-ZM,POINT (-9.196969985961914 38.7618293762207)
2405_703,3135_20250901_165_0_9,165_0,0,38.76021957397461,-9.182720184326172,30,IN_TRANSIT_TO,2025-11-26 13:27:17,12804,2405,50-AL-10,POINT (-9.182720184326172 38.76021957397461)
2788_754,6609_20250901_201_0_9,201_0,0,38.743629455566406,-9.17572021484375,11,IN_TRANSIT_TO,2025-11-26 13:27:12,10706,2788,AI-51-TL,POINT (-9.17572021484375 38.743629455566406)
2434_747,6079_20250901_177_0_12,177_0,1,38.76688003540039,-9.163979530334473,18,IN_TRANSIT_TO,2025-11-26 13:27:33,5818,2434,29-AU-24,POINT (-9.163979530334473 38.76688003540039)
1723_742,5737_20250901_114_0_6,114_0,1,38.73051834106445,-9.157079696655273,32,IN_TRANSIT_TO,2025-11-26 13:27:08,6116,1723,25-AS-35,POINT (-9.157079696655273 38.73051834106445)
2800_714,3709_20250901_102_0_8,102_0,1,38.706268310546875,-9.145000457763672,38,IN_TRANSIT_TO,2025-11-26 13:27:29,3803,2800,AJ-54-LI,POINT (-9.145000457763672 38.706268310546875)
2610_705,3186_20250901_176_0_10,176_0,1,38.782718658447266,-9.125120162963867,15,IN_TRANSIT_TO,2025-11-26 13:27:07,16302,2610,66-VI-20,POINT (-9.125120162963867 38.782718658447266)
2290_724,4191_20250901_178_0_12,178_0,1,38.75471878051758,-9.197030067443848,7,IN_TRANSIT_TO,2025-11-26 13:27:03,10909,2290,92-55-ZM,POINT (-9.197030067443848 38.75471878051758)
1728_742,5698_20250901_114_0_7,114_0,1,38.7264518737793,-9.111749649047852,52,IN_TRANSIT_TO,2025-11-26 13:27:08,8301,1728,25-AS-40,POINT (-9.111749649047852 38.7264518737793)
4838_736,18816_20250901_199_0_8,199_0,1,38.72908020019531,-9.147749900817871,24,IN_TRANSIT_TO,2025-11-26 13:27:16,1714,4838,34-VR-22,POINT (-9.147749900817871 38.72908020019531)
2249_778,7529_20250901_179_0_14,179_0,1,38.761600494384766,-9.170720100402832,19,IN_TRANSIT_TO,2025-11-26 13:27:09,50010,2249,22-32-ZB,POINT (-9.170720100402832 38.761600494384766)
2825_753,6541_20250901_167_0_16,167_0,1,38.709678649902344,-9.177720069885254,2,IN_TRANSIT_TO,2025-11-26 13:27:28,14602,2825,BF-53-FZ,POINT (-9.177720069885254 38.709678649902344)
1709_701,2947_20250901_123_0_10,123_0,1,38.74066925048828,-9.167519569396973,12,IN_TRANSIT_TO,2025-11-26 13:27:10,1621,1709,69-AL-72,POINT (-9.167519569396973 38.74066925048828)
6029_760,7105_20250901_171_0_6,171_0,1,38.72401809692383,-9.139849662780762,38,IN_TRANSIT_TO,2025-11-26 13:27:14,9213,6029,BF-52-AX,POINT (-9.139849662780762 38.72401809692383)
2276_731,5018_20250901_190_0_6,190_0,0,38.74340057373047,-9.15641975402832,6,IN_TRANSIT_TO,2025-11-26 13:27:03,3303,2276,53-57-ZJ,POINT (-9.15641975402832 38.74340057373047)
2418_767,7294_20250901_112_0_7,112_0,0,38.760101318359375,-9.172419548034668,23,IN_TRANSIT_TO,2025-11-26 13:27:32,50011,2418,92-AO-54,POINT (-9.172419548034668 38.760101318359375)
2245_758,6848_20250901_150_0_9,150_0,0,38.74042892456055,-9.167519569396973,18,IN_TRANSIT_TO,2025-11-26 13:27:10,50472,2245,22-35-ZB,POINT (-9.167519569396973 38.74042892456055)
2466_726,4325_20250901_116_0_8,116_0,1,38.72142028808594,-9.12891960144043,32,IN_TRANSIT_TO,2025-11-26 13:27:33,9118,2466,16-AZ-16,POINT (-9.12891960144043 38.72142028808594)
2668_714,3705_20250901_102_0_9,102_0,0,38.70664978027344,-9.1560697555542,5,IN_TRANSIT_TO,2025-11-26 13:27:21,3912,2668,87-XB-36,POINT (-9.1560697555542 38.70664978027344)
2956_40B,19262_20250901_212_0_11,212_0,0,38.781368255615234,-9.148380279541016,18,IN_TRANSIT_TO,2025-11-26 13:27:23,50049,2956,27-GU-71,POINT (-9.148380279541016 38.781368255615234)
208_41B,19375_20250901_232_0_14,232_0,0,38.783931732177734,-9.165800094604492,22,IN_TRANSIT_TO,2025-11-26 13:27:24,50440,208,33-47-XH,POINT (-9.165800094604492 38.783931732177734)
4834_736,5408_20250901_199_0_9,199_0,0,38.733829498291016,-9.14468002319336,7,IN_TRANSIT_TO,2025-11-26 13:26:11,1807,4834,20-VQ-71,POINT (-9.14468002319336 38.733829498291016)
2843_728,4681_20250901_204_0_7,204_0,1,38.709449768066406,-9.211230278015137,49,IN_TRANSIT_TO,2025-11-26 13:27:20,13102,2843,BF-63-FZ,POINT (-9.211230278015137 38.709449768066406)
2770_727,4485_20250901_103_0_7,103_0,1,38.70705032348633,-9.155179977416992,26,IN_TRANSIT_TO,2025-11-26 13:27:23,3913,2770,AH-30-ND,POINT (-9.155179977416992 38.70705032348633)
209_49B,22224_20250901_251_0_11,251_0,0,38.745521545410156,-9.135080337524414,17,IN_TRANSIT_TO,2025-11-26 13:27:26,50109,209,33-46-XH,POINT (-9.135080337524414 38.745521545410156)
2209_723,4136_20250901_121_0_8,121_0,1,38.72404861450195,-9.160929679870605,26,IN_TRANSIT_TO,2025-11-26 13:27:16,8608,2209,01-68-XO,POINT (-9.160929679870605 38.72404861450195)
564_25E,14252_20250901_79_0_5,79_0,1,38.70668029785156,-9.157899856567383,17,IN_TRANSIT_TO,2025-11-26 13:27:28,3823,564,,POINT (-9.157899856567383 38.70668029785156)
409_19B,21687_20250901_245_0_7,245_0,0,38.71965026855469,-9.139769554138184,22,IN_TRANSIT_TO,2025-11-26 13:27:25,50526,409,BF-73-TQ,POINT (-9.139769554138184 38.71965026855469)
2235_758,6860_20250901_150_0_9,150_0,0,38.717750549316406,-9.151450157165527,6,IN_TRANSIT_TO,2025-11-26 13:27:33,10605,2235,06-32-XX,POINT (-9.151450157165527 38.717750549316406)
410_19B,62308_20250901_245_0_7,245_0,0,38.71997833251953,-9.15530014038086,7,IN_TRANSIT_TO,2025-11-26 13:25:47,6810,410,BF-21-VF,POINT (-9.15530014038086 38.71997833251953)
2213_735,5258_20250901_172_0_7,172_0,0,38.70841979980469,-9.136320114135742,3,IN_TRANSIT_TO,2025-11-26 13:27:32,5501,2213,08-04-XS,POINT (-9.136320114135742 38.70841979980469)
2215_735,5275_20250901_172_0_8,172_0,1,38.716670989990234,-9.120499610900879,26,IN_TRANSIT_TO,2025-11-26 13:27:05,2104,2215,08-01-XS,POINT (-9.120499610900879 38.716670989990234)
614_15E,11238_20250901_76_0_8,76_0,1,38.695030212402344,-9.215479850769043,5,IN_TRANSIT_TO,2025-11-26 13:27:17,13205,614,,POINT (-9.215479850769043 38.695030212402344)
2212_742,5666_20250901_114_0_7,114_0,0,38.73271942138672,-9.130430221557617,16,IN_TRANSIT_TO,2025-11-26 13:27:16,501,2212,08-05-XS,POINT (-9.130430221557617 38.73271942138672)
2781_746,5993_20250901_108_0_9,108_0,0,38.74195098876953,-9.170869827270508,10,IN_TRANSIT_TO,2025-11-26 13:27:07,1607,2781,AI-00-BT,POINT (-9.170869827270508 38.74195098876953)
2206_742,5783_20250901_114_0_7,114_0,0,38.72666931152344,-9.162220001220703,29,IN_TRANSIT_TO,2025-11-26 13:27:27,6113,2206,01-67-XO,POINT (-9.162220001220703 38.72666931152344)
2218_717,3844_20250901_170_0_9,170_0,0,38.77722930908203,-9.145950317382812,29,IN_TRANSIT_TO,2025-11-26 13:27:19,11511,2218,07-98-XS,POINT (-9.145950317382812 38.77722930908203)
2221_742,5776_20250901_114_0_8,114_0,0,38.71175003051758,-9.195420265197754,56,IN_TRANSIT_TO,2025-11-26 13:27:29,10314,2221,07-95-XS,POINT (-9.195420265197754 38.71175003051758)
563_28E,14986_20250901_75_0_12,75_0,0,38.7088508605957,-9.139269828796387,17,IN_TRANSIT_TO,2025-11-26 13:27:22,5604,563,,POINT (-9.139269828796387 38.7088508605957)
234_79B,18661_20250901_221_0_9,221_0,0,38.71260070800781,-9.210949897766113,31,IN_TRANSIT_TO,2025-11-26 13:27:19,13309,234,13-31-XZ,POINT (-9.210949897766113 38.71260070800781)
561_18E,12202_20250901_78_0_12,78_0,1,38.70602035522461,-9.180769920349121,12,IN_TRANSIT_TO,2025-11-26 13:27:20,12013,561,,POINT (-9.180769920349121 38.70602035522461)
568_25E,14276_20250901_79_0_10,79_0,0,38.707279205322266,-9.158269882202148,7,IN_TRANSIT_TO,2025-11-26 13:27:23,50594,568,,POINT (-9.158269882202148 38.707279205322266)
2228_735,5232_20250901_172_0_9,172_0,0,38.72536849975586,-9.128399848937988,14,IN_TRANSIT_TO,2025-11-26 13:27:03,9107,2228,06-24-XX,POINT (-9.128399848937988 38.72536849975586)
2230_768,7319_20250901_111_0_9,111_0,1,38.74523162841797,-9.1810302734375,15,IN_TRANSIT_TO,2025-11-26 13:27:28,10701,2230,06-36-XX,POINT (-9.1810302734375 38.74523162841797)
2222_723,4187_20250901_121_0_8,121_0,0,38.72468185424805,-9.158980369567871,8,IN_TRANSIT_TO,2025-11-26 13:27:26,1223,2222,08-17-XS,POINT (-9.158980369567871 38.72468185424805)
562_12E,11025_20250901_77_0_11,77_0,1,38.708778381347656,-9.139479637145996,5,IN_TRANSIT_TO,2025-11-26 13:25:42,10521,562,,POINT (-9.139479637145996 38.708778381347656)
2836_751,6490_20250901_109_0_13,109_0,0,38.71857833862305,-9.175000190734863,4,IN_TRANSIT_TO,2025-11-26 13:27:31,11902,2836,BF-70-FZ,POINT (-9.175000190734863 38.71857833862305)
413_67B,28216_20250901_253_0_9,253_0,0,38.707950592041016,-9.159049987792969,17,IN_TRANSIT_TO,2025-11-26 13:27:21,10009,413,BF-41-TS,POINT (-9.159049987792969 38.707950592041016)
2232_758,6770_20250901_150_0_10,150_0,1,38.747100830078125,-9.188730239868164,8,IN_TRANSIT_TO,2025-11-26 13:27:08,10821,2232,06-23-XX,POINT (-9.188730239868164 38.747100830078125)
2238_778,18640_20250901_179_0_16,179_0,1,38.75857162475586,-9.193079948425293,2,IN_TRANSIT_TO,2025-11-26 13:27:04,50242,2238,06-29-XX,POINT (-9.193079948425293 38.75857162475586)
6004_706,3218_20250901_147_0_2,147_0,0,38.72650146484375,-9.14507007598877,15,IN_TRANSIT_TO,2025-11-26 13:27:19,6609,6004,82-ZC-35,POINT (-9.14507007598877 38.72650146484375)
2234_771,21928_20250901_248_0_12,248_0,1,38.702919006347656,-9.19480037689209,0,IN_TRANSIT_TO,2025-11-26 13:27:24,,2234,06-26-XX,POINT (-9.19480037689209 38.702919006347656)
6027_732,5057_20250901_107_0_6,107_0,1,38.714378356933594,-9.139249801635742,32,IN_TRANSIT_TO,2025-11-26 13:27:07,919,6027,BF-66-BA,POINT (-9.139249801635742 38.714378356933594)
407_51E,1156_20250901_158_0_12,158_0,0,38.7174186706543,-9.14501953125,7,IN_TRANSIT_TO,2025-11-26 13:27:11,50532,407,BF-55-TT,POINT (-9.14501953125 38.7174186706543)
613_15E,11202_20250901_76_0_10,76_0,1,38.70656967163086,-9.141980171203613,20,IN_TRANSIT_TO,2025-11-26 13:27:28,3803,613,,POINT (-9.141980171203613 38.70656967163086)
2241_731,5025_20250901_190_0_6,190_0,1,38.74470138549805,-9.158320426940918,28,IN_TRANSIT_TO,2025-11-26 13:27:24,3306,2241,22-37-ZB,POINT (-9.158320426940918 38.74470138549805)
2287_768,7335_20250901_111_0_12,111_0,1,38.76959991455078,-9.195050239562988,2,IN_TRANSIT_TO,2025-11-26 13:27:14,50645,2287,92-58-ZM,POINT (-9.195050239562988 38.76959991455078)
