id,trip_id,route_id,direction_id,latitude,longitude,current_stop_sequence,current_status,timestamp,stop_id,vehicle_id,license_plate,geometry
6032_760,7081_20250101_171_0_8,171_0,1,38.71152114868164,-9.20851993560791,2,IN_TRANSIT_TO,2025-03-07 11:30:43,12914,6032,BF-93-BC,POINT (-9.20851993560791 38.71152114868164)
2689_764,7151_20250101_168_0_6,168_0,0,38.74504852294922,-9.199999809265137,20,IN_TRANSIT_TO,2025-03-07 11:30:51,2806,2689,93-XA-45,POINT (-9.199999809265137 38.74504852294922)
4648_750,6421_20250101_106_0_7,106_0,0,38.75828170776367,-9.103449821472168,4,IN_TRANSIT_TO,2025-03-07 11:30:42,2320,4648,98-JO-47,POINT (-9.103449821472168 38.75828170776367)
2793_15E,11491_20250101_76_8_13,76_8,0,38.703529357910156,-9.169819831848145,8,IN_TRANSIT_TO,2025-03-07 11:30:32,10202,2793,AJ-58-LI,POINT (-9.169819831848145 38.703529357910156)
2253_768,7347_20250101_111_0_7,111_0,0,38.75014877319336,-9.159850120544434,1,IN_TRANSIT_TO,2025-03-07 11:30:32,13511,2253,80-52-ZE,POINT (-9.159850120544434 38.75014877319336)
611_15E,11280_20250101_76_0_8,76_0,1,38.70479965209961,-9.177350044250488,14,IN_TRANSIT_TO,2025-03-07 11:30:47,12115,611,,POINT (-9.177350044250488 38.70479965209961)
4607_750,6413_20250101_106_0_4,106_0,0,38.755950927734375,-9.151679992675781,14,IN_TRANSIT_TO,2025-03-07 11:30:49,5707,4607,96-GL-84,POINT (-9.151679992675781 38.755950927734375)
304_744,5850_20250101_200_0_6,200_0,1,38.76919937133789,-9.128029823303223,14,IN_TRANSIT_TO,2025-03-07 11:30:47,50592,304,22-SP-91,POINT (-9.128029823303223 38.76919937133789)
4606_750,6401_20250101_106_0_6,106_0,0,38.74958038330078,-9.192879676818848,23,IN_TRANSIT_TO,2025-03-07 11:30:46,10806,4606,96-GL-83,POINT (-9.192879676818848 38.74958038330078)
6022_760,7103_20250101_171_0_8,171_0,0,38.71379852294922,-9.137350082397461,9,IN_TRANSIT_TO,2025-03-07 11:30:36,906,6022,BF-48-BB,POINT (-9.137350082397461 38.71379852294922)
2992_730,4947_20250101_198_0_9,198_0,1,38.72684860229492,-9.145730018615723,3,IN_TRANSIT_TO,2025-03-07 11:30:29,6606,2992,29-VM-95,POINT (-9.145730018615723 38.72684860229492)
558_25E,14263_20250101_79_0_10,79_0,0,38.706321716308594,-9.145179748535156,2,IN_TRANSIT_TO,2025-03-07 11:30:26,3802,558,,POINT (-9.145179748535156 38.706321716308594)
2250_731,19403_20240727_190_0_8,190_0,1,38.78303146362305,-9.114009857177734,3,IN_TRANSIT_TO,2024-08-10 10:41:27,12610,2250,80-41-ZE,POINT (-9.114009857177734 38.78303146362305)
4602_751,6520_20250101_109_0_5,109_0,1,38.702999114990234,-9.179770469665527,24,IN_TRANSIT_TO,2025-03-07 11:30:32,12107,4602,96-GL-80,POINT (-9.179770469665527 38.702999114990234)
6021_760,7044_20250101_171_0_2,171_0,1,38.71371841430664,-9.13640022277832,34,IN_TRANSIT_TO,2025-03-07 11:30:39,905,6021,BD-91-QG,POINT (-9.13640022277832 38.71371841430664)
2328_735,5258_20250101_172_0_5,172_0,0,38.71664810180664,-9.120400428771973,7,IN_TRANSIT_TO,2025-03-07 11:30:41,2103,2328,62-96-ZG,POINT (-9.120400428771973 38.71664810180664)
612_15E,11254_20250101_76_0_9,76_0,0,38.70634841918945,-9.147950172424316,1,IN_TRANSIT_TO,2025-03-07 11:30:33,3802,612,,POINT (-9.147950172424316 38.70634841918945)
2795_712,3525_20250101_189_0_7,189_0,0,38.727378845214844,-9.158900260925293,20,IN_TRANSIT_TO,2025-03-07 11:30:37,6103,2795,AJ-55-LI,POINT (-9.158900260925293 38.727378845214844)
6033_732,5044_20250101_107_0_5,107_0,0,38.706321716308594,-9.144780158996582,19,IN_TRANSIT_TO,2025-03-07 11:30:38,3820,6033,BF-92-AZ,POINT (-9.144780158996582 38.706321716308594)
4620_728,4698_20250101_204_0_4,204_0,0,38.70838165283203,-9.13640022277832,20,IN_TRANSIT_TO,2025-03-07 11:30:31,3824,4620,22-GP-54,POINT (-9.13640022277832 38.70838165283203)
2955_40B,17558_20250101_212_0_8,212_0,0,38.779518127441406,-9.15939998626709,23,IN_TRANSIT_TO,2025-03-07 11:30:37,5927,2955,27-GU-70,POINT (-9.15939998626709 38.779518127441406)
2951_26B,17510_20250101_208_0_9,208_0,0,38.785369873046875,-9.096019744873047,4,IN_TRANSIT_TO,2025-03-07 11:30:37,50306,2951,62-GQ-53,POINT (-9.096019744873047 38.785369873046875)
2943_31B,17538_20250101_210_0_8,210_0,0,38.75722122192383,-9.126420021057129,27,IN_TRANSIT_TO,2025-03-07 11:30:50,14710,2943,51-GL-83,POINT (-9.126420021057129 38.75722122192383)
2945_26B,17520_20250101_208_0_8,208_0,1,38.75883102416992,-9.096850395202637,3,IN_TRANSIT_TO,2025-03-07 11:30:09,50294,2945,75-GO-14,POINT (-9.096850395202637 38.75883102416992)
4626_796,8152_20250101_174_0_14,174_0,1,38.78424835205078,-9.161319732666016,8,IN_TRANSIT_TO,2025-03-07 11:30:22,7216,4626,90-JI-93,POINT (-9.161319732666016 38.78424835205078)
4631_796,8144_20250101_174_0_18,174_0,1,38.76268005371094,-9.156720161437988,15,IN_TRANSIT_TO,2025-03-07 11:30:43,5814,4631,02-JN-86,POINT (-9.156720161437988 38.76268005371094)
2973_52B,21661_20250101_244_0_8,244_0,0,38.74237823486328,-9.16648006439209,1,IN_TRANSIT_TO,2025-03-07 11:30:50,1604,2973,30-VM-13,POINT (-9.16648006439209 38.74237823486328)
4818_751,6498_20250101_109_0_10,109_0,0,38.69778060913086,-9.204520225524902,16,IN_TRANSIT_TO,2025-03-07 11:30:23,9604,4818,42-VT-57,POINT (-9.204520225524902 38.69778060913086)
2688_727,4553_20250101_103_0_5,103_0,0,38.70473098754883,-9.168370246887207,26,IN_TRANSIT_TO,2025-03-07 11:30:32,10210,2688,93-XA-35,POINT (-9.168370246887207 38.70473098754883)
2692_764,7142_20250101_168_0_9,168_0,1,38.7469482421875,-9.216099739074707,7,IN_TRANSIT_TO,2025-03-07 11:30:33,3015,2692,90-XF-62,POINT (-9.216099739074707 38.7469482421875)
2691_746,5977_20250101_108_0_11,108_0,0,38.750099182128906,-9.19552993774414,18,IN_TRANSIT_TO,2025-03-07 11:30:34,10802,2691,90-XF-45,POINT (-9.19552993774414 38.750099182128906)
2690_714,3709_20250101_102_0_7,102_0,0,38.70627975463867,-9.145099639892578,2,IN_TRANSIT_TO,2025-03-07 11:30:44,3802,2690,99-XE-57,POINT (-9.145099639892578 38.70627975463867)
2693_738,5566_20250101_117_0_6,117_0,0,38.72222137451172,-9.151949882507324,23,IN_TRANSIT_TO,2025-03-07 11:30:42,6806,2693,90-XF-46,POINT (-9.151949882507324 38.72222137451172)
2694_714,3662_20250101_102_0_8,102_0,1,38.70552062988281,-9.212579727172852,16,IN_TRANSIT_TO,2025-03-07 11:30:49,13119,2694,90-XF-49,POINT (-9.212579727172852 38.70552062988281)
2669_723,4182_20250101_121_0_6,121_0,0,38.722328186035156,-9.139349937438965,1,IN_TRANSIT_TO,2025-03-07 11:30:44,9209,2669,87-XB-34,POINT (-9.139349937438965 38.722328186035156)
6048_760,7098_20250101_171_0_5,171_0,0,38.70732879638672,-9.141030311584473,11,IN_TRANSIT_TO,2025-03-07 11:30:39,3820,6048,BH-46-IR,POINT (-9.141030311584473 38.70732879638672)
2695_714,3671_20250101_102_0_8,102_0,1,38.7222785949707,-9.22461986541748,3,IN_TRANSIT_TO,2025-03-07 11:30:44,18705,2695,90-XF-50,POINT (-9.22461986541748 38.7222785949707)
4836_736,5319_20250101_199_0_8,199_0,1,38.76124954223633,-9.15742015838623,14,IN_TRANSIT_TO,2025-03-07 11:30:19,5808,4836,34-VR-23,POINT (-9.15742015838623 38.76124954223633)
2705_713,20157_20250101_122_0_6,122_0,1,38.72761917114258,-9.161250114440918,26,IN_TRANSIT_TO,2025-03-07 11:30:43,8509,2705,92-XQ-29,POINT (-9.161250114440918 38.72761917114258)
2684_714,3712_20250101_102_0_2,102_0,0,38.72272872924805,-9.229680061340332,40,IN_TRANSIT_TO,2025-03-07 10:31:38,18602,2684,99-XE-59,POINT (-9.229680061340332 38.72272872924805)
2682_727,4537_20250101_103_0_5,103_0,1,38.697349548339844,-9.203680038452148,12,IN_TRANSIT_TO,2025-03-07 11:28:44,9603,2682,93-XA-42,POINT (-9.203680038452148 38.697349548339844)
6047_732,5093_20250101_107_0_5,107_0,1,38.7093505859375,-9.215479850769043,4,IN_TRANSIT_TO,2025-03-07 11:30:43,12407,6047,BH-20-IP,POINT (-9.215479850769043 38.7093505859375)
6046_732,5096_20250101_107_0_3,107_0,0,38.71604919433594,-9.214699745178223,45,IN_TRANSIT_TO,2025-03-07 11:30:41,10402,6046,BH-73-IR,POINT (-9.214699745178223 38.71604919433594)
4618_750,6335_20250101_106_0_6,106_0,1,38.735450744628906,-9.206319808959961,8,IN_TRANSIT_TO,2025-03-07 11:30:29,8803,4618,22-GP-52,POINT (-9.206319808959961 38.735450744628906)
2947_29B,17534_20250101_209_0_7,209_0,0,38.77286911010742,-9.115070343017578,16,IN_TRANSIT_TO,2025-03-07 11:30:28,7720,2947,51-GL-84,POINT (-9.115070343017578 38.77286911010742)
2946_32B,17548_20250101_211_0_8,211_0,0,38.754478454589844,-9.109199523925781,27,IN_TRANSIT_TO,2025-03-07 11:30:22,24366,2946,75-GO-15,POINT (-9.109199523925781 38.754478454589844)
4643_728,4681_20250101_204_0_6,204_0,0,38.711700439453125,-9.125100135803223,23,IN_TRANSIT_TO,2025-03-07 11:30:37,8201,4643,98-JO-45,POINT (-9.125100135803223 38.711700439453125)
2957_40B,17568_20250101_212_0_9,212_0,0,38.79050064086914,-9.159629821777344,2,IN_TRANSIT_TO,2025-03-07 11:30:34,50104,2957,27-GU-72,POINT (-9.159629821777344 38.79050064086914)
2677_727,4515_20250101_103_0_5,103_0,1,38.728668212890625,-9.147950172424316,38,IN_TRANSIT_TO,2025-03-07 11:30:32,1701,2677,87-XB-41,POINT (-9.147950172424316 38.728668212890625)
2671_746,5986_20250101_108_0_9,108_0,0,38.73741912841797,-9.156299591064453,5,IN_TRANSIT_TO,2025-03-07 11:30:51,1501,2671,87-XB-43,POINT (-9.156299591064453 38.73741912841797)
2681_727,4552_20250101_103_0_5,103_0,0,38.69858169555664,-9.203829765319824,37,IN_TRANSIT_TO,2025-03-07 11:30:30,9604,2681,93-XA-41,POINT (-9.203829765319824 38.69858169555664)
2679_727,4536_20250101_103_0_5,103_0,1,38.70671844482422,-9.174670219421387,19,IN_TRANSIT_TO,2025-03-07 11:30:40,12105,2679,93-XA-34,POINT (-9.174670219421387 38.70671844482422)
2672_746,5993_20250101_108_0_6,108_0,1,38.74121856689453,-9.170069694519043,14,IN_TRANSIT_TO,2025-03-07 11:30:52,1615,2672,87-XB-44,POINT (-9.170069694519043 38.74121856689453)
2675_714,3689_20250101_102_0_5,102_0,0,38.72452926635742,-9.21442985534668,32,IN_TRANSIT_TO,2025-03-07 11:30:42,14006,2675,87-XB-35,POINT (-9.21442985534668 38.72452926635742)
4623_755,6682_20250101_118_0_7,118_0,1,38.75400161743164,-9.144530296325684,10,IN_TRANSIT_TO,2025-03-07 11:30:47,104,4623,27-JO-12,POINT (-9.144530296325684 38.75400161743164)
510_15E,11264_20250101_76_0_9,76_0,0,38.706119537353516,-9.14330005645752,1,IN_TRANSIT_TO,2025-03-07 11:29:49,3802,510,,POINT (-9.14330005645752 38.706119537353516)
6031_760,7061_20250101_171_0_6,171_0,1,38.704200744628906,-9.173819541931152,25,IN_TRANSIT_TO,2025-03-07 11:30:43,4001,6031,BF-87-AX,POINT (-9.173819541931152 38.704200744628906)
2718_754,6615_20250101_201_0_6,201_0,1,38.74127960205078,-9.168700218200684,28,IN_TRANSIT_TO,2025-03-07 11:30:49,1615,2718,92-XQ-23,POINT (-9.168700218200684 38.74127960205078)
547_25E,14278_20250101_79_0_9,79_0,1,38.713619232177734,-9.160050392150879,6,IN_TRANSIT_TO,2025-03-07 11:30:24,8111,547,,POINT (-9.160050392150879 38.713619232177734)
6014_760,7066_20250101_171_0_5,171_0,1,38.70471954345703,-9.19591999053955,17,IN_TRANSIT_TO,2025-03-07 11:30:27,13305,6014,67-ZF-30,POINT (-9.19591999053955 38.70471954345703)
6049_760,7090_20250101_171_0_7,171_0,0,38.706321716308594,-9.145350456237793,12,IN_TRANSIT_TO,2025-03-07 11:30:48,3802,6049,BH-47-IR,POINT (-9.145350456237793 38.706321716308594)
2723_714,3640_20250101_102_0_8,102_0,1,38.702880859375,-9.18002986907959,27,IN_TRANSIT_TO,2025-03-07 11:30:26,12111,2723,92-XQ-43,POINT (-9.18002986907959 38.702880859375)
2347_771,21936_20250101_248_0_8,248_0,1,38.724300384521484,-9.160280227661133,17,IN_TRANSIT_TO,2025-03-07 11:30:21,8511,2347,53-61-ZJ,POINT (-9.160280227661133 38.724300384521484)
2658_723,4183_20250101_121_0_8,121_0,1,38.722068786621094,-9.139229774475098,33,IN_TRANSIT_TO,2025-03-07 11:30:29,9214,2658,05-VZ-71,POINT (-9.139229774475098 38.722068786621094)
2479_726,4325_20250101_116_0_7,116_0,0,38.72195053100586,-9.128769874572754,0,IN_TRANSIT_TO,2025-03-07 11:30:43,,2479,91-BE-74,POINT (-9.128769874572754 38.72195053100586)
2414_716,3747_20250101_164_0_11,164_0,0,38.736820220947266,-9.149129867553711,5,IN_TRANSIT_TO,2025-03-07 11:30:46,1811,2414,92-AO-51,POINT (-9.149129867553711 38.736820220947266)
2295_724,4204_20250101_178_0_11,178_0,0,38.74369812011719,-9.196120262145996,15,IN_TRANSIT_TO,2025-03-07 11:30:46,2809,2295,92-53-ZM,POINT (-9.196120262145996 38.74369812011719)
2763_727,4528_20250101_103_0_5,103_0,1,38.70893096923828,-9.15291976928711,29,IN_TRANSIT_TO,2025-03-07 11:30:38,7103,2763,AH-23-ND,POINT (-9.15291976928711 38.70893096923828)
2417_716,3744_20250101_164_0_9,164_0,0,38.743629455566406,-9.175700187683105,15,IN_TRANSIT_TO,2025-03-07 11:30:51,10706,2417,50-AL-06,POINT (-9.175700187683105 38.743629455566406)
2755_755,6709_20250101_118_0_8,118_0,0,38.75117111206055,-9.124730110168457,26,IN_TRANSIT_TO,2025-03-07 11:30:50,14726,2755,AG-95-TG,POINT (-9.124730110168457 38.75117111206055)
2298_723,4149_20250101_121_0_8,121_0,1,38.70957946777344,-9.215080261230469,7,IN_TRANSIT_TO,2025-03-07 11:30:46,9706,2298,83-05-ZM,POINT (-9.215080261230469 38.70957946777344)
610_15E,11202_20250101_76_0_10,76_0,1,38.69929885864258,-9.231200218200684,0,IN_TRANSIT_TO,2025-03-07 11:29:39,,610,,POINT (-9.231200218200684 38.69929885864258)
2282_799,8211_20250101_120_0_11,120_0,1,38.73965072631836,-9.221329689025879,0,IN_TRANSIT_TO,2025-03-07 11:30:40,,2282,67-35-ZJ,POINT (-9.221329689025879 38.73965072631836)
2281_758,6853_20250101_150_0_5,150_0,0,38.72037887573242,-9.1587495803833,8,IN_TRANSIT_TO,2025-03-07 11:30:23,6812,2281,67-56-ZJ,POINT (-9.1587495803833 38.72037887573242)
255_55B,21534_20250101_240_0_11,240_0,0,38.75862121582031,-9.19279956817627,2,IN_TRANSIT_TO,2025-03-07 11:30:47,50515,255,AF-58-RM,POINT (-9.19279956817627 38.75862121582031)
280_64B,21489_20250101_238_0_11,238_0,0,38.71508026123047,-9.166069984436035,2,IN_TRANSIT_TO,2025-03-07 11:30:51,8019,280,AI-46-OJ,POINT (-9.166069984436035 38.71508026123047)
4835_736,5422_20250101_199_0_7,199_0,0,38.74169921875,-9.146780014038086,8,IN_TRANSIT_TO,2025-03-07 11:30:30,1809,4835,53-VR-06,POINT (-9.146780014038086 38.74169921875)
6034_732,5062_20250101_107_0_5,107_0,0,38.73577880859375,-9.145330429077148,7,IN_TRANSIT_TO,2025-03-07 11:30:51,1814,6034,BF-61-AX,POINT (-9.145330429077148 38.73577880859375)
6007_706,3235_20250101_147_0_2,147_0,0,38.70637130737305,-9.14780044555664,2,IN_TRANSIT_TO,2025-03-07 11:30:22,3802,6007,80-ZC-62,POINT (-9.14780044555664 38.70637130737305)
2765_738,5561_20250101_117_0_5,117_0,0,38.70463180541992,-9.1764497756958,32,IN_TRANSIT_TO,2025-03-07 11:30:43,4004,2765,AH-37-ND,POINT (-9.1764497756958 38.70463180541992)
2978_702,3053_20250101_146_0_19,146_0,0,38.73202133178711,-9.168800354003906,9,IN_TRANSIT_TO,2025-03-07 11:30:22,2701,2978,29-VM-92,POINT (-9.168800354003906 38.73202133178711)
2259_758,6889_20250101_150_0_8,150_0,1,38.736671447753906,-9.166299819946289,16,IN_TRANSIT_TO,2025-03-07 11:30:50,2718,2259,67-44-ZJ,POINT (-9.166299819946289 38.736671447753906)
2270_771,21942_20250101_248_0_10,248_0,0,38.70497131347656,-9.19612979888916,23,IN_TRANSIT_TO,2025-03-07 11:30:44,13305,2270,76-82-ZG,POINT (-9.19612979888916 38.70497131347656)
2442_703,3170_20250101_165_0_8,165_0,1,38.77138137817383,-9.172980308532715,21,IN_TRANSIT_TO,2025-03-07 11:30:23,5949,2442,29-AX-06,POINT (-9.172980308532715 38.77138137817383)
2779_712,3550_20250101_189_0_8,189_0,1,38.729949951171875,-9.128049850463867,23,IN_TRANSIT_TO,2025-03-07 11:30:41,9110,2779,AI-02-BT,POINT (-9.128049850463867 38.729949951171875)
2495_735,5275_20250101_172_0_6,172_0,1,38.70790100097656,-9.138569831848145,33,IN_TRANSIT_TO,2025-03-07 11:30:47,5504,2495,88-BL-69,POINT (-9.138569831848145 38.70790100097656)
2842_728,4581_20250101_204_0_7,204_0,1,38.707218170166016,-9.141180038452148,34,IN_TRANSIT_TO,2025-03-07 11:30:33,3820,2842,BF-56-FZ,POINT (-9.141180038452148 38.707218170166016)
4833_736,5379_20250101_199_0_5,199_0,0,38.78718185424805,-9.171119689941406,28,IN_TRANSIT_TO,2025-03-07 11:30:34,50083,4833,20-VQ-65,POINT (-9.171119689941406 38.78718185424805)
4839_736,5331_20250101_199_0_6,199_0,1,38.77933120727539,-9.164230346679688,7,IN_TRANSIT_TO,2025-03-07 11:30:38,7202,4839,53-VR-08,POINT (-9.164230346679688 38.77933120727539)
2272_758,6860_20250101_150_0_7,150_0,0,38.71577835083008,-9.146280288696289,5,IN_TRANSIT_TO,2025-03-07 11:30:52,10601,2272,76-80-ZG,POINT (-9.146280288696289 38.71577835083008)
2345_724,4230_20250101_178_0_12,178_0,1,38.74217987060547,-9.199979782104492,13,IN_TRANSIT_TO,2025-03-07 11:30:24,2805,2345,53-59-ZJ,POINT (-9.199979782104492 38.74217987060547)
275_61B,21520_20250101_241_0_11,241_0,1,38.73228073120117,-9.172679901123047,1,IN_TRANSIT_TO,2025-03-07 11:30:49,50087,275,AH-16-TB,POINT (-9.172679901123047 38.73228073120117)
2607_781,7747_20250101_151_0_8,151_0,0,38.714569091796875,-9.121379852294922,5,IN_TRANSIT_TO,2025-03-07 11:30:44,2113,2607,AA-95-TQ,POINT (-9.121379852294922 38.714569091796875)
6023_732,5080_20250101_107_0_4,107_0,1,38.733821868896484,-9.144619941711426,36,IN_TRANSIT_TO,2025-03-07 11:30:28,1709,6023,BF-03-BD,POINT (-9.144619941711426 38.733821868896484)
4815_748,6182_20250101_169_0_3,169_0,1,38.7239990234375,-9.161149978637695,7,IN_TRANSIT_TO,2025-03-07 11:30:31,8608,4815,34-VR-24,POINT (-9.161149978637695 38.7239990234375)
4821_783,7846_20250101_203_0_7,203_0,0,38.72288131713867,-9.16117000579834,0,IN_TRANSIT_TO,2025-03-07 11:28:54,,4821,20-VQ-68,POINT (-9.16117000579834 38.72288131713867)
4809_748,6180_20250101_169_0_4,169_0,0,38.72489929199219,-9.15703010559082,3,IN_TRANSIT_TO,2025-03-07 11:30:33,1223,4809,20-VQ-67,POINT (-9.15703010559082 38.72489929199219)
2697_714,3697_20250101_102_0_7,102_0,0,38.70426940917969,-9.207130432128906,22,IN_TRANSIT_TO,2025-03-07 11:30:32,9606,2697,90-XF-59,POINT (-9.207130432128906 38.70426940917969)
2606_744,5830_20250101_200_0_5,200_0,0,38.75347137451172,-9.138299942016602,12,IN_TRANSIT_TO,2025-03-07 11:30:29,11201,2606,66-VI-40,POINT (-9.138299942016602 38.75347137451172)
2601_759,6981_20250101_144_0_7,144_0,0,38.768951416015625,-9.118220329284668,33,IN_TRANSIT_TO,2025-03-07 11:30:31,7701,2601,04-VA-70,POINT (-9.118220329284668 38.768951416015625)
2264_731,5022_20250101_190_0_6,190_0,1,38.74544906616211,-9.156949996948242,25,IN_TRANSIT_TO,2025-03-07 11:30:29,13507,2264,76-90-ZG,POINT (-9.156949996948242 38.74544906616211)
2739_720,4044_20250101_143_0_8,143_0,1,38.711978912353516,-9.163530349731445,9,IN_TRANSIT_TO,2025-03-07 11:29:40,10101,2739,AG-31-EI,POINT (-9.163530349731445 38.711978912353516)
2653_709,3384_20250101_148_0_13,148_0,1,38.72092056274414,-9.146129608154297,8,IN_TRANSIT_TO,2025-03-07 11:30:29,1216,2653,05-VZ-52,POINT (-9.146129608154297 38.72092056274414)
2749_755,6711_20250101_118_0_8,118_0,0,38.748069763183594,-9.112850189208984,13,IN_TRANSIT_TO,2025-03-07 11:30:30,3713,2749,AG-03-TH,POINT (-9.112850189208984 38.748069763183594)
2988_730,4967_20250101_198_0_10,198_0,0,38.739051818847656,-9.12067985534668,6,IN_TRANSIT_TO,2025-03-07 11:30:43,8907,2988,29-VM-94,POINT (-9.12067985534668 38.739051818847656)
2743_720,4100_20250101_143_0_8,143_0,1,38.74156951904297,-9.129469871520996,28,IN_TRANSIT_TO,2025-03-07 11:30:34,9008,2743,AG-02-TH,POINT (-9.129469871520996 38.74156951904297)
4826_736,5424_20250101_199_0_5,199_0,0,38.723670959472656,-9.148530006408691,3,IN_TRANSIT_TO,2025-03-07 11:30:38,1103,4826,53-VR-05,POINT (-9.148530006408691 38.723670959472656)
2657_708,3298_20250101_100_0_4,100_0,1,38.72751998901367,-9.13479995727539,39,IN_TRANSIT_TO,2025-03-07 11:30:47,610,2657,05-VZ-66,POINT (-9.13479995727539 38.72751998901367)
2637_718,3994_20250101_105_0_7,105_0,1,38.73970031738281,-9.102849960327148,20,IN_TRANSIT_TO,2025-03-07 11:30:45,12509,2637,87-VS-51,POINT (-9.102849960327148 38.73970031738281)
2638_781,7756_20250101_151_0_7,151_0,1,38.7252311706543,-9.111430168151855,25,IN_TRANSIT_TO,2025-03-07 11:30:27,8310,2638,87-VS-48,POINT (-9.111430168151855 38.7252311706543)
6037_732,5085_20250101_107_0_5,107_0,1,38.709598541259766,-9.135549545288086,30,IN_TRANSIT_TO,2025-03-07 11:30:39,5519,6037,BG-37-LT,POINT (-9.135549545288086 38.709598541259766)
2617_781,7737_20250101_151_0_7,151_0,0,38.75265121459961,-9.095499992370605,12,IN_TRANSIT_TO,2025-03-07 11:30:42,2204,2617,66-VI-28,POINT (-9.095499992370605 38.75265121459961)
2648_711,3454_20250101_101_0_7,101_0,1,38.71244812011719,-9.139280319213867,32,IN_TRANSIT_TO,2025-03-07 11:29:28,902,2648,75-VS-46,POINT (-9.139280319213867 38.71244812011719)
2698_713,3576_20250101_122_0_8,122_0,1,38.707130432128906,-9.15820026397705,13,IN_TRANSIT_TO,2025-03-07 11:30:52,3909,2698,92-XQ-20,POINT (-9.15820026397705 38.707130432128906)
2716_754,6592_20250101_201_0_7,201_0,0,38.74502944946289,-9.19968032836914,18,IN_TRANSIT_TO,2025-03-07 11:30:27,10818,2716,92-XQ-27,POINT (-9.19968032836914 38.74502944946289)
2991_774,7457_20250101_192_0_13,192_0,0,38.720298767089844,-9.153800010681152,9,IN_TRANSIT_TO,2025-03-07 11:30:37,6811,2991,29-VM-89,POINT (-9.153800010681152 38.720298767089844)
2704_713,3605_20250101_122_0_5,122_0,0,38.704681396484375,-9.167499542236328,27,IN_TRANSIT_TO,2025-03-07 11:30:28,10210,2704,92-XQ-18,POINT (-9.167499542236328 38.704681396484375)
2639_759,6949_20250101_144_0_6,144_0,1,38.74800109863281,-9.112899780273438,23,IN_TRANSIT_TO,2025-03-07 11:30:36,3714,2639,75-VS-47,POINT (-9.112899780273438 38.74800109863281)
2647_705,3186_20250101_176_0_7,176_0,0,38.76897048950195,-9.12798023223877,18,IN_TRANSIT_TO,2025-03-07 11:30:41,7602,2647,75-VS-45,POINT (-9.12798023223877 38.76897048950195)
2826_753,6577_20250101_167_0_11,167_0,0,38.72505187988281,-9.155220031738281,5,IN_TRANSIT_TO,2025-03-07 11:30:47,1223,2826,BF-74-FZ,POINT (-9.155220031738281 38.72505187988281)
577_28E,14895_20250101_75_0_11,75_0,1,38.70930099487305,-9.13838005065918,6,IN_TRANSIT_TO,2025-03-07 11:30:19,50149,577,,POINT (-9.13838005065918 38.70930099487305)
2642_722,4119_20250101_196_0_7,196_0,1,38.746429443359375,-9.131319999694824,21,IN_TRANSIT_TO,2025-03-07 11:30:45,7308,2642,75-VS-51,POINT (-9.131319999694824 38.746429443359375)
573_28E,14960_20250101_75_0_10,75_0,0,38.72172164916992,-9.130499839782715,6,IN_TRANSIT_TO,2025-03-07 11:30:38,9127,573,,POINT (-9.130499839782715 38.72172164916992)
2724_754,6622_20250101_201_0_6,201_0,1,38.74274826049805,-9.205619812011719,15,IN_TRANSIT_TO,2025-03-07 11:30:46,50240,2724,92-XQ-40,POINT (-9.205619812011719 38.74274826049805)
273_79B,18671_20250101_221_0_5,221_0,0,38.698699951171875,-9.227620124816895,36,IN_TRANSIT_TO,2025-03-07 11:24:58,4208,273,AH-15-TB,POINT (-9.227620124816895 38.698699951171875)
2661_711,3484_20250101_101_0_6,101_0,1,38.7434196472168,-9.217479705810547,0,IN_TRANSIT_TO,2025-03-07 11:30:29,,2661,05-VZ-58,POINT (-9.217479705810547 38.7434196472168)
2737_742,5720_20250101_114_0_8,114_0,1,38.737571716308594,-9.133649826049805,0,IN_TRANSIT_TO,2025-03-07 11:30:41,,2737,AG-45-EI,POINT (-9.133649826049805 38.737571716308594)
2609_759,6943_20250101_144_0_6,144_0,1,38.725921630859375,-9.112529754638672,36,IN_TRANSIT_TO,2025-03-07 11:30:39,8302,2609,66-VI-36,POINT (-9.112529754638672 38.725921630859375)
2721_711,3501_20250101_101_0_7,101_0,0,38.7451286315918,-9.204930305480957,20,IN_TRANSIT_TO,2025-03-07 11:30:25,8811,2721,92-XQ-37,POINT (-9.204930305480957 38.7451286315918)
6030_732,5057_20250101_107_0_5,107_0,0,38.71870040893555,-9.144350051879883,14,IN_TRANSIT_TO,2025-03-07 11:30:38,1102,6030,BF-39-AU,POINT (-9.144350051879883 38.71870040893555)
2618_722,4107_20250101_196_0_6,196_0,1,38.724449157714844,-9.150099754333496,32,IN_TRANSIT_TO,2025-03-07 11:30:29,1206,2618,66-VI-42,POINT (-9.150099754333496 38.724449157714844)
2643_759,6987_20250101_144_0_7,144_0,0,38.73134994506836,-9.110119819641113,15,IN_TRANSIT_TO,2025-03-07 11:30:35,8317,2643,75-VS-44,POINT (-9.110119819641113 38.73134994506836)
2646_759,6961_20250101_144_0_6,144_0,1,38.76905059814453,-9.118300437927246,14,IN_TRANSIT_TO,2025-03-07 11:30:51,7704,2646,75-VS-48,POINT (-9.118300437927246 38.76905059814453)
2993_770,7364_20250101_191_0_10,191_0,0,38.7406005859375,-9.167900085449219,1,IN_TRANSIT_TO,2025-03-07 11:30:42,1614,2993,29-VM-93,POINT (-9.167900085449219 38.7406005859375)
2733_735,5232_20250101_172_0_7,172_0,0,38.728721618652344,-9.128129959106445,16,IN_TRANSIT_TO,2025-03-07 11:30:31,7003,2733,AG-41-EI,POINT (-9.128129959106445 38.728721618652344)
2664_711,3517_20250101_101_0_7,101_0,0,38.707149505615234,-9.13385009765625,0,IN_TRANSIT_TO,2025-03-07 11:30:50,,2664,05-VZ-68,POINT (-9.13385009765625 38.707149505615234)
2308_708,3365_20250101_100_0_8,100_0,0,38.76517868041992,-9.115300178527832,22,IN_TRANSIT_TO,2025-03-07 11:30:47,8443,2308,83-17-ZM,POINT (-9.115300178527832 38.76517868041992)
2640_722,4127_20250101_196_0_7,196_0,0,38.76557922363281,-9.129150390625,20,IN_TRANSIT_TO,2025-03-07 11:30:36,7511,2640,75-VS-43,POINT (-9.129150390625 38.76557922363281)
2654_709,3412_20250101_148_0_10,148_0,0,38.72393035888672,-9.14883041381836,4,IN_TRANSIT_TO,2025-03-07 11:30:29,1103,2654,05-VZ-69,POINT (-9.14883041381836 38.72393035888672)
501_15E,11238_20250101_76_0_7,76_0,0,38.704429626464844,-9.159799575805664,3,IN_TRANSIT_TO,2025-03-07 11:30:44,3902,501,,POINT (-9.159799575805664 38.704429626464844)
544_24E,17852_20250101_213_0_6,213_0,1,38.717628479003906,-9.151249885559082,6,IN_TRANSIT_TO,2025-03-07 11:30:41,10608,544,,POINT (-9.151249885559082 38.717628479003906)
2769_727,4454_20250101_103_0_4,103_0,0,38.72850036621094,-9.147950172424316,12,IN_TRANSIT_TO,2025-03-07 11:30:52,1702,2769,AH-19-ND,POINT (-9.147950172424316 38.72850036621094)
402_22B,19420_20250101_236_0_11,236_0,0,38.70587158203125,-9.143219947814941,0,IN_TRANSIT_TO,2025-03-07 11:30:47,,402,BF-81-TP,POINT (-9.143219947814941 38.70587158203125)
549_12E,11025_20250101_77_0_7,77_0,1,38.72032165527344,-9.13556957244873,22,IN_TRANSIT_TO,2025-03-07 11:30:31,704,549,,POINT (-9.13556957244873 38.72032165527344)
2686_764,7135_20250101_168_0_8,168_0,1,38.759979248046875,-9.184969902038574,21,IN_TRANSIT_TO,2025-03-07 11:30:23,12801,2686,99-XE-58,POINT (-9.184969902038574 38.759979248046875)
2652_742,5737_20250101_114_0_5,114_0,0,38.73207092285156,-9.114520072937012,8,IN_TRANSIT_TO,2025-03-07 11:30:45,9808,2652,05-VZ-61,POINT (-9.114520072937012 38.73207092285156)
2829_728,4641_20250101_204_0_6,204_0,0,38.744598388671875,-9.101070404052734,33,IN_TRANSIT_TO,2025-03-07 11:30:38,12511,2829,BF-58-FZ,POINT (-9.101070404052734 38.744598388671875)
2621_749,6201_20250101_195_0_12,195_0,0,38.74924850463867,-9.138179779052734,13,IN_TRANSIT_TO,2025-03-07 11:30:39,11209,2621,66-VI-45,POINT (-9.138179779052734 38.74924850463867)
2975_52B,21671_20250101_244_0_7,244_0,0,38.73738098144531,-9.144800186157227,13,IN_TRANSIT_TO,2025-03-07 11:30:39,50544,2975,30-VM-11,POINT (-9.144800186157227 38.73738098144531)
2986_774,7467_20250101_192_0_9,192_0,0,38.71575164794922,-9.169549942016602,1,IN_TRANSIT_TO,2025-03-07 11:30:34,8028,2986,30-VM-12,POINT (-9.169549942016602 38.71575164794922)
551_18E,12186_20250101_78_0_9,78_0,0,38.703369140625,-9.191829681396484,14,IN_TRANSIT_TO,2025-03-07 11:30:46,13406,551,,POINT (-9.191829681396484 38.703369140625)
2990_730,4949_20250101_198_0_8,198_0,0,38.72629928588867,-9.13403034210205,18,IN_TRANSIT_TO,2025-03-07 11:30:00,603,2990,30-VM-06,POINT (-9.13403034210205 38.72629928588867)
2976_702,3030_20250101_146_0_14,146_0,1,38.733699798583984,-9.171219825744629,2,IN_TRANSIT_TO,2025-03-07 11:30:25,2709,2976,30-VM-00,POINT (-9.171219825744629 38.733699798583984)
2616_759,6896_20250101_144_0_5,144_0,0,38.7087516784668,-9.134149551391602,4,IN_TRANSIT_TO,2025-03-07 11:30:47,5501,2616,66-VI-44,POINT (-9.134149551391602 38.7087516784668)
2702_713,3592_20250101_122_0_8,122_0,1,38.731380462646484,-9.168569564819336,0,IN_TRANSIT_TO,2025-03-07 11:30:38,,2702,92-XQ-21,POINT (-9.168569564819336 38.731380462646484)
2604_759,6973_20250101_144_0_7,144_0,0,38.7730712890625,-9.105179786682129,42,IN_TRANSIT_TO,2025-03-07 11:30:40,7809,2604,66-VI-32,POINT (-9.105179786682129 38.7730712890625)
2663_714,3697_20240914_102_0_16,102_0,1,38.72127151489258,-9.221500396728516,4,IN_TRANSIT_TO,2024-10-22 20:26:58,18703,2663,05-VZ-62,POINT (-9.221500396728516 38.72127151489258)
579_28E,14986_20250101_75_0_10,75_0,0,38.715431213378906,-9.13599967956543,0,IN_TRANSIT_TO,2025-03-07 11:30:30,,579,,POINT (-9.13599967956543 38.715431213378906)
2995_774,7437_20250101_192_0_10,192_0,1,38.72282028198242,-9.149319648742676,5,IN_TRANSIT_TO,2025-03-07 11:30:43,1211,2995,30-VM-15,POINT (-9.149319648742676 38.72282028198242)
543_28E,14972_20250101_75_0_4,75_0,0,38.719478607177734,-9.135549545288086,2,IN_TRANSIT_TO,2025-03-07 11:30:34,803,543,,POINT (-9.135549545288086 38.719478607177734)
404_67B,28216_20250101_253_0_7,253_0,0,38.7116813659668,-9.163729667663574,3,IN_TRANSIT_TO,2025-03-07 11:30:45,10109,404,BF-14-TQ,POINT (-9.163729667663574 38.7116813659668)
265_76B,18630_20250101_219_0_10,219_0,0,38.704349517822266,-9.199379920959473,25,IN_TRANSIT_TO,2025-03-07 11:30:45,13308,265,AG-40-OV,POINT (-9.199379920959473 38.704349517822266)
4813_751,6437_20250101_109_0_9,109_0,1,38.69742965698242,-9.194450378417969,19,IN_TRANSIT_TO,2025-03-07 11:30:46,4109,4813,68-VQ-50,POINT (-9.194450378417969 38.69742965698242)
2696_714,3705_20250101_102_0_7,102_0,0,38.70656967163086,-9.158249855041504,5,IN_TRANSIT_TO,2025-03-07 11:30:27,3912,2696,90-XF-63,POINT (-9.158249855041504 38.70656967163086)
252_58B,19291_20250101_227_0_9,227_0,0,38.74028015136719,-9.171950340270996,20,IN_TRANSIT_TO,2025-03-07 11:30:33,50464,252,AF-89-NU,POINT (-9.171950340270996 38.74028015136719)
6003_706,3202_20250101_147_0_6,147_0,0,38.73030090332031,-9.13694953918457,18,IN_TRANSIT_TO,2025-03-07 11:30:43,611,6003,82-ZC-02,POINT (-9.13694953918457 38.73030090332031)
264_734,5133_20250101_205_0_11,205_0,0,38.714900970458984,-9.128499984741211,10,IN_TRANSIT_TO,2025-03-07 11:30:33,14802,264,AG-42-OV,POINT (-9.128499984741211 38.714900970458984)
4824_783,7857_20250101_203_0_6,203_0,1,38.74761962890625,-9.148420333862305,20,IN_TRANSIT_TO,2025-03-07 11:30:35,2002,4824,34-VR-19,POINT (-9.148420333862305 38.74761962890625)
2778_738,5572_20250101_117_0_7,117_0,0,38.7535285949707,-9.155130386352539,10,IN_TRANSIT_TO,2025-03-07 11:30:36,5702,2778,AI-03-BT,POINT (-9.155130386352539 38.7535285949707)
2641_759,6921_20250101_144_0_6,144_0,1,38.71466827392578,-9.14050006866455,46,IN_TRANSIT_TO,2025-03-07 11:30:32,919,2641,75-VS-49,POINT (-9.14050006866455 38.71466827392578)
555_28E,14946_20250101_75_0_8,75_0,0,38.709720611572266,-9.136500358581543,17,IN_TRANSIT_TO,2025-03-07 11:30:21,5602,555,,POINT (-9.136500358581543 38.709720611572266)
266_79B,18661_20250101_221_0_6,221_0,0,38.71512985229492,-9.207969665527344,30,IN_TRANSIT_TO,2025-03-07 11:30:29,13309,266,AH-55-CZ,POINT (-9.207969665527344 38.71512985229492)
2987_730,4969_20250101_198_0_8,198_0,1,38.726871490478516,-9.128470420837402,13,IN_TRANSIT_TO,2025-03-07 11:30:47,9102,2987,29-VM-99,POINT (-9.128470420837402 38.726871490478516)
2660_711,3475_20250101_101_0_8,101_0,1,38.7364501953125,-9.205570220947266,12,IN_TRANSIT_TO,2025-03-07 11:30:51,8836,2660,05-VZ-60,POINT (-9.205570220947266 38.7364501953125)
269_734,5150_20250101_205_0_11,205_0,1,38.71538162231445,-9.126199722290039,4,IN_TRANSIT_TO,2025-03-07 11:29:51,2130,269,AG-25-NH,POINT (-9.126199722290039 38.71538162231445)
2782_776,7476_20250101_193_0_26,193_0,0,38.69947814941406,-9.227950096130371,0,IN_TRANSIT_TO,2025-03-07 11:30:41,,2782,AI-99-BS,POINT (-9.227950096130371 38.69947814941406)
4644_728,4589_20250101_204_0_7,204_0,1,38.71175003051758,-9.125149726867676,29,IN_TRANSIT_TO,2025-03-07 11:30:47,2114,4644,27-JO-11,POINT (-9.125149726867676 38.71175003051758)
4805_751,6510_20250101_109_0_7,109_0,0,38.70661926269531,-9.174429893493652,7,IN_TRANSIT_TO,2025-03-07 11:30:23,9425,4805,20-VQ-66,POINT (-9.174429893493652 38.70661926269531)
2740_756,6757_20250101_175_0_8,175_0,0,38.732269287109375,-9.164779663085938,15,IN_TRANSIT_TO,2025-03-07 11:30:31,1514,2740,AG-43-EI,POINT (-9.164779663085938 38.732269287109375)
2984_72B,45275_20250101_279_0_7,279_0,0,38.74530029296875,-9.204830169677734,13,IN_TRANSIT_TO,2025-03-07 11:30:22,2902,2984,30-VM-04,POINT (-9.204830169677734 38.74530029296875)
2630_744,5805_20250101_200_0_6,200_0,1,38.77442169189453,-9.097599983215332,4,IN_TRANSIT_TO,2025-03-07 11:30:51,7824,2630,52-VP-89,POINT (-9.097599983215332 38.77442169189453)
2744_720,4101_20250101_143_0_6,143_0,1,38.73067855834961,-9.143779754638672,18,IN_TRANSIT_TO,2025-03-07 11:30:30,6601,2744,AG-13-TH,POINT (-9.143779754638672 38.73067855834961)
2651_722,4129_20250101_196_0_6,196_0,0,38.7158203125,-9.141420364379883,0,IN_TRANSIT_TO,2025-03-07 11:30:35,,2651,05-VZ-54,POINT (-9.141420364379883 38.7158203125)
2983_71B,45267_20250101_278_0_6,278_0,0,38.74414825439453,-9.200900077819824,8,IN_TRANSIT_TO,2025-03-07 11:30:22,2813,2983,30-VM-08,POINT (-9.200900077819824 38.74414825439453)
274_28E,44753_20250101_75_8_13,75_8,1,38.71538162231445,-9.163629531860352,16,IN_TRANSIT_TO,2025-03-07 11:28:47,8108,274,AH-14-TB,POINT (-9.163629531860352 38.71538162231445)
256_773,20155_20250101_124_0_12,124_0,1,38.71976852416992,-9.150819778442383,24,IN_TRANSIT_TO,2025-03-07 11:30:32,10607,256,AF-57-RM,POINT (-9.150819778442383 38.71976852416992)
2715_754,6609_20250101_201_0_7,201_0,0,38.74732971191406,-9.155200004577637,8,IN_TRANSIT_TO,2025-03-07 11:30:33,13501,2715,92-XQ-22,POINT (-9.155200004577637 38.74732971191406)
2608_781,7762_20250101_151_0_8,151_0,1,38.78337860107422,-9.124730110168457,4,IN_TRANSIT_TO,2025-03-07 11:30:36,16304,2608,66-VI-39,POINT (-9.124730110168457 38.78337860107422)
2966_797,8161_20250101_163_0_20,163_0,0,38.73482894897461,-9.13403034210205,2,IN_TRANSIT_TO,2025-03-07 11:30:30,402,2966,30-VM-20,POINT (-9.13403034210205 38.73482894897461)
2731_735,5206_20250101_172_0_7,172_0,0,38.74232864379883,-9.134429931640625,22,IN_TRANSIT_TO,2025-03-07 11:30:47,319,2731,AG-49-EI,POINT (-9.134429931640625 38.74232864379883)
2722_711,3512_20250101_101_0_5,101_0,0,38.71596908569336,-9.141599655151367,4,IN_TRANSIT_TO,2025-03-07 11:30:30,919,2722,92-XQ-36,POINT (-9.141599655151367 38.71596908569336)
279_61B,21530_20250101_241_0_3,241_0,0,38.72438049316406,-9.169879913330078,2,IN_TRANSIT_TO,2025-03-07 11:28:44,50502,279,AI-38-FG,POINT (-9.169879913330078 38.72438049316406)
2972_34B,19141_20250101_226_0_6,226_0,0,38.72761917114258,-9.114700317382812,30,IN_TRANSIT_TO,2025-03-07 11:30:26,8319,2972,29-VM-96,POINT (-9.114700317382812 38.72761917114258)
2625_744,5849_20250101_200_0_5,200_0,1,38.748321533203125,-9.148699760437012,22,IN_TRANSIT_TO,2025-03-07 11:30:44,2016,2625,72-VP-79,POINT (-9.148699760437012 38.748321533203125)
6045_760,7022_20250101_171_0_5,171_0,1,38.7252197265625,-9.140419960021973,39,IN_TRANSIT_TO,2025-03-07 11:30:30,9212,6045,BH-32-IQ,POINT (-9.140419960021973 38.7252197265625)
2419_778,18640_20250101_179_0_11,179_0,0,38.752899169921875,-9.189499855041504,23,IN_TRANSIT_TO,2025-03-07 11:30:26,50403,2419,92-AO-55,POINT (-9.189499855041504 38.752899169921875)
2330_798,8198_20250101_194_0_12,194_0,1,38.77980041503906,-9.151650428771973,10,IN_TRANSIT_TO,2025-03-07 11:30:47,6019,2330,67-52-ZJ,POINT (-9.151650428771973 38.77980041503906)
2316_720,4066_20250101_143_0_7,143_0,0,38.70465087890625,-9.176619529724121,26,IN_TRANSIT_TO,2025-03-07 11:30:24,12102,2316,61-87-ZB,POINT (-9.176619529724121 38.70465087890625)
2489_729,4825_20250101_104_0_4,104_0,1,38.772098541259766,-9.19021987915039,41,IN_TRANSIT_TO,2025-03-07 11:30:30,14104,2489,55-BH-05,POINT (-9.19021987915039 38.772098541259766)
253_37B,18839_20250101_224_0_10,224_0,0,38.73637008666992,-9.131179809570312,15,IN_TRANSIT_TO,2025-03-07 11:30:49,50394,253,AF-88-NU,POINT (-9.131179809570312 38.73637008666992)
2341_767,7281_20250101_112_0_4,112_0,1,38.75130081176758,-9.197349548339844,14,IN_TRANSIT_TO,2025-03-07 11:30:30,10913,2341,67-50-ZJ,POINT (-9.197349548339844 38.75130081176758)
2750_756,6730_20250101_175_0_8,175_0,1,38.736900329589844,-9.15802001953125,10,IN_TRANSIT_TO,2025-03-07 11:30:52,1511,2750,AG-10-TH,POINT (-9.15802001953125 38.736900329589844)
2780_712,3566_20250101_189_0_9,189_0,1,38.716800689697266,-9.172320365905762,6,IN_TRANSIT_TO,2025-03-07 11:30:35,9302,2780,AI-06-BT,POINT (-9.172320365905762 38.716800689697266)
2994_774,7450_20250101_192_0_14,192_0,1,38.726219177246094,-9.140899658203125,0,IN_TRANSIT_TO,2025-03-07 11:30:38,,2994,29-VM-91,POINT (-9.140899658203125 38.726219177246094)
2404_747,6101_20250101_177_0_9,177_0,0,38.763729095458984,-9.167019844055176,6,IN_TRANSIT_TO,2025-03-07 11:30:21,50003,2404,50-AL-11,POINT (-9.167019844055176 38.763729095458984)
2246_768,7319_20250101_111_0_10,111_0,1,38.74311828613281,-9.174469947814941,17,IN_TRANSIT_TO,2025-03-07 11:30:35,10705,2246,22-38-ZB,POINT (-9.174469947814941 38.74311828613281)
2760_727,4441_20250101_103_0_5,103_0,0,38.71685028076172,-9.155030250549316,17,IN_TRANSIT_TO,2025-03-07 11:30:46,6818,2760,AH-35-ND,POINT (-9.155030250549316 38.71685028076172)
2299_723,4136_20250101_121_0_8,121_0,1,38.72227096557617,-9.171950340270996,24,IN_TRANSIT_TO,2025-03-07 11:30:37,50324,2299,83-14-ZM,POINT (-9.171950340270996 38.72227096557617)
6013_732,5088_20250101_107_0_3,107_0,1,38.6982307434082,-9.190799713134766,16,IN_TRANSIT_TO,2025-03-07 11:30:51,13403,6013,68-ZF-53,POINT (-9.190799713134766 38.6982307434082)
2478_729,4788_20250101_104_0_6,104_0,0,38.69673156738281,-9.206879615783691,35,IN_TRANSIT_TO,2025-03-07 11:30:48,9610,2478,91-BE-80,POINT (-9.206879615783691 38.69673156738281)
1778_755,6632_20250101_118_0_5,118_0,0,38.74338150024414,-9.10165023803711,2,IN_TRANSIT_TO,2025-03-07 11:30:41,12511,1778,63-HX-30,POINT (-9.10165023803711 38.74338150024414)
4814_751,6481_20250101_109_0_9,109_0,0,38.712730407714844,-9.225330352783203,28,IN_TRANSIT_TO,2025-03-07 11:30:30,14312,4814,68-VQ-52,POINT (-9.225330352783203 38.712730407714844)
2812_725,4255_20250101_197_0_15,197_0,0,38.790199279785156,-9.124150276184082,13,IN_TRANSIT_TO,2025-03-07 11:30:34,16307,2812,90-II-61,POINT (-9.124150276184082 38.790199279785156)
2814_718,3937_20250101_105_0_9,105_0,1,38.73152160644531,-9.127120018005371,7,IN_TRANSIT_TO,2025-03-07 11:30:39,7010,2814,90-II-54,POINT (-9.127120018005371 38.73152160644531)
2815_718,3959_20250101_105_0_9,105_0,1,38.74422073364258,-9.132169723510742,1,IN_TRANSIT_TO,2025-03-07 11:30:36,50473,2815,90-II-55,POINT (-9.132169723510742 38.74422073364258)
2819_718,3962_20250101_105_0_6,105_0,0,38.74021911621094,-9.133429527282715,30,IN_TRANSIT_TO,2025-03-07 11:30:49,411,2819,90-II-59,POINT (-9.133429527282715 38.74021911621094)
4647_728,4706_20250101_204_0_6,204_0,0,38.69892883300781,-9.181570053100586,13,IN_TRANSIT_TO,2025-03-07 11:30:46,9501,4647,02-JN-88,POINT (-9.181570053100586 38.69892883300781)
1749_701,2960_20250101_123_0_6,123_0,0,38.73672866821289,-9.167770385742188,22,IN_TRANSIT_TO,2025-03-07 11:30:26,2718,1749,92-HR-06,POINT (-9.167770385742188 38.73672866821289)
2970_797,8172_20250101_163_0_13,163_0,0,38.721778869628906,-9.129369735717773,9,IN_TRANSIT_TO,2025-03-07 11:30:50,9103,2970,29-VM-87,POINT (-9.129369735717773 38.721778869628906)
2808_781,7737_20250101_151_0_17,151_0,0,38.78879928588867,-9.123950004577637,29,IN_TRANSIT_TO,2025-01-28 20:19:57,16307,2808,01-IH-97,POINT (-9.123950004577637 38.78879928588867)
2969_737,5502_20250101_173_0_11,173_0,0,38.71028137207031,-9.13202953338623,2,IN_TRANSIT_TO,2025-03-07 11:30:45,5601,2969,30-VM-09,POINT (-9.13202953338623 38.71028137207031)
1746_717,3825_20250101_170_0_5,170_0,1,38.79816818237305,-9.150179862976074,2,IN_TRANSIT_TO,2025-03-07 11:30:49,16003,1746,92-HR-03,POINT (-9.150179862976074 38.79816818237305)
4636_796,8127_20250101_174_0_16,174_0,1,38.7783317565918,-9.141200065612793,16,IN_TRANSIT_TO,2025-03-07 11:30:24,5808,4636,90-JI-97,POINT (-9.141200065612793 38.7783317565918)
4812_728,4569_20250101_204_0_5,204_0,1,38.7034797668457,-9.170499801635742,39,IN_TRANSIT_TO,2025-03-07 11:30:34,10202,4812,20-VQ-70,POINT (-9.170499801635742 38.7034797668457)
2968_737,5489_20250101_173_0_15,173_0,0,38.710079193115234,-9.134550094604492,2,IN_TRANSIT_TO,2025-03-07 11:30:38,5601,2968,30-VM-24,POINT (-9.134550094604492 38.710079193115234)
2817_718,3978_20250101_105_0_8,105_0,0,38.75027847290039,-9.104900360107422,9,IN_TRANSIT_TO,2025-03-07 11:30:43,2205,2817,90-II-57,POINT (-9.104900360107422 38.75027847290039)
2806_725,4239_20250101_197_0_16,197_0,1,38.772621154785156,-9.097599983215332,13,IN_TRANSIT_TO,2025-03-07 11:30:34,7824,2806,01-IH-95,POINT (-9.097599983215332 38.772621154785156)
2459_726,4317_20250101_116_0_7,116_0,0,38.73168182373047,-9.14015007019043,7,IN_TRANSIT_TO,2025-03-07 11:30:46,6504,2459,74-BC-74,POINT (-9.14015007019043 38.73168182373047)
4640_783,7835_20250101_203_0_7,203_0,0,38.76533126831055,-9.129179954528809,18,IN_TRANSIT_TO,2025-03-07 11:30:49,7513,4640,02-JN-87,POINT (-9.129179954528809 38.76533126831055)
4831_736,5399_20250101_199_0_7,199_0,0,38.781681060791016,-9.163180351257324,23,IN_TRANSIT_TO,2025-03-07 11:30:43,7203,4831,20-VQ-61,POINT (-9.163180351257324 38.781681060791016)
1753_717,3864_20250101_170_0_7,170_0,0,38.75802993774414,-9.153429985046387,15,IN_TRANSIT_TO,2025-03-07 11:29:55,5805,1753,34-HU-19,POINT (-9.153429985046387 38.75802993774414)
2816_718,3975_20250101_105_0_8,105_0,0,38.725528717041016,-9.11277961730957,18,IN_TRANSIT_TO,2025-03-07 11:30:28,8302,2816,90-II-56,POINT (-9.11277961730957 38.725528717041016)
2820_749,6205_20250101_195_0_11,195_0,1,38.74441909790039,-9.113229751586914,10,IN_TRANSIT_TO,2025-03-07 11:30:32,3703,2820,90-II-60,POINT (-9.113229751586914 38.74441909790039)
231_46B,21509_20250101_239_0_6,239_0,0,38.75925064086914,-9.149250030517578,17,IN_TRANSIT_TO,2025-03-07 11:30:33,50498,231,84-47-XQ,POINT (-9.149250030517578 38.75925064086914)
2455_729,4810_20250101_104_0_5,104_0,0,38.74673080444336,-9.200429916381836,16,IN_TRANSIT_TO,2025-03-07 11:30:47,10919,2455,16-AZ-12,POINT (-9.200429916381836 38.74673080444336)
2411_747,6119_20250101_177_0_9,177_0,1,38.76110076904297,-9.166720390319824,16,IN_TRANSIT_TO,2025-03-07 11:30:44,50006,2411,62-AL-11,POINT (-9.166720390319824 38.76110076904297)
2700_713,3612_20250101_122_0_9,122_0,0,38.72391891479492,-9.160770416259766,11,IN_TRANSIT_TO,2025-03-07 11:30:51,8512,2700,92-XQ-26,POINT (-9.160770416259766 38.72391891479492)
2311_712,3541_20250101_189_0_9,189_0,0,38.72623062133789,-9.13344955444336,11,IN_TRANSIT_TO,2025-03-07 11:30:29,603,2311,72-23-XN,POINT (-9.13344955444336 38.72623062133789)
2667_723,4176_20250101_121_0_6,121_0,0,38.725830078125,-9.150850296020508,6,IN_TRANSIT_TO,2025-03-07 11:30:24,1202,2667,87-XB-45,POINT (-9.150850296020508 38.725830078125)
2251_768,7335_20250101_111_0_9,111_0,0,38.75923156738281,-9.187470436096191,17,IN_TRANSIT_TO,2025-03-07 11:26:15,12816,2251,22-31-ZB,POINT (-9.187470436096191 38.75923156738281)
2280_758,6815_20250101_150_0_7,150_0,0,38.7535514831543,-9.208669662475586,31,IN_TRANSIT_TO,2025-03-07 11:30:35,11006,2280,67-40-ZJ,POINT (-9.208669662475586 38.7535514831543)
4608_750,6290_20250101_106_0_6,106_0,1,38.762428283691406,-9.130080223083496,30,IN_TRANSIT_TO,2025-03-07 11:30:28,7501,4608,96-GL-85,POINT (-9.130080223083496 38.762428283691406)
2777_712,3558_20250101_189_0_8,189_0,1,38.727481842041016,-9.138420104980469,20,IN_TRANSIT_TO,2025-03-07 11:30:52,615,2777,AI-01-BT,POINT (-9.138420104980469 38.727481842041016)
2762_764,7162_20250101_168_0_9,168_0,0,38.74985122680664,-9.165249824523926,3,IN_TRANSIT_TO,2025-03-07 11:30:24,13508,2762,AH-38-ND,POINT (-9.165249824523926 38.74985122680664)
302_744,5819_20250101_200_0_6,200_0,0,38.76850128173828,-9.097970008850098,25,IN_TRANSIT_TO,2025-03-07 11:30:31,7805,302,22-SP-89,POINT (-9.097970008850098 38.76850128173828)
2278_726,4334_20250101_116_0_4,116_0,1,38.729148864746094,-9.13757038116455,27,IN_TRANSIT_TO,2025-03-07 11:30:40,6503,2278,67-41-ZJ,POINT (-9.13757038116455 38.729148864746094)
2623_705,3180_20250101_176_0_8,176_0,1,38.7569694519043,-9.130020141601562,6,IN_TRANSIT_TO,2025-03-07 11:30:24,7401,2623,66-VI-26,POINT (-9.130020141601562 38.7569694519043)
2790_776,7489_20250101_193_0_20,193_0,0,38.70124816894531,-9.250650405883789,8,IN_TRANSIT_TO,2025-03-07 11:20:54,4302,2790,AI-54-TL,POINT (-9.250650405883789 38.70124816894531)
215_49B,22224_20250101_251_0_8,251_0,0,38.74542999267578,-9.135049819946289,17,IN_TRANSIT_TO,2025-03-07 11:30:49,50109,215,44-42-XM,POINT (-9.135049819946289 38.74542999267578)
2756_727,4502_20250101_103_0_4,103_0,1,38.748451232910156,-9.146980285644531,44,IN_TRANSIT_TO,2025-03-07 11:30:23,2053,2756,AH-27-ND,POINT (-9.146980285644531 38.748451232910156)
301_744,5838_20250101_200_0_7,200_0,0,38.73109817504883,-9.14645004272461,5,IN_TRANSIT_TO,2025-03-07 11:30:31,1713,301,74-SM-62,POINT (-9.14645004272461 38.73109817504883)
2499_708,3311_20250101_100_0_7,100_0,1,38.754581451416016,-9.130499839782715,30,IN_TRANSIT_TO,2025-03-07 11:30:38,7512,2499,03-BM-58,POINT (-9.130499839782715 38.754581451416016)
2300_15E,11495_20250101_76_8_13,76_8,0,38.70814895629883,-9.137080192565918,2,IN_TRANSIT_TO,2025-03-07 11:30:52,5515,2300,83-13-ZM,POINT (-9.137080192565918 38.70814895629883)
1721_794,8108_20250101_115_0_8,115_0,0,38.754920959472656,-9.118080139160156,26,IN_TRANSIT_TO,2025-03-07 11:30:31,24380,1721,25-AS-33,POINT (-9.118080139160156 38.754920959472656)
1775_717,3781_20250101_170_0_5,170_0,1,38.740028381347656,-9.133520126342773,38,IN_TRANSIT_TO,2025-03-07 11:30:41,404,1775,53-HX-08,POINT (-9.133520126342773 38.740028381347656)
1773_717,3800_20250101_170_0_8,170_0,1,38.758148193359375,-9.140970230102539,28,IN_TRANSIT_TO,2025-03-07 11:30:41,11304,1773,53-HX-06,POINT (-9.140970230102539 38.758148193359375)
2784_746,5958_20250101_108_0_10,108_0,1,38.74237823486328,-9.172229766845703,14,IN_TRANSIT_TO,2025-03-07 11:30:27,1615,2784,AI-09-BT,POINT (-9.172229766845703 38.74237823486328)
2243_758,6793_20250101_150_0_8,150_0,1,38.75212860107422,-9.205450057983398,3,IN_TRANSIT_TO,2025-03-07 11:30:42,10901,2243,22-36-ZB,POINT (-9.205450057983398 38.75212860107422)
1706_701,2939_20250101_123_0_11,123_0,1,38.74258041381836,-9.16627025604248,13,IN_TRANSIT_TO,2025-03-07 11:30:44,1611,1706,69-AL-69,POINT (-9.16627025604248 38.74258041381836)
1710_793,8019_20250101_145_0_9,145_0,1,38.74802017211914,-9.112930297851562,13,IN_TRANSIT_TO,2025-03-07 11:30:46,3714,1710,69-AL-73,POINT (-9.112930297851562 38.74802017211914)
1713_783,7854_20250101_203_0_8,203_0,1,38.7257194519043,-9.150919914245605,27,IN_TRANSIT_TO,2025-03-07 11:30:44,1206,1713,69-AL-76,POINT (-9.150919914245605 38.7257194519043)
2252_768,7341_20250101_111_0_10,111_0,0,38.74802017211914,-9.180520057678223,10,IN_TRANSIT_TO,2025-03-07 11:30:42,10702,2252,80-40-ZE,POINT (-9.180520057678223 38.74802017211914)
254_13B,21591_20250101_243_0_9,243_0,0,38.7181510925293,-9.12106990814209,16,IN_TRANSIT_TO,2025-03-07 11:28:03,2103,254,AF-90-NU,POINT (-9.12106990814209 38.7181510925293)
1780_717,3803_20250101_170_0_8,170_0,1,38.770450592041016,-9.159919738769531,21,IN_TRANSIT_TO,2025-03-07 11:30:29,5906,1780,63-HX-18,POINT (-9.159919738769531 38.770450592041016)
1769_720,4094_20250101_143_0_9,143_0,0,38.7422981262207,-9.133569717407227,6,IN_TRANSIT_TO,2025-03-07 11:30:52,301,1769,63-HX-24,POINT (-9.133569717407227 38.7422981262207)
2255_731,4989_20250101_190_0_7,190_0,0,38.76736831665039,-9.119330406188965,23,IN_TRANSIT_TO,2025-03-07 11:30:39,8403,2255,80-54-ZE,POINT (-9.119330406188965 38.76736831665039)
1722_794,8067_20250101_115_0_7,115_0,1,38.70907974243164,-9.12992000579834,38,IN_TRANSIT_TO,2025-03-07 11:30:38,8202,1722,25-AS-34,POINT (-9.12992000579834 38.70907974243164)
1759_717,3879_20250101_170_0_8,170_0,0,38.749000549316406,-9.134429931640625,6,IN_TRANSIT_TO,2025-03-07 11:30:42,7301,1759,34-HU-25,POINT (-9.134429931640625 38.749000549316406)
2487_726,4286_20250101_116_0_7,116_0,0,38.76128005981445,-9.19657039642334,29,IN_TRANSIT_TO,2025-03-07 11:30:28,12812,2487,54-BH-97,POINT (-9.19657039642334 38.76128005981445)
1757_794,8073_20250101_115_0_7,115_0,1,38.752479553222656,-9.123000144958496,22,IN_TRANSIT_TO,2025-03-07 11:30:24,14727,1757,34-HU-23,POINT (-9.123000144958496 38.752479553222656)
2470_767,7184_20250101_112_0_5,112_0,0,38.749000549316406,-9.141619682312012,12,IN_TRANSIT_TO,2025-03-07 11:30:40,201,2470,74-BC-71,POINT (-9.141619682312012 38.749000549316406)
1762_735,5182_20250101_172_0_8,172_0,1,38.742069244384766,-9.13344955444336,12,IN_TRANSIT_TO,2025-03-07 11:30:30,302,1762,63-HX-32,POINT (-9.13344955444336 38.742069244384766)
2433_729,4757_20250101_104_0_7,104_0,1,38.697330474853516,-9.20365047454834,6,IN_TRANSIT_TO,2025-03-07 11:30:52,9603,2433,44-BC-28,POINT (-9.20365047454834 38.697330474853516)
2344_767,7201_20250101_112_0_5,112_0,0,38.73598098754883,-9.136969566345215,7,IN_TRANSIT_TO,2025-03-07 11:30:29,11108,2344,53-60-ZJ,POINT (-9.136969566345215 38.73598098754883)
2412_767,7272_20250101_112_0_6,112_0,1,38.76005172729492,-9.176580429077148,22,IN_TRANSIT_TO,2025-03-07 11:30:33,50142,2412,92-AO-48,POINT (-9.176580429077148 38.76005172729492)
2469_767,7286_20250101_112_0_6,112_0,1,38.75605010986328,-9.204620361328125,8,IN_TRANSIT_TO,2025-03-07 11:30:52,10926,2469,16-AZ-09,POINT (-9.204620361328125 38.75605010986328)
2747_756,6761_20250101_175_0_10,175_0,0,38.7422981262207,-9.132969856262207,6,IN_TRANSIT_TO,2025-03-07 11:30:25,301,2747,AG-09-TH,POINT (-9.132969856262207 38.7422981262207)
2268_731,19406_20250101_190_0_8,190_0,1,38.781951904296875,-9.114020347595215,3,IN_TRANSIT_TO,2025-03-07 11:30:39,12610,2268,76-87-ZG,POINT (-9.114020347595215 38.781951904296875)
1771_735,5191_20250101_172_0_6,172_0,1,38.75001907348633,-9.15896987915039,0,IN_TRANSIT_TO,2025-03-07 11:30:29,,1771,63-HX-27,POINT (-9.15896987915039 38.75001907348633)
4613_728,4714_20250101_204_0_5,204_0,1,38.697349548339844,-9.19933032989502,42,IN_TRANSIT_TO,2025-03-07 11:30:37,4102,4613,22-GP-48,POINT (-9.19933032989502 38.697349548339844)
1718_701,2978_20250101_123_0_10,123_0,0,38.7559700012207,-9.1735200881958,14,IN_TRANSIT_TO,2025-03-07 11:30:45,50177,1718,69-AL-81,POINT (-9.1735200881958 38.7559700012207)
2772_723,4168_20250101_121_0_6,121_0,0,38.71200180053711,-9.211030006408691,19,IN_TRANSIT_TO,2025-03-07 11:30:39,12922,2772,AH-24-ND,POINT (-9.211030006408691 38.71200180053711)
1774_717,3822_20250101_170_0_8,170_0,1,38.78036880493164,-9.151249885559082,15,IN_TRANSIT_TO,2025-03-07 11:30:42,50344,1774,53-HX-07,POINT (-9.151249885559082 38.78036880493164)
2467_726,4350_20250101_116_0_6,116_0,1,38.73822021484375,-9.16176986694336,18,IN_TRANSIT_TO,2025-03-07 11:30:39,1510,2467,16-AZ-14,POINT (-9.16176986694336 38.73822021484375)
2757_738,5535_20250101_117_0_5,117_0,1,38.75239944458008,-9.149669647216797,26,IN_TRANSIT_TO,2025-03-07 11:30:30,2017,2757,AH-32-ND,POINT (-9.149669647216797 38.75239944458008)
2473_729,4836_20250101_104_0_4,104_0,1,38.74327087402344,-9.19806957244873,22,IN_TRANSIT_TO,2025-03-07 11:30:43,8837,2473,74-BC-68,POINT (-9.19806957244873 38.74327087402344)
2333_793,7989_20250101_145_0_10,145_0,0,38.74612045288086,-9.119680404663086,22,IN_TRANSIT_TO,2025-03-07 11:30:26,3607,2333,62-97-ZG,POINT (-9.119680404663086 38.74612045288086)
406_73B,18773_20250101_220_0_7,220_0,0,38.700199127197266,-9.183050155639648,1,IN_TRANSIT_TO,2025-03-07 11:30:51,50210,406,BF-93-TB,POINT (-9.183050155639648 38.700199127197266)
2497_720,4087_20250101_143_0_9,143_0,0,38.725921630859375,-9.14783000946045,13,IN_TRANSIT_TO,2025-03-07 11:30:30,6602,2497,88-BL-71,POINT (-9.14783000946045 38.725921630859375)
2461_729,4817_20250101_104_0_6,104_0,0,38.76118087768555,-9.196619987487793,7,IN_TRANSIT_TO,2025-03-07 11:30:44,13911,2461,55-BH-04,POINT (-9.196619987487793 38.76118087768555)
2422_778,7529_20250101_179_0_11,179_0,0,38.760528564453125,-9.170120239257812,5,IN_TRANSIT_TO,2025-03-07 11:30:51,50011,2422,29-AU-17,POINT (-9.170120239257812 38.760528564453125)
2336_793,7994_20250101_145_0_10,145_0,0,38.740169525146484,-9.109999656677246,13,IN_TRANSIT_TO,2025-03-07 11:30:31,50173,2336,53-63-ZJ,POINT (-9.109999656677246 38.740169525146484)
2285_758,6848_20250101_150_0_7,150_0,0,38.73815155029297,-9.167449951171875,17,IN_TRANSIT_TO,2025-03-07 11:30:20,2713,2285,67-55-ZJ,POINT (-9.167449951171875 38.73815155029297)
2967_737,5475_20250101_173_0_12,173_0,1,38.71152114868164,-9.130729675292969,2,IN_TRANSIT_TO,2025-03-07 11:30:27,13808,2967,30-VM-05,POINT (-9.130729675292969 38.71152114868164)
1719_717,3863_20250101_170_0_7,170_0,0,38.77397918701172,-9.160869598388672,20,IN_TRANSIT_TO,2025-03-07 11:30:38,5905,1719,25-AS-31,POINT (-9.160869598388672 38.77397918701172)
2445_703,3135_20250101_165_0_7,165_0,0,38.77042007446289,-9.173069953918457,20,IN_TRANSIT_TO,2025-03-07 11:30:29,50097,2445,44-BC-31,POINT (-9.173069953918457 38.77042007446289)
2437_716,3718_20250101_164_0_12,164_0,1,38.73820114135742,-9.161879539489746,16,IN_TRANSIT_TO,2025-03-07 11:30:37,1510,2437,29-AX-09,POINT (-9.161879539489746 38.73820114135742)
2423_747,6122_20250101_177_0_10,177_0,1,38.76369857788086,-9.196999549865723,1,IN_TRANSIT_TO,2025-03-07 11:30:28,13913,2423,29-AU-18,POINT (-9.196999549865723 38.76369857788086)
2269_771,21940_20250101_248_0_9,248_0,1,38.704830169677734,-9.195850372314453,2,IN_TRANSIT_TO,2025-03-07 11:30:33,13410,2269,76-88-ZG,POINT (-9.195850372314453 38.704830169677734)
2338_793,7973_20250101_145_0_10,145_0,1,38.743751525878906,-9.132369995117188,1,IN_TRANSIT_TO,2025-03-07 11:30:52,50108,2338,53-62-ZJ,POINT (-9.132369995117188 38.743751525878906)
2758_727,4463_20250101_103_0_5,103_0,0,38.74864959716797,-9.146570205688477,5,IN_TRANSIT_TO,2025-03-07 11:30:31,2016,2758,AH-36-ND,POINT (-9.146570205688477 38.74864959716797)
2833_753,6573_20250101_167_0_11,167_0,0,38.666419982910156,-9.165980339050293,8,IN_TRANSIT_TO,2025-03-07 11:29:44,14601,2833,BF-65-FZ,POINT (-9.165980339050293 38.666419982910156)
1703_783,7809_20250101_203_0_8,203_0,1,38.7700309753418,-9.122920036315918,9,IN_TRANSIT_TO,2025-03-07 11:30:32,12204,1703,35-AL-13,POINT (-9.122920036315918 38.7700309753418)
2465_767,7250_20250101_112_0_5,112_0,1,38.753299713134766,-9.14430046081543,32,IN_TRANSIT_TO,2025-03-07 11:30:25,104,2465,55-BH-00,POINT (-9.14430046081543 38.753299713134766)
1715_717,3844_20250101_170_0_8,170_0,1,38.797481536865234,-9.143580436706543,1,IN_TRANSIT_TO,2025-03-07 11:30:45,16001,1715,69-AL-78,POINT (-9.143580436706543 38.797481536865234)
2307_742,5687_20250101_114_0_7,114_0,0,38.724178314208984,-9.165220260620117,31,IN_TRANSIT_TO,2025-03-07 11:30:49,8609,2307,83-20-ZM,POINT (-9.165220260620117 38.724178314208984)
1765_717,3845_20250101_170_0_7,170_0,0,38.77994918823242,-9.14840030670166,26,IN_TRANSIT_TO,2025-03-07 11:30:44,6018,1765,63-HX-28,POINT (-9.14840030670166 38.77994918823242)
4612_750,6390_20250101_106_0_6,106_0,0,38.71323013305664,-9.22523021697998,35,IN_TRANSIT_TO,2025-03-07 11:30:28,14309,4612,96-GL-89,POINT (-9.22523021697998 38.71323013305664)
1776_742,5759_20250101_114_0_6,114_0,1,38.727500915527344,-9.119500160217285,47,IN_TRANSIT_TO,2025-03-07 11:30:27,11704,1776,53-HX-09,POINT (-9.119500160217285 38.727500915527344)
1761_794,8035_20250101_115_0_5,115_0,0,38.744171142578125,-9.117469787597656,13,IN_TRANSIT_TO,2025-03-07 11:30:43,3604,1761,63-HX-19,POINT (-9.117469787597656 38.744171142578125)
2306_708,3358_20250101_100_0_6,100_0,0,38.79317855834961,-9.097800254821777,38,IN_TRANSIT_TO,2025-03-07 11:30:37,50302,2306,83-19-ZM,POINT (-9.097800254821777 38.79317855834961)
2477_726,4264_20250101_116_0_8,116_0,1,38.76007080078125,-9.192399978637695,5,IN_TRANSIT_TO,2025-03-07 11:30:36,12813,2477,91-BE-73,POINT (-9.192399978637695 38.76007080078125)
1712_701,2987_20250101_123_0_11,123_0,1,38.75006866455078,-9.161499977111816,23,IN_TRANSIT_TO,2025-03-07 11:30:28,13620,1712,69-AL-75,POINT (-9.161499977111816 38.75006866455078)
2484_778,18644_20250101_179_0_9,179_0,1,38.75434875488281,-9.19064998626709,1,IN_TRANSIT_TO,2025-03-07 11:29:38,10832,2484,91-BE-76,POINT (-9.19064998626709 38.75434875488281)
2240_763,46422_20250101_282_0_8,282_0,1,38.761329650878906,-9.196499824523926,4,IN_TRANSIT_TO,2025-03-07 11:30:39,12812,2240,06-31-XX,POINT (-9.196499824523926 38.761329650878906)
2297_724,4222_20250101_178_0_11,178_0,0,38.70663070678711,-9.178930282592773,0,IN_TRANSIT_TO,2025-03-07 11:30:35,,2297,83-06-ZM,POINT (-9.178930282592773 38.70663070678711)
2403_747,6079_20250101_177_0_9,177_0,0,38.76702117919922,-9.18535041809082,13,IN_TRANSIT_TO,2025-03-07 11:30:30,50360,2403,50-AL-12,POINT (-9.18535041809082 38.76702117919922)
1707_794,8091_20250101_115_0_8,115_0,1,38.756980895996094,-9.103320121765137,4,IN_TRANSIT_TO,2025-03-07 11:30:50,2320,1707,69-AL-70,POINT (-9.103320121765137 38.756980895996094)
2426_716,3753_20250101_164_0_10,164_0,1,38.735801696777344,-9.140999794006348,23,IN_TRANSIT_TO,2025-03-07 11:30:50,11101,2426,29-AU-21,POINT (-9.140999794006348 38.735801696777344)
2838_751,6454_20250101_109_0_12,109_0,1,38.71466827392578,-9.229000091552734,3,IN_TRANSIT_TO,2025-03-07 11:30:35,14305,2838,BF-59-FZ,POINT (-9.229000091552734 38.71466827392578)
221_773,7416_20250101_124_0_13,124_0,0,38.706878662109375,-9.171979904174805,23,IN_TRANSIT_TO,2025-03-07 11:30:37,9419,221,11-06-XO,POINT (-9.171979904174805 38.706878662109375)
2401_703,3173_20250101_165_0_6,165_0,1,38.75988006591797,-9.179670333862305,13,IN_TRANSIT_TO,2025-03-07 11:30:31,12827,2401,50-AL-14,POINT (-9.179670333862305 38.75988006591797)
2485_767,7305_20250101_112_0_5,112_0,0,38.75645065307617,-9.185620307922363,29,IN_TRANSIT_TO,2025-03-07 11:30:26,12802,2485,91-BE-77,POINT (-9.185620307922363 38.75645065307617)
2776_738,5553_20250101_117_0_6,117_0,1,38.702701568603516,-9.1876802444458,0,IN_TRANSIT_TO,2025-03-07 11:30:36,,2776,AI-07-BT,POINT (-9.1876802444458 38.702701568603516)
228_773,7378_20250101_124_0_14,124_0,1,38.717628479003906,-9.151049613952637,23,IN_TRANSIT_TO,2025-03-07 11:30:46,10605,228,84-39-XQ,POINT (-9.151049613952637 38.717628479003906)
2474_703,3158_20250101_165_0_7,165_0,0,38.78187942504883,-9.15703010559082,12,IN_TRANSIT_TO,2025-03-07 11:30:37,5933,2474,74-BC-67,POINT (-9.15703010559082 38.78187942504883)
606_15E,11186_20250101_76_0_10,76_0,1,38.695030212402344,-9.215450286865234,5,IN_TRANSIT_TO,2025-03-07 11:30:51,13205,606,,POINT (-9.215450286865234 38.695030212402344)
2283_731,5007_20250101_190_0_7,190_0,0,38.74470138549805,-9.151769638061523,10,IN_TRANSIT_TO,2025-03-07 11:30:53,3309,2283,67-39-ZJ,POINT (-9.151769638061523 38.74470138549805)
4840_736,5299_20250101_199_0_6,199_0,1,38.74932098388672,-9.149330139160156,18,IN_TRANSIT_TO,2025-03-07 11:30:52,2006,4840,45-VX-93,POINT (-9.149330139160156 38.74932098388672)
204_17B,21713_20250101_247_0_6,247_0,0,38.7315788269043,-9.141429901123047,5,IN_TRANSIT_TO,2025-03-07 11:30:50,6501,204,89-71-XD,POINT (-9.141429901123047 38.7315788269043)
1720_701,2979_20250101_123_0_9,123_0,1,38.75442886352539,-9.150850296020508,28,IN_TRANSIT_TO,2025-03-07 11:30:40,2017,1720,25-AS-32,POINT (-9.150850296020508 38.75442886352539)
2406_703,3175_20250101_165_0_8,165_0,1,38.74995040893555,-9.195070266723633,6,IN_TRANSIT_TO,2025-03-07 11:30:28,10907,2406,50-AL-09,POINT (-9.195070266723633 38.74995040893555)
2753_720,4086_20250101_143_0_8,143_0,0,38.715579986572266,-9.160579681396484,19,IN_TRANSIT_TO,2025-03-07 11:30:44,8104,2753,AG-08-TH,POINT (-9.160579681396484 38.715579986572266)
2289_724,4236_20250101_178_0_10,178_0,1,38.76155090332031,-9.196629524230957,2,IN_TRANSIT_TO,2025-03-07 11:30:29,13911,2289,92-60-ZM,POINT (-9.196629524230957 38.76155090332031)
2405_767,7223_20250101_112_0_5,112_0,0,38.72222137451172,-9.13992977142334,0,IN_TRANSIT_TO,2025-03-07 11:30:25,,2405,50-AL-10,POINT (-9.13992977142334 38.72222137451172)
2434_716,3734_20250101_164_0_6,164_0,1,38.7506217956543,-9.201569557189941,3,IN_TRANSIT_TO,2025-03-07 11:30:34,10903,2434,29-AU-24,POINT (-9.201569557189941 38.7506217956543)
223_773,7423_20250101_124_0_8,124_0,0,38.712379455566406,-9.155599594116211,8,IN_TRANSIT_TO,2025-03-07 11:30:26,6704,223,84-38-XQ,POINT (-9.155599594116211 38.712379455566406)
1726_798,8202_20250101_194_0_13,194_0,0,38.78799819946289,-9.145179748535156,20,IN_TRANSIT_TO,2025-03-07 11:29:52,6008,1726,25-AS-38,POINT (-9.145179748535156 38.78799819946289)
2291_726,4295_20250101_116_0_5,116_0,0,38.74477005004883,-9.168669700622559,19,IN_TRANSIT_TO,2025-03-07 11:30:48,1611,2291,92-56-ZM,POINT (-9.168669700622559 38.74477005004883)
2290_758,6885_20250101_150_0_8,150_0,1,38.72111892700195,-9.161219596862793,22,IN_TRANSIT_TO,2025-03-07 11:30:32,8512,2290,92-55-ZM,POINT (-9.161219596862793 38.72111892700195)
2773_738,5550_20250101_117_0_6,117_0,1,38.71752166748047,-9.157329559326172,13,IN_TRANSIT_TO,2025-03-07 11:30:32,6801,2773,AH-39-ND,POINT (-9.157329559326172 38.71752166748047)
2751_756,6713_20250101_175_0_9,175_0,1,38.742271423339844,-9.13366985321045,17,IN_TRANSIT_TO,2025-03-07 11:30:32,302,2751,AG-12-TH,POINT (-9.13366985321045 38.742271423339844)
2249_703,3124_20250101_165_0_7,165_0,0,38.749549865722656,-9.191300392150879,33,IN_TRANSIT_TO,2025-03-07 11:30:36,10804,2249,22-32-ZB,POINT (-9.191300392150879 38.749549865722656)
2438_729,4828_20250101_104_0_5,104_0,1,38.74987030029297,-9.203180313110352,28,IN_TRANSIT_TO,2025-03-07 11:30:42,10920,2438,44-BC-29,POINT (-9.203180313110352 38.74987030029297)
2825_728,4724_20250101_204_4_3,204_4,1,38.70756912231445,-9.140199661254883,6,IN_TRANSIT_TO,2025-03-07 11:30:46,5504,2825,BF-53-FZ,POINT (-9.140199661254883 38.70756912231445)
2276_758,6877_20250101_150_0_6,150_0,1,38.723670959472656,-9.16094970703125,22,IN_TRANSIT_TO,2025-03-07 11:30:26,8512,2276,53-57-ZJ,POINT (-9.16094970703125 38.723670959472656)
2668_738,5512_20250101_117_0_7,117_0,0,38.75490188598633,-9.175950050354004,0,IN_TRANSIT_TO,2025-03-07 11:30:32,,2668,87-XB-36,POINT (-9.175950050354004 38.75490188598633)
4829_783,7842_20250101_203_0_7,203_0,0,38.741920471191406,-9.146650314331055,8,IN_TRANSIT_TO,2025-03-07 11:30:29,1809,4829,34-VR-21,POINT (-9.146650314331055 38.741920471191406)
2956_40B,19262_20250101_212_0_8,212_0,1,38.781150817871094,-9.148870468139648,12,IN_TRANSIT_TO,2025-03-07 11:30:26,50466,2956,27-GU-71,POINT (-9.148870468139648 38.781150817871094)
2843_728,4661_20250101_204_0_4,204_0,0,38.74652862548828,-9.100119590759277,34,IN_TRANSIT_TO,2025-03-07 11:30:50,12501,2843,BF-63-FZ,POINT (-9.100119590759277 38.74652862548828)
2209_798,8190_20250101_194_0_13,194_0,0,38.76034927368164,-9.156769752502441,0,IN_TRANSIT_TO,2025-03-07 11:30:51,,2209,01-68-XO,POINT (-9.156769752502441 38.76034927368164)
2235_729,4779_20250101_104_0_4,104_0,0,38.69628143310547,-9.20930004119873,36,IN_TRANSIT_TO,2025-03-07 11:30:36,13210,2235,06-32-XX,POINT (-9.20930004119873 38.69628143310547)
410_67B,28216_20250101_253_0_11,253_0,0,38.708431243896484,-9.153120040893555,21,IN_TRANSIT_TO,2025-03-06 15:13:19,7105,410,BF-21-VF,POINT (-9.153120040893555 38.708431243896484)
2224_708,3276_20250101_100_0_8,100_0,0,38.7335205078125,-9.134149551391602,7,IN_TRANSIT_TO,2025-03-07 11:30:24,505,2224,08-15-XS,POINT (-9.134149551391602 38.7335205078125)
2210_742,5698_20250101_114_0_6,114_0,0,38.73162078857422,-9.15565013885498,26,IN_TRANSIT_TO,2025-03-07 11:30:41,1405,2210,01-66-XO,POINT (-9.15565013885498 38.73162078857422)
2217_708,3289_20250101_100_0_8,100_0,0,38.715030670166016,-9.13656997680664,2,IN_TRANSIT_TO,2025-03-07 11:30:31,818,2217,07-99-XS,POINT (-9.13656997680664 38.715030670166016)
2214_742,5768_20250101_114_0_4,114_0,1,38.73529815673828,-9.14342975616455,37,IN_TRANSIT_TO,2025-03-07 11:30:46,1806,2214,08-02-XS,POINT (-9.14342975616455 38.73529815673828)
2212_742,5782_20250101_114_0_4,114_0,1,38.70745086669922,-9.19678020477295,10,IN_TRANSIT_TO,2025-03-07 11:30:51,10303,2212,08-05-XS,POINT (-9.19678020477295 38.70745086669922)
2781_764,7158_20250101_168_0_8,168_0,0,38.752479553222656,-9.188899993896484,15,IN_TRANSIT_TO,2025-03-07 11:30:40,10808,2781,AI-00-BT,POINT (-9.188899993896484 38.752479553222656)
2208_742,5666_20250101_114_0_5,114_0,0,38.712730407714844,-9.195469856262207,57,IN_TRANSIT_TO,2025-03-07 11:30:21,50140,2208,01-69-XO,POINT (-9.195469856262207 38.712730407714844)
2216_742,5747_20250101_114_0_6,114_0,1,38.73136901855469,-9.11007022857666,54,IN_TRANSIT_TO,2025-03-07 11:30:19,8317,2216,08-00-XS,POINT (-9.11007022857666 38.73136901855469)
2218_742,5776_20250101_114_0_7,114_0,1,38.72536849975586,-9.163399696350098,28,IN_TRANSIT_TO,2025-03-07 11:30:48,8610,2218,07-98-XS,POINT (-9.163399696350098 38.72536849975586)
6002_706,3252_20250101_147_0_7,147_0,1,38.721519470214844,-9.151570320129395,23,IN_TRANSIT_TO,2025-03-07 11:30:51,6820,6002,98-XU-85,POINT (-9.151570320129395 38.721519470214844)
2223_742,5783_20250101_114_0_6,114_0,1,38.71366882324219,-9.199179649353027,1,IN_TRANSIT_TO,2025-03-07 11:30:47,10315,2223,08-16-XS,POINT (-9.199179649353027 38.71366882324219)
2221_742,5731_20250101_114_0_6,114_0,0,38.725521087646484,-9.11870002746582,11,IN_TRANSIT_TO,2025-03-07 11:30:44,9802,2221,07-95-XS,POINT (-9.11870002746582 38.725521087646484)
563_18E,12182_20250101_78_0_12,78_0,1,38.70500183105469,-9.187769889831543,9,IN_TRANSIT_TO,2025-03-07 11:30:24,13405,563,,POINT (-9.187769889831543 38.70500183105469)
234_41B,19385_20250101_232_0_10,232_0,1,38.782928466796875,-9.149470329284668,17,IN_TRANSIT_TO,2025-03-07 11:30:26,50045,234,13-31-XZ,POINT (-9.149470329284668 38.782928466796875)
412_19B,21687_20250101_245_0_23,245_0,0,38.7224006652832,-9.140700340270996,0,IN_TRANSIT_TO,2025-02-17 19:56:24,,412,BF-65-TC,POINT (-9.140700340270996 38.7224006652832)
567_28E,15012_20250101_75_0_11,75_0,1,38.72211837768555,-9.135330200195312,22,IN_TRANSIT_TO,2025-03-07 11:30:48,704,567,,POINT (-9.135330200195312 38.72211837768555)
2226_708,3333_20250101_100_0_6,100_0,1,38.76433181762695,-9.11044979095459,19,IN_TRANSIT_TO,2025-03-07 11:30:48,7718,2226,06-35-XX,POINT (-9.11044979095459 38.76433181762695)
2836_753,6564_20250101_167_0_12,167_0,1,38.72412109375,-9.160530090332031,4,IN_TRANSIT_TO,2025-03-07 11:30:50,8502,2836,BF-70-FZ,POINT (-9.160530090332031 38.72412109375)
560_18E,12202_20250101_78_0_8,78_0,1,38.7044792175293,-9.17555046081543,14,IN_TRANSIT_TO,2025-03-07 11:30:31,12115,560,,POINT (-9.17555046081543 38.7044792175293)
2229_708,3347_20250101_100_0_5,100_0,1,38.788700103759766,-9.099100112915039,5,IN_TRANSIT_TO,2025-03-07 11:30:34,50304,2229,06-37-XX,POINT (-9.099100112915039 38.788700103759766)
2233_765,18944_20250101_110_0_21,110_0,0,38.755218505859375,-9.192150115966797,1,IN_TRANSIT_TO,2025-03-07 11:30:25,10833,2233,06-38-XX,POINT (-9.192150115966797 38.755218505859375)
2231_765,7176_20250101_110_0_20,110_0,1,38.752620697021484,-9.207619667053223,2,IN_TRANSIT_TO,2025-03-07 11:30:30,11001,2231,06-28-XX,POINT (-9.207619667053223 38.752620697021484)
2237_706,3260_20250101_147_0_7,147_0,1,38.73202133178711,-9.134380340576172,14,IN_TRANSIT_TO,2025-03-07 11:30:34,506,2237,06-27-XX,POINT (-9.134380340576172 38.73202133178711)
2201_742,5769_20250101_114_0_5,114_0,1,38.727718353271484,-9.160630226135254,31,IN_TRANSIT_TO,2025-03-07 11:30:51,6106,2201,72-15-XN,POINT (-9.160630226135254 38.727718353271484)
230_773,7398_20250101_124_0_11,124_0,1,38.71004867553711,-9.160380363464355,16,IN_TRANSIT_TO,2025-03-07 11:30:27,10006,230,13-33-XZ,POINT (-9.160380363464355 38.71004867553711)
2234_758,6869_20250101_150_0_8,150_0,1,38.705299377441406,-9.143400192260742,33,IN_TRANSIT_TO,2025-03-07 11:30:29,3826,2234,06-26-XX,POINT (-9.143400192260742 38.705299377441406)
6027_732,5038_20250101_107_0_4,107_0,0,38.702518463134766,-9.180379867553711,26,IN_TRANSIT_TO,2025-03-07 11:30:52,12102,6027,BF-66-BA,POINT (-9.180379867553711 38.702518463134766)
2242_758,6770_20250101_150_0_8,150_0,1,38.74296951293945,-9.17372989654541,12,IN_TRANSIT_TO,2025-03-07 11:30:28,10705,2242,22-42-ZB,POINT (-9.17372989654541 38.74296951293945)
407_28E,48629_20250101_75_8_12,75_8,0,38.713680267333984,-9.16018009185791,6,IN_TRANSIT_TO,2025-03-07 11:30:24,8111,407,BF-55-TT,POINT (-9.16018009185791 38.713680267333984)
613_15E,11288_20250101_76_0_6,76_0,1,38.6974983215332,-9.194950103759766,8,IN_TRANSIT_TO,2025-03-07 11:30:29,4113,613,,POINT (-9.194950103759766 38.6974983215332)
2241_771,39065_20250101_248_0_8,248_0,0,38.726768493652344,-9.161829948425293,8,IN_TRANSIT_TO,2025-03-07 11:30:39,6102,2241,22-37-ZB,POINT (-9.161829948425293 38.726768493652344)
2287_763,46424_20250101_282_0_9,282_0,0,38.761680603027344,-9.19694995880127,17,IN_TRANSIT_TO,2025-03-07 11:30:43,13909,2287,92-58-ZM,POINT (-9.19694995880127 38.761680603027344)
2265_758,6831_20250101_150_0_7,150_0,1,38.75740051269531,-9.178730010986328,0,IN_TRANSIT_TO,2025-03-07 11:30:24,,2265,76-91-ZG,POINT (-9.178730010986328 38.75740051269531)
2267_731,5025_20250101_190_0_6,190_0,1,38.761531829833984,-9.120869636535645,17,IN_TRANSIT_TO,2025-03-07 11:30:48,8402,2267,76-86-ZG,POINT (-9.120869636535645 38.761531829833984)
