id,trip_id,route_id,direction_id,latitude,longitude,current_stop_sequence,current_status,timestamp,stop_id,vehicle_id,license_plate,geometry
5252_728,4742_20250101_204_0_9,204_0,0,38.75127029418945,-9.279500007629395,0,IN_TRANSIT_TO,2025-03-20 18:19:46,,5252,Testes,POINT (-9.279500007629395 38.75127029418945)
2793_754,6592_20250101_201_0_17,201_0,0,38.744998931884766,-9.199130058288574,18,IN_TRANSIT_TO,2025-03-20 20:41:11,10818,2793,AJ-58-LI,POINT (-9.199130058288574 38.744998931884766)
2302_735,5206_20250101_172_0_16,172_0,1,38.705318450927734,-9.143369674682617,34,IN_TRANSIT_TO,2025-03-20 20:40:57,3820,2302,83-08-ZM,POINT (-9.143369674682617 38.705318450927734)
611_15E,11288_20250101_76_0_17,76_0,0,38.696170806884766,-9.209670066833496,15,IN_TRANSIT_TO,2025-03-20 20:41:07,13210,611,,POINT (-9.209670066833496 38.696170806884766)
2992_774,7430_20250101_192_0_32,192_0,1,38.722599029541016,-9.1497802734375,5,IN_TRANSIT_TO,2025-03-20 20:41:07,1211,2992,29-VM-95,POINT (-9.1497802734375 38.722599029541016)
2448_716,3744_20250101_164_0_21,164_0,0,38.73957061767578,-9.150099754333496,6,IN_TRANSIT_TO,2025-03-20 20:40:58,1407,2448,44-BC-34,POINT (-9.150099754333496 38.73957061767578)
558_28E,14946_20250101_75_0_19,75_0,1,38.701171875,-9.181079864501953,23,IN_TRANSIT_TO,2025-03-20 20:41:06,804,558,,POINT (-9.181079864501953 38.701171875)
2317_708,3311_20250101_100_0_13,100_0,1,38.762229919433594,-9.116570472717285,22,IN_TRANSIT_TO,2025-03-20 20:40:59,8438,2317,61-86-ZB,POINT (-9.116570472717285 38.762229919433594)
603_15E,11254_20250101_76_0_20,76_0,1,38.70349884033203,-9.168769836425781,15,IN_TRANSIT_TO,2025-03-20 20:41:11,4001,603,,POINT (-9.168769836425781 38.70349884033203)
2766_727,4528_20250101_103_0_12,103_0,0,38.71992874145508,-9.155570030212402,16,IN_TRANSIT_TO,2025-03-20 20:39:37,6810,2766,AH-40-ND,POINT (-9.155570030212402 38.71992874145508)
4604_750,6393_20250101_106_0_11,106_0,0,38.768218994140625,-9.099820137023926,1,IN_TRANSIT_TO,2025-03-20 20:41:21,7813,4604,96-GL-82,POINT (-9.099820137023926 38.768218994140625)
2250_731,19403_20240727_190_0_8,190_0,1,38.78303146362305,-9.114009857177734,3,IN_TRANSIT_TO,2024-08-10 10:41:27,12610,2250,80-41-ZE,POINT (-9.114009857177734 38.78303146362305)
4602_750,6268_20250101_106_0_2,106_0,1,38.70502853393555,-9.22681999206543,3,IN_TRANSIT_TO,2025-03-20 20:40:59,4224,4602,96-GL-80,POINT (-9.22681999206543 38.70502853393555)
6021_760,7095_20250101_171_0_8,171_0,1,38.710079193115234,-9.195019721984863,34,IN_TRANSIT_TO,2025-03-20 20:41:05,905,6021,BD-91-QG,POINT (-9.195019721984863 38.710079193115234)
612_15E,11212_20250101_76_0_21,76_0,0,38.70642852783203,-9.149900436401367,2,IN_TRANSIT_TO,2025-03-20 20:41:19,7102,612,,POINT (-9.149900436401367 38.70642852783203)
2256_799,8222_20250101_120_0_25,120_0,1,38.739620208740234,-9.224300384521484,2,IN_TRANSIT_TO,2025-03-20 20:40:51,18127,2256,80-53-ZE,POINT (-9.224300384521484 38.739620208740234)
2494_755,6694_20250101_118_0_17,118_0,1,38.75379943847656,-9.114230155944824,28,IN_TRANSIT_TO,2025-03-20 20:41:02,50070,2494,88-BL-68,POINT (-9.114230155944824 38.75379943847656)
6033_732,5093_20250101_107_0_10,107_0,0,38.709381103515625,-9.208270072937012,40,IN_TRANSIT_TO,2025-03-20 20:41:13,13104,6033,BF-92-AZ,POINT (-9.208270072937012 38.709381103515625)
2624_759,6949_20250101_144_0_14,144_0,1,38.768470764160156,-9.097920417785645,2,IN_TRANSIT_TO,2025-03-20 20:41:19,7805,2624,72-VP-82,POINT (-9.097920417785645 38.768470764160156)
4642_728,4716_20250101_204_0_3,204_0,1,38.70307159423828,-9.173279762268066,40,IN_TRANSIT_TO,2025-03-20 20:40:58,4002,4642,90-JI-99,POINT (-9.173279762268066 38.70307159423828)
2943_26B,17510_20250101_208_0_23,208_0,0,38.76496887207031,-9.098250389099121,18,IN_TRANSIT_TO,2025-03-20 20:41:02,2511,2943,51-GL-83,POINT (-9.098250389099121 38.76496887207031)
4611_728,4681_20250101_204_0_12,204_0,0,38.77009963989258,-9.104330062866211,44,IN_TRANSIT_TO,2025-03-20 20:41:02,7803,4611,96-GL-88,POINT (-9.104330062866211 38.77009963989258)
2945_29B,17524_20250101_209_0_24,209_0,0,38.774871826171875,-9.113980293273926,14,IN_TRANSIT_TO,2025-03-20 20:41:04,12309,2945,75-GO-14,POINT (-9.113980293273926 38.774871826171875)
4650_750,6421_20250101_106_0_14,106_0,1,38.74961853027344,-9.193169593811035,16,IN_TRANSIT_TO,2025-03-20 20:41:12,10835,4650,11-JM-80,POINT (-9.193169593811035 38.74961853027344)
4822_736,5319_20250101_199_0_16,199_0,1,38.753719329833984,-9.15231990814209,16,IN_TRANSIT_TO,2025-03-20 20:41:02,5704,4822,58-VS-27,POINT (-9.15231990814209 38.753719329833984)
2973_737,5475_20250101_173_0_50,173_0,1,38.71221923828125,-9.132379531860352,0,IN_TRANSIT_TO,2025-03-20 20:41:15,,2973,30-VM-13,POINT (-9.132379531860352 38.71221923828125)
2688_754,6609_20250101_201_0_17,201_0,0,38.74702072143555,-9.157099723815918,8,IN_TRANSIT_TO,2025-03-20 20:41:04,13501,2688,93-XA-35,POINT (-9.157099723815918 38.74702072143555)
2691_746,5986_20250101_108_0_21,108_0,0,38.74729919433594,-9.188949584960938,16,IN_TRANSIT_TO,2025-03-20 20:40:20,10826,2691,90-XF-45,POINT (-9.188949584960938 38.74729919433594)
2669_738,5512_20250101_117_0_15,117_0,0,38.71311950683594,-9.162300109863281,27,IN_TRANSIT_TO,2025-03-20 20:40:23,8102,2669,87-XB-34,POINT (-9.162300109863281 38.71311950683594)
6048_732,5080_20250101_107_0_10,107_0,1,38.705718994140625,-9.199769973754883,11,IN_TRANSIT_TO,2025-03-20 20:41:16,13109,6048,BH-46-IR,POINT (-9.199769973754883 38.705718994140625)
4836_736,5399_20250101_199_0_15,199_0,0,38.790279388427734,-9.175820350646973,28,IN_TRANSIT_TO,2025-03-20 20:41:00,50083,4836,34-VR-23,POINT (-9.175820350646973 38.790279388427734)
6046_760,7085_20250101_171_0_10,171_0,1,38.7109489440918,-9.205550193786621,34,IN_TRANSIT_TO,2025-03-20 20:40:39,905,6046,BH-73-IR,POINT (-9.205550193786621 38.7109489440918)
2947_26B,17520_20250101_208_0_22,208_0,1,38.79024887084961,-9.099570274353027,23,IN_TRANSIT_TO,2025-03-20 20:40:56,50340,2947,51-GL-84,POINT (-9.099570274353027 38.79024887084961)
2952_40B,19262_20250101_212_0_23,212_0,0,38.7918701171875,-9.158419609069824,2,IN_TRANSIT_TO,2025-03-20 20:40:55,50104,2952,62-GQ-54,POINT (-9.158419609069824 38.7918701171875)
4643_750,6326_20250101_106_0_5,106_0,0,38.750301361083984,-9.196450233459473,24,IN_TRANSIT_TO,2025-03-20 20:40:50,10802,4643,98-JO-45,POINT (-9.196450233459473 38.750301361083984)
2676_15E,11495_20250101_76_8_31,76_8,0,38.70317077636719,-9.172880172729492,8,IN_TRANSIT_TO,2025-03-20 20:41:10,10202,2676,87-XB-40,POINT (-9.172880172729492 38.70317077636719)
2677_713,3605_20250101_122_0_14,122_0,1,38.73524856567383,-9.14247989654541,34,IN_TRANSIT_TO,2025-03-20 20:41:05,11101,2677,87-XB-41,POINT (-9.14247989654541 38.73524856567383)
2671_714,3709_20250101_102_0_15,102_0,0,38.70983123779297,-9.214969635009766,26,IN_TRANSIT_TO,2025-03-20 20:41:22,12404,2671,87-XB-43,POINT (-9.214969635009766 38.70983123779297)
2681_713,3592_20250101_122_0_17,122_0,0,38.73609924316406,-9.15233039855957,5,IN_TRANSIT_TO,2025-03-20 20:41:20,1409,2681,93-XA-41,POINT (-9.15233039855957 38.73609924316406)
2679_746,5964_20250101_108_0_22,108_0,1,38.7411003112793,-9.16847038269043,14,IN_TRANSIT_TO,2025-03-20 20:41:08,1615,2679,93-XA-34,POINT (-9.16847038269043 38.7411003112793)
2672_711,3497_20250101_101_0_6,101_0,1,38.735599517822266,-9.202779769897461,13,IN_TRANSIT_TO,2025-03-20 20:41:18,8828,2672,87-XB-44,POINT (-9.202779769897461 38.735599517822266)
6001_706,3267_20250101_147_0_17,147_0,1,38.720829010009766,-9.152999877929688,23,IN_TRANSIT_TO,2025-03-20 20:40:14,6820,6001,99-XU-70,POINT (-9.152999877929688 38.720829010009766)
604_15E,11228_20250101_76_0_20,76_0,1,38.70627975463867,-9.145330429077148,19,IN_TRANSIT_TO,2025-03-20 20:41:16,7101,604,,POINT (-9.145330429077148 38.70627975463867)
547_28E,14986_20250101_75_0_22,75_0,0,38.722320556640625,-9.130999565124512,5,IN_TRANSIT_TO,2025-03-20 20:41:08,709,547,,POINT (-9.130999565124512 38.722320556640625)
6014_706,3269_20250101_147_0_5,147_0,1,38.71546936035156,-9.154419898986816,25,IN_TRANSIT_TO,2025-03-20 20:41:18,6818,6014,67-ZF-30,POINT (-9.154419898986816 38.71546936035156)
6049_732,5096_20250101_107_0_9,107_0,0,38.70466995239258,-9.17650032043457,25,IN_TRANSIT_TO,2025-03-20 20:41:03,4004,6049,BH-47-IR,POINT (-9.17650032043457 38.70466995239258)
2723_738,5558_20250101_117_0_5,117_0,1,38.73400115966797,-9.144869804382324,20,IN_TRANSIT_TO,2025-03-20 20:41:10,1801,2723,92-XQ-43,POINT (-9.144869804382324 38.73400115966797)
2479_747,6122_20250101_177_0_24,177_0,1,38.760650634765625,-9.166749954223633,16,IN_TRANSIT_TO,2025-03-20 20:41:10,50006,2479,91-BE-74,POINT (-9.166749954223633 38.760650634765625)
2493_735,5242_20250101_172_1_13,172_1,1,38.70602035522461,-9.143150329589844,0,IN_TRANSIT_TO,2025-03-20 20:40:50,,2493,88-BL-65,POINT (-9.143150329589844 38.70602035522461)
2288_724,19285_20250101_178_0_7,178_0,0,38.7445182800293,-9.196319580078125,16,IN_TRANSIT_TO,2025-03-20 20:41:04,10831,2288,92-59-ZM,POINT (-9.196319580078125 38.7445182800293)
2763_727,4553_20250101_103_0_12,103_0,1,38.74065017700195,-9.146419525146484,41,IN_TRANSIT_TO,2025-03-20 20:41:17,1805,2763,AH-23-ND,POINT (-9.146419525146484 38.74065017700195)
2417_703,3162_20250101_165_0_17,165_0,1,38.77510070800781,-9.164580345153809,24,IN_TRANSIT_TO,2025-03-20 20:41:07,5917,2417,50-AL-06,POINT (-9.164580345153809 38.77510070800781)
2298_723,4176_20250101_121_0_16,121_0,0,38.698970794677734,-9.226420402526855,30,IN_TRANSIT_TO,2025-03-20 20:34:41,4208,2298,83-05-ZM,POINT (-9.226420402526855 38.698970794677734)
2282_731,5014_20250101_190_0_5,190_0,0,38.78133010864258,-9.1074800491333,34,IN_TRANSIT_TO,2025-03-20 20:33:37,12618,2282,67-35-ZJ,POINT (-9.1074800491333 38.78133010864258)
255_13B,21591_20250101_243_0_28,243_0,0,38.712501525878906,-9.126480102539062,12,IN_TRANSIT_TO,2025-03-20 20:41:23,50518,255,AF-58-RM,POINT (-9.126480102539062 38.712501525878906)
2628_759,6970_20250101_144_0_13,144_0,0,38.77103042602539,-9.108329772949219,42,IN_TRANSIT_TO,2025-03-20 20:40:53,7809,2628,52-VP-82,POINT (-9.108329772949219 38.77103042602539)
2841_728,4698_20250101_204_0_10,204_0,0,38.718929290771484,-9.116649627685547,25,IN_TRANSIT_TO,2025-03-20 20:41:10,2127,2841,BF-55-FZ,POINT (-9.116649627685547 38.718929290771484)
4832_736,5408_20250101_199_0_15,199_0,0,38.768028259277344,-9.158329963684082,18,IN_TRANSIT_TO,2025-03-20 20:41:21,5901,4832,68-VQ-51,POINT (-9.158329963684082 38.768028259277344)
2717_712,3566_20250101_189_0_18,189_0,0,38.70296859741211,-9.174850463867188,31,IN_TRANSIT_TO,2025-03-20 20:41:17,50203,2717,92-XQ-16,POINT (-9.174850463867188 38.70296859741211)
6024_732,5076_20250101_107_0_10,107_0,1,38.70970153808594,-9.135549545288086,30,IN_TRANSIT_TO,2025-03-20 20:41:11,5519,6024,BF-69-BA,POINT (-9.135549545288086 38.70970153808594)
4811_728,4589_20250101_204_0_13,204_0,1,38.703521728515625,-9.167719841003418,39,IN_TRANSIT_TO,2025-03-20 20:41:10,10202,4811,34-VR-20,POINT (-9.167719841003418 38.703521728515625)
6035_732,5071_20250101_107_0_4,107_0,1,38.73802947998047,-9.145919799804688,37,IN_TRANSIT_TO,2025-03-20 20:40:46,1807,6035,BG-76-LX,POINT (-9.145919799804688 38.73802947998047)
2765_727,4502_20250101_103_0_11,103_0,0,38.702919006347656,-9.179900169372559,30,IN_TRANSIT_TO,2025-03-20 20:41:12,12121,2765,AH-37-ND,POINT (-9.179900169372559 38.702919006347656)
2783_714,3706_20250101_102_0_5,102_0,0,38.72161865234375,-9.222220420837402,36,IN_TRANSIT_TO,2025-03-20 20:41:14,18702,2783,AI-10-BT,POINT (-9.222220420837402 38.72161865234375)
2430_747,6119_20250101_177_0_24,177_0,0,38.75967025756836,-9.156749725341797,2,IN_TRANSIT_TO,2025-03-20 20:40:58,5807,2430,29-AX-12,POINT (-9.156749725341797 38.75967025756836)
2442_731,5007_20250101_190_0_16,190_0,1,38.769081115722656,-9.118430137634277,14,IN_TRANSIT_TO,2025-03-20 20:41:20,7704,2442,29-AX-06,POINT (-9.118430137634277 38.769081115722656)
2779_711,3519_20250101_101_0_12,101_0,0,38.735530853271484,-9.200169563293457,16,IN_TRANSIT_TO,2025-03-20 20:41:12,8707,2779,AI-02-BT,POINT (-9.200169563293457 38.735530853271484)
4839_736,18817_20250101_199_0_16,199_0,1,38.719749450683594,-9.145230293273926,27,IN_TRANSIT_TO,2025-03-20 20:41:18,1102,4839,53-VR-08,POINT (-9.145230293273926 38.719749450683594)
2272_758,19409_20250101_150_0_5,150_0,0,38.71894836425781,-9.15326976776123,7,IN_TRANSIT_TO,2025-03-20 20:40:54,10607,2272,76-80-ZG,POINT (-9.15326976776123 38.71894836425781)
2796_754,6622_20250101_201_0_16,201_0,1,38.74182891845703,-9.205550193786621,15,IN_TRANSIT_TO,2025-03-20 20:41:05,50240,2796,AJ-59-LI,POINT (-9.205550193786621 38.74182891845703)
4825_736,5414_20250101_199_0_5,199_0,0,38.75545120239258,-9.15137004852295,14,IN_TRANSIT_TO,2025-03-20 20:40:56,5705,4825,20-VQ-72,POINT (-9.15137004852295 38.75545120239258)
2614_759,6987_20250101_144_0_14,144_0,1,38.71318054199219,-9.138099670410156,45,IN_TRANSIT_TO,2025-03-20 20:41:23,913,2614,66-VI-24,POINT (-9.138099670410156 38.71318054199219)
2965_730,4969_20250101_198_0_21,198_0,0,38.735870361328125,-9.122200012207031,4,IN_TRANSIT_TO,2025-03-20 20:40:56,8915,2965,29-VM-97,POINT (-9.122200012207031 38.735870361328125)
2607_781,7747_20250101_151_0_16,151_0,0,38.723121643066406,-9.113069534301758,5,IN_TRANSIT_TO,2025-03-20 20:41:15,2113,2607,AA-95-TQ,POINT (-9.113069534301758 38.723121643066406)
2821_753,6541_20250101_167_0_27,167_0,0,38.673851013183594,-9.173930168151855,7,IN_TRANSIT_TO,2025-03-20 20:41:05,8607,2821,BF-71-FZ,POINT (-9.173930168151855 38.673851013183594)
4809_751,6517_20250101_109_0_13,109_0,0,38.699649810791016,-9.184679985046387,11,IN_TRANSIT_TO,2025-03-20 20:41:17,9504,4809,20-VQ-67,POINT (-9.184679985046387 38.699649810791016)
2824_753,18385_20250101_167_0_13,167_0,0,38.693119049072266,-9.177949905395508,7,IN_TRANSIT_TO,2025-03-20 20:41:23,8607,2824,BF-67-FZ,POINT (-9.177949905395508 38.693119049072266)
2697_723,4182_20250101_121_0_16,121_0,0,38.72343063354492,-9.176520347595215,10,IN_TRANSIT_TO,2025-03-20 20:41:12,8607,2697,90-XF-59,POINT (-9.176520347595215 38.72343063354492)
6036_760,7066_20250101_171_0_12,171_0,0,38.715980529785156,-9.135729789733887,7,IN_TRANSIT_TO,2025-03-20 20:41:11,809,6036,BG-90-LX,POINT (-9.135729789733887 38.715980529785156)
2602_705,3186_20250101_176_0_20,176_0,1,38.77656936645508,-9.114529609680176,18,IN_TRANSIT_TO,2025-03-20 20:41:08,12306,2602,16-VF-81,POINT (-9.114529609680176 38.77656936645508)
2653_776,7489_20250101_193_0_53,193_0,1,38.700531005859375,-9.242400169372559,6,IN_TRANSIT_TO,2025-03-20 20:41:04,14903,2653,05-VZ-52,POINT (-9.242400169372559 38.700531005859375)
4806_728,4621_20250101_204_0_13,204_0,1,38.76782989501953,-9.097880363464355,9,IN_TRANSIT_TO,2025-03-20 20:41:22,7805,4806,20-VQ-74,POINT (-9.097880363464355 38.76782989501953)
2749_742,5788_20250101_114_0_11,114_0,1,38.730499267578125,-9.125229835510254,44,IN_TRANSIT_TO,2025-03-20 20:40:18,7010,2749,AG-03-TH,POINT (-9.125229835510254 38.730499267578125)
2988_765,7176_20250101_110_0_54,110_0,1,38.75461959838867,-9.191920280456543,9,IN_TRANSIT_TO,2025-03-20 20:41:02,10917,2988,29-VM-94,POINT (-9.191920280456543 38.75461959838867)
4826_736,20152_20250101_199_0_4,199_0,1,38.73109817504883,-9.146530151367188,24,IN_TRANSIT_TO,2025-03-20 20:41:09,1714,4826,53-VR-05,POINT (-9.146530151367188 38.73109817504883)
2637_718,3937_20250101_105_0_21,105_0,1,38.72991943359375,-9.124130249023438,8,IN_TRANSIT_TO,2025-03-20 20:41:09,7012,2637,87-VS-51,POINT (-9.124130249023438 38.72991943359375)
4830_736,5379_20250101_199_0_13,199_0,0,38.78744888305664,-9.172869682312012,28,IN_TRANSIT_TO,2025-03-20 20:39:57,50083,4830,20-VQ-63,POINT (-9.172869682312012 38.78744888305664)
2648_713,3614_20250101_122_0_13,122_0,0,38.720550537109375,-9.175379753112793,32,IN_TRANSIT_TO,2025-03-20 20:40:56,11903,2648,75-VS-46,POINT (-9.175379753112793 38.720550537109375)
2619_781,7748_20250101_151_0_18,151_0,0,38.7564811706543,-9.105130195617676,29,IN_TRANSIT_TO,2025-03-20 20:41:20,16307,2619,66-VI-37,POINT (-9.105130195617676 38.7564811706543)
2716_738,5566_20250101_117_0_15,117_0,1,38.709930419921875,-9.16588020324707,9,IN_TRANSIT_TO,2025-03-20 20:36:28,10101,2716,92-XQ-27,POINT (-9.16588020324707 38.709930419921875)
4820_751,6481_20250101_109_0_22,109_0,1,38.715919494628906,-9.235600471496582,0,IN_TRANSIT_TO,2025-03-20 20:40:55,,4820,20-VQ-62,POINT (-9.235600471496582 38.715919494628906)
6041_732,5057_20250101_107_0_11,107_0,0,38.75001907348633,-9.159379959106445,0,IN_TRANSIT_TO,2025-03-20 20:40:56,,6041,BG-20-LV,POINT (-9.159379959106445 38.75001907348633)
2642_759,6973_20250101_144_0_15,144_0,0,38.77565002441406,-9.11299991607666,39,IN_TRANSIT_TO,2025-03-20 20:41:05,12303,2642,75-VS-51,POINT (-9.11299991607666 38.77565002441406)
2724_728,36654_20250101_204_0_1,204_0,0,38.703521728515625,-9.169830322265625,14,IN_TRANSIT_TO,2025-03-20 20:41:13,4003,2724,92-XQ-40,POINT (-9.169830322265625 38.703521728515625)
2611_744,5833_20250101_200_0_5,200_0,0,38.76824951171875,-9.12732982635498,18,IN_TRANSIT_TO,2025-03-20 20:41:07,7601,2611,66-VI-38,POINT (-9.12732982635498 38.76824951171875)
2326_712,3541_20250101_189_0_19,189_0,0,38.726318359375,-9.134380340576172,11,IN_TRANSIT_TO,2025-03-20 20:41:07,603,2326,67-49-ZJ,POINT (-9.134380340576172 38.726318359375)
2632_744,5805_20250101_200_0_14,200_0,1,38.77016830444336,-9.12714958190918,13,IN_TRANSIT_TO,2025-03-20 20:41:08,7604,2632,52-VP-88,POINT (-9.12714958190918 38.77016830444336)
2981_45B,49562_20250101_277_0_20,277_0,1,38.759830474853516,-9.161580085754395,12,IN_TRANSIT_TO,2025-03-20 20:41:23,50014,2981,29-VM-86,POINT (-9.161580085754395 38.759830474853516)
548_28E,14960_20250101_75_0_22,75_0,0,38.71012878417969,-9.132369995117188,15,IN_TRANSIT_TO,2025-03-20 20:41:04,13804,548,,POINT (-9.132369995117188 38.71012878417969)
2643_744,5849_20250101_200_0_13,200_0,1,38.71548080444336,-9.141819953918457,33,IN_TRANSIT_TO,2025-03-20 20:40:53,1002,2643,75-VS-44,POINT (-9.141819953918457 38.71548080444336)
2993_702,3053_20250101_146_0_38,146_0,1,38.72822952270508,-9.165670394897461,8,IN_TRANSIT_TO,2025-03-20 20:41:09,6110,2993,29-VM-93,POINT (-9.165670394897461 38.72822952270508)
2733_735,5217_20250101_172_1_15,172_1,1,38.70845031738281,-9.133330345153809,19,IN_TRANSIT_TO,2025-03-20 20:41:19,4502,2733,AG-41-EI,POINT (-9.133330345153809 38.70845031738281)
2468_726,4325_20250101_116_0_15,116_0,0,38.760318756103516,-9.182999610900879,26,IN_TRANSIT_TO,2025-03-20 20:41:08,12804,2468,16-AZ-10,POINT (-9.182999610900879 38.760318756103516)
2308_742,5776_20250101_114_0_14,114_0,0,38.72460174560547,-9.115750312805176,9,IN_TRANSIT_TO,2025-03-20 20:41:19,9806,2308,83-17-ZM,POINT (-9.115750312805176 38.72460174560547)
541_24E,17842_20250101_213_0_35,213_0,1,38.720821380615234,-9.155830383300781,4,IN_TRANSIT_TO,2025-03-20 20:41:08,6823,541,,POINT (-9.155830383300781 38.720821380615234)
2707_713,3612_20250101_122_0_18,122_0,1,38.719120025634766,-9.156270027160645,21,IN_TRANSIT_TO,2025-03-20 20:41:02,6801,2707,92-XQ-39,POINT (-9.156270027160645 38.719120025634766)
2635_718,3991_20250101_105_0_19,105_0,0,38.753849029541016,-9.114250183105469,2,IN_TRANSIT_TO,2025-03-20 20:41:21,50070,2635,52-VP-90,POINT (-9.114250183105469 38.753849029541016)
2636_759,6896_20250101_144_0_12,144_0,1,38.7086296081543,-9.13341999053955,44,IN_TRANSIT_TO,2025-03-20 20:41:08,4506,2636,87-VS-50,POINT (-9.13341999053955 38.7086296081543)
582_18E,12202_20250101_78_0_25,78_0,0,38.70936965942383,-9.20199966430664,21,IN_TRANSIT_TO,2025-03-20 20:41:07,12920,582,,POINT (-9.20199966430664 38.70936965942383)
2652_708,3333_20250101_100_0_14,100_0,1,38.793251037597656,-9.098770141601562,4,IN_TRANSIT_TO,2025-03-20 20:40:57,13573,2652,05-VZ-61,POINT (-9.098770141601562 38.793251037597656)
2621_722,4127_20250101_196_0_16,196_0,1,38.73933029174805,-9.137499809265137,26,IN_TRANSIT_TO,2025-03-20 20:41:05,6403,2621,66-VI-45,POINT (-9.137499809265137 38.73933029174805)
2603_782,7776_20250101_152_0_14,152_0,0,38.768829345703125,-9.097550392150879,18,IN_TRANSIT_TO,2025-03-20 20:41:04,7805,2603,16-VF-76,POINT (-9.097550392150879 38.768829345703125)
2975_730,4967_20250101_198_0_22,198_0,0,38.72642135620117,-9.136150360107422,19,IN_TRANSIT_TO,2025-03-20 20:41:05,605,2975,30-VM-11,POINT (-9.136150360107422 38.72642135620117)
2711_727,4518_20250101_103_0_5,103_0,0,38.71139907836914,-9.153679847717285,19,IN_TRANSIT_TO,2025-03-20 20:41:01,6704,2711,92-XQ-44,POINT (-9.153679847717285 38.71139907836914)
2980_45B,45280_20250101_277_0_20,277_0,0,38.764930725097656,-9.15719985961914,11,IN_TRANSIT_TO,2025-03-20 20:40:54,50389,2980,29-VM-90,POINT (-9.15719985961914 38.764930725097656)
2663_714,3697_20240914_102_0_16,102_0,1,38.72127151489258,-9.221500396728516,4,IN_TRANSIT_TO,2024-10-22 20:26:58,18703,2663,05-VZ-62,POINT (-9.221500396728516 38.72127151489258)
576_25E,14268_20250101_79_0_31,79_0,1,38.71553039550781,-9.164219856262207,3,IN_TRANSIT_TO,2025-03-20 20:41:12,8001,576,,POINT (-9.164219856262207 38.71553039550781)
2685_723,4187_20250101_121_0_14,121_0,0,38.722129821777344,-9.139180183410645,1,IN_TRANSIT_TO,2025-03-20 20:41:19,9209,2685,93-XA-46,POINT (-9.139180183410645 38.722129821777344)
579_28E,14920_20250101_75_0_23,75_0,1,38.71179962158203,-9.13047981262207,10,IN_TRANSIT_TO,2025-03-20 20:40:52,13805,579,,POINT (-9.13047981262207 38.71179962158203)
6043_732,5038_20250101_107_0_10,107_0,0,38.7257194519043,-9.150919914245605,12,IN_TRANSIT_TO,2025-03-20 20:41:01,1202,6043,BG-93-LT,POINT (-9.150919914245605 38.7257194519043)
4804_751,6454_20250101_109_0_24,109_0,1,38.698020935058594,-9.190620422363281,21,IN_TRANSIT_TO,2025-03-20 20:40:52,9507,4804,53-VR-07,POINT (-9.190620422363281 38.698020935058594)
2644_722,4121_20250101_196_0_15,196_0,1,38.72452163696289,-9.149620056152344,32,IN_TRANSIT_TO,2025-03-20 20:41:14,1206,2644,87-VS-52,POINT (-9.149620056152344 38.72452163696289)
252_58B,19291_20250101_227_0_14,227_0,0,38.760799407958984,-9.194319725036621,2,IN_TRANSIT_TO,2025-03-18 15:57:15,1604,252,AF-89-NU,POINT (-9.194319725036621 38.760799407958984)
578_25E,14260_20250101_79_0_29,79_0,1,38.70664978027344,-9.156000137329102,14,IN_TRANSIT_TO,2025-03-20 20:41:09,3913,578,,POINT (-9.156000137329102 38.70664978027344)
2662_754,6615_20250101_201_0_16,201_0,1,38.74702072143555,-9.15608024597168,29,IN_TRANSIT_TO,2025-03-20 20:41:12,1603,2662,05-VZ-51,POINT (-9.15608024597168 38.74702072143555)
507_15E,11264_20250101_76_0_20,76_0,1,38.697181701660156,-9.200900077819824,7,IN_TRANSIT_TO,2025-03-20 20:40:52,9609,507,,POINT (-9.200900077819824 38.697181701660156)
6003_706,3235_20250101_147_0_11,147_0,1,38.7140007019043,-9.122249603271484,0,IN_TRANSIT_TO,2025-03-20 20:41:11,,6003,82-ZC-02,POINT (-9.122249603271484 38.7140007019043)
572_25E,14252_20250101_79_0_30,79_0,0,38.706668853759766,-9.155969619750977,4,IN_TRANSIT_TO,2025-03-20 20:41:14,3912,572,,POINT (-9.155969619750977 38.706668853759766)
264_79B,18661_20250101_221_0_16,221_0,0,38.69578170776367,-9.218500137329102,34,IN_TRANSIT_TO,2025-03-20 20:41:04,13206,264,AG-42-OV,POINT (-9.218500137329102 38.69578170776367)
4824_736,5331_20250101_199_0_14,199_0,1,38.785831451416016,-9.169879913330078,6,IN_TRANSIT_TO,2025-03-20 20:41:17,7204,4824,34-VR-19,POINT (-9.169879913330078 38.785831451416016)
2778_713,42765_20250101_122_0_5,122_0,0,38.71355056762695,-9.159669876098633,17,IN_TRANSIT_TO,2025-03-20 20:41:05,8111,2778,AI-03-BT,POINT (-9.159669876098633 38.71355056762695)
2641_781,7756_20250101_151_0_18,151_0,0,38.722721099853516,-9.113380432128906,5,IN_TRANSIT_TO,2025-03-20 20:41:07,2113,2641,75-VS-49,POINT (-9.113380432128906 38.722721099853516)
268_64B,21489_20250101_238_0_29,238_0,0,38.7174186706543,-9.173370361328125,10,IN_TRANSIT_TO,2025-03-20 20:40:52,50658,268,AH-56-CZ,POINT (-9.173370361328125 38.7174186706543)
4817_748,6195_20250101_169_0_1,169_0,1,38.724578857421875,-9.150580406188965,10,IN_TRANSIT_TO,2025-03-20 20:41:06,1212,4817,00-VV-37,POINT (-9.150580406188965 38.724578857421875)
266_61B,21530_20250101_241_0_29,241_0,0,38.739898681640625,-9.168000221252441,13,IN_TRANSIT_TO,2025-03-20 20:41:14,2713,266,AH-55-CZ,POINT (-9.168000221252441 38.739898681640625)
2987_774,7467_20250101_192_0_27,192_0,0,38.71406936645508,-9.16942024230957,0,IN_TRANSIT_TO,2025-03-20 20:40:58,,2987,29-VM-99,POINT (-9.16942024230957 38.71406936645508)
6006_703,3149_20250101_165_0_14,165_0,1,38.77899932861328,-9.150199890136719,31,IN_TRANSIT_TO,2025-03-20 20:41:10,6020,6006,82-ZC-09,POINT (-9.150199890136719 38.77899932861328)
2655_756,6713_20250101_175_0_23,175_0,1,38.706729888916016,-9.174630165100098,3,IN_TRANSIT_TO,2025-03-20 20:40:55,12105,2655,05-VZ-67,POINT (-9.174630165100098 38.706729888916016)
269_734,5152_20250101_205_0_22,205_0,1,38.715728759765625,-9.123029708862305,2,IN_TRANSIT_TO,2025-03-20 20:41:07,2103,269,AG-25-NH,POINT (-9.123029708862305 38.715728759765625)
4807_750,6410_20250101_106_0_2,106_0,1,38.75804901123047,-9.159680366516113,24,IN_TRANSIT_TO,2025-03-20 20:40:56,5801,4807,20-VQ-69,POINT (-9.159680366516113 38.75804901123047)
2650_776,7476_20250101_193_0_58,193_0,0,38.70042037963867,-9.247520446777344,7,IN_TRANSIT_TO,2025-03-20 20:41:23,14902,2650,75-VS-50,POINT (-9.247520446777344 38.70042037963867)
4644_750,6401_20250101_106_0_13,106_0,1,38.76837921142578,-9.099969863891602,38,IN_TRANSIT_TO,2025-03-20 20:41:16,2315,4644,27-JO-11,POINT (-9.099969863891602 38.76837921142578)
277_734,5150_20250101_205_0_34,205_0,0,38.718170166015625,-9.135680198669434,1,IN_TRANSIT_TO,2025-03-20 20:41:04,816,277,AH-13-TB,POINT (-9.135680198669434 38.718170166015625)
4805_748,6190_20250101_169_0_2,169_0,0,38.723121643066406,-9.167229652404785,5,IN_TRANSIT_TO,2025-03-20 20:41:16,8607,4805,20-VQ-66,POINT (-9.167229652404785 38.723121643066406)
2740_735,5232_20250101_172_0_16,172_0,1,38.70840072631836,-9.133319854736328,31,IN_TRANSIT_TO,2025-03-20 20:40:53,8202,2740,AG-43-EI,POINT (-9.133319854736328 38.70840072631836)
2984_52B,21671_20250101_244_0_21,244_0,0,38.74123001098633,-9.146929740905762,12,IN_TRANSIT_TO,2025-03-20 20:41:19,1915,2984,30-VM-04,POINT (-9.146929740905762 38.74123001098633)
2630_759,6928_20250101_144_0_12,144_0,1,38.753631591796875,-9.11417007446289,21,IN_TRANSIT_TO,2025-03-20 20:41:04,50070,2630,52-VP-89,POINT (-9.11417007446289 38.753631591796875)
2744_720,4094_20250101_143_0_18,143_0,1,38.70302963256836,-9.179800033569336,4,IN_TRANSIT_TO,2025-03-20 20:40:54,12107,2744,AG-13-TH,POINT (-9.179800033569336 38.70302963256836)
2651_718,3959_20250101_105_0_20,105_0,0,38.72782897949219,-9.119930267333984,23,IN_TRANSIT_TO,2025-03-20 20:40:58,11703,2651,05-VZ-54,POINT (-9.119930267333984 38.72782897949219)
2665_738,5535_20250101_117_0_14,117_0,0,38.72827911376953,-9.14822006225586,20,IN_TRANSIT_TO,2025-03-20 20:41:19,1702,2665,87-XB-33,POINT (-9.14822006225586 38.72827911376953)
4635_783,7857_20250101_203_0_15,203_0,0,38.75516891479492,-9.150420188903809,13,IN_TRANSIT_TO,2025-03-20 20:41:01,2017,4635,90-JI-95,POINT (-9.150420188903809 38.75516891479492)
274_28E,48628_20250101_75_8_35,75_8,0,38.71540069580078,-9.163530349731445,3,IN_TRANSIT_TO,2025-03-20 20:38:57,8001,274,AH-14-TB,POINT (-9.163530349731445 38.71540069580078)
256_58B,19291_20250101_227_0_21,227_0,0,38.74026870727539,-9.17257022857666,20,IN_TRANSIT_TO,2025-03-20 20:41:17,50464,256,AF-57-RM,POINT (-9.17257022857666 38.74026870727539)
2715_709,3411_20250101_148_0_11,148_0,0,38.71443176269531,-9.139229774475098,2,IN_TRANSIT_TO,2025-03-20 20:41:01,919,2715,92-XQ-22,POINT (-9.139229774475098 38.71443176269531)
2608_722,4119_20250101_196_0_16,196_0,0,38.74147033691406,-9.137550354003906,11,IN_TRANSIT_TO,2025-03-20 20:41:18,6405,2608,66-VI-39,POINT (-9.137550354003906 38.74147033691406)
2719_15E,11491_20250101_76_8_31,76_8,0,38.70186996459961,-9.179880142211914,8,IN_TRANSIT_TO,2025-03-20 20:32:38,10202,2719,92-XQ-17,POINT (-9.179880142211914 38.70186996459961)
2631_705,3180_20250101_176_0_20,176_0,1,38.75605010986328,-9.103230476379395,25,IN_TRANSIT_TO,2025-03-20 20:40:56,7825,2631,52-VP-80,POINT (-9.103230476379395 38.75605010986328)
258_65B,35087_20250101_250_0_25,250_0,0,38.72018051147461,-9.155570030212402,12,IN_TRANSIT_TO,2025-03-20 20:41:10,50191,258,AF-56-RM,POINT (-9.155570030212402 38.72018051147461)
4632_796,8140_20250101_174_0_39,174_0,0,38.79212188720703,-9.156379699707031,11,IN_TRANSIT_TO,2025-03-20 20:41:06,11614,4632,98-JO-43,POINT (-9.156379699707031 38.79212188720703)
279_76B,18630_20250101_219_0_29,219_0,0,38.70457077026367,-9.19048023223877,4,IN_TRANSIT_TO,2025-03-20 20:41:03,13405,279,AI-38-FG,POINT (-9.19048023223877 38.70457077026367)
2972_72B,45275_20250101_279_0_19,279_0,0,38.74842834472656,-9.20753002166748,10,IN_TRANSIT_TO,2025-03-20 20:41:16,50132,2972,29-VM-96,POINT (-9.20753002166748 38.74842834472656)
2625_749,6205_20250101_195_0_29,195_0,1,38.75682830810547,-9.112879753112793,14,IN_TRANSIT_TO,2025-03-20 20:40:57,24370,2625,72-VP-79,POINT (-9.112879753112793 38.75682830810547)
2274_758,6868_20250101_150_0_16,150_0,1,38.74562072753906,-9.181719779968262,10,IN_TRANSIT_TO,2025-03-20 20:41:22,10701,2274,76-79-ZG,POINT (-9.181719779968262 38.74562072753906)
2247_726,4350_20250101_116_0_8,116_0,1,38.736080169677734,-9.149419784545898,23,IN_TRANSIT_TO,2025-03-17 13:39:08,1412,2247,22-34-ZB,POINT (-9.149419784545898 38.736080169677734)
2419_747,6124_20250101_177_0_8,177_0,1,38.769020080566406,-9.188980102539062,7,IN_TRANSIT_TO,2025-03-20 20:41:07,14108,2419,92-AO-55,POINT (-9.188980102539062 38.769020080566406)
2260_778,18644_20250101_179_0_24,179_0,0,38.75447082519531,-9.191670417785645,22,IN_TRANSIT_TO,2025-03-20 20:41:09,12821,2260,67-47-ZJ,POINT (-9.191670417785645 38.75447082519531)
2204_793,7973_20250101_145_0_22,145_0,1,38.739471435546875,-9.106550216674805,28,IN_TRANSIT_TO,2025-03-20 20:41:02,12517,2204,01-72-XO,POINT (-9.106550216674805 38.739471435546875)
2489_726,4295_20250101_116_0_14,116_0,1,38.74958038330078,-9.172419548034668,12,IN_TRANSIT_TO,2025-03-20 20:41:16,12712,2489,55-BH-05,POINT (-9.172419548034668 38.74958038330078)
2402_716,3718_20250101_164_0_23,164_0,0,38.75046920776367,-9.197150230407715,21,IN_TRANSIT_TO,2025-03-20 20:40:58,10802,2402,50-AL-13,POINT (-9.197150230407715 38.75046920776367)
2443_703,3170_20250101_165_0_18,165_0,1,38.74842071533203,-9.197629928588867,5,IN_TRANSIT_TO,2025-03-20 20:41:17,2803,2443,29-AX-05,POINT (-9.197629928588867 38.74842071533203)
1701_701,2988_20250101_123_0_14,123_0,0,38.72146987915039,-9.167180061340332,29,IN_TRANSIT_TO,2025-03-20 20:41:10,8010,1701,39-AB-08,POINT (-9.167180061340332 38.72146987915039)
6044_760,7098_20250101_171_0_13,171_0,0,38.703529357910156,-9.169870376586914,16,IN_TRANSIT_TO,2025-03-20 20:41:16,10202,6044,BG-87-LX,POINT (-9.169870376586914 38.703529357910156)
2785_711,3522_20250101_101_0_6,101_0,0,38.71311950683594,-9.13838005065918,3,IN_TRANSIT_TO,2025-03-20 20:41:09,5519,2785,AI-05-BT,POINT (-9.13838005065918 38.71311950683594)
2471_767,7201_20250101_112_0_12,112_0,1,38.74742889404297,-9.216449737548828,2,IN_TRANSIT_TO,2025-03-20 20:40:33,50336,2471,74-BC-70,POINT (-9.216449737548828 38.74742889404297)
2246_768,7319_20250101_111_0_23,111_0,0,38.76002883911133,-9.19159984588623,18,IN_TRANSIT_TO,2025-03-20 20:41:00,12814,2246,22-38-ZB,POINT (-9.19159984588623 38.76002883911133)
2709_714,3697_20250101_102_0_16,102_0,1,38.727821350097656,-9.210100173950195,9,IN_TRANSIT_TO,2025-03-20 20:40:57,18111,2709,92-XQ-42,POINT (-9.210100173950195 38.727821350097656)
6013_767,7267_20250101_112_0_5,112_0,0,38.760650634765625,-9.169400215148926,22,IN_TRANSIT_TO,2025-03-20 20:41:00,50005,6013,68-ZF-53,POINT (-9.169400215148926 38.760650634765625)
1727_794,8086_20250101_115_0_6,115_0,1,38.71289825439453,-9.123370170593262,36,IN_TRANSIT_TO,2025-03-20 20:41:13,2118,1727,25-AS-39,POINT (-9.123370170593262 38.71289825439453)
4621_783,7835_20250101_203_0_16,203_0,1,38.75284957885742,-9.151700019836426,17,IN_TRANSIT_TO,2025-03-20 20:40:58,5704,4621,90-JI-90,POINT (-9.151700019836426 38.75284957885742)
4647_750,6372_20250101_106_0_13,106_0,0,38.76737976074219,-9.104470252990723,1,IN_TRANSIT_TO,2025-03-20 20:40:57,7813,4647,02-JN-88,POINT (-9.104470252990723 38.76737976074219)
1749_742,5731_20250101_114_0_13,114_0,1,38.71372985839844,-9.198450088500977,1,IN_TRANSIT_TO,2025-03-20 20:40:56,10315,1749,92-HR-06,POINT (-9.198450088500977 38.71372985839844)
2970_774,7457_20250101_192_0_31,192_0,0,38.72066879272461,-9.155730247497559,8,IN_TRANSIT_TO,2025-03-20 20:41:16,6823,2970,29-VM-87,POINT (-9.155730247497559 38.72066879272461)
2808_781,7737_20250101_151_0_17,151_0,0,38.78879928588867,-9.123950004577637,29,IN_TRANSIT_TO,2025-01-28 20:19:57,16307,2808,01-IH-97,POINT (-9.123950004577637 38.78879928588867)
2813_749,6201_20250101_195_0_31,195_0,1,38.74304962158203,-9.147120475769043,1,IN_TRANSIT_TO,2025-03-20 20:41:22,2051,2813,90-II-53,POINT (-9.147120475769043 38.74304962158203)
2969_730,4949_20250101_198_0_21,198_0,1,38.726680755615234,-9.130319595336914,13,IN_TRANSIT_TO,2025-03-20 20:41:06,9102,2969,30-VM-09,POINT (-9.130319595336914 38.726680755615234)
2971_34B,19141_20250101_226_0_15,226_0,0,38.73604965209961,-9.122369766235352,43,IN_TRANSIT_TO,2025-03-20 20:40:46,8915,2971,29-VM-98,POINT (-9.122369766235352 38.73604965209961)
1748_735,5267_20250101_172_1_14,172_1,1,38.75653076171875,-9.14622974395752,17,IN_TRANSIT_TO,2025-03-20 20:38:11,8204,1748,92-HR-05,POINT (-9.14622974395752 38.75653076171875)
2806_725,4255_20250101_197_0_37,197_0,0,38.77510070800781,-9.102519989013672,5,IN_TRANSIT_TO,2025-03-20 20:40:52,7908,2806,01-IH-95,POINT (-9.102519989013672 38.77510070800781)
2453_767,7305_20250101_112_0_12,112_0,1,38.76166915893555,-9.165080070495605,26,IN_TRANSIT_TO,2025-03-20 20:40:57,50014,2453,16-AZ-13,POINT (-9.165080070495605 38.76166915893555)
2459_729,4825_20250101_104_0_12,104_0,1,38.769371032714844,-9.189120292663574,42,IN_TRANSIT_TO,2025-03-20 20:41:03,14106,2459,74-BC-74,POINT (-9.189120292663574 38.769371032714844)
4625_755,6709_20250101_118_0_17,118_0,1,38.75402069091797,-9.124600410461426,18,IN_TRANSIT_TO,2025-03-20 20:41:13,14711,4625,90-JI-92,POINT (-9.124600410461426 38.75402069091797)
1753_701,2939_20250101_123_0_22,123_0,0,38.74089813232422,-9.168129920959473,20,IN_TRANSIT_TO,2025-03-20 20:40:56,1610,1753,34-HU-19,POINT (-9.168129920959473 38.74089813232422)
1750_756,6730_20250101_175_0_21,175_0,0,38.70198059082031,-9.180999755859375,25,IN_TRANSIT_TO,2025-03-20 20:41:13,12108,1750,92-HR-07,POINT (-9.180999755859375 38.70198059082031)
2761_727,4463_20250101_103_0_12,103_0,1,38.69742965698242,-9.199130058288574,13,IN_TRANSIT_TO,2025-03-20 20:41:20,4109,2761,AH-33-ND,POINT (-9.199130058288574 38.69742965698242)
2816_718,3975_20250101_105_0_20,105_0,0,38.728370666503906,-9.121170043945312,23,IN_TRANSIT_TO,2025-03-20 20:41:18,11703,2816,90-II-56,POINT (-9.121170043945312 38.728370666503906)
2820_718,3994_20250101_105_0_19,105_0,1,38.73326873779297,-9.105500221252441,18,IN_TRANSIT_TO,2025-03-20 20:40:25,8307,2820,90-II-60,POINT (-9.105500221252441 38.73326873779297)
2455_729,4836_20250101_104_0_12,104_0,1,38.73876953125,-9.202170372009277,22,IN_TRANSIT_TO,2025-03-20 20:40:59,8837,2455,16-AZ-12,POINT (-9.202170372009277 38.73876953125)
2700_711,3475_20250101_101_0_16,101_0,1,38.71017074584961,-9.13838005065918,33,IN_TRANSIT_TO,2025-03-20 20:41:03,5510,2700,92-XQ-26,POINT (-9.13838005065918 38.71017074584961)
2311_712,3550_20250101_189_0_18,189_0,1,38.72972106933594,-9.126130104064941,23,IN_TRANSIT_TO,2025-03-20 20:40:59,9110,2311,72-23-XN,POINT (-9.126130104064941 38.72972106933594)
2667_714,3627_20250101_102_0_17,102_0,0,38.70664978027344,-9.15602970123291,5,IN_TRANSIT_TO,2025-03-20 20:40:57,3912,2667,87-XB-45,POINT (-9.15602970123291 38.70664978027344)
2410_778,7529_20250101_179_0_26,179_0,1,38.75944900512695,-9.157219886779785,24,IN_TRANSIT_TO,2025-03-20 20:41:08,5808,2410,92-AO-46,POINT (-9.157219886779785 38.75944900512695)
2762_727,4498_20250101_103_0_4,103_0,0,38.70967102050781,-9.210980415344238,45,IN_TRANSIT_TO,2025-03-20 20:41:21,50192,2762,AH-38-ND,POINT (-9.210980415344238 38.70967102050781)
2425_767,7308_20250101_112_0_12,112_0,1,38.76002883911133,-9.179619789123535,21,IN_TRANSIT_TO,2025-03-20 20:40:54,12827,2425,29-AU-20,POINT (-9.179619789123535 38.76002883911133)
2710_714,3684_20250101_102_0_6,102_0,1,38.7056999206543,-9.207819938659668,17,IN_TRANSIT_TO,2025-03-20 20:40:53,13121,2710,92-XQ-19,POINT (-9.207819938659668 38.7056999206543)
2623_744,35849_20250101_200_0_5,200_0,1,38.73487091064453,-9.145170211791992,26,IN_TRANSIT_TO,2025-03-20 20:41:12,1814,2623,66-VI-26,POINT (-9.145170211791992 38.73487091064453)
215_41B,19385_20250101_232_0_29,232_0,0,38.776100158691406,-9.151729583740234,12,IN_TRANSIT_TO,2025-03-20 20:41:21,50445,215,44-42-XM,POINT (-9.151729583740234 38.776100158691406)
301_744,5838_20250101_200_0_15,200_0,0,38.74774932861328,-9.148079872131348,9,IN_TRANSIT_TO,2025-03-20 20:41:18,2021,301,74-SM-62,POINT (-9.148079872131348 38.74774932861328)
2746_720,4044_20250101_143_0_17,143_0,0,38.7216682434082,-9.152250289916992,16,IN_TRANSIT_TO,2025-03-20 20:40:53,6806,2746,AG-97-TG,POINT (-9.152250289916992 38.7216682434082)
1775_708,3370_20250101_100_0_11,100_0,0,38.72092056274414,-9.135430335998535,3,IN_TRANSIT_TO,2025-03-20 20:41:12,803,1775,53-HX-08,POINT (-9.135430335998535 38.72092056274414)
1773_735,5275_20250101_172_0_15,172_0,0,38.75017166137695,-9.142279624938965,26,IN_TRANSIT_TO,2025-03-20 20:41:22,203,1773,53-HX-06,POINT (-9.142279624938965 38.75017166137695)
1705_796,8144_20250101_174_0_39,174_0,0,38.77421951293945,-9.161999702453613,5,IN_TRANSIT_TO,2025-03-20 20:41:15,5907,1705,69-AL-68,POINT (-9.161999702453613 38.77421951293945)
2243_758,6877_20250101_150_0_15,150_0,0,38.74678039550781,-9.184470176696777,24,IN_TRANSIT_TO,2025-03-20 20:41:21,10830,2243,22-36-ZB,POINT (-9.184470176696777 38.74678039550781)
1770_755,6663_20250101_118_0_15,118_0,0,38.74789810180664,-9.108320236206055,8,IN_TRANSIT_TO,2025-03-20 20:40:53,2212,1770,63-HX-17,POINT (-9.108320236206055 38.74789810180664)
1713_756,6741_20250101_175_0_8,175_0,0,38.7336311340332,-9.163999557495117,15,IN_TRANSIT_TO,2025-03-20 20:41:05,1514,1713,69-AL-76,POINT (-9.163999557495117 38.7336311340332)
2767_727,4536_20250101_103_0_12,103_0,0,38.73775100708008,-9.145919799804688,9,IN_TRANSIT_TO,2025-03-20 20:40:57,1810,2767,AH-34-ND,POINT (-9.145919799804688 38.73775100708008)
403_19B,35051_20250101_245_0_18,245_0,0,38.72153091430664,-9.139450073242188,18,IN_TRANSIT_TO,2025-03-16 20:25:06,50526,403,BF-84-TA,POINT (-9.139450073242188 38.72153091430664)
2454_706,3218_20250101_147_0_9,147_0,1,38.71474838256836,-9.122349739074707,2,IN_TRANSIT_TO,2025-03-20 20:41:23,2101,2454,16-AZ-18,POINT (-9.122349739074707 38.71474838256836)
2801_725,4239_20250101_197_0_38,197_0,1,38.78276824951172,-9.1245698928833,6,IN_TRANSIT_TO,2025-03-20 20:41:03,16304,2801,38-HU-27,POINT (-9.1245698928833 38.78276824951172)
1780_720,4101_20250101_143_0_15,143_0,0,38.703670501708984,-9.171079635620117,24,IN_TRANSIT_TO,2025-03-20 20:41:20,10204,1780,63-HX-18,POINT (-9.171079635620117 38.703670501708984)
1769_717,3781_20250101_170_0_14,170_0,0,38.74913024902344,-9.13722038269043,7,IN_TRANSIT_TO,2025-03-20 20:41:15,11203,1769,63-HX-24,POINT (-9.13722038269043 38.74913024902344)
1767_717,3864_20250101_170_0_15,170_0,0,38.779048919677734,-9.14447021484375,30,IN_TRANSIT_TO,2025-03-20 20:41:10,6016,1767,63-HX-29,POINT (-9.14447021484375 38.779048919677734)
1768_794,8043_20250101_115_0_16,115_0,0,38.751220703125,-9.12477970123291,19,IN_TRANSIT_TO,2025-03-20 20:41:15,14726,1768,63-HX-23,POINT (-9.12477970123291 38.751220703125)
2255_771,39065_20250101_248_0_22,248_0,0,38.71371841430664,-9.197319984436035,16,IN_TRANSIT_TO,2025-03-20 20:41:17,12928,2255,80-54-ZE,POINT (-9.197319984436035 38.71371841430664)
2666_738,5575_20250101_117_0_4,117_0,0,38.70457077026367,-9.183019638061523,35,IN_TRANSIT_TO,2025-03-20 20:41:04,12004,2666,87-XB-39,POINT (-9.183019638061523 38.70457077026367)
1722_735,5271_20250101_172_1_15,172_1,0,38.70793151855469,-9.13224983215332,0,IN_TRANSIT_TO,2025-03-20 20:41:13,,1722,25-AS-34,POINT (-9.13224983215332 38.70793151855469)
1759_717,3845_20250101_170_0_16,170_0,1,38.79597091674805,-9.149479866027832,3,IN_TRANSIT_TO,2025-03-20 20:40:53,16005,1759,34-HU-25,POINT (-9.149479866027832 38.79597091674805)
1756_717,3844_20250101_170_0_16,170_0,1,38.77431869506836,-9.1591796875,19,IN_TRANSIT_TO,2025-03-20 20:41:09,5930,1756,34-HU-22,POINT (-9.1591796875 38.77431869506836)
2487_703,3177_20250101_165_0_5,165_0,0,38.76028060913086,-9.182820320129395,29,IN_TRANSIT_TO,2025-03-20 20:41:16,12804,2487,54-BH-97,POINT (-9.182820320129395 38.76028060913086)
1757_717,3822_20250101_170_0_16,170_0,1,38.7486686706543,-9.13148021697998,34,IN_TRANSIT_TO,2025-03-20 20:40:24,7302,1757,34-HU-23,POINT (-9.13148021697998 38.7486686706543)
2239_771,39066_20250101_248_0_10,248_0,0,38.74290084838867,-9.16592025756836,13,IN_TRANSIT_TO,2025-03-20 20:40:57,21301,2239,06-30-XX,POINT (-9.16592025756836 38.74290084838867)
2771_712,3569_20250101_189_0_5,189_0,0,38.72542953491211,-9.151129722595215,17,IN_TRANSIT_TO,2025-03-20 20:41:14,1202,2771,AH-20-ND,POINT (-9.151129722595215 38.72542953491211)
2322_712,3558_20250101_189_0_18,189_0,1,38.7247200012207,-9.150699615478516,15,IN_TRANSIT_TO,2025-03-20 20:41:21,1212,2322,67-46-ZJ,POINT (-9.150699615478516 38.7247200012207)
2412_747,6101_20250101_177_0_23,177_0,0,38.77098083496094,-9.193599700927734,18,IN_TRANSIT_TO,2025-03-20 20:40:53,14101,2412,92-AO-48,POINT (-9.193599700927734 38.77098083496094)
2469_716,3753_20250101_164_0_22,164_0,1,38.73516845703125,-9.147520065307617,21,IN_TRANSIT_TO,2025-03-20 20:40:55,1412,2469,16-AZ-09,POINT (-9.147520065307617 38.73516845703125)
2747_720,4086_20250101_143_0_17,143_0,1,38.73672103881836,-9.134480476379395,24,IN_TRANSIT_TO,2025-03-20 20:40:58,406,2747,AG-09-TH,POINT (-9.134480476379395 38.73672103881836)
2268_768,7347_20250101_111_0_20,111_0,1,38.750099182128906,-9.180069923400879,13,IN_TRANSIT_TO,2025-03-20 20:41:14,13613,2268,76-87-ZG,POINT (-9.180069923400879 38.750099182128906)
1771_735,5182_20250101_172_0_17,172_0,0,38.72426986694336,-9.121899604797363,7,IN_TRANSIT_TO,2025-03-20 20:40:54,2103,1771,63-HX-27,POINT (-9.121899604797363 38.72426986694336)
1725_756,6761_20250101_175_0_23,175_0,1,38.74222183227539,-9.13407039642334,17,IN_TRANSIT_TO,2025-03-20 20:41:18,302,1725,25-AS-37,POINT (-9.13407039642334 38.74222183227539)
202_17B,21713_20250101_247_0_17,247_0,0,38.729698181152344,-9.143950462341309,6,IN_TRANSIT_TO,2025-03-20 20:38:10,50554,202,89-58-XD,POINT (-9.143950462341309 38.729698181152344)
1774_796,8154_20250101_174_0_24,174_0,1,38.78192901611328,-9.162919998168945,9,IN_TRANSIT_TO,2025-03-20 20:40:40,7214,1774,53-HX-07,POINT (-9.162919998168945 38.78192901611328)
2467_729,4757_20250101_104_0_15,104_0,1,38.69729995727539,-9.204669952392578,38,IN_TRANSIT_TO,2025-03-20 20:41:03,13906,2467,16-AZ-14,POINT (-9.204669952392578 38.69729995727539)
2757_713,3621_20250101_122_0_18,122_0,1,38.73109817504883,-9.167920112609863,0,IN_TRANSIT_TO,2025-03-20 20:41:00,,2757,AH-32-ND,POINT (-9.167920112609863 38.73109817504883)
2473_726,4286_20250101_116_0_16,116_0,1,38.73508071899414,-9.14622974395752,24,IN_TRANSIT_TO,2025-03-20 20:41:21,1806,2473,74-BC-68,POINT (-9.14622974395752 38.73508071899414)
2497_720,4087_20250101_143_0_18,143_0,1,38.72856903076172,-9.144720077514648,18,IN_TRANSIT_TO,2025-03-20 20:41:15,6601,2497,88-BL-71,POINT (-9.144720077514648 38.72856903076172)
2967_702,3030_20250101_146_0_33,146_0,0,38.73236846923828,-9.17257022857666,12,IN_TRANSIT_TO,2025-03-20 20:40:53,50085,2967,30-VM-05,POINT (-9.17257022857666 38.73236846923828)
2423_771,21940_20250101_248_0_21,248_0,1,38.742431640625,-9.167670249938965,24,IN_TRANSIT_TO,2025-03-20 20:41:06,50472,2423,29-AU-18,POINT (-9.167670249938965 38.742431640625)
2269_768,7350_20250101_111_0_8,111_0,1,38.77035140991211,-9.192079544067383,1,IN_TRANSIT_TO,2025-03-20 20:41:08,14120,2269,76-88-ZG,POINT (-9.192079544067383 38.77035140991211)
2338_708,3289_20250101_100_0_15,100_0,1,38.72296905517578,-9.135279655456543,40,IN_TRANSIT_TO,2025-03-20 20:41:17,608,2338,53-62-ZJ,POINT (-9.135279655456543 38.72296905517578)
2758_727,4441_20250101_103_0_12,103_0,1,38.70668029785156,-9.155850410461426,26,IN_TRANSIT_TO,2025-03-20 20:41:06,3913,2758,AH-36-ND,POINT (-9.155850410461426 38.70668029785156)
1766_794,8035_20250101_115_0_13,115_0,0,38.74995040893555,-9.105400085449219,32,IN_TRANSIT_TO,2025-03-20 20:41:01,2220,1766,63-HX-33,POINT (-9.105400085449219 38.74995040893555)
2465_729,4801_20250101_104_0_14,104_0,0,38.72813034057617,-9.197270393371582,20,IN_TRANSIT_TO,2025-03-20 20:41:09,8838,2465,55-BH-00,POINT (-9.197270393371582 38.72813034057617)
1777_755,6691_20250101_118_0_6,118_0,0,38.742431640625,-9.10116958618164,0,IN_TRANSIT_TO,2025-03-20 20:41:07,,1777,63-HX-31,POINT (-9.10116958618164 38.742431640625)
2787_738,5550_20250101_117_0_15,117_0,0,38.75392150878906,-9.153900146484375,10,IN_TRANSIT_TO,2025-03-20 20:41:20,5702,2787,AI-55-TL,POINT (-9.153900146484375 38.75392150878906)
2271_731,4974_20250101_190_0_16,190_0,1,38.74571990966797,-9.15647029876709,25,IN_TRANSIT_TO,2025-03-20 20:40:56,13507,2271,92-54-ZM,POINT (-9.15647029876709 38.74571990966797)
1765_742,5676_20250101_114_0_11,114_0,1,38.72785186767578,-9.160449981689453,31,IN_TRANSIT_TO,2025-03-20 20:41:23,6106,1765,63-HX-28,POINT (-9.160449981689453 38.72785186767578)
2498_720,4066_20250101_143_1_17,143_1,0,38.7382698059082,-9.124629974365234,2,IN_TRANSIT_TO,2025-03-20 20:40:46,8903,2498,03-BM-57,POINT (-9.124629974365234 38.7382698059082)
4612_750,6355_20250101_106_0_3,106_0,0,38.759700775146484,-9.13659954071045,10,IN_TRANSIT_TO,2025-03-20 20:40:54,7515,4612,96-GL-89,POINT (-9.13659954071045 38.759700775146484)
4603_750,6313_20250101_106_0_14,106_0,0,38.733619689941406,-9.207579612731934,32,IN_TRANSIT_TO,2025-03-20 20:41:13,8804,4603,96-GL-81,POINT (-9.207579612731934 38.733619689941406)
1712_701,2978_20250101_123_0_21,123_0,1,38.74673080444336,-9.170180320739746,14,IN_TRANSIT_TO,2025-03-20 20:40:58,12707,1712,69-AL-75,POINT (-9.170180320739746 38.74673080444336)
2484_729,4757_20250101_104_0_14,104_0,0,38.74932098388672,-9.191200256347656,11,IN_TRANSIT_TO,2025-03-17 19:57:26,10804,2484,91-BE-76,POINT (-9.191200256347656 38.74932098388672)
225_773,7408_20250101_124_0_31,124_0,0,38.71821975708008,-9.152250289916992,3,IN_TRANSIT_TO,2025-03-20 20:41:17,50146,225,84-37-XQ,POINT (-9.152250289916992 38.71821975708008)
2240_763,49571_20250101_282_0_8,282_0,1,38.77682113647461,-9.174920082092285,12,IN_TRANSIT_TO,2025-03-20 20:41:04,50313,2240,06-31-XX,POINT (-9.174920082092285 38.77682113647461)
2403_767,7250_20250101_112_0_12,112_0,0,38.76060104370117,-9.169679641723633,23,IN_TRANSIT_TO,2025-03-20 20:40:54,50011,2403,50-AL-12,POINT (-9.169679641723633 38.76060104370117)
1707_798,8190_20250101_194_0_30,194_0,1,38.79249954223633,-9.150230407714844,0,IN_TRANSIT_TO,2025-03-20 20:41:17,,1707,69-AL-70,POINT (-9.150230407714844 38.79249954223633)
2426_726,4334_20250101_116_0_13,116_0,0,38.741180419921875,-9.167949676513672,19,IN_TRANSIT_TO,2025-03-20 20:41:09,1611,2426,29-AU-21,POINT (-9.167949676513672 38.741180419921875)
221_773,7378_20250101_124_0_31,124_0,0,38.7117805480957,-9.163880348205566,17,IN_TRANSIT_TO,2025-03-20 20:40:58,10109,221,11-06-XO,POINT (-9.163880348205566 38.7117805480957)
2401_747,6114_20250101_177_0_17,177_0,0,38.76306915283203,-9.170700073242188,9,IN_TRANSIT_TO,2025-03-20 20:41:07,50007,2401,50-AL-14,POINT (-9.170700073242188 38.76306915283203)
2485_729,4788_20250101_104_0_14,104_0,0,38.695899963378906,-9.2189302444458,38,IN_TRANSIT_TO,2025-03-20 20:41:04,13204,2485,91-BE-77,POINT (-9.2189302444458 38.695899963378906)
2764_723,4168_20250101_121_0_17,121_0,1,38.7111701965332,-9.214719772338867,8,IN_TRANSIT_TO,2025-03-20 20:41:21,12404,2764,AH-29-ND,POINT (-9.214719772338867 38.7111701965332)
2474_767,7206_20250101_112_0_5,112_0,0,38.74789810180664,-9.216779708862305,43,IN_TRANSIT_TO,2025-03-20 20:41:09,3007,2474,74-BC-67,POINT (-9.216779708862305 38.74789810180664)
2748_720,4100_20250101_143_0_17,143_0,0,38.70402145385742,-9.185669898986816,29,IN_TRANSIT_TO,2025-03-20 20:41:06,12002,2748,AG-96-TG,POINT (-9.185669898986816 38.70402145385742)
2283_729,4828_20250101_104_0_12,104_0,0,38.748321533203125,-9.19242000579834,36,IN_TRANSIT_TO,2025-03-20 20:41:00,13210,2283,67-39-ZJ,POINT (-9.19242000579834 38.748321533203125)
4840_783,7859_20250101_203_0_6,203_0,0,38.72488021850586,-9.14972972869873,3,IN_TRANSIT_TO,2025-03-20 20:41:00,50197,4840,45-VX-93,POINT (-9.14972972869873 38.72488021850586)
2335_708,3365_20250101_100_0_16,100_0,0,38.758148193359375,-9.111949920654297,19,IN_TRANSIT_TO,2025-03-20 20:40:56,8409,2335,62-98-ZG,POINT (-9.111949920654297 38.758148193359375)
2481_767,7294_20250101_112_0_13,112_0,0,38.7315788269043,-9.140700340270996,4,IN_TRANSIT_TO,2025-03-20 20:41:05,6904,2481,54-BH-99,POINT (-9.140700340270996 38.7315788269043)
204_41B,19375_20250101_232_0_29,232_0,1,38.77455139160156,-9.14883041381836,13,IN_TRANSIT_TO,2025-03-20 20:41:11,50444,204,89-71-XD,POINT (-9.14883041381836 38.77455139160156)
2406_767,7297_20250101_112_0_12,112_0,1,38.72792053222656,-9.140620231628418,41,IN_TRANSIT_TO,2025-03-20 20:41:06,6903,2406,50-AL-09,POINT (-9.140620231628418 38.72792053222656)
2289_799,8217_20250101_120_0_18,120_0,1,38.74497985839844,-9.197970390319824,17,IN_TRANSIT_TO,2025-03-20 20:41:17,2812,2289,92-60-ZM,POINT (-9.197970390319824 38.74497985839844)
2831_728,4601_20250101_204_0_11,204_0,1,38.71649932861328,-9.11948013305664,28,IN_TRANSIT_TO,2025-03-20 20:40:53,2128,2831,BF-72-FZ,POINT (-9.11948013305664 38.71649932861328)
2792_764,7135_20250101_168_0_19,168_0,0,38.75014877319336,-9.1631498336792,3,IN_TRANSIT_TO,2025-03-20 20:41:00,13508,2792,AJ-53-LI,POINT (-9.1631498336792 38.75014877319336)
2434_703,3173_20250101_165_0_15,165_0,0,38.74565124511719,-9.205670356750488,38,IN_TRANSIT_TO,2025-03-20 20:41:14,8816,2434,29-AU-24,POINT (-9.205670356750488 38.74565124511719)
1723_717,3879_20250101_170_0_16,170_0,0,38.77981948852539,-9.152270317077637,27,IN_TRANSIT_TO,2025-03-20 20:41:22,50156,1723,25-AS-35,POINT (-9.152270317077637 38.77981948852539)
223_773,7417_20250101_124_0_10,124_0,1,38.71371841430664,-9.16018009185791,12,IN_TRANSIT_TO,2025-03-20 20:40:58,8111,223,84-38-XQ,POINT (-9.16018009185791 38.71371841430664)
2610_759,6981_20250101_144_0_15,144_0,0,38.718021392822266,-9.118900299072266,9,IN_TRANSIT_TO,2025-03-20 20:41:14,2131,2610,66-VI-20,POINT (-9.118900299072266 38.718021392822266)
2773_713,20157_20250101_122_0_15,122_0,0,38.71662139892578,-9.175370216369629,32,IN_TRANSIT_TO,2025-03-20 20:41:16,11903,2773,AH-39-ND,POINT (-9.175370216369629 38.71662139892578)
1728_708,3351_20250101_100_0_13,100_0,0,38.77497100830078,-9.095999717712402,30,IN_TRANSIT_TO,2025-03-20 20:41:21,7823,1728,25-AS-40,POINT (-9.095999717712402 38.77497100830078)
2798_764,7162_20250101_168_0_19,168_0,0,38.744380950927734,-9.193949699401855,19,IN_TRANSIT_TO,2025-03-20 20:41:08,10818,2798,AJ-56-LI,POINT (-9.193949699401855 38.744380950927734)
4838_783,7817_20250101_203_0_16,203_0,1,38.7246208190918,-9.159749984741211,29,IN_TRANSIT_TO,2025-03-20 20:41:17,1223,4838,34-VR-22,POINT (-9.159749984741211 38.7246208190918)
2751_755,6641_20250101_118_0_6,118_0,0,38.756168365478516,-9.145549774169922,33,IN_TRANSIT_TO,2025-03-20 20:41:15,103,2751,AG-12-TH,POINT (-9.145549774169922 38.756168365478516)
2249_731,19406_20250101_190_0_16,190_0,1,38.74203109741211,-9.16841983795166,31,IN_TRANSIT_TO,2025-03-20 20:41:17,1614,2249,22-32-ZB,POINT (-9.16841983795166 38.74203109741211)
2944_31B,17538_20250101_210_0_22,210_0,0,38.75611877441406,-9.118370056152344,31,IN_TRANSIT_TO,2025-03-20 20:41:16,14702,2944,75-GO-13,POINT (-9.118370056152344 38.75611877441406)
2843_728,4569_20250101_204_0_11,204_0,1,38.69654846191406,-9.19909954071045,42,IN_TRANSIT_TO,2025-03-20 20:41:22,4102,2843,BF-63-FZ,POINT (-9.19909954071045 38.69654846191406)
2296_724,4222_20250101_178_0_24,178_0,1,38.72584915161133,-9.198949813842773,19,IN_TRANSIT_TO,2025-03-20 20:41:10,50183,2296,92-51-ZM,POINT (-9.198949813842773 38.72584915161133)
213_773,7416_20250101_124_0_30,124_0,1,38.711830139160156,-9.153980255126953,18,IN_TRANSIT_TO,2025-03-20 20:41:08,6708,213,44-10-XL,POINT (-9.153980255126953 38.711830139160156)
209_46B,21509_20250101_239_0_17,239_0,0,38.75550079345703,-9.136249542236328,9,IN_TRANSIT_TO,2025-03-20 20:41:21,7404,209,33-46-XH,POINT (-9.136249542236328 38.75550079345703)
2210_708,3347_20250101_100_0_12,100_0,0,38.79433059692383,-9.097419738769531,39,IN_TRANSIT_TO,2025-03-20 20:41:09,50303,2210,01-66-XO,POINT (-9.097419738769531 38.79433059692383)
2217_742,5783_20250101_114_0_12,114_0,1,38.7275505065918,-9.119529724121094,47,IN_TRANSIT_TO,2025-03-20 20:41:13,11704,2217,07-99-XS,POINT (-9.119529724121094 38.7275505065918)
2214_735,5263_20250101_172_1_15,172_1,0,38.72249984741211,-9.128870010375977,16,IN_TRANSIT_TO,2025-03-20 20:41:23,7003,2214,08-02-XS,POINT (-9.128870010375977 38.72249984741211)
2834_728,4724_20250101_204_4_5,204_4,1,38.69657897949219,-9.199119567871094,15,IN_TRANSIT_TO,2025-03-20 20:41:00,4102,2834,BF-76-FZ,POINT (-9.199119567871094 38.69657897949219)
2215_794,8101_20250101_115_0_16,115_0,1,38.75212097167969,-9.121179580688477,23,IN_TRANSIT_TO,2025-03-20 20:41:21,14729,2215,08-01-XS,POINT (-9.121179580688477 38.75212097167969)
2212_742,5747_20250101_114_0_13,114_0,0,38.7044792175293,-9.183019638061523,42,IN_TRANSIT_TO,2025-03-20 20:41:17,12004,2212,08-05-XS,POINT (-9.183019638061523 38.7044792175293)
2781_764,7142_20250101_168_0_19,168_0,1,38.75852966308594,-9.180319786071777,23,IN_TRANSIT_TO,2025-03-20 20:40:59,12803,2781,AI-00-BT,POINT (-9.180319786071777 38.75852966308594)
2205_793,7994_20250101_145_0_23,145_0,1,38.74327850341797,-9.132780075073242,2,IN_TRANSIT_TO,2025-03-20 20:40:39,308,2205,01-71-XO,POINT (-9.132780075073242 38.74327850341797)
2203_742,5761_20250101_114_0_5,114_0,0,38.70655059814453,-9.173419952392578,37,IN_TRANSIT_TO,2025-03-20 20:41:00,9403,2203,72-19-XN,POINT (-9.173419952392578 38.70655059814453)
2208_793,8019_20250101_145_0_22,145_0,0,38.7353515625,-9.108519554138184,4,IN_TRANSIT_TO,2025-03-20 20:41:00,12518,2208,01-69-XO,POINT (-9.108519554138184 38.7353515625)
2206_793,7989_20250101_145_0_23,145_0,1,38.7411994934082,-9.11217975616455,17,IN_TRANSIT_TO,2025-03-20 20:41:15,3716,2206,01-67-XO,POINT (-9.11217975616455 38.7411994934082)
2220_796,8127_20250101_174_0_16,174_0,1,38.76633071899414,-9.157670021057129,14,IN_TRANSIT_TO,2025-03-20 12:03:35,5902,2220,07-96-XS,POINT (-9.157670021057129 38.76633071899414)
6002_706,3259_20250101_147_0_10,147_0,0,38.708919525146484,-9.15293025970459,7,IN_TRANSIT_TO,2025-03-20 20:40:45,7103,6002,98-XU-85,POINT (-9.15293025970459 38.708919525146484)
2223_742,5666_20250101_114_0_12,114_0,1,38.73352813720703,-9.13401985168457,41,IN_TRANSIT_TO,2025-03-20 20:41:18,517,2223,08-16-XS,POINT (-9.13401985168457 38.73352813720703)
6028_760,7110_20250101_171_0_6,171_0,1,38.71398162841797,-9.13776969909668,34,IN_TRANSIT_TO,2025-03-20 20:41:13,905,6028,BF-68-AX,POINT (-9.13776969909668 38.71398162841797)
234_49B,22225_20250101_251_0_22,251_0,0,38.744781494140625,-9.141249656677246,2,IN_TRANSIT_TO,2025-03-20 20:41:14,50563,234,13-31-XZ,POINT (-9.141249656677246 38.744781494140625)
412_19B,21687_20250101_245_0_24,245_0,0,38.71487045288086,-9.150199890136719,10,IN_TRANSIT_TO,2025-03-20 20:41:17,6713,412,BF-65-TC,POINT (-9.150199890136719 38.71487045288086)
568_28E,14895_20250101_75_0_23,75_0,1,38.71297073364258,-9.129500389099121,11,IN_TRANSIT_TO,2025-03-20 20:41:01,13811,568,,POINT (-9.129500389099121 38.71297073364258)
2226_742,5737_20250101_114_0_11,114_0,0,38.70684814453125,-9.196499824523926,49,IN_TRANSIT_TO,2025-03-20 20:41:07,13312,2226,06-35-XX,POINT (-9.196499824523926 38.70684814453125)
2230_760,7044_20250101_171_0_10,171_0,1,38.70417022705078,-9.173830032348633,25,IN_TRANSIT_TO,2025-03-20 20:40:53,4001,2230,06-36-XX,POINT (-9.173830032348633 38.70417022705078)
2222_742,5769_20250101_114_0_12,114_0,0,38.727630615234375,-9.162070274353027,28,IN_TRANSIT_TO,2025-03-20 20:41:00,6115,2222,08-17-XS,POINT (-9.162070274353027 38.727630615234375)
2836_751,6523_20250101_109_0_8,109_0,1,38.698448181152344,-9.188179969787598,21,IN_TRANSIT_TO,2025-03-20 20:41:16,9507,2836,BF-70-FZ,POINT (-9.188179969787598 38.698448181152344)
2207_793,8007_20250101_145_0_22,145_0,0,38.74074935913086,-9.122520446777344,23,IN_TRANSIT_TO,2025-03-20 20:41:08,3609,2207,01-70-XO,POINT (-9.122520446777344 38.74074935913086)
413_22B,19420_20250101_236_0_29,236_0,0,38.7147216796875,-9.149880409240723,8,IN_TRANSIT_TO,2025-03-20 20:39:19,50075,413,BF-41-TS,POINT (-9.149880409240723 38.7147216796875)
4615_750,6290_20250101_106_0_13,106_0,0,38.70331954956055,-9.227279663085938,39,IN_TRANSIT_TO,2025-03-20 20:41:17,4225,4615,22-GP-49,POINT (-9.227279663085938 38.70331954956055)
2233_768,7341_20250101_111_0_24,111_0,0,38.750179290771484,-9.161720275878906,2,IN_TRANSIT_TO,2025-03-20 20:41:09,13508,2233,06-38-XX,POINT (-9.161720275878906 38.750179290771484)
2231_724,4191_20250101_178_0_23,178_0,0,38.70664978027344,-9.178899765014648,0,IN_TRANSIT_TO,2025-03-20 20:41:15,,2231,06-28-XX,POINT (-9.178899765014648 38.70664978027344)
2232_765,18944_20250101_110_0_55,110_0,0,38.753971099853516,-9.206170082092285,8,IN_TRANSIT_TO,2025-03-20 20:40:57,10927,2232,06-23-XX,POINT (-9.206170082092285 38.753971099853516)
2237_731,5025_20250101_190_0_15,190_0,0,38.750099182128906,-9.158129692077637,13,IN_TRANSIT_TO,2025-03-20 20:41:02,13505,2237,06-27-XX,POINT (-9.158129692077637 38.750099182128906)
615_15E,11186_20250101_76_0_21,76_0,0,38.698028564453125,-9.190620422363281,10,IN_TRANSIT_TO,2025-03-20 20:40:56,9506,615,,POINT (-9.190620422363281 38.698028564453125)
2241_758,6889_20250101_150_0_17,150_0,0,38.731868743896484,-9.162449836730957,14,IN_TRANSIT_TO,2025-03-20 20:40:58,6121,2241,22-37-ZB,POINT (-9.162449836730957 38.731868743896484)
2273_726,4317_20250101_116_0_16,116_0,1,38.766780853271484,-9.202249526977539,0,IN_TRANSIT_TO,2025-03-20 20:41:12,,2273,76-81-ZG,POINT (-9.202249526977539 38.766780853271484)
2267_767,7184_20250101_112_0_12,112_0,1,38.748050689697266,-9.191550254821777,15,IN_TRANSIT_TO,2025-03-20 20:40:57,10835,2267,76-86-ZG,POINT (-9.191550254821777 38.748050689697266)
