id,trip_id,route_id,direction_id,latitude,longitude,current_stop_sequence,current_status,timestamp,stop_id,vehicle_id,license_plate,geometry
6032_732,5096_20250901_107_0_7,107_0,0,38.706329345703125,-9.145130157470703,19,IN_TRANSIT_TO,2025-11-13 17:18:31,3820,6032,BF-93-BC,POINT (-9.145130157470703 38.706329345703125)
2689_738,5512_20250901_117_0_12,117_0,1,38.753379821777344,-9.15038013458252,26,IN_TRANSIT_TO,2025-11-13 17:18:34,2017,2689,93-XA-45,POINT (-9.15038013458252 38.753379821777344)
4645_728,4681_20250901_204_0_10,204_0,0,38.708770751953125,-9.135069847106934,21,IN_TRANSIT_TO,2025-11-13 17:18:14,5501,4645,98-JO-46,POINT (-9.135069847106934 38.708770751953125)
2302_794,8067_20250901_115_0_13,115_0,1,38.75703048706055,-9.10338020324707,4,IN_TRANSIT_TO,2025-11-13 17:18:35,2320,2302,83-08-ZM,POINT (-9.10338020324707 38.75703048706055)
2253_747,6114_20250901_177_0_11,177_0,0,38.76382064819336,-9.198829650878906,20,IN_TRANSIT_TO,2025-11-13 17:18:39,13909,2253,80-52-ZE,POINT (-9.198829650878906 38.76382064819336)
611_15E,11228_20250901_76_0_14,76_0,1,38.703670501708984,-9.171549797058105,15,IN_TRANSIT_TO,2025-11-13 17:18:33,4001,611,,POINT (-9.171549797058105 38.703670501708984)
4607_750,6313_20250901_106_0_12,106_0,0,38.758018493652344,-9.141830444335938,12,IN_TRANSIT_TO,2025-11-13 17:18:34,11306,4607,96-GL-84,POINT (-9.141830444335938 38.758018493652344)
304_794,8091_20250901_115_0_13,115_0,0,38.754119873046875,-9.113880157470703,28,IN_TRANSIT_TO,2025-11-13 17:18:23,24377,304,22-SP-91,POINT (-9.113880157470703 38.754119873046875)
4606_748,6162_20250901_169_0_4,169_0,1,38.713348388671875,-9.22523021697998,5,IN_TRANSIT_TO,2025-11-13 17:18:09,14309,4606,96-GL-83,POINT (-9.22523021697998 38.713348388671875)
2254_771,21936_20250901_248_0_17,248_0,0,38.72713088989258,-9.16211986541748,8,IN_TRANSIT_TO,2025-11-13 17:18:32,6102,2254,80-51-ZE,POINT (-9.16211986541748 38.72713088989258)
6022_732,5038_20250901_107_0_8,107_0,0,38.74814987182617,-9.149530410766602,3,IN_TRANSIT_TO,2025-11-13 17:18:26,2010,6022,BF-48-BB,POINT (-9.149530410766602 38.74814987182617)
2315_723,4176_20250901_121_0_11,121_0,0,38.69504928588867,-9.215849876403809,28,IN_TRANSIT_TO,2025-11-13 17:18:12,50385,2315,61-88-ZB,POINT (-9.215849876403809 38.69504928588867)
2440_729,4779_20250901_104_0_9,104_0,1,38.761871337890625,-9.196929931640625,37,IN_TRANSIT_TO,2025-11-13 17:18:38,13904,2440,29-AX-08,POINT (-9.196929931640625 38.761871337890625)
2992_774,7472_20250901_192_0_3,192_0,1,38.7211799621582,-9.162269592285156,10,IN_TRANSIT_TO,2025-11-13 17:18:32,8519,2992,29-VM-95,POINT (-9.162269592285156 38.7211799621582)
2317_714,3712_20250901_102_0_7,102_0,1,38.71731948852539,-9.210049629211426,10,IN_TRANSIT_TO,2025-11-13 17:18:37,10405,2317,61-86-ZB,POINT (-9.210049629211426 38.71731948852539)
2766_742,5782_20250901_114_0_8,114_0,1,38.70320129394531,-9.179849624633789,19,IN_TRANSIT_TO,2025-11-13 17:18:19,12107,2766,AH-40-ND,POINT (-9.179849624633789 38.70320129394531)
2250_731,19403_20240727_190_0_8,190_0,1,38.78303146362305,-9.114009857177734,3,IN_TRANSIT_TO,2024-08-10 10:41:27,12610,2250,80-41-ZE,POINT (-9.114009857177734 38.78303146362305)
4602_748,6160_20250901_169_0_24,169_0,1,38.72488021850586,-9.155579566955566,8,IN_TRANSIT_TO,2025-11-13 17:18:37,8502,4602,96-GL-80,POINT (-9.155579566955566 38.72488021850586)
6021_706,3241_20250901_147_0_13,147_0,1,38.727420806884766,-9.137649536132812,17,IN_TRANSIT_TO,2025-11-13 17:18:38,613,6021,BD-91-QG,POINT (-9.137649536132812 38.727420806884766)
612_15E,11318_20250901_76_0_15,76_0,0,38.70378112792969,-9.179200172424316,10,IN_TRANSIT_TO,2025-11-13 17:18:24,12116,612,,POINT (-9.179200172424316 38.70378112792969)
2256_758,6877_20250901_150_0_12,150_0,1,38.72391891479492,-9.160880088806152,22,IN_TRANSIT_TO,2025-11-13 17:18:28,8512,2256,80-53-ZE,POINT (-9.160880088806152 38.72391891479492)
2795_727,4552_20250901_103_0_10,103_0,1,38.705970764160156,-9.172880172729492,19,IN_TRANSIT_TO,2025-11-13 17:18:23,12105,2795,AJ-55-LI,POINT (-9.172880172729492 38.705970764160156)
2830_753,6564_20250901_167_0_22,167_0,1,38.678619384765625,-9.174500465393066,2,IN_TRANSIT_TO,2025-11-13 17:18:22,14602,2830,BF-57-FZ,POINT (-9.174500465393066 38.678619384765625)
4620_728,4714_20250901_204_0_9,204_0,1,38.70787811279297,-9.20598030090332,49,IN_TRANSIT_TO,2025-11-13 17:18:23,13116,4620,22-GP-54,POINT (-9.20598030090332 38.70787811279297)
2951_55B,21534_20250901_240_0_23,240_0,0,38.76715087890625,-9.179450035095215,13,IN_TRANSIT_TO,2025-11-13 17:18:24,12830,2951,62-GQ-53,POINT (-9.179450035095215 38.76715087890625)
2624_759,6961_20250901_144_0_10,144_0,1,38.71123123168945,-9.126779556274414,41,IN_TRANSIT_TO,2025-11-13 17:18:27,2118,2624,72-VP-82,POINT (-9.126779556274414 38.71123123168945)
1745_767,20160_20250901_112_0_9,112_0,1,38.756649017333984,-9.202369689941406,9,IN_TRANSIT_TO,2025-11-13 17:18:21,13712,1745,92-HR-02,POINT (-9.202369689941406 38.756649017333984)
4642_750,6283_20250901_106_0_3,106_0,0,38.74620056152344,-9.197930335998535,25,IN_TRANSIT_TO,2025-11-13 17:18:17,2804,4642,90-JI-99,POINT (-9.197930335998535 38.74620056152344)
4614_750,6404_20250901_106_0_2,106_0,1,38.7033805847168,-9.227219581604004,3,IN_TRANSIT_TO,2025-11-13 17:18:12,4224,4614,96-GL-90,POINT (-9.227219581604004 38.7033805847168)
4616_748,6144_20250901_169_0_25,169_0,0,38.726051330566406,-9.150799751281738,1,IN_TRANSIT_TO,2025-11-13 17:18:36,1229,4616,22-GP-50,POINT (-9.150799751281738 38.726051330566406)
2943_32B,17548_20250901_211_0_17,211_0,0,38.752498626708984,-9.114720344543457,4,IN_TRANSIT_TO,2025-11-13 17:18:21,24382,2943,51-GL-83,POINT (-9.114720344543457 38.752498626708984)
4611_750,6421_20250901_106_0_11,106_0,0,38.726871490478516,-9.208849906921387,32,IN_TRANSIT_TO,2025-11-13 17:18:21,14008,4611,96-GL-88,POINT (-9.208849906921387 38.726871490478516)
2950_29B,17534_20250901_209_0_16,209_0,0,38.76218032836914,-9.109820365905762,8,IN_TRANSIT_TO,2025-11-13 17:18:38,8442,2950,62-GQ-51,POINT (-9.109820365905762 38.76218032836914)
2945_26B,17510_20250901_208_0_18,208_0,1,38.763370513916016,-9.098050117492676,5,IN_TRANSIT_TO,2025-11-13 17:18:14,2402,2945,75-GO-14,POINT (-9.098050117492676 38.763370513916016)
2949_26B,17520_20250901_208_0_17,208_0,0,38.78627014160156,-9.096920013427734,3,IN_TRANSIT_TO,2025-11-13 17:18:18,50305,2949,62-GQ-52,POINT (-9.096920013427734 38.78627014160156)
4646_750,6290_20250901_106_0_11,106_0,0,38.75577926635742,-9.15155029296875,14,IN_TRANSIT_TO,2025-11-13 17:18:30,5707,4646,11-JM-79,POINT (-9.15155029296875 38.75577926635742)
4629_796,8140_20250901_174_0_28,174_0,1,38.7923698425293,-9.156270027160645,4,IN_TRANSIT_TO,2025-11-05 15:40:33,11607,4629,11-JM-77,POINT (-9.156270027160645 38.7923698425293)
2973_52B,21671_20250901_244_0_16,244_0,0,38.74602127075195,-9.15701961517334,6,IN_TRANSIT_TO,2025-11-13 17:18:13,50542,2973,30-VM-13,POINT (-9.15701961517334 38.74602127075195)
4818_751,6481_20250901_109_0_10,109_0,0,38.69921875,-9.22562026977539,22,IN_TRANSIT_TO,2025-11-13 17:18:18,4205,4818,42-VT-57,POINT (-9.22562026977539 38.69921875)
2699_713,3605_20250901_122_0_11,122_0,0,38.70512008666992,-9.161270141601562,25,IN_TRANSIT_TO,2025-11-13 17:18:19,3908,2699,92-XQ-25,POINT (-9.161270141601562 38.70512008666992)
2691_727,4518_20250901_103_0_2,103_0,1,38.744720458984375,-9.147250175476074,42,IN_TRANSIT_TO,2025-11-13 17:18:15,1903,2691,90-XF-45,POINT (-9.147250175476074 38.744720458984375)
2690_727,4498_20250901_103_0_2,103_0,0,38.7258186340332,-9.15095043182373,13,IN_TRANSIT_TO,2025-11-13 17:18:17,1206,2690,99-XE-57,POINT (-9.15095043182373 38.7258186340332)
2694_738,5561_20250901_117_0_11,117_0,0,38.737918853759766,-9.14585018157959,17,IN_TRANSIT_TO,2025-11-13 17:18:25,1810,2694,90-XF-49,POINT (-9.14585018157959 38.737918853759766)
2669_764,7135_20250901_168_0_15,168_0,0,38.750221252441406,-9.16034984588623,2,IN_TRANSIT_TO,2025-11-13 17:18:28,13507,2669,87-XB-34,POINT (-9.16034984588623 38.750221252441406)
6048_760,7044_20250901_171_0_7,171_0,0,38.706180572509766,-9.182220458984375,19,IN_TRANSIT_TO,2025-11-13 17:18:39,12120,6048,BH-46-IR,POINT (-9.182220458984375 38.706180572509766)
2695_723,4182_20250901_121_0_13,121_0,0,38.724971771240234,-9.1564302444458,8,IN_TRANSIT_TO,2025-11-13 17:18:36,1223,2695,90-XF-50,POINT (-9.1564302444458 38.724971771240234)
2705_754,6584_20250901_201_0_12,201_0,1,38.74082946777344,-9.209050178527832,14,IN_TRANSIT_TO,2025-11-13 17:18:11,8815,2705,92-XQ-29,POINT (-9.209050178527832 38.74082946777344)
2684_727,4553_20250901_103_0_10,103_0,1,38.69755172729492,-9.204050064086914,11,IN_TRANSIT_TO,2025-11-13 17:18:37,9601,2684,99-XE-59,POINT (-9.204050064086914 38.69755172729492)
2683_714,3662_20250901_102_0_13,102_0,0,38.70330047607422,-9.211529731750488,24,IN_TRANSIT_TO,2025-11-13 17:15:18,13122,2683,99-XE-55,POINT (-9.211529731750488 38.70330047607422)
2682_746,5958_20250901_108_0_18,108_0,1,38.75225067138672,-9.205849647521973,3,IN_TRANSIT_TO,2025-11-13 17:18:32,11001,2682,93-XA-42,POINT (-9.205849647521973 38.75225067138672)
6047_729,4820_20250901_104_0_10,104_0,1,38.696128845214844,-9.209699630737305,5,IN_TRANSIT_TO,2025-11-13 17:18:19,13209,6047,BH-20-IP,POINT (-9.209699630737305 38.696128845214844)
6046_760,7105_20250901_171_0_10,171_0,1,38.71162033081055,-9.20851993560791,3,IN_TRANSIT_TO,2025-11-13 17:18:29,12912,6046,BH-73-IR,POINT (-9.20851993560791 38.71162033081055)
4619_750,6401_20250901_106_0_11,106_0,1,38.70732879638672,-9.225870132446289,5,IN_TRANSIT_TO,2025-11-13 17:18:24,18402,4619,22-GP-53,POINT (-9.225870132446289 38.70732879638672)
2947_26B,17510_20250901_208_0_17,208_0,0,38.775028228759766,-9.096070289611816,9,IN_TRANSIT_TO,2025-11-12 16:39:13,50123,2947,51-GL-84,POINT (-9.096070289611816 38.775028228759766)
2678_738,5572_20250901_117_0_12,117_0,1,38.75025177001953,-9.160420417785645,29,IN_TRANSIT_TO,2025-11-13 17:18:12,13507,2678,93-XA-39,POINT (-9.160420417785645 38.75025177001953)
2948_31B,17538_20250901_210_0_17,210_0,0,38.74932861328125,-9.105199813842773,10,IN_TRANSIT_TO,2025-11-13 17:18:28,2205,2948,51-GL-85,POINT (-9.105199813842773 38.74932861328125)
2958_798,8198_20250901_194_0_23,194_0,0,38.76642990112305,-9.152950286865234,6,IN_TRANSIT_TO,2025-11-13 17:18:25,5838,2958,27-GU-73,POINT (-9.152950286865234 38.76642990112305)
2676_714,3709_20250901_102_0_12,102_0,1,38.709800720214844,-9.215450286865234,14,IN_TRANSIT_TO,2025-11-13 17:18:16,12407,2676,87-XB-40,POINT (-9.215450286865234 38.709800720214844)
2957_765,18944_20250901_110_0_42,110_0,1,38.75505065917969,-9.194129943847656,9,IN_TRANSIT_TO,2025-11-13 17:18:25,10917,2957,27-GU-72,POINT (-9.194129943847656 38.75505065917969)
2671_723,63530_20250901_121_0_11,121_0,1,38.722679138183594,-9.141550064086914,33,IN_TRANSIT_TO,2025-11-13 17:18:31,9206,2671,87-XB-43,POINT (-9.141550064086914 38.722679138183594)
2681_711,3484_20250901_101_0_11,101_0,0,38.72663116455078,-9.193770408630371,11,IN_TRANSIT_TO,2025-11-13 17:18:32,8701,2681,93-XA-41,POINT (-9.193770408630371 38.72663116455078)
2673_711,3497_20250901_101_0_3,101_0,0,38.71971893310547,-9.145099639892578,6,IN_TRANSIT_TO,2025-11-13 17:17:50,1103,2673,87-XB-37,POINT (-9.145099639892578 38.71971893310547)
2679_713,3612_20250901_122_0_15,122_0,0,38.73432922363281,-9.153550148010254,6,IN_TRANSIT_TO,2025-11-13 17:18:39,1413,2679,93-XA-34,POINT (-9.153550148010254 38.73432922363281)
2672_714,3689_20250901_102_0_11,102_0,0,38.70647048950195,-9.153949737548828,3,IN_TRANSIT_TO,2025-11-13 17:18:17,7102,2672,87-XB-44,POINT (-9.153949737548828 38.70647048950195)
2670_711,3475_20250901_101_0_13,101_0,0,38.74964904785156,-9.207779884338379,22,IN_TRANSIT_TO,2025-11-13 17:18:32,2909,2670,87-XB-32,POINT (-9.207779884338379 38.74964904785156)
2964_716,3734_20250901_164_0_13,164_0,0,38.73944854736328,-9.15017032623291,6,IN_TRANSIT_TO,2025-11-13 17:18:12,1407,2964,30-VM-19,POINT (-9.15017032623291 38.73944854736328)
2962_737,5489_20250901_173_0_39,173_0,0,38.71004867553711,-9.135199546813965,2,IN_TRANSIT_TO,2025-11-13 17:18:24,5601,2962,30-VM-07,POINT (-9.135199546813965 38.71004867553711)
2961_79B,18671_20250901_221_0_12,221_0,0,38.7116813659668,-9.214730262756348,24,IN_TRANSIT_TO,2025-11-13 17:18:14,12401,2961,26-VD-02,POINT (-9.214730262756348 38.7116813659668)
4623_783,7835_20250901_203_0_13,203_0,0,38.733821868896484,-9.14465045928955,7,IN_TRANSIT_TO,2025-11-13 17:17:06,1807,4623,27-JO-12,POINT (-9.14465045928955 38.733821868896484)
510_15E,11212_20250901_76_0_14,76_0,1,38.706268310546875,-9.155719757080078,18,IN_TRANSIT_TO,2025-11-13 17:18:34,3901,510,,POINT (-9.155719757080078 38.706268310546875)
6031_732,5093_20250901_107_0_8,107_0,0,38.70438003540039,-9.174429893493652,25,IN_TRANSIT_TO,2025-11-13 17:18:13,4004,6031,BF-87-AX,POINT (-9.174429893493652 38.70438003540039)
4819_728,4621_20250901_204_0_10,204_0,0,38.780128479003906,-9.101550102233887,48,IN_TRANSIT_TO,2025-11-13 17:18:32,7903,4819,34-VR-16,POINT (-9.101550102233887 38.780128479003906)
2718_709,3401_20250901_148_0_27,148_0,1,38.71495056152344,-9.166520118713379,2,IN_TRANSIT_TO,2025-11-13 17:18:30,8019,2718,92-XQ-23,POINT (-9.166520118713379 38.71495056152344)
547_25E,14268_20250901_79_0_18,79_0,0,38.71187973022461,-9.160300254821777,11,IN_TRANSIT_TO,2025-11-13 17:18:24,10014,547,,POINT (-9.160300254821777 38.71187973022461)
6049_760,7022_20250901_171_0_10,171_0,0,38.71187973022461,-9.211030006408691,36,IN_TRANSIT_TO,2025-11-13 17:18:33,12922,6049,BH-47-IR,POINT (-9.211030006408691 38.71187973022461)
6050_760,7066_20250901_171_0_10,171_0,0,38.71485137939453,-9.13759994506836,8,IN_TRANSIT_TO,2025-11-13 17:18:18,815,6050,BH-62-IR,POINT (-9.13759994506836 38.71485137939453)
2347_799,8217_20250901_120_0_12,120_0,1,38.751468658447266,-9.197369575500488,21,IN_TRANSIT_TO,2025-11-13 17:18:30,10914,2347,53-61-ZJ,POINT (-9.197369575500488 38.751468658447266)
2441_716,3718_20250901_164_0_19,164_0,0,38.73944854736328,-9.166850090026855,11,IN_TRANSIT_TO,2025-11-13 17:18:22,1601,2441,29-AX-07,POINT (-9.166850090026855 38.73944854736328)
2658_776,7489_20250901_193_0_41,193_0,1,38.70066833496094,-9.243550300598145,6,IN_TRANSIT_TO,2025-11-13 17:18:19,14903,2658,05-VZ-71,POINT (-9.243550300598145 38.70066833496094)
2479_729,4810_20250901_104_0_10,104_0,1,38.74028015136719,-9.200849533081055,22,IN_TRANSIT_TO,2025-11-13 17:18:29,8837,2479,91-BE-74,POINT (-9.200849533081055 38.74028015136719)
2493_742,5776_20250901_114_0_11,114_0,1,38.732730865478516,-9.130370140075684,43,IN_TRANSIT_TO,2025-11-13 17:18:32,502,2493,88-BL-65,POINT (-9.130370140075684 38.732730865478516)
2288_758,6889_20250901_150_0_14,150_0,1,38.747501373291016,-9.19021987915039,7,IN_TRANSIT_TO,2025-11-13 17:18:26,10803,2288,92-59-ZM,POINT (-9.19021987915039 38.747501373291016)
2763_742,5747_20250901_114_0_11,114_0,0,38.73357009887695,-9.154600143432617,25,IN_TRANSIT_TO,2025-11-13 17:18:15,1413,2763,AH-23-ND,POINT (-9.154600143432617 38.73357009887695)
2755_735,5263_20250901_172_1_12,172_1,1,38.73326873779297,-9.132379531860352,2,IN_TRANSIT_TO,2025-11-13 17:18:32,504,2755,AG-95-TG,POINT (-9.132379531860352 38.73326873779297)
2282_758,6793_20250901_150_0_13,150_0,0,38.74523162841797,-9.180879592895508,22,IN_TRANSIT_TO,2025-11-13 17:18:21,10704,2282,67-35-ZJ,POINT (-9.180879592895508 38.74523162841797)
2281_767,7281_20250901_112_0_8,112_0,1,38.756431579589844,-9.146570205688477,30,IN_TRANSIT_TO,2025-11-13 17:18:19,5706,2281,67-56-ZJ,POINT (-9.146570205688477 38.756431579589844)
2628_722,4107_20250901_196_0_12,196_0,1,38.769100189208984,-9.128049850463867,16,IN_TRANSIT_TO,2025-11-13 17:18:28,7602,2628,52-VP-82,POINT (-9.128049850463867 38.769100189208984)
2841_751,6523_20250901_109_0_14,109_0,1,38.69947814941406,-9.224849700927734,12,IN_TRANSIT_TO,2025-11-13 17:18:26,4204,2841,BF-55-FZ,POINT (-9.224849700927734 38.69947814941406)
1717_720,4077_20250901_143_0_2,143_0,0,38.715450286865234,-9.160699844360352,19,IN_TRANSIT_TO,2025-11-13 17:18:18,8104,1717,69-AL-80,POINT (-9.160699844360352 38.715450286865234)
4832_736,5424_20250901_199_0_10,199_0,1,38.772918701171875,-9.161279678344727,10,IN_TRANSIT_TO,2025-11-13 17:18:26,5906,4832,68-VQ-51,POINT (-9.161279678344727 38.772918701171875)
2717_709,3411_20250901_148_0_4,148_0,1,38.71461868286133,-9.170049667358398,0,IN_TRANSIT_TO,2025-11-13 17:17:38,,2717,92-XQ-16,POINT (-9.170049667358398 38.71461868286133)
2629_744,5850_20250901_200_0_11,200_0,0,38.76782989501953,-9.104120254516602,24,IN_TRANSIT_TO,2025-11-13 17:18:17,7711,2629,52-VP-81,POINT (-9.104120254516602 38.76782989501953)
4624_783,7857_20250901_203_0_12,203_0,1,38.77362823486328,-9.118820190429688,8,IN_TRANSIT_TO,2025-11-13 17:18:21,12206,4624,11-JM-75,POINT (-9.118820190429688 38.77362823486328)
6034_760,7061_20250901_171_0_11,171_0,0,38.70647048950195,-9.148280143737793,12,IN_TRANSIT_TO,2025-11-13 17:18:37,50339,6034,BF-61-AX,POINT (-9.148280143737793 38.70647048950195)
306_708,3311_20250901_100_0_12,100_0,0,38.76070022583008,-9.111969947814941,20,IN_TRANSIT_TO,2025-11-13 17:18:35,8414,306,73-ST-81,POINT (-9.111969947814941 38.76070022583008)
305_708,3276_20250901_100_0_12,100_0,0,38.791419982910156,-9.09928035736084,37,IN_TRANSIT_TO,2025-11-13 17:18:35,50340,305,73-ST-80,POINT (-9.09928035736084 38.791419982910156)
307_742,5788_20250901_114_0_9,114_0,1,38.70502853393555,-9.199350357055664,11,IN_TRANSIT_TO,2025-11-13 17:18:22,10301,307,73-ST-82,POINT (-9.199350357055664 38.70502853393555)
6007_732,5101_20250901_107_0_2,107_0,0,38.72663116455078,-9.147299766540527,11,IN_TRANSIT_TO,2025-11-13 17:18:41,6602,6007,80-ZC-62,POINT (-9.147299766540527 38.72663116455078)
4601_750,6393_20250901_106_0_8,106_0,1,38.75004959106445,-9.197500228881836,15,IN_TRANSIT_TO,2025-11-13 17:18:31,10907,4601,96-GL-79,POINT (-9.197500228881836 38.75004959106445)
2294_714,3706_20250901_102_0_2,102_0,1,38.69860076904297,-9.187419891357422,25,IN_TRANSIT_TO,2025-11-13 17:18:30,9505,2294,92-52-ZM,POINT (-9.187419891357422 38.69860076904297)
2783_738,5544_20250901_117_0_2,117_0,1,38.715599060058594,-9.1599702835083,12,IN_TRANSIT_TO,2025-11-13 17:18:30,8103,2783,AI-10-BT,POINT (-9.1599702835083 38.715599060058594)
4633_756,6764_20250901_175_0_12,175_0,0,38.73188018798828,-9.165019989013672,16,IN_TRANSIT_TO,2025-11-13 17:18:38,6126,4633,90-JI-94,POINT (-9.165019989013672 38.73188018798828)
2259_768,7350_20250901_111_0_3,111_0,0,38.76190185546875,-9.197179794311523,20,IN_TRANSIT_TO,2025-11-13 17:16:23,13904,2259,67-44-ZJ,POINT (-9.197179794311523 38.76190185546875)
2270_703,3166_20250901_165_0_10,165_0,1,38.78377914428711,-9.149250030517578,34,IN_TRANSIT_TO,2025-11-13 17:18:34,50045,2270,76-82-ZG,POINT (-9.149250030517578 38.78377914428711)
2430_729,4788_20250901_104_0_11,104_0,1,38.7540283203125,-9.190070152282715,33,IN_TRANSIT_TO,2025-11-13 17:18:35,50134,2430,29-AX-12,POINT (-9.190070152282715 38.7540283203125)
2442_703,3170_20250901_165_0_14,165_0,1,38.77423095703125,-9.162449836730957,25,IN_TRANSIT_TO,2025-11-13 17:18:31,5915,2442,29-AX-06,POINT (-9.162449836730957 38.77423095703125)
2495_794,8086_20250901_115_0_3,115_0,0,38.75551986694336,-9.113479614257812,29,IN_TRANSIT_TO,2025-11-13 17:18:40,24370,2495,88-BL-69,POINT (-9.113479614257812 38.75551986694336)
6038_706,3269_20250901_147_0_2,147_0,0,38.7086181640625,-9.150629997253418,5,IN_TRANSIT_TO,2025-11-13 17:18:19,3922,6038,BG-46-LV,POINT (-9.150629997253418 38.7086181640625)
2842_751,6517_20250901_109_0_13,109_0,1,38.69982147216797,-9.184249877929688,22,IN_TRANSIT_TO,2025-11-13 17:18:16,9505,2842,BF-56-FZ,POINT (-9.184249877929688 38.69982147216797)
6009_703,3175_20250901_165_0_14,165_0,1,38.74877166748047,-9.19771957397461,5,IN_TRANSIT_TO,2025-11-13 17:18:32,2803,6009,81-ZC-18,POINT (-9.19771957397461 38.74877166748047)
4839_736,5299_20250901_199_0_11,199_0,0,38.78718185424805,-9.170999526977539,27,IN_TRANSIT_TO,2025-11-13 17:18:30,7211,4839,53-VR-08,POINT (-9.170999526977539 38.78718185424805)
2272_767,7286_20250901_112_0_10,112_0,1,38.76155090332031,-9.166449546813965,24,IN_TRANSIT_TO,2025-11-13 17:18:12,50012,2272,76-80-ZG,POINT (-9.166449546813965 38.76155090332031)
2796_754,6609_20250901_201_0_13,201_0,0,38.7471809387207,-9.181079864501953,13,IN_TRANSIT_TO,2025-11-13 17:18:33,10702,2796,AJ-59-LI,POINT (-9.181079864501953 38.7471809387207)
4825_736,5351_20250901_199_0_13,199_0,0,38.74300003051758,-9.146849632263184,9,IN_TRANSIT_TO,2025-11-13 17:18:12,1901,4825,20-VQ-72,POINT (-9.146849632263184 38.74300003051758)
2345_763,49570_20250901_282_0_20,282_0,1,38.75870132446289,-9.19297981262207,2,IN_TRANSIT_TO,2025-11-13 17:18:21,50242,2345,53-59-ZJ,POINT (-9.19297981262207 38.75870132446289)
2965_34B,19141_20250901_226_0_12,226_0,0,38.734901428222656,-9.11571979522705,36,IN_TRANSIT_TO,2025-11-13 17:18:37,3604,2965,29-VM-97,POINT (-9.11571979522705 38.734901428222656)
275_61B,21530_20250901_241_0_22,241_0,1,38.73419952392578,-9.16450023651123,8,IN_TRANSIT_TO,2025-11-13 17:18:27,2710,275,AH-16-TB,POINT (-9.16450023651123 38.73419952392578)
2997_45B,49562_20250901_277_0_16,277_0,1,38.76124954223633,-9.166769981384277,10,IN_TRANSIT_TO,2025-11-13 17:18:33,50010,2997,34-VN-03,POINT (-9.166769981384277 38.76124954223633)
6023_732,5071_20250901_107_0_2,107_0,1,38.715030670166016,-9.141050338745117,32,IN_TRANSIT_TO,2025-11-13 17:18:25,919,6023,BF-03-BD,POINT (-9.141050338745117 38.715030670166016)
4815_728,4569_20250901_204_0_9,204_0,1,38.700828552246094,-9.177530288696289,41,IN_TRANSIT_TO,2025-11-13 17:18:13,4002,4815,34-VR-24,POINT (-9.177530288696289 38.700828552246094)
2821_753,6573_20250901_167_0_21,167_0,0,38.6733283996582,-9.173669815063477,8,IN_TRANSIT_TO,2025-11-13 17:18:28,14601,2821,BF-71-FZ,POINT (-9.173669815063477 38.6733283996582)
2824_728,4589_20250901_204_0_11,204_0,1,38.763221740722656,-9.098569869995117,11,IN_TRANSIT_TO,2025-11-13 17:18:24,2511,2824,BF-67-FZ,POINT (-9.098569869995117 38.763221740722656)
2613_759,6981_20250901_144_0_12,144_0,1,38.76213073730469,-9.116069793701172,17,IN_TRANSIT_TO,2025-11-13 17:18:34,8433,2613,66-VI-22,POINT (-9.116069793701172 38.76213073730469)
4827_796,8113_20250901_174_0_24,174_0,1,38.779571533203125,-9.16415023803711,9,IN_TRANSIT_TO,2025-11-13 17:18:18,7214,4827,34-VR-15,POINT (-9.16415023803711 38.779571533203125)
2697_746,5986_20250901_108_0_16,108_0,1,38.72563171386719,-9.151180267333984,24,IN_TRANSIT_TO,2025-11-13 17:18:36,1206,2697,90-XF-59,POINT (-9.151180267333984 38.72563171386719)
2606_781,7761_20250901_151_0_2,151_0,0,38.78955078125,-9.125029563903809,28,IN_TRANSIT_TO,2025-11-13 17:18:23,16305,2606,66-VI-40,POINT (-9.125029563903809 38.78955078125)
2264_771,21940_20250901_248_0_18,248_0,0,38.74208068847656,-9.168399810791016,0,IN_TRANSIT_TO,2025-11-13 17:18:41,,2264,76-90-ZG,POINT (-9.168399810791016 38.74208068847656)
6036_729,4840_20250901_104_0_2,104_0,0,38.758670806884766,-9.193180084228516,9,IN_TRANSIT_TO,2025-11-13 17:18:10,12821,6036,BG-90-LX,POINT (-9.193180084228516 38.758670806884766)
6026_732,5062_20250901_107_0_8,107_0,1,38.74095153808594,-9.146519660949707,39,IN_TRANSIT_TO,2025-11-13 17:18:26,1809,6026,BF-39-BB,POINT (-9.146519660949707 38.74095153808594)
2739_756,6761_20250901_175_0_18,175_0,0,38.70207977294922,-9.180899620056152,24,IN_TRANSIT_TO,2025-11-13 17:18:22,12122,2739,AG-31-EI,POINT (-9.180899620056152 38.70207977294922)
2602_705,3186_20250901_176_0_15,176_0,0,38.774600982666016,-9.126119613647461,16,IN_TRANSIT_TO,2025-11-13 17:18:18,7606,2602,16-VF-81,POINT (-9.126119613647461 38.774600982666016)
602_15E,11288_20250901_76_0_15,76_0,0,38.695621490478516,-9.217900276184082,19,IN_TRANSIT_TO,2025-11-13 17:18:13,13206,602,,POINT (-9.217900276184082 38.695621490478516)
2653_705,3180_20250901_176_0_16,176_0,1,38.748451232910156,-9.130979537963867,3,IN_TRANSIT_TO,2025-11-13 17:18:14,313,2653,05-VZ-52,POINT (-9.130979537963867 38.748451232910156)
4806_750,6326_20250901_106_0_2,106_0,1,38.75722122192383,-9.165630340576172,23,IN_TRANSIT_TO,2025-11-13 17:18:13,50001,4806,20-VQ-74,POINT (-9.165630340576172 38.75722122192383)
2749_755,6712_20250901_118_0_9,118_0,1,38.74987030029297,-9.113869667053223,29,IN_TRANSIT_TO,2025-11-13 17:18:16,24375,2749,AG-03-TH,POINT (-9.113869667053223 38.74987030029297)
2988_34B,19151_20250901_226_0_11,226_0,0,38.73653030395508,-9.123780250549316,41,IN_TRANSIT_TO,2025-11-13 17:18:15,50410,2988,29-VM-94,POINT (-9.123780250549316 38.73653030395508)
2657_759,6990_20250901_144_0_2,144_0,1,38.773719787597656,-9.097419738769531,3,IN_TRANSIT_TO,2025-11-13 17:18:22,7821,2657,05-VZ-66,POINT (-9.097419738769531 38.773719787597656)
2637_722,4129_20250901_196_0_11,196_0,1,38.73495101928711,-9.145179748535156,28,IN_TRANSIT_TO,2025-11-13 17:18:25,11118,2637,87-VS-51,POINT (-9.145179748535156 38.73495101928711)
2638_744,5830_20250901_200_0_10,200_0,1,38.7318000793457,-9.146300315856934,27,IN_TRANSIT_TO,2025-11-13 17:18:16,1812,2638,87-VS-48,POINT (-9.146300315856934 38.7318000793457)
6037_760,7103_20250901_171_0_13,171_0,1,38.706451416015625,-9.199170112609863,15,IN_TRANSIT_TO,2025-11-13 17:18:16,10301,6037,BG-37-LT,POINT (-9.199170112609863 38.706451416015625)
2617_759,6921_20250901_144_0_11,144_0,0,38.77267837524414,-9.114520072937012,37,IN_TRANSIT_TO,2025-11-13 17:18:37,12207,2617,66-VI-28,POINT (-9.114520072937012 38.77267837524414)
2633_705,3190_20250901_176_0_12,176_0,0,38.781551361083984,-9.11946964263916,11,IN_TRANSIT_TO,2025-11-13 17:18:19,12601,2633,52-VP-79,POINT (-9.11946964263916 38.781551361083984)
6005_726,4350_20250901_116_0_12,116_0,1,38.76033020019531,-9.193869590759277,5,IN_TRANSIT_TO,2025-11-13 17:18:23,12813,6005,81-ZC-91,POINT (-9.193869590759277 38.76033020019531)
2648_705,3195_20250901_176_0_16,176_0,0,38.76874923706055,-9.098400115966797,2,IN_TRANSIT_TO,2025-11-13 17:18:14,7805,2648,75-VS-46,POINT (-9.098400115966797 38.76874923706055)
2619_722,4127_20250901_196_0_13,196_0,0,38.71590042114258,-9.141519546508789,0,IN_TRANSIT_TO,2025-11-13 17:18:29,,2619,66-VI-37,POINT (-9.141519546508789 38.71590042114258)
2698_714,3705_20250901_102_0_12,102_0,1,38.70507049560547,-9.170379638671875,30,IN_TRANSIT_TO,2025-11-13 17:18:36,10207,2698,92-XQ-20,POINT (-9.170379638671875 38.70507049560547)
6039_706,3266_20250901_147_0_12,147_0,0,38.72241973876953,-9.121020317077637,27,IN_TRANSIT_TO,2025-11-13 17:18:14,9820,6039,BG-96-LU,POINT (-9.121020317077637 38.72241973876953)
2991_730,4969_20250901_198_0_14,198_0,0,38.723751068115234,-9.1318998336792,16,IN_TRANSIT_TO,2025-11-13 17:18:22,9105,2991,29-VM-89,POINT (-9.1318998336792 38.723751068115234)
4820_728,4649_20250901_204_0_2,204_0,0,38.76673126220703,-9.098549842834473,42,IN_TRANSIT_TO,2025-11-13 17:18:25,2512,4820,20-VQ-62,POINT (-9.098549842834473 38.76673126220703)
6041_760,7085_20250901_171_0_10,171_0,1,38.719268798828125,-9.13722038269043,36,IN_TRANSIT_TO,2025-11-13 17:18:39,810,6041,BG-20-LV,POINT (-9.13722038269043 38.719268798828125)
2639_705,3199_20250901_176_0_11,176_0,1,38.782318115234375,-9.125619888305664,14,IN_TRANSIT_TO,2025-11-13 17:18:37,7609,2639,75-VS-47,POINT (-9.125619888305664 38.782318115234375)
2647_718,3994_20250901_105_0_15,105_0,1,38.73162841796875,-9.127400398254395,6,IN_TRANSIT_TO,2025-11-13 17:18:17,502,2647,75-VS-45,POINT (-9.127400398254395 38.73162841796875)
2989_71B,45266_20250901_278_0_14,278_0,0,38.74407958984375,-9.200949668884277,8,IN_TRANSIT_TO,2025-11-13 17:17:06,2813,2989,29-VM-85,POINT (-9.200949668884277 38.74407958984375)
2642_718,3959_20250901_105_0_16,105_0,0,38.72639846801758,-9.111820220947266,17,IN_TRANSIT_TO,2025-11-13 17:18:30,8304,2642,75-VS-51,POINT (-9.111820220947266 38.72639846801758)
573_28E,14908_20250901_75_0_12,75_0,0,38.71009826660156,-9.135330200195312,16,IN_TRANSIT_TO,2025-11-13 17:18:11,13802,573,,POINT (-9.135330200195312 38.71009826660156)
273_28E,44753_20250901_75_8_10,75_8,1,38.71424865722656,-9.16172981262207,11,IN_TRANSIT_TO,2025-11-13 17:18:33,8110,273,AH-15-TB,POINT (-9.16172981262207 38.71424865722656)
2661_714,3671_20250901_102_0_13,102_0,0,38.697479248046875,-9.203969955444336,19,IN_TRANSIT_TO,2025-11-13 17:18:31,4112,2661,05-VZ-58,POINT (-9.203969955444336 38.697479248046875)
2737_742,5698_20250901_114_0_10,114_0,0,38.7070198059082,-9.17300033569336,37,IN_TRANSIT_TO,2025-11-13 17:18:23,9403,2737,AG-45-EI,POINT (-9.17300033569336 38.7070198059082)
2611_781,57700_20250901_151_0_2,151_0,0,38.741268157958984,-9.102629661560059,8,IN_TRANSIT_TO,2025-11-13 17:18:31,12513,2611,66-VI-38,POINT (-9.102629661560059 38.741268157958984)
2721_711,3512_20250901_101_0_10,101_0,1,38.72494888305664,-9.154780387878418,28,IN_TRANSIT_TO,2025-11-13 17:18:34,1224,2721,92-XQ-37,POINT (-9.154780387878418 38.72494888305664)
2326_723,63531_20250901_121_0_2,121_0,1,38.72420120239258,-9.181679725646973,25,IN_TRANSIT_TO,2025-11-13 17:18:29,50324,2326,67-49-ZJ,POINT (-9.181679725646973 38.72420120239258)
2981_797,8172_20250901_163_0_31,163_0,0,38.73263168334961,-9.129969596862793,4,IN_TRANSIT_TO,2025-11-13 17:18:33,502,2981,29-VM-86,POINT (-9.129969596862793 38.73263168334961)
6030_732,5088_20250901_107_0_6,107_0,0,38.71194839477539,-9.214200019836426,44,IN_TRANSIT_TO,2025-11-13 17:18:38,12402,6030,BF-39-AU,POINT (-9.214200019836426 38.71194839477539)
2618_759,6943_20250901_144_0_11,144_0,0,38.73844909667969,-9.11316967010498,20,IN_TRANSIT_TO,2025-11-13 17:18:31,3711,2618,66-VI-42,POINT (-9.11316967010498 38.73844909667969)
2643_718,3978_20250901_105_0_15,105_0,1,38.742549896240234,-9.102049827575684,20,IN_TRANSIT_TO,2025-11-13 17:18:13,12509,2643,75-VS-44,POINT (-9.102049827575684 38.742549896240234)
2993_730,4949_20250901_198_0_15,198_0,1,38.72557830810547,-9.129899978637695,12,IN_TRANSIT_TO,2025-11-13 17:18:40,9104,2993,29-VM-93,POINT (-9.129899978637695 38.72557830810547)
2733_708,3358_20250901_100_0_11,100_0,1,38.75191879272461,-9.130800247192383,32,IN_TRANSIT_TO,2025-11-13 17:18:41,7304,2733,AG-41-EI,POINT (-9.130800247192383 38.75191879272461)
2468_729,4828_20250901_104_0_10,104_0,0,38.69628143310547,-9.209269523620605,36,IN_TRANSIT_TO,2025-11-13 17:18:33,13210,2468,16-AZ-10,POINT (-9.209269523620605 38.69628143310547)
2664_713,3606_20250901_122_0_3,122_0,0,38.73136901855469,-9.1560697555542,7,IN_TRANSIT_TO,2025-11-13 17:18:28,1405,2664,05-VZ-68,POINT (-9.1560697555542 38.73136901855469)
2654_781,7762_20250901_151_0_13,151_0,0,38.779170989990234,-9.119930267333984,24,IN_TRANSIT_TO,2025-11-13 17:18:18,12305,2654,05-VZ-69,POINT (-9.119930267333984 38.779170989990234)
2707_764,7142_20250901_168_0_15,168_0,1,38.75012969970703,-9.172880172729492,26,IN_TRANSIT_TO,2025-11-13 17:18:28,13618,2707,92-XQ-39,POINT (-9.172880172729492 38.75012969970703)
2612_781,7738_20250901_151_0_2,151_0,1,38.735748291015625,-9.10377025604248,22,IN_TRANSIT_TO,2025-11-13 17:18:18,12512,2612,66-VI-29,POINT (-9.10377025604248 38.735748291015625)
501_15E,11254_20250901_76_0_14,76_0,1,38.69540023803711,-9.217419624328613,4,IN_TRANSIT_TO,2025-11-13 17:18:11,13203,501,,POINT (-9.217419624328613 38.69540023803711)
2736_717,3803_20250901_170_0_13,170_0,0,38.78792190551758,-9.146280288696289,34,IN_TRANSIT_TO,2025-11-13 17:18:22,6010,2736,AG-47-EI,POINT (-9.146280288696289 38.78792190551758)
6042_760,7095_20250901_171_0_6,171_0,1,38.706451416015625,-9.154419898986816,28,IN_TRANSIT_TO,2025-11-13 17:18:20,3901,6042,BG-97-LU,POINT (-9.154419898986816 38.706451416015625)
542_25E,14271_20250901_79_0_18,79_0,0,38.706581115722656,-9.157569885253906,6,IN_TRANSIT_TO,2025-11-13 17:18:25,3912,542,,POINT (-9.157569885253906 38.706581115722656)
574_18E,12202_20250901_78_0_19,78_0,0,38.704200744628906,-9.173500061035156,5,IN_TRANSIT_TO,2025-11-13 17:18:24,10202,574,,POINT (-9.173500061035156 38.704200744628906)
2713_727,4463_20250901_103_0_9,103_0,0,38.70606994628906,-9.172920227050781,27,IN_TRANSIT_TO,2025-11-13 17:18:16,10208,2713,92-XQ-34,POINT (-9.172920227050781 38.70606994628906)
2635_759,6970_20250901_144_0_10,144_0,1,38.72452163696289,-9.113750457763672,36,IN_TRANSIT_TO,2025-11-13 17:18:32,8302,2635,52-VP-90,POINT (-9.113750457763672 38.72452163696289)
2258_731,4974_20250901_190_0_9,190_0,0,38.762168884277344,-9.193920135498047,0,IN_TRANSIT_TO,2025-11-13 17:18:22,,2258,53-58-ZJ,POINT (-9.193920135498047 38.762168884277344)
556_28E,14895_20250901_75_0_18,75_0,0,38.708030700683594,-9.140419960021973,18,IN_TRANSIT_TO,2025-11-13 17:18:33,10518,556,,POINT (-9.140419960021973 38.708030700683594)
402_22B,19420_20250901_236_0_22,236_0,0,38.71549987792969,-9.149049758911133,8,IN_TRANSIT_TO,2025-11-13 17:18:37,50075,402,BF-81-TP,POINT (-9.149049758911133 38.71549987792969)
549_28E,14946_20250901_75_0_16,75_0,0,38.717918395996094,-9.135700225830078,1,IN_TRANSIT_TO,2025-11-13 17:18:14,819,549,,POINT (-9.135700225830078 38.717918395996094)
2636_744,5805_20250901_200_0_11,200_0,0,38.742828369140625,-9.146719932556152,8,IN_TRANSIT_TO,2025-11-13 17:18:15,1901,2636,87-VS-50,POINT (-9.146719932556152 38.742828369140625)
2686_746,5964_20250901_108_0_17,108_0,0,38.74692916870117,-9.185179710388184,15,IN_TRANSIT_TO,2025-11-13 17:17:49,10830,2686,99-XE-58,POINT (-9.185179710388184 38.74692916870117)
571_25E,14255_20250901_79_0_17,79_0,1,38.714080810546875,-9.169329643249512,0,IN_TRANSIT_TO,2025-11-13 17:18:32,,571,,POINT (-9.169329643249512 38.714080810546875)
2652_781,7747_20250901_151_0_13,151_0,1,38.760650634765625,-9.112019538879395,15,IN_TRANSIT_TO,2025-11-13 17:18:27,8413,2652,05-VZ-61,POINT (-9.112019538879395 38.760650634765625)
2829_753,6577_20250901_167_0_21,167_0,0,38.72475051879883,-9.158269882202148,5,IN_TRANSIT_TO,2025-11-13 17:18:12,1223,2829,BF-58-FZ,POINT (-9.158269882202148 38.72475051879883)
503_15E,11303_20250901_76_0_13,76_0,0,38.6998291015625,-9.184450149536133,12,IN_TRANSIT_TO,2025-11-13 17:18:21,9504,503,,POINT (-9.184450149536133 38.6998291015625)
2621_755,6706_20250901_118_0_9,118_0,0,38.744571685791016,-9.11359977722168,11,IN_TRANSIT_TO,2025-11-13 17:18:29,3703,2621,66-VI-45,POINT (-9.11359977722168 38.744571685791016)
2622_744,5841_20250901_200_0_12,200_0,1,38.76755142211914,-9.103130340576172,6,IN_TRANSIT_TO,2025-11-13 17:18:21,7825,2622,66-VI-21,POINT (-9.103130340576172 38.76755142211914)
2603_782,7786_20250901_152_0_9,152_0,1,38.71355056762695,-9.122949600219727,18,IN_TRANSIT_TO,2025-11-13 17:18:33,2114,2603,16-VF-76,POINT (-9.122949600219727 38.71355056762695)
2649_781,57699_20250901_151_0_13,151_0,0,38.755401611328125,-9.101519584655762,13,IN_TRANSIT_TO,2025-11-13 17:18:15,2316,2649,75-VS-42,POINT (-9.101519584655762 38.755401611328125)
2656_759,6896_20250901_144_0_9,144_0,0,38.774879455566406,-9.100379943847656,44,IN_TRANSIT_TO,2025-11-13 17:18:41,7910,2656,05-VZ-53,POINT (-9.100379943847656 38.774879455566406)
2975_774,7430_20250901_192_0_26,192_0,1,38.724281311035156,-9.146400451660156,4,IN_TRANSIT_TO,2025-11-13 17:18:34,1217,2975,30-VM-11,POINT (-9.146400451660156 38.724281311035156)
2986_71B,45267_20250901_278_0_13,278_0,0,38.754478454589844,-9.195929527282715,27,IN_TRANSIT_TO,2025-11-13 17:18:30,10909,2986,30-VM-12,POINT (-9.195929527282715 38.754478454589844)
2701_713,42765_20250901_122_0_2,122_0,1,38.70663070678711,-9.158049583435059,13,IN_TRANSIT_TO,2025-11-13 17:18:35,3909,2701,92-XQ-35,POINT (-9.158049583435059 38.70663070678711)
551_18E,12182_20250901_78_0_22,78_0,1,38.70417022705078,-9.173800468444824,15,IN_TRANSIT_TO,2025-11-13 17:18:31,4001,551,,POINT (-9.173800468444824 38.70417022705078)
2982_702,3075_20250901_146_0_15,146_0,0,38.72478103637695,-9.155830383300781,1,IN_TRANSIT_TO,2025-11-13 17:18:16,50188,2982,30-VM-23,POINT (-9.155830383300781 38.72478103637695)
2990_702,3047_20250901_146_0_11,146_0,1,38.727699279785156,-9.165149688720703,8,IN_TRANSIT_TO,2025-11-13 17:18:36,6110,2990,30-VM-06,POINT (-9.165149688720703 38.727699279785156)
2711_711,3519_20250901_101_0_9,101_0,1,38.745819091796875,-9.204219818115234,10,IN_TRANSIT_TO,2025-11-13 17:18:07,2907,2711,92-XQ-44,POINT (-9.204219818115234 38.745819091796875)
2976_737,5475_20250901_173_0_36,173_0,1,38.71152114868164,-9.131019592285156,2,IN_TRANSIT_TO,2025-11-13 17:18:12,13808,2976,30-VM-00,POINT (-9.131019592285156 38.71152114868164)
2616_759,6956_20250901_144_0_3,144_0,0,38.71175003051758,-9.125069618225098,6,IN_TRANSIT_TO,2025-11-13 17:18:28,8201,2616,66-VI-44,POINT (-9.125069618225098 38.71175003051758)
2604_782,7776_20250901_152_0_10,152_0,0,38.71269989013672,-9.123720169067383,4,IN_TRANSIT_TO,2025-11-13 17:18:39,4505,2604,66-VI-32,POINT (-9.123720169067383 38.71269989013672)
552_24E,17832_20250901_213_0_26,213_0,0,38.719520568847656,-9.15386962890625,6,IN_TRANSIT_TO,2025-11-13 17:18:33,10607,552,,POINT (-9.15386962890625 38.719520568847656)
2605_744,5838_20250901_200_0_12,200_0,1,38.74892044067383,-9.145350456237793,21,IN_TRANSIT_TO,2025-11-13 17:18:26,11209,2605,66-VI-35,POINT (-9.145350456237793 38.74892044067383)
2980_52B,21661_20250901_244_0_16,244_0,0,38.736900329589844,-9.148380279541016,14,IN_TRANSIT_TO,2025-11-13 17:18:17,1811,2980,29-VM-90,POINT (-9.148380279541016 38.736900329589844)
2663_714,3697_20240914_102_0_16,102_0,1,38.72127151489258,-9.221500396728516,4,IN_TRANSIT_TO,2024-10-22 20:26:58,18703,2663,05-VZ-62,POINT (-9.221500396728516 38.72127151489258)
2659_776,7476_20250901_193_0_46,193_0,0,38.70050048828125,-9.247929573059082,5,IN_TRANSIT_TO,2025-11-13 17:18:03,14902,2659,05-VZ-57,POINT (-9.247929573059082 38.70050048828125)
576_18E,12186_20250901_78_0_22,78_0,1,38.707969665527344,-9.199130058288574,2,IN_TRANSIT_TO,2025-11-13 17:18:34,12919,576,,POINT (-9.199130058288574 38.707969665527344)
581_28E,15024_20250901_75_0_9,75_0,1,38.7098503112793,-9.133879661560059,23,IN_TRANSIT_TO,2025-11-13 17:18:15,804,581,,POINT (-9.133879661560059 38.7098503112793)
2685_754,6604_20250901_201_0_10,201_0,0,38.736080169677734,-9.217379570007324,26,IN_TRANSIT_TO,2025-11-13 17:18:31,18110,2685,93-XA-46,POINT (-9.217379570007324 38.736080169677734)
2615_744,35849_20250901_200_0_2,200_0,0,38.747798919677734,-9.148329734802246,9,IN_TRANSIT_TO,2025-11-13 17:18:25,2021,2615,66-VI-27,POINT (-9.148329734802246 38.747798919677734)
579_28E,14986_20250901_75_0_17,75_0,1,38.71508026123047,-9.136819839477539,23,IN_TRANSIT_TO,2025-11-13 17:18:31,804,579,,POINT (-9.136819839477539 38.71508026123047)
554_25E,14263_20250901_79_0_16,79_0,0,38.69792938232422,-9.20436954498291,5,IN_TRANSIT_TO,2025-11-13 17:18:16,7102,554,,POINT (-9.20436954498291 38.69792938232422)
2732_749,59015_20250901_195_0_20,195_0,0,38.74977111816406,-9.109169960021973,9,IN_TRANSIT_TO,2025-11-13 17:18:36,2218,2732,AG-39-EI,POINT (-9.109169960021973 38.74977111816406)
580_28E,14934_20250901_75_0_10,75_0,0,38.71913146972656,-9.12987995147705,8,IN_TRANSIT_TO,2025-11-13 17:18:35,9131,580,,POINT (-9.12987995147705 38.71913146972656)
4804_751,6476_20250901_109_0_17,109_0,0,38.707130432128906,-9.226180076599121,25,IN_TRANSIT_TO,2025-11-13 17:18:14,4224,4804,53-VR-07,POINT (-9.226180076599121 38.707130432128906)
2963_774,7457_20250901_192_0_25,192_0,0,38.722328186035156,-9.161299705505371,6,IN_TRANSIT_TO,2025-11-13 17:18:18,8520,2963,29-VM-88,POINT (-9.161299705505371 38.722328186035156)
2687_746,5993_20250901_108_0_14,108_0,1,38.74382019042969,-9.17615032196045,13,IN_TRANSIT_TO,2025-11-13 17:18:13,10705,2687,93-XA-44,POINT (-9.17615032196045 38.74382019042969)
404_67B,28216_20250901_253_0_13,253_0,0,38.71173095703125,-9.163599967956543,3,IN_TRANSIT_TO,2025-11-13 17:18:26,10109,404,BF-14-TQ,POINT (-9.163599967956543 38.71173095703125)
265_734,5150_20250901_205_0_25,205_0,1,38.722328186035156,-9.135279655456543,12,IN_TRANSIT_TO,2025-11-13 17:18:21,706,265,AG-40-OV,POINT (-9.135279655456543 38.722328186035156)
2696_723,4136_20250901_121_0_12,121_0,1,38.717529296875,-9.19968032836914,19,IN_TRANSIT_TO,2025-11-13 17:18:28,10315,2696,90-XF-63,POINT (-9.19968032836914 38.717529296875)
2644_782,7794_20250901_152_0_9,152_0,1,38.767120361328125,-9.098520278930664,4,IN_TRANSIT_TO,2025-11-13 17:18:22,7822,2644,87-VS-52,POINT (-9.098520278930664 38.767120361328125)
578_28E,14960_20250901_75_0_18,75_0,0,38.71549987792969,-9.135979652404785,0,IN_TRANSIT_TO,2025-11-13 17:18:22,,578,,POINT (-9.135979652404785 38.71549987792969)
2662_713,3621_20250901_122_0_14,122_0,1,38.733951568603516,-9.154279708862305,31,IN_TRANSIT_TO,2025-11-13 17:18:33,1406,2662,05-VZ-51,POINT (-9.154279708862305 38.733951568603516)
507_15E,11202_20250901_76_0_14,76_0,1,38.712528228759766,-9.137619972229004,23,IN_TRANSIT_TO,2025-11-13 17:18:41,50621,507,,POINT (-9.137619972229004 38.712528228759766)
2427_747,6119_20250901_177_0_18,177_0,0,38.76327896118164,-9.170900344848633,8,IN_TRANSIT_TO,2025-11-13 17:18:23,50011,2427,29-AX-14,POINT (-9.170900344848633 38.76327896118164)
4808_751,6526_20250901_109_0_10,109_0,1,38.70616912841797,-9.226579666137695,7,IN_TRANSIT_TO,2025-11-13 17:18:36,18401,4808,20-VQ-73,POINT (-9.226579666137695 38.70616912841797)
572_28E,14998_20250901_75_0_15,75_0,1,38.71289825439453,-9.129429817199707,12,IN_TRANSIT_TO,2025-11-13 17:18:35,13813,572,,POINT (-9.129429817199707 38.71289825439453)
264_734,5133_20250901_205_0_4,205_0,1,38.7159309387207,-9.23091983795166,3,IN_TRANSIT_TO,2025-11-10 11:44:46,2124,264,AG-42-OV,POINT (-9.23091983795166 38.7159309387207)
4824_736,18817_20250901_199_0_13,199_0,0,38.78594970703125,-9.168720245361328,25,IN_TRANSIT_TO,2025-11-13 17:18:29,7207,4824,34-VR-19,POINT (-9.168720245361328 38.78594970703125)
2778_723,4186_20250901_121_0_13,121_0,0,38.72637176513672,-9.14758014678955,5,IN_TRANSIT_TO,2025-11-13 17:18:38,6605,2778,AI-03-BT,POINT (-9.14758014678955 38.72637176513672)
2641_718,3937_20250901_105_0_16,105_0,0,38.74095153808594,-9.133720397949219,30,IN_TRANSIT_TO,2025-11-13 17:18:31,411,2641,75-VS-49,POINT (-9.133720397949219 38.74095153808594)
270_28E,48628_20250901_75_8_27,75_8,1,38.710880279541016,-9.151920318603516,6,IN_TRANSIT_TO,2025-11-13 17:16:48,6724,270,AH-54-CZ,POINT (-9.151920318603516 38.710880279541016)
2974_730,4947_20250901_198_0_16,198_0,0,38.735328674316406,-9.121179580688477,3,IN_TRANSIT_TO,2025-11-13 17:18:15,8917,2974,30-VM-22,POINT (-9.121179580688477 38.735328674316406)
4817_751,6495_20250901_109_0_10,109_0,0,38.698429107666016,-9.188380241394043,12,IN_TRANSIT_TO,2025-11-13 17:18:34,9506,4817,00-VV-37,POINT (-9.188380241394043 38.698429107666016)
2987_797,8161_20250901_163_0_36,163_0,0,38.72705078125,-9.13047981262207,7,IN_TRANSIT_TO,2025-11-13 17:18:15,7008,2987,29-VM-99,POINT (-9.13047981262207 38.72705078125)
575_25E,14276_20250901_79_0_16,79_0,0,38.706268310546875,-9.14346981048584,3,IN_TRANSIT_TO,2025-11-13 17:18:24,3820,575,,POINT (-9.14346981048584 38.706268310546875)
2660_764,7166_20250901_168_0_13,168_0,0,38.74489974975586,-9.197500228881836,19,IN_TRANSIT_TO,2025-11-13 17:18:36,10818,2660,05-VZ-60,POINT (-9.197500228881836 38.74489974975586)
2655_781,7721_20250901_151_0_10,151_0,0,38.70719909667969,-9.141180038452148,2,IN_TRANSIT_TO,2025-11-13 17:18:36,3824,2655,05-VZ-67,POINT (-9.141180038452148 38.70719909667969)
269_734,5144_20250901_205_0_26,205_0,0,38.72079849243164,-9.135680198669434,2,IN_TRANSIT_TO,2025-11-13 17:18:14,803,269,AG-25-NH,POINT (-9.135680198669434 38.72079849243164)
4807_728,4581_20250901_204_0_11,204_0,1,38.72779846191406,-9.108869552612305,25,IN_TRANSIT_TO,2025-11-13 17:18:26,8312,4807,20-VQ-69,POINT (-9.108869552612305 38.72779846191406)
2650_781,7756_20250901_151_0_14,151_0,1,38.783748626708984,-9.124770164489746,4,IN_TRANSIT_TO,2025-11-13 17:18:12,16304,2650,75-VS-50,POINT (-9.124770164489746 38.783748626708984)
2782_738,5566_20250901_117_0_12,117_0,0,38.75397872924805,-9.152549743652344,11,IN_TRANSIT_TO,2025-11-13 17:18:00,5704,2782,AI-99-BS,POINT (-9.152549743652344 38.75397872924805)
4644_748,6140_20250901_169_0_13,169_0,0,38.72494888305664,-9.157130241394043,3,IN_TRANSIT_TO,2025-11-13 17:18:19,1223,4644,27-JO-11,POINT (-9.157130241394043 38.72494888305664)
277_64B,21489_20250901_238_0_22,238_0,0,38.717079162597656,-9.173480033874512,11,IN_TRANSIT_TO,2025-11-13 17:18:41,50488,277,AH-13-TB,POINT (-9.173480033874512 38.717079162597656)
2740_735,5191_20250901_172_1_11,172_1,0,38.72005081176758,-9.123419761657715,10,IN_TRANSIT_TO,2025-11-13 17:18:16,9115,2740,AG-43-EI,POINT (-9.123419761657715 38.72005081176758)
278_76B,18630_20250901_219_0_22,219_0,0,38.70677185058594,-9.190970420837402,5,IN_TRANSIT_TO,2025-11-13 17:18:17,50371,278,AI-39-FG,POINT (-9.190970420837402 38.70677185058594)
2984_702,3068_20250901_146_0_27,146_0,0,38.734519958496094,-9.16985034942627,10,IN_TRANSIT_TO,2025-11-13 17:18:35,2705,2984,30-VM-04,POINT (-9.16985034942627 38.734519958496094)
4803_753,18385_20250901_167_0_9,167_0,0,38.72529983520508,-9.148469924926758,3,IN_TRANSIT_TO,2025-11-13 17:18:24,1202,4803,77-VP-16,POINT (-9.148469924926758 38.72529983520508)
2651_781,7737_20250901_151_0_13,151_0,1,38.71284866333008,-9.123479843139648,26,IN_TRANSIT_TO,2025-11-13 17:18:38,2114,2651,05-VZ-54,POINT (-9.123479843139648 38.71284866333008)
2665_713,3576_20250901_122_0_14,122_0,1,38.715980529785156,-9.175780296325684,4,IN_TRANSIT_TO,2025-11-13 17:18:24,11902,2665,87-XB-33,POINT (-9.175780296325684 38.715980529785156)
2983_702,3053_20250901_146_0_32,146_0,1,38.730831146240234,-9.173250198364258,0,IN_TRANSIT_TO,2025-11-13 17:18:32,,2983,30-VM-08,POINT (-9.173250198364258 38.730831146240234)
262_61B,21520_20250901_241_0_22,241_0,0,38.73699951171875,-9.166430473327637,12,IN_TRANSIT_TO,2025-11-13 17:18:15,2711,262,AF-49-ZD,POINT (-9.166430473327637 38.73699951171875)
2627_722,4121_20250901_196_0_12,196_0,0,38.73556900024414,-9.137470245361328,8,IN_TRANSIT_TO,2025-11-13 17:18:14,11108,2627,52-VP-83,POINT (-9.137470245361328 38.73556900024414)
4635_736,5359_20250901_199_0_13,199_0,0,38.7338981628418,-9.144749641418457,7,IN_TRANSIT_TO,2025-11-13 17:18:28,1807,4635,90-JI-95,POINT (-9.144749641418457 38.7338981628418)
2742_735,5258_20250901_172_0_10,172_0,1,38.717098236083984,-9.120880126953125,26,IN_TRANSIT_TO,2025-11-13 17:18:37,2104,2742,AG-94-TG,POINT (-9.120880126953125 38.717098236083984)
2608_744,5819_20250901_200_0_12,200_0,0,38.72394943237305,-9.148819923400879,2,IN_TRANSIT_TO,2025-11-13 17:18:23,1103,2608,66-VI-39,POINT (-9.148819923400879 38.72394943237305)
2966_45B,49563_20250901_277_0_3,277_0,0,38.761199951171875,-9.16681957244873,15,IN_TRANSIT_TO,2025-11-13 17:18:21,50005,2966,30-VM-20,POINT (-9.16681957244873 38.761199951171875)
2731_749,6201_20250901_195_0_20,195_0,0,38.75006866455078,-9.178130149841309,22,IN_TRANSIT_TO,2025-11-13 17:18:31,13508,2731,AG-49-EI,POINT (-9.178130149841309 38.75006866455078)
2631_717,3759_20250901_170_0_13,170_0,1,38.77870178222656,-9.145400047302246,12,IN_TRANSIT_TO,2025-11-13 17:18:37,6013,2631,52-VP-80,POINT (-9.145400047302246 38.77870178222656)
2722_727,4454_20250901_103_0_8,103_0,0,38.70595169067383,-9.172619819641113,27,IN_TRANSIT_TO,2025-11-13 17:18:16,10208,2722,92-XQ-36,POINT (-9.172619819641113 38.70595169067383)
4632_796,8127_20250901_174_0_30,174_0,1,38.79090118408203,-9.157230377197266,5,IN_TRANSIT_TO,2025-11-13 17:18:16,11609,4632,98-JO-43,POINT (-9.157230377197266 38.79090118408203)
2735_742,5731_20250901_114_0_10,114_0,0,38.725250244140625,-9.163800239562988,30,IN_TRANSIT_TO,2025-11-13 17:18:10,8507,2735,AG-37-EI,POINT (-9.163800239562988 38.725250244140625)
282_65B,35087_20250901_250_0_18,250_0,0,38.721500396728516,-9.160869598388672,7,IN_TRANSIT_TO,2025-11-13 17:18:28,8520,282,AI-47-OJ,POINT (-9.160869598388672 38.721500396728516)
2972_765,7176_20250901_110_0_41,110_0,0,38.75244903564453,-9.206729888916016,9,IN_TRANSIT_TO,2025-11-13 17:18:11,50386,2972,29-VM-96,POINT (-9.206729888916016 38.75244903564453)
267_734,5152_20250901_205_0_14,205_0,1,38.71577835083008,-9.125670433044434,4,IN_TRANSIT_TO,2025-11-13 17:18:36,2130,267,AG-41-OV,POINT (-9.125670433044434 38.71577835083008)
2625_722,4119_20250901_196_0_12,196_0,0,38.77022933959961,-9.123000144958496,23,IN_TRANSIT_TO,2025-11-13 17:18:12,12201,2625,72-VP-79,POINT (-9.123000144958496 38.77022933959961)
6045_760,7098_20250901_171_0_10,171_0,1,38.70466995239258,-9.176600456237793,23,IN_TRANSIT_TO,2025-11-13 17:18:13,12119,6045,BH-32-IQ,POINT (-9.176600456237793 38.70466995239258)
2274_771,21928_20250901_248_0_17,248_0,0,38.724178314208984,-9.16154956817627,10,IN_TRANSIT_TO,2025-11-13 17:18:22,8501,2274,76-79-ZG,POINT (-9.16154956817627 38.724178314208984)
2247_758,6811_20250901_150_0_4,150_0,1,38.72909927368164,-9.159170150756836,14,IN_TRANSIT_TO,2025-11-02 11:21:39,1610,2247,22-34-ZB,POINT (-9.159170150756836 38.72909927368164)
2330_712,3549_20250901_189_0_10,189_0,0,38.726318359375,-9.134469985961914,11,IN_TRANSIT_TO,2025-11-13 17:18:15,603,2330,67-52-ZJ,POINT (-9.134469985961914 38.726318359375)
2316_764,7151_20250901_168_0_13,168_0,1,38.755699157714844,-9.185720443725586,20,IN_TRANSIT_TO,2025-11-13 17:18:33,10813,2316,61-87-ZB,POINT (-9.185720443725586 38.755699157714844)
2260_767,7184_20250901_112_0_9,112_0,0,38.75952911376953,-9.160920143127441,19,IN_TRANSIT_TO,2025-11-13 17:18:28,5825,2260,67-47-ZJ,POINT (-9.160920143127441 38.75952911376953)
2327_712,3565_20250901_189_0_8,189_0,1,38.72502899169922,-9.15291976928711,14,IN_TRANSIT_TO,2025-11-11 11:30:40,1224,2327,67-53-ZJ,POINT (-9.15291976928711 38.72502899169922)
2443_747,6101_20250901_177_0_18,177_0,1,38.767181396484375,-9.185449600219727,8,IN_TRANSIT_TO,2025-11-13 17:18:33,12831,2443,29-AX-05,POINT (-9.185449600219727 38.767181396484375)
2490_755,6654_20250901_118_0_13,118_0,1,38.75136947631836,-9.158769607543945,6,IN_TRANSIT_TO,2025-11-13 17:18:36,13510,2490,55-BH-01,POINT (-9.158769607543945 38.75136947631836)
1701_798,8205_20250901_194_0_4,194_0,1,38.787628173828125,-9.15011978149414,2,IN_TRANSIT_TO,2025-11-13 17:18:12,11601,1701,39-AB-08,POINT (-9.15011978149414 38.787628173828125)
2341_706,3235_20250901_147_0_7,147_0,1,38.70637893676758,-9.148520469665527,33,IN_TRANSIT_TO,2025-11-13 17:18:27,7101,2341,67-50-ZJ,POINT (-9.148520469665527 38.70637893676758)
2780_727,4544_20250901_103_0_7,103_0,1,38.706600189208984,-9.156200408935547,25,IN_TRANSIT_TO,2025-11-13 17:18:25,3911,2780,AI-06-BT,POINT (-9.156200408935547 38.706600189208984)
2994_774,7437_20250901_192_0_22,192_0,1,38.72761917114258,-9.141570091247559,1,IN_TRANSIT_TO,2025-11-13 17:18:32,6907,2994,29-VM-91,POINT (-9.141570091247559 38.72761917114258)
2471_767,7305_20250901_112_0_10,112_0,1,38.75046920776367,-9.222100257873535,0,IN_TRANSIT_TO,2025-11-13 17:18:36,,2471,74-BC-70,POINT (-9.222100257873535 38.75046920776367)
2246_758,6831_20250901_150_0_12,150_0,0,38.72383117675781,-9.160579681396484,11,IN_TRANSIT_TO,2025-11-13 17:18:19,8511,2246,22-38-ZB,POINT (-9.160579681396484 38.72383117675781)
2709_727,4515_20250901_103_0_10,103_0,0,38.745731353759766,-9.139730453491211,2,IN_TRANSIT_TO,2025-11-13 17:17:58,11211,2709,92-XQ-42,POINT (-9.139730453491211 38.745731353759766)
1708_701,2947_20250901_123_0_15,123_0,0,38.74892044067383,-9.148980140686035,5,IN_TRANSIT_TO,2025-11-13 17:18:23,2006,1708,69-AL-71,POINT (-9.148980140686035 38.74892044067383)
2244_758,6848_20250901_150_0_13,150_0,0,38.72092819213867,-9.160920143127441,9,IN_TRANSIT_TO,2025-11-13 17:18:14,6816,2244,22-44-ZB,POINT (-9.160920143127441 38.72092819213867)
2714_711,3517_20250901_101_0_12,101_0,1,38.71659851074219,-9.183699607849121,22,IN_TRANSIT_TO,2025-11-13 17:18:15,21306,2714,92-XQ-38,POINT (-9.183699607849121 38.71659851074219)
2286_778,18640_20250901_179_0_22,179_0,1,38.76142120361328,-9.166769981384277,20,IN_TRANSIT_TO,2025-11-13 17:18:34,50012,2286,67-42-ZJ,POINT (-9.166769981384277 38.76142120361328)
6013_716,3723_20250901_164_0_3,164_0,0,38.73939895629883,-9.16670036315918,11,IN_TRANSIT_TO,2025-11-13 17:18:34,1601,6013,68-ZF-53,POINT (-9.16670036315918 38.73939895629883)
2293_724,4222_20250901_178_0_19,178_0,0,38.74810028076172,-9.197699546813965,18,IN_TRANSIT_TO,2025-11-13 17:17:58,2803,2293,92-57-ZM,POINT (-9.197699546813965 38.74810028076172)
2478_771,39065_20250901_248_0_17,248_0,1,38.72412872314453,-9.193570137023926,12,IN_TRANSIT_TO,2025-11-13 17:18:30,8714,2478,91-BE-80,POINT (-9.193570137023926 38.72412872314453)
1778_717,3879_20250901_170_0_13,170_0,1,38.761348724365234,-9.157400131225586,25,IN_TRANSIT_TO,2025-11-13 17:18:15,5808,1778,63-HX-30,POINT (-9.157400131225586 38.761348724365234)
1751_755,6691_20250901_118_0_2,118_0,0,38.75461959838867,-9.152620315551758,35,IN_TRANSIT_TO,2025-11-13 17:18:34,5703,1751,34-HU-17,POINT (-9.152620315551758 38.75461959838867)
2812_782,7793_20250901_152_0_9,152_0,1,38.75048065185547,-9.104700088500977,11,IN_TRANSIT_TO,2025-11-13 17:18:33,2205,2812,90-II-61,POINT (-9.104700088500977 38.75048065185547)
2814_793,7973_20250901_145_0_18,145_0,1,38.74528121948242,-9.135479927062988,0,IN_TRANSIT_TO,2025-11-13 17:18:33,,2814,90-II-54,POINT (-9.135479927062988 38.74528121948242)
4639_736,5422_20250901_199_0_12,199_0,1,38.74217987060547,-9.146900177001953,20,IN_TRANSIT_TO,2025-11-13 17:18:30,2019,4639,27-JO-13,POINT (-9.146900177001953 38.74217987060547)
1749_720,4087_20250901_143_0_15,143_0,0,38.737831115722656,-9.133819580078125,7,IN_TRANSIT_TO,2025-11-13 17:18:35,404,1749,92-HR-06,POINT (-9.133819580078125 38.737831115722656)
2970_763,46422_20250901_282_0_17,282_0,0,38.77933120727539,-9.166830062866211,7,IN_TRANSIT_TO,2025-11-13 17:18:19,50643,2970,29-VM-87,POINT (-9.166830062866211 38.77933120727539)
2813_718,3962_20250901_105_0_14,105_0,0,38.742828369140625,-9.102129936218262,11,IN_TRANSIT_TO,2025-11-13 17:18:17,12524,2813,90-II-53,POINT (-9.102129936218262 38.742828369140625)
1747_794,8035_20250901_115_0_10,115_0,1,38.74327850341797,-9.118780136108398,26,IN_TRANSIT_TO,2025-11-13 17:18:32,3609,1747,92-HR-04,POINT (-9.118780136108398 38.74327850341797)
2971_72B,45276_20250901_279_0_14,279_0,0,38.744571685791016,-9.205220222473145,13,IN_TRANSIT_TO,2025-11-13 17:18:39,2902,2971,29-VM-98,POINT (-9.205220222473145 38.744571685791016)
4636_736,5408_20250901_199_0_12,199_0,1,38.724571228027344,-9.150520324707031,26,IN_TRANSIT_TO,2025-11-13 17:18:22,1206,4636,90-JI-97,POINT (-9.150520324707031 38.724571228027344)
2811_718,4005_20250901_105_0_3,105_0,1,38.74454879760742,-9.133469581604004,1,IN_TRANSIT_TO,2025-11-13 17:18:16,50473,2811,02-IH-00,POINT (-9.133469581604004 38.74454879760742)
4802_728,4689_20250901_204_0_2,204_0,0,38.706478118896484,-9.154069900512695,17,IN_TRANSIT_TO,2025-11-13 17:18:22,3901,4802,77-VP-17,POINT (-9.154069900512695 38.706478118896484)
4812_728,4601_20250901_204_0_9,204_0,1,38.76866912841797,-9.100729942321777,8,IN_TRANSIT_TO,2025-11-13 17:18:14,7806,4812,20-VQ-70,POINT (-9.100729942321777 38.76866912841797)
2968_72B,45275_20250901_279_0_14,279_0,0,38.74987030029297,-9.194199562072754,25,IN_TRANSIT_TO,2025-11-13 17:18:33,10835,2968,30-VM-24,POINT (-9.194199562072754 38.74987030029297)
2806_782,7775_20250901_152_0_12,152_0,0,38.721351623535156,-9.114569664001465,5,IN_TRANSIT_TO,2025-11-05 18:46:16,2113,2806,01-IH-95,POINT (-9.114569664001465 38.721351623535156)
2960_40B,19262_20250901_212_0_17,212_0,0,38.77947998046875,-9.159279823303223,23,IN_TRANSIT_TO,2025-11-13 17:18:19,5927,2960,27-GU-75,POINT (-9.159279823303223 38.77947998046875)
2453_726,4264_20250901_116_0_13,116_0,0,38.76411819458008,-9.1970796585083,29,IN_TRANSIT_TO,2025-11-13 17:18:35,13912,2453,16-AZ-13,POINT (-9.1970796585083 38.76411819458008)
401_19B,21687_20250901_245_0_11,245_0,0,38.720619201660156,-9.141929626464844,20,IN_TRANSIT_TO,2025-11-13 17:18:16,50524,401,BF-60-TR,POINT (-9.141929626464844 38.720619201660156)
2804_793,8019_20250901_145_0_17,145_0,1,38.736270904541016,-9.11322021484375,24,IN_TRANSIT_TO,2025-11-13 17:18:39,17580,2804,01-IH-93,POINT (-9.11322021484375 38.736270904541016)
4640_717,3889_20250901_170_4_15,170_4,0,38.7877197265625,-9.147500038146973,19,IN_TRANSIT_TO,2025-11-13 17:18:22,6010,4640,02-JN-87,POINT (-9.147500038146973 38.7877197265625)
4831_783,7846_20250901_203_0_12,203_0,1,38.728721618652344,-9.147850036621094,26,IN_TRANSIT_TO,2025-11-13 17:18:20,1702,4831,20-VQ-61,POINT (-9.147850036621094 38.728721618652344)
4625_783,7842_20250901_203_0_13,203_0,0,38.72328186035156,-9.161149978637695,0,IN_TRANSIT_TO,2025-11-13 17:18:38,,4625,90-JI-92,POINT (-9.161149978637695 38.72328186035156)
1753_755,6632_20250901_118_0_10,118_0,1,38.756568908691406,-9.120849609375,23,IN_TRANSIT_TO,2025-11-13 17:18:19,14704,1753,34-HU-19,POINT (-9.120849609375 38.756568908691406)
1750_755,6694_20250901_118_0_14,118_0,0,38.75482177734375,-9.152050018310547,35,IN_TRANSIT_TO,2025-11-13 17:18:14,5703,1750,92-HR-07,POINT (-9.152050018310547 38.75482177734375)
2761_742,5720_20250901_114_0_11,114_0,0,38.70735168457031,-9.172750473022461,37,IN_TRANSIT_TO,2025-11-13 17:18:28,9403,2761,AH-33-ND,POINT (-9.172750473022461 38.70735168457031)
2810_793,8007_20250901_145_0_18,145_0,0,38.74092102050781,-9.10569953918457,3,IN_TRANSIT_TO,2025-11-13 17:18:30,50072,2810,01-IH-99,POINT (-9.10569953918457 38.74092102050781)
1755_717,3844_20250901_170_0_13,170_0,0,38.75712966918945,-9.140170097351074,11,IN_TRANSIT_TO,2025-11-13 17:18:27,11307,1755,34-HU-21,POINT (-9.140170097351074 38.75712966918945)
2455_763,46424_20250901_282_0_18,282_0,1,38.774269104003906,-9.159770011901855,19,IN_TRANSIT_TO,2025-11-13 17:18:29,50162,2455,16-AZ-12,POINT (-9.159770011901855 38.774269104003906)
2251_758,6853_20250901_150_0_11,150_0,0,38.70357131958008,-9.163579940795898,16,IN_TRANSIT_TO,2025-11-13 17:18:33,3807,2251,22-31-ZB,POINT (-9.163579940795898 38.70357131958008)
2410_767,7308_20250901_112_0_9,112_0,0,38.75014877319336,-9.195670127868652,32,IN_TRANSIT_TO,2025-11-13 17:18:23,10802,2410,92-AO-46,POINT (-9.195670127868652 38.75014877319336)
2280_731,4996_20250901_190_0_11,190_0,0,38.737571716308594,-9.164999961853027,0,IN_TRANSIT_TO,2025-11-13 17:18:34,,2280,67-40-ZJ,POINT (-9.164999961853027 38.737571716308594)
2794_711,3501_20250901_101_0_13,101_0,0,38.70746994018555,-9.133319854736328,0,IN_TRANSIT_TO,2025-11-13 17:18:34,,2794,AJ-60-LI,POINT (-9.133319854736328 38.70746994018555)
4608_750,6348_20250901_106_0_8,106_0,1,38.75725173950195,-9.144180297851562,27,IN_TRANSIT_TO,2025-11-13 17:18:35,11304,4608,96-GL-85,POINT (-9.144180297851562 38.75725173950195)
2777_714,3627_20250901_102_0_14,102_0,1,38.72420120239258,-9.226699829101562,0,IN_TRANSIT_TO,2025-11-13 17:18:24,,2777,AI-01-BT,POINT (-9.226699829101562 38.72420120239258)
2278_731,5014_20250901_190_0_11,190_0,1,38.75368118286133,-9.157050132751465,26,IN_TRANSIT_TO,2025-11-13 17:18:29,5701,2278,67-41-ZJ,POINT (-9.157050132751465 38.75368118286133)
2734_756,6741_20250901_175_0_3,175_0,1,38.741180419921875,-9.147279739379883,14,IN_TRANSIT_TO,2025-11-13 17:18:38,1915,2734,AG-50-EI,POINT (-9.147279739379883 38.741180419921875)
2756_720,4044_20250901_143_0_14,143_0,1,38.705101013183594,-9.18418025970459,2,IN_TRANSIT_TO,2025-11-13 17:18:39,12003,2756,AH-27-ND,POINT (-9.18418025970459 38.705101013183594)
301_783,7809_20250901_203_0_13,203_0,0,38.77677917480469,-9.117950439453125,25,IN_TRANSIT_TO,2025-11-13 17:18:32,12311,301,74-SM-62,POINT (-9.117950439453125 38.77677917480469)
2746_742,5761_20250901_114_0_2,114_0,1,38.725799560546875,-9.112730026245117,51,IN_TRANSIT_TO,2025-11-13 17:18:21,9807,2746,AG-97-TG,POINT (-9.112730026245117 38.725799560546875)
2483_726,4334_20250901_116_0_10,116_0,1,38.74803161621094,-9.171279907226562,12,IN_TRANSIT_TO,2025-11-13 17:18:12,12712,2483,74-BC-66,POINT (-9.171279907226562 38.74803161621094)
2499_735,5271_20250901_172_1_11,172_1,0,38.73762893676758,-9.133179664611816,20,IN_TRANSIT_TO,2025-11-13 17:18:29,409,2499,03-BM-58,POINT (-9.133179664611816 38.73762893676758)
2818_782,7775_20250901_152_0_10,152_0,0,38.76860046386719,-9.101300239562988,17,IN_TRANSIT_TO,2025-11-13 17:18:15,2315,2818,90-II-58,POINT (-9.101300239562988 38.76860046386719)
1721_701,2987_20250901_123_0_18,123_0,0,38.72677993774414,-9.16232967376709,26,IN_TRANSIT_TO,2025-11-13 17:18:17,6113,1721,25-AS-33,POINT (-9.16232967376709 38.72677993774414)
1775_749,6205_20250901_195_0_8,195_0,0,38.74546813964844,-9.147820472717285,0,IN_TRANSIT_TO,2025-11-13 17:06:22,,1775,53-HX-08,POINT (-9.147820472717285 38.74546813964844)
2797_727,4536_20250901_103_0_9,103_0,1,38.726348876953125,-9.1493501663208,36,IN_TRANSIT_TO,2025-11-13 17:18:21,1207,2797,AJ-57-LI,POINT (-9.1493501663208 38.726348876953125)
1773_735,5182_20250901_172_0_13,172_0,0,38.74169921875,-9.13344955444336,21,IN_TRANSIT_TO,2025-11-13 17:18:23,411,1773,53-HX-06,POINT (-9.13344955444336 38.74169921875)
1705_794,8108_20250901_115_0_14,115_0,0,38.70774841308594,-9.133150100708008,0,IN_TRANSIT_TO,2025-11-13 17:18:13,,1705,69-AL-68,POINT (-9.133150100708008 38.70774841308594)
2745_756,6713_20250901_175_0_18,175_0,0,38.74224853515625,-9.1318998336792,6,IN_TRANSIT_TO,2025-11-13 17:18:31,301,2745,AG-06-TH,POINT (-9.1318998336792 38.74224853515625)
2784_727,4485_20250901_103_0_10,103_0,0,38.723419189453125,-9.151200294494629,14,IN_TRANSIT_TO,2025-11-13 17:18:31,1214,2784,AI-09-BT,POINT (-9.151200294494629 38.723419189453125)
2480_729,4817_20250901_104_0_11,104_0,1,38.705528259277344,-9.199270248413086,11,IN_TRANSIT_TO,2025-11-13 17:18:18,13308,2480,91-BE-75,POINT (-9.199270248413086 38.705528259277344)
2252_768,7319_20250901_111_0_14,111_0,0,38.74517822265625,-9.180580139160156,9,IN_TRANSIT_TO,2025-11-13 17:18:12,10704,2252,80-40-ZE,POINT (-9.180580139160156 38.74517822265625)
2486_767,7228_20250901_112_0_9,112_0,0,38.73257064819336,-9.141070365905762,5,IN_TRANSIT_TO,2025-11-13 17:18:26,6502,2486,91-BE-78,POINT (-9.141070365905762 38.73257064819336)
217_13B,21591_20250901_243_0_21,243_0,0,38.71371841430664,-9.125,11,IN_TRANSIT_TO,2025-11-13 17:18:10,50517,217,29-98-XM,POINT (-9.125 38.71371841430664)
2413_747,6122_20250901_177_0_19,177_0,0,38.76499938964844,-9.157119750976562,3,IN_TRANSIT_TO,2025-11-13 17:18:10,5811,2413,92-AO-50,POINT (-9.157119750976562 38.76499938964844)
2454_729,4757_20250901_104_0_12,104_0,0,38.769569396972656,-9.189729690551758,0,IN_TRANSIT_TO,2025-11-13 17:18:27,,2454,16-AZ-18,POINT (-9.189729690551758 38.769569396972656)
2482_767,7250_20250901_112_0_10,112_0,0,38.72235107421875,-9.139670372009277,0,IN_TRANSIT_TO,2025-11-13 17:18:25,,2482,55-BH-02,POINT (-9.139670372009277 38.72235107421875)
2801_793,7989_20250901_145_0_18,145_0,0,38.74018096923828,-9.124019622802734,23,IN_TRANSIT_TO,2025-11-13 17:18:37,3609,2801,38-HU-27,POINT (-9.124019622802734 38.74018096923828)
1780_794,8043_20250901_115_0_13,115_0,1,38.75532913208008,-9.126079559326172,19,IN_TRANSIT_TO,2025-11-13 17:18:39,14720,1780,63-HX-18,POINT (-9.126079559326172 38.75532913208008)
1767_735,5206_20250901_172_1_13,172_1,0,38.7080192565918,-9.138179779052734,2,IN_TRANSIT_TO,2025-11-13 17:18:36,3824,1767,63-HX-29,POINT (-9.138179779052734 38.7080192565918)
1768_717,3864_20250901_170_0_12,170_0,1,38.7489013671875,-9.131250381469727,33,IN_TRANSIT_TO,2025-11-13 17:18:18,11204,1768,63-HX-23,POINT (-9.131250381469727 38.7489013671875)
2666_738,5550_20250901_117_0_12,117_0,1,38.70415115356445,-9.168069839477539,7,IN_TRANSIT_TO,2025-11-13 17:18:15,10203,2666,87-XB-39,POINT (-9.168069839477539 38.70415115356445)
1722_701,2960_20250901_123_0_13,123_0,1,38.75579833984375,-9.168350219726562,18,IN_TRANSIT_TO,2025-11-13 17:18:23,50145,1722,25-AS-34,POINT (-9.168350219726562 38.75579833984375)
1756_794,8101_20250901_115_0_13,115_0,0,38.73445129394531,-9.117250442504883,10,IN_TRANSIT_TO,2025-11-13 17:18:36,17575,1756,34-HU-22,POINT (-9.117250442504883 38.73445129394531)
2487_703,3149_20250901_165_0_11,165_0,0,38.76940155029297,-9.1735200881958,21,IN_TRANSIT_TO,2025-11-13 17:18:19,50097,2487,54-BH-97,POINT (-9.1735200881958 38.76940155029297)
2470_767,7223_20250901_112_0_9,112_0,0,38.7423210144043,-9.138219833374023,10,IN_TRANSIT_TO,2025-11-13 17:18:26,6405,2470,74-BC-71,POINT (-9.138219833374023 38.7423210144043)
1762_717,3825_20250901_170_0_10,170_0,0,38.76457977294922,-9.157099723815918,17,IN_TRANSIT_TO,2025-11-13 17:18:32,5811,1762,63-HX-32,POINT (-9.157099723815918 38.76457977294922)
2433_703,3100_20250901_165_0_12,165_0,0,38.755680084228516,-9.185830116271973,32,IN_TRANSIT_TO,2025-11-13 17:18:27,12802,2433,44-BC-28,POINT (-9.185830116271973 38.755680084228516)
2239_724,19285_20250901_178_0_2,178_0,1,38.752830505371094,-9.197030067443848,8,IN_TRANSIT_TO,2025-11-13 17:18:36,10911,2239,06-30-XX,POINT (-9.197030067443848 38.752830505371094)
2771_727,4528_20250901_103_0_9,103_0,1,38.72673034667969,-9.149230003356934,37,IN_TRANSIT_TO,2025-11-13 17:18:16,1205,2771,AH-20-ND,POINT (-9.149230003356934 38.72673034667969)
2322_754,6615_20250901_201_0_13,201_0,0,38.747920989990234,-9.151599884033203,6,IN_TRANSIT_TO,2025-11-13 17:18:20,2007,2322,67-46-ZJ,POINT (-9.151599884033203 38.747920989990234)
1741_203,12770_20250901_62_0_6,62_0,0,38.734519958496094,-9.136899948120117,51,IN_TRANSIT_TO,2025-11-13 04:37:48,11115,1741,08-HN-24,POINT (-9.136899948120117 38.734519958496094)
2412_706,3259_20250901_147_0_7,147_0,1,38.717918395996094,-9.119070053100586,4,IN_TRANSIT_TO,2025-11-13 17:18:21,2131,2412,92-AO-48,POINT (-9.119070053100586 38.717918395996094)
405_73B,18773_20250901_220_0_14,220_0,0,38.69987106323242,-9.183699607849121,0,IN_TRANSIT_TO,2025-11-13 17:18:26,,405,BF-14-TU,POINT (-9.183699607849121 38.69987106323242)
2469_726,4317_20250901_116_0_12,116_0,1,38.72359848022461,-9.131819725036621,31,IN_TRANSIT_TO,2025-11-13 17:18:19,602,2469,16-AZ-09,POINT (-9.131819725036621 38.72359848022461)
2747_756,6748_20250901_175_0_19,175_0,1,38.722469329833984,-9.175080299377441,7,IN_TRANSIT_TO,2025-11-13 17:18:36,11901,2747,AG-09-TH,POINT (-9.175080299377441 38.722469329833984)
1704_796,8144_20250901_174_0_31,174_0,0,38.783199310302734,-9.16154956817627,8,IN_TRANSIT_TO,2025-11-13 17:18:36,7217,1704,35-AL-14,POINT (-9.16154956817627 38.783199310302734)
2268_758,6885_20250901_150_0_14,150_0,1,38.742950439453125,-9.173680305480957,12,IN_TRANSIT_TO,2025-11-13 17:18:34,10705,2268,76-87-ZG,POINT (-9.173680305480957 38.742950439453125)
2447_767,7267_20250901_112_0_2,112_0,1,38.724571228027344,-9.14015007019043,42,IN_TRANSIT_TO,2025-11-13 17:18:32,6901,2447,44-BC-33,POINT (-9.14015007019043 38.724571228027344)
4613_750,6372_20250901_106_0_10,106_0,1,38.757179260253906,-9.166529655456543,23,IN_TRANSIT_TO,2025-11-13 17:18:38,50001,4613,22-GP-48,POINT (-9.166529655456543 38.757179260253906)
1779_796,8140_20250901_174_0_31,174_0,0,38.79082107543945,-9.150679588317871,13,IN_TRANSIT_TO,2025-11-13 17:18:24,50276,1779,63-HX-20,POINT (-9.150679588317871 38.79082107543945)
1718_701,2978_20250901_123_0_17,123_0,1,38.737571716308594,-9.167799949645996,10,IN_TRANSIT_TO,2025-11-13 17:18:36,2711,1718,69-AL-81,POINT (-9.167799949645996 38.737571716308594)
202_41B,19375_20250901_232_0_22,232_0,0,38.77482986450195,-9.14739990234375,10,IN_TRANSIT_TO,2025-11-13 17:18:16,50446,202,89-58-XD,POINT (-9.14739990234375 38.77482986450195)
2772_738,5553_20250901_117_0_11,117_0,0,38.71417999267578,-9.160969734191895,26,IN_TRANSIT_TO,2025-11-13 17:18:30,8104,2772,AH-24-ND,POINT (-9.160969734191895 38.71417999267578)
2467_726,4273_20250901_116_0_11,116_0,0,38.74021911621094,-9.167420387268066,17,IN_TRANSIT_TO,2025-11-13 17:18:32,1601,2467,16-AZ-14,POINT (-9.167420387268066 38.74021911621094)
2752_755,6702_20250901_118_0_14,118_0,0,38.75923156738281,-9.12427043914795,20,IN_TRANSIT_TO,2025-11-13 17:18:15,14703,2752,AG-18-TH,POINT (-9.12427043914795 38.75923156738281)
2757_720,4100_20250901_143_0_14,143_0,1,38.72684860229492,-9.14663028717041,17,IN_TRANSIT_TO,2025-11-13 17:18:18,1201,2757,AH-32-ND,POINT (-9.14663028717041 38.72684860229492)
2823_728,4609_20250901_204_0_11,204_0,1,38.780948638916016,-9.109199523925781,2,IN_TRANSIT_TO,2025-11-13 17:18:13,12615,2823,BF-64-FZ,POINT (-9.109199523925781 38.780948638916016)
2333_712,3557_20250901_189_0_14,189_0,1,38.71686935424805,-9.120229721069336,29,IN_TRANSIT_TO,2025-11-13 17:18:18,2104,2333,62-97-ZG,POINT (-9.120229721069336 38.71686935424805)
2497_735,5275_20250901_172_0_12,172_0,1,38.756431579589844,-9.146550178527832,4,IN_TRANSIT_TO,2025-11-13 17:18:40,5706,2497,88-BL-71,POINT (-9.146550178527832 38.756431579589844)
2461_703,3135_20250901_165_0_13,165_0,0,38.76298141479492,-9.180219650268555,27,IN_TRANSIT_TO,2025-11-13 17:18:22,12808,2461,55-BH-04,POINT (-9.180219650268555 38.76298141479492)
2422_767,7201_20250901_112_0_9,112_0,0,38.76055145263672,-9.156319618225098,19,IN_TRANSIT_TO,2025-11-13 17:18:19,5825,2422,29-AU-17,POINT (-9.156319618225098 38.76055145263672)
2775_709,3419_20250901_148_0_3,148_0,0,38.72352981567383,-9.148530006408691,4,IN_TRANSIT_TO,2025-11-13 17:18:15,1103,2775,AH-31-ND,POINT (-9.148530006408691 38.72352981567383)
2336_712,3566_20250901_189_0_2,189_0,1,38.70357131958008,-9.174830436706543,0,IN_TRANSIT_TO,2025-11-13 17:18:31,,2336,53-63-ZJ,POINT (-9.174830436706543 38.70357131958008)
2285_758,6868_20250901_150_0_12,150_0,1,38.70542907714844,-9.143930435180664,33,IN_TRANSIT_TO,2025-11-13 17:18:25,3826,2285,67-55-ZJ,POINT (-9.143930435180664 38.70542907714844)
2449_799,8227_20250901_120_0_13,120_0,0,38.74171829223633,-9.213780403137207,13,IN_TRANSIT_TO,2025-11-13 17:18:31,8820,2449,44-BC-35,POINT (-9.213780403137207 38.74171829223633)
2967_770,7364_20250901_191_0_19,191_0,0,38.741119384765625,-9.167949676513672,17,IN_TRANSIT_TO,2025-11-13 17:18:33,1621,2967,30-VM-05,POINT (-9.167949676513672 38.741119384765625)
1719_717,3781_20250901_170_0_11,170_0,1,38.79011917114258,-9.150679588317871,6,IN_TRANSIT_TO,2025-11-13 17:18:33,11601,1719,25-AS-31,POINT (-9.150679588317871 38.79011917114258)
2809_793,7994_20250901_145_0_18,145_0,0,38.74298095703125,-9.112199783325195,15,IN_TRANSIT_TO,2025-11-13 17:18:18,3715,2809,01-IH-98,POINT (-9.112199783325195 38.74298095703125)
2423_716,3757_20250901_164_0_13,164_0,1,38.749351501464844,-9.192580223083496,5,IN_TRANSIT_TO,2025-11-13 17:18:23,10801,2423,29-AU-18,POINT (-9.192580223083496 38.749351501464844)
2269_768,7341_20250901_111_0_16,111_0,1,38.74795150756836,-9.180580139160156,14,IN_TRANSIT_TO,2025-11-13 17:18:15,10709,2269,76-88-ZG,POINT (-9.180580139160156 38.74795150756836)
2420_747,6079_20250901_177_0_18,177_0,1,38.767051696777344,-9.165550231933594,17,IN_TRANSIT_TO,2025-11-13 17:18:30,50008,2420,29-AU-15,POINT (-9.165550231933594 38.767051696777344)
218_37B,18839_20250901_224_0_20,224_0,0,38.72544860839844,-9.122420310974121,6,IN_TRANSIT_TO,2025-11-13 17:18:25,9821,218,11-13-XO,POINT (-9.122420310974121 38.72544860839844)
2833_751,6490_20250901_109_0_17,109_0,0,38.697731018066406,-9.20436954498291,16,IN_TRANSIT_TO,2025-11-13 17:17:59,9604,2833,BF-65-FZ,POINT (-9.20436954498291 38.697731018066406)
2839_751,6498_20250901_109_0_13,109_0,0,38.71260070800781,-9.17555046081543,5,IN_TRANSIT_TO,2025-11-13 17:18:14,11904,2839,BF-69-FZ,POINT (-9.17555046081543 38.71260070800781)
1703_798,8202_20250901_194_0_24,194_0,1,38.77042007446289,-9.152230262756348,15,IN_TRANSIT_TO,2025-11-13 17:18:39,11513,1703,35-AL-13,POINT (-9.152230262756348 38.77042007446289)
1766_717,3845_20250901_170_0_13,170_0,0,38.74544906616211,-9.131270408630371,3,IN_TRANSIT_TO,2025-11-13 17:18:30,411,1766,63-HX-33,POINT (-9.131270408630371 38.74544906616211)
2465_767,7294_20250901_112_0_10,112_0,1,38.74858093261719,-9.192720413208008,15,IN_TRANSIT_TO,2025-11-13 17:18:20,10835,2465,55-BH-00,POINT (-9.192720413208008 38.74858093261719)
1777_717,3822_20250901_170_0_13,170_0,0,38.77431869506836,-9.152020454406738,23,IN_TRANSIT_TO,2025-11-13 17:18:22,11507,1777,63-HX-31,POINT (-9.152020454406738 38.77431869506836)
2307_723,4177_20250901_121_0_3,121_0,0,38.71342849731445,-9.202329635620117,16,IN_TRANSIT_TO,2025-11-13 17:18:33,10315,2307,83-20-ZM,POINT (-9.202329635620117 38.71342849731445)
2271_731,5022_20250901_190_0_12,190_0,1,38.778629302978516,-9.10396957397461,9,IN_TRANSIT_TO,2025-11-13 17:18:40,7904,2271,92-54-ZM,POINT (-9.10396957397461 38.778629302978516)
2305_735,5279_20250901_172_0_11,172_0,0,38.711669921875,-9.125229835510254,5,IN_TRANSIT_TO,2025-11-13 17:18:26,8201,2305,83-18-ZM,POINT (-9.125229835510254 38.711669921875)
1765_742,5783_20250901_114_0_10,114_0,1,38.72092056274414,-9.167830467224121,26,IN_TRANSIT_TO,2025-11-13 17:18:34,9304,1765,63-HX-28,POINT (-9.167830467224121 38.72092056274414)
2498_749,59017_20250901_195_0_2,195_0,1,38.74660110473633,-9.112870216369629,26,IN_TRANSIT_TO,2025-11-13 17:18:14,3705,2498,03-BM-57,POINT (-9.112870216369629 38.74660110473633)
1763_720,4101_20250901_143_0_12,143_0,1,38.7246208190918,-9.14957046508789,16,IN_TRANSIT_TO,2025-11-13 17:18:11,1207,1763,63-HX-25,POINT (-9.14957046508789 38.7246208190918)
4612_728,4661_20250901_204_0_8,204_0,0,38.70302963256836,-9.173150062561035,14,IN_TRANSIT_TO,2025-11-13 17:13:43,4003,4612,96-GL-89,POINT (-9.173150062561035 38.70302963256836)
1776_794,8109_20250901_115_0_2,115_0,1,38.71342849731445,-9.12279987335205,36,IN_TRANSIT_TO,2025-11-13 17:18:18,2118,1776,53-HX-09,POINT (-9.12279987335205 38.71342849731445)
4603_728,4698_20250901_204_0_8,204_0,0,38.696468353271484,-9.199399948120117,11,IN_TRANSIT_TO,2025-11-13 17:18:41,4109,4603,96-GL-81,POINT (-9.199399948120117 38.696468353271484)
1761_756,6740_20250901_175_0_2,175_0,1,38.742069244384766,-9.133179664611816,18,IN_TRANSIT_TO,2025-11-13 17:18:17,302,1761,63-HX-19,POINT (-9.133179664611816 38.742069244384766)
4605_750,6262_20250901_106_0_11,106_0,0,38.75046920776367,-9.196880340576172,23,IN_TRANSIT_TO,2025-11-13 17:18:26,10802,4605,31-GN-72,POINT (-9.196880340576172 38.75046920776367)
2306_717,3887_20250901_170_4_15,170_4,0,38.78617858886719,-9.139920234680176,25,IN_TRANSIT_TO,2025-11-13 17:18:21,16002,2306,83-19-ZM,POINT (-9.139920234680176 38.78617858886719)
2477_729,4833_20250901_104_0_10,104_0,0,38.72019958496094,-9.197779655456543,22,IN_TRANSIT_TO,2025-11-13 17:18:26,21301,2477,91-BE-73,POINT (-9.197779655456543 38.72019958496094)
1712_701,2939_20250901_123_0_18,123_0,0,38.750221252441406,-9.161620140075684,10,IN_TRANSIT_TO,2025-11-13 17:18:26,13508,1712,69-AL-75,POINT (-9.161620140075684 38.750221252441406)
6011_706,3251_20250901_147_0_10,147_0,1,38.72785186767578,-9.14264965057373,18,IN_TRANSIT_TO,2025-11-13 17:18:12,6905,6011,65-ZF-82,POINT (-9.14264965057373 38.72785186767578)
2484_729,4836_20250901_104_0_9,104_0,0,38.749549865722656,-9.192529678344727,11,IN_TRANSIT_TO,2025-11-13 17:18:14,10804,2484,91-BE-76,POINT (-9.192529678344727 38.749549865722656)
225_773,7398_20250901_124_0_21,124_0,1,38.71910095214844,-9.153380393981934,24,IN_TRANSIT_TO,2025-11-13 17:18:19,10607,225,84-37-XQ,POINT (-9.153380393981934 38.71910095214844)
605_15E,11280_20250901_76_0_15,76_0,0,38.69963073730469,-9.228230476379395,21,IN_TRANSIT_TO,2025-11-13 17:18:25,4208,605,,POINT (-9.228230476379395 38.69963073730469)
2240_799,8222_20250901_120_0_19,120_0,1,38.74515151977539,-9.202770233154297,16,IN_TRANSIT_TO,2025-11-13 17:18:40,8813,2240,06-31-XX,POINT (-9.202770233154297 38.74515151977539)
2297_724,4230_20250901_178_0_21,178_0,0,38.7135009765625,-9.18043041229248,3,IN_TRANSIT_TO,2025-11-13 17:18:24,11801,2297,83-06-ZM,POINT (-9.18043041229248 38.7135009765625)
2403_767,7206_20250901_112_0_3,112_0,0,38.75170135498047,-9.143230438232422,13,IN_TRANSIT_TO,2025-11-13 17:18:15,203,2403,50-AL-12,POINT (-9.143230438232422 38.75170135498047)
1707_735,5252_20250901_172_1_4,172_1,1,38.713829040527344,-9.122520446777344,16,IN_TRANSIT_TO,2025-11-13 17:18:18,2118,1707,69-AL-70,POINT (-9.122520446777344 38.713829040527344)
2426_703,3173_20250901_165_0_12,165_0,1,38.75893020629883,-9.18047046661377,12,IN_TRANSIT_TO,2025-11-13 17:18:17,12803,2426,29-AU-21,POINT (-9.18047046661377 38.75893020629883)
2838_728,4724_20250901_204_4_12,204_4,0,38.70627975463867,-9.144880294799805,10,IN_TRANSIT_TO,2025-11-13 17:18:25,3803,2838,BF-59-FZ,POINT (-9.144880294799805 38.70627975463867)
221_773,7408_20250901_124_0_24,124_0,1,38.71189880371094,-9.16427993774414,9,IN_TRANSIT_TO,2025-11-13 17:18:36,10108,221,11-06-XO,POINT (-9.16427993774414 38.71189880371094)
408_51E,1152_20250901_158_0_24,158_0,0,38.7110710144043,-9.138580322265625,2,IN_TRANSIT_TO,2025-11-13 17:17:48,908,408,BF-24-TS,POINT (-9.138580322265625 38.7110710144043)
2401_726,4308_20250901_116_0_11,116_0,0,38.72159957885742,-9.129650115966797,2,IN_TRANSIT_TO,2025-11-13 17:18:11,9105,2401,50-AL-14,POINT (-9.129650115966797 38.72159957885742)
2408_729,4801_20250901_104_0_11,104_0,1,38.750370025634766,-9.196419715881348,30,IN_TRANSIT_TO,2025-11-13 17:18:29,10905,2408,50-AL-08,POINT (-9.196419715881348 38.750370025634766)
2309_723,4149_20250901_121_0_11,121_0,1,38.7086181640625,-9.215450286865234,8,IN_TRANSIT_TO,2025-11-13 17:18:21,9706,2309,83-15-ZM,POINT (-9.215450286865234 38.7086181640625)
2334_712,3565_20250901_189_0_14,189_0,1,38.72507095336914,-9.164019584655762,9,IN_TRANSIT_TO,2025-11-13 17:18:18,8610,2334,53-53-ZJ,POINT (-9.164019584655762 38.72507095336914)
2776_712,3558_20250901_189_0_10,189_0,1,38.727699279785156,-9.140780448913574,19,IN_TRANSIT_TO,2025-11-13 17:18:24,6906,2776,AI-07-BT,POINT (-9.140780448913574 38.727699279785156)
2303_701,2967_20250901_123_0_11,123_0,1,38.75579833984375,-9.168450355529785,19,IN_TRANSIT_TO,2025-11-13 17:18:38,50017,2303,83-11-ZM,POINT (-9.168450355529785 38.75579833984375)
2748_756,6757_20250901_175_0_17,175_0,1,38.70492172241211,-9.177379608154297,2,IN_TRANSIT_TO,2025-11-13 17:18:41,12107,2748,AG-96-TG,POINT (-9.177379608154297 38.70492172241211)
2283_758,6860_20250901_150_0_13,150_0,0,38.71110153198242,-9.143070220947266,3,IN_TRANSIT_TO,2025-11-13 17:18:35,10501,2283,67-39-ZJ,POINT (-9.143070220947266 38.71110153198242)
2335_712,3550_20250901_189_0_15,189_0,0,38.714019775390625,-9.12244987487793,0,IN_TRANSIT_TO,2025-11-13 17:18:38,,2335,62-98-ZG,POINT (-9.12244987487793 38.714019775390625)
2481_767,7297_20250901_112_0_10,112_0,1,38.746978759765625,-9.216119766235352,3,IN_TRANSIT_TO,2025-11-13 17:18:14,3015,2481,54-BH-99,POINT (-9.216119766235352 38.746978759765625)
204_41B,19385_20250901_232_0_22,232_0,1,38.778629302978516,-9.148900032043457,15,IN_TRANSIT_TO,2025-11-13 17:18:25,11509,204,89-71-XD,POINT (-9.148900032043457 38.778629302978516)
1720_701,2979_20250901_123_0_17,123_0,1,38.71821975708008,-9.169569969177246,2,IN_TRANSIT_TO,2025-11-13 17:18:30,8012,1720,25-AS-32,POINT (-9.169569969177246 38.71821975708008)
2406_716,3744_20250901_164_0_17,164_0,0,38.73788070678711,-9.14169979095459,3,IN_TRANSIT_TO,2025-11-13 17:18:13,11109,2406,50-AL-09,POINT (-9.14169979095459 38.73788070678711)
2289_758,6890_20250901_150_0_4,150_0,1,38.75210189819336,-9.205169677734375,3,IN_TRANSIT_TO,2025-11-13 17:18:39,10901,2289,92-60-ZM,POINT (-9.205169677734375 38.75210189819336)
2451_703,3158_20250901_165_0_13,165_0,0,38.778770446777344,-9.1493501663208,9,IN_TRANSIT_TO,2025-11-13 17:18:36,6015,2451,75-AQ-16,POINT (-9.1493501663208 38.778770446777344)
2434_716,3747_20250901_164_0_18,164_0,1,38.73577880859375,-9.137100219726562,24,IN_TRANSIT_TO,2025-11-13 17:18:28,11108,2434,29-AU-24,POINT (-9.137100219726562 38.73577880859375)
2464_726,4286_20250901_116_0_13,116_0,0,38.739051818847656,-9.153169631958008,13,IN_TRANSIT_TO,2025-11-13 17:18:19,33102,2464,91-BE-71,POINT (-9.153169631958008 38.739051818847656)
1723_798,8190_20250901_194_0_23,194_0,0,38.78757858276367,-9.148200035095215,21,IN_TRANSIT_TO,2025-11-13 17:17:51,6010,1723,25-AS-35,POINT (-9.148200035095215 38.78757858276367)
2800_727,4537_20250901_103_0_9,103_0,1,38.708499908447266,-9.15291976928711,28,IN_TRANSIT_TO,2025-11-13 17:18:15,7105,2800,AJ-54-LI,POINT (-9.15291976928711 38.708499908447266)
2291_724,4191_20250901_178_0_18,178_0,1,38.760650634765625,-9.197979927062988,2,IN_TRANSIT_TO,2025-11-13 17:18:36,13911,2291,92-56-ZM,POINT (-9.197979927062988 38.760650634765625)
260_734,5133_20250901_205_0_25,205_0,0,38.715179443359375,-9.127679824829102,10,IN_TRANSIT_TO,2025-11-13 17:18:38,14802,260,AG-79-EF,POINT (-9.127679824829102 38.715179443359375)
4610_750,6390_20250901_106_0_11,106_0,1,38.748451232910156,-9.188349723815918,18,IN_TRANSIT_TO,2025-11-13 17:18:14,10805,4610,96-GL-87,POINT (-9.188349723815918 38.748451232910156)
2610_759,6973_20250901_144_0_12,144_0,1,38.748600006103516,-9.113880157470703,22,IN_TRANSIT_TO,2025-11-13 17:18:13,24375,2610,66-VI-20,POINT (-9.113880157470703 38.748600006103516)
2290_724,4204_20250901_178_0_19,178_0,0,38.75736999511719,-9.204429626464844,26,IN_TRANSIT_TO,2025-11-13 17:18:15,13711,2290,92-55-ZM,POINT (-9.204429626464844 38.75736999511719)
1728_742,5676_20250901_114_0_8,114_0,0,38.71397018432617,-9.196550369262695,57,IN_TRANSIT_TO,2025-11-13 17:18:41,50140,1728,25-AS-40,POINT (-9.196550369262695 38.71397018432617)
2798_712,3541_20250901_189_0_14,189_0,0,38.72589874267578,-9.150879859924316,17,IN_TRANSIT_TO,2025-11-13 17:18:29,1202,2798,AJ-56-LI,POINT (-9.150879859924316 38.72589874267578)
4838_736,5331_20250901_199_0_11,199_0,0,38.75619888305664,-9.151800155639648,14,IN_TRANSIT_TO,2025-11-13 17:18:17,5705,4838,34-VR-22,POINT (-9.151800155639648 38.75619888305664)
2751_708,3365_20250901_100_0_13,100_0,1,38.7672004699707,-9.099029541015625,15,IN_TRANSIT_TO,2025-11-13 17:17:46,7825,2751,AG-12-TH,POINT (-9.099029541015625 38.7672004699707)
2249_731,41474_20250901_190_0_11,190_0,0,38.78028106689453,-9.101869583129883,32,IN_TRANSIT_TO,2025-11-13 17:18:39,7902,2249,22-32-ZB,POINT (-9.101869583129883 38.78028106689453)
2438_703,3124_20250901_165_0_13,165_0,0,38.754329681396484,-9.1870698928833,32,IN_TRANSIT_TO,2025-11-13 17:18:26,12802,2438,44-BC-29,POINT (-9.1870698928833 38.754329681396484)
2825_753,6541_20250901_167_0_22,167_0,1,38.72507858276367,-9.149100303649902,6,IN_TRANSIT_TO,2025-11-13 17:18:32,1212,2825,BF-53-FZ,POINT (-9.149100303649902 38.72507858276367)
6029_767,7315_20250901_112_1_9,112_1,0,38.7606201171875,-9.168720245361328,4,IN_TRANSIT_TO,2025-11-13 17:18:41,50005,6029,BF-52-AX,POINT (-9.168720245361328 38.7606201171875)
2276_758,6815_20250901_150_0_13,150_0,0,38.736568450927734,-9.166170120239258,16,IN_TRANSIT_TO,2025-11-13 17:18:34,2711,2276,53-57-ZJ,POINT (-9.166170120239258 38.736568450927734)
2418_703,3162_20250901_165_0_14,165_0,0,38.78432083129883,-9.149470329284668,6,IN_TRANSIT_TO,2025-11-13 17:18:39,6024,2418,92-AO-54,POINT (-9.149470329284668 38.78432083129883)
2245_758,6869_20250901_150_0_14,150_0,1,38.723880767822266,-9.160829544067383,22,IN_TRANSIT_TO,2025-11-13 17:17:50,8512,2245,22-35-ZB,POINT (-9.160829544067383 38.723880767822266)
2466_726,4325_20250901_116_0_12,116_0,1,38.739681243896484,-9.150219917297363,22,IN_TRANSIT_TO,2025-11-13 17:18:31,33101,2466,16-AZ-16,POINT (-9.150219917297363 38.739681243896484)
2668_714,3697_20250901_102_0_12,102_0,1,38.70668029785156,-9.155920028686523,35,IN_TRANSIT_TO,2025-11-13 17:18:21,3913,2668,87-XB-36,POINT (-9.155920028686523 38.70668029785156)
4829_736,41525_20250901_199_0_11,199_0,0,38.7471809387207,-9.147870063781738,10,IN_TRANSIT_TO,2025-11-08 16:25:05,2021,4829,34-VR-21,POINT (-9.147870063781738 38.7471809387207)
2956_40B,17568_20250901_212_0_18,212_0,1,38.77568054199219,-9.159870147705078,5,IN_TRANSIT_TO,2025-11-13 17:18:20,11508,2956,27-GU-71,POINT (-9.159870147705078 38.77568054199219)
4834_736,5319_20250901_199_0_13,199_0,0,38.778568267822266,-9.16349983215332,21,IN_TRANSIT_TO,2025-11-13 17:18:28,5909,4834,20-VQ-71,POINT (-9.16349983215332 38.778568267822266)
2843_728,4641_20250901_204_0_10,204_0,0,38.76987838745117,-9.10431957244873,43,IN_TRANSIT_TO,2025-11-13 17:18:24,7825,2843,BF-63-FZ,POINT (-9.10431957244873 38.76987838745117)
2296_731,57523_20250901_190_0_2,190_0,0,38.7695198059082,-9.112629890441895,24,IN_TRANSIT_TO,2025-11-13 17:18:40,7703,2296,92-51-ZM,POINT (-9.112629890441895 38.7695198059082)
2770_714,3684_20250901_102_0_3,102_0,0,38.70642852783203,-9.173500061035156,11,IN_TRANSIT_TO,2025-11-13 17:18:14,9417,2770,AH-30-ND,POINT (-9.173500061035156 38.70642852783203)
2209_708,3289_20250901_100_0_12,100_0,0,38.78070068359375,-9.096400260925293,33,IN_TRANSIT_TO,2025-11-13 17:18:25,50126,2209,01-68-XO,POINT (-9.096400260925293 38.78070068359375)
564_24E,17852_20250901_213_0_20,213_0,0,38.71989822387695,-9.154199600219727,6,IN_TRANSIT_TO,2025-11-13 17:18:40,10607,564,,POINT (-9.154199600219727 38.71989822387695)
2235_799,8211_20250901_120_0_22,120_0,0,38.754119873046875,-9.195980072021484,2,IN_TRANSIT_TO,2025-11-13 17:18:20,50242,2235,06-32-XX,POINT (-9.195980072021484 38.754119873046875)
2210_783,7854_20250901_203_0_14,203_0,1,38.73862838745117,-9.146080017089844,22,IN_TRANSIT_TO,2025-11-13 17:18:12,1906,2210,01-66-XO,POINT (-9.146080017089844 38.73862838745117)
2214_742,5737_20250901_114_0_9,114_0,0,38.734378814697266,-9.153550148010254,25,IN_TRANSIT_TO,2025-11-13 17:18:16,1413,2214,08-02-XS,POINT (-9.153550148010254 38.734378814697266)
2834_753,6536_20250901_167_0_4,167_0,0,38.730079650878906,-9.143670082092285,0,IN_TRANSIT_TO,2025-11-13 17:18:20,,2834,BF-76-FZ,POINT (-9.143670082092285 38.730079650878906)
614_15E,11329_20250901_76_0_3,76_0,0,38.70656967163086,-9.151000022888184,5,IN_TRANSIT_TO,2025-11-13 17:18:17,7102,614,,POINT (-9.151000022888184 38.70656967163086)
2212_735,5267_20250901_172_0_12,172_0,1,38.77146911621094,-9.147930145263672,0,IN_TRANSIT_TO,2025-11-13 17:18:36,,2212,08-05-XS,POINT (-9.147930145263672 38.77146911621094)
2781_711,3522_20250901_101_0_3,101_0,1,38.74571990966797,-9.217650413513184,3,IN_TRANSIT_TO,2025-11-13 17:17:43,3013,2781,AI-00-BT,POINT (-9.217650413513184 38.74571990966797)
2208_755,6709_20250901_118_0_14,118_0,0,38.74837875366211,-9.102999687194824,4,IN_TRANSIT_TO,2025-11-13 17:18:15,50477,2208,01-69-XO,POINT (-9.102999687194824 38.74837875366211)
2216_742,5789_20250901_114_0_2,114_0,1,38.72011947631836,-9.169449806213379,26,IN_TRANSIT_TO,2025-11-13 17:18:39,9304,2216,08-00-XS,POINT (-9.169449806213379 38.72011947631836)
2206_708,3298_20250901_100_0_9,100_0,0,38.77444839477539,-9.097149848937988,30,IN_TRANSIT_TO,2025-11-13 17:18:13,7823,2206,01-67-XO,POINT (-9.097149848937988 38.77444839477539)
2218_742,5777_20250901_114_0_9,114_0,1,38.72774887084961,-9.160679817199707,30,IN_TRANSIT_TO,2025-11-13 17:18:29,6104,2218,07-98-XS,POINT (-9.160679817199707 38.72774887084961)
2220_708,3351_20250901_100_0_10,100_0,1,38.73093032836914,-9.134469985961914,38,IN_TRANSIT_TO,2025-11-13 17:18:29,506,2220,07-96-XS,POINT (-9.134469985961914 38.73093032836914)
2712_754,6622_20250901_201_0_12,201_0,1,38.74354934692383,-9.145369529724121,34,IN_TRANSIT_TO,2025-11-13 17:18:16,1901,2712,92-XQ-33,POINT (-9.145369529724121 38.74354934692383)
2221_720,4106_20250901_143_0_2,143_0,1,38.710819244384766,-9.16491985321045,9,IN_TRANSIT_TO,2025-11-13 17:18:13,10101,2221,07-95-XS,POINT (-9.16491985321045 38.710819244384766)
6028_732,5080_20250901_107_0_8,107_0,1,38.70315170288086,-9.194580078125,15,IN_TRANSIT_TO,2025-11-13 17:18:27,13401,6028,BF-68-AX,POINT (-9.194580078125 38.70315170288086)
563_28E,14920_20250901_75_0_18,75_0,0,38.710750579833984,-9.130900382995605,14,IN_TRANSIT_TO,2025-11-13 17:18:23,13816,563,,POINT (-9.130900382995605 38.710750579833984)
561_12E,11035_20250901_77_0_16,77_0,0,38.71067810058594,-9.131319999694824,7,IN_TRANSIT_TO,2025-11-13 17:17:54,13816,561,,POINT (-9.131319999694824 38.71067810058594)
2226_742,5759_20250901_114_0_11,114_0,0,38.732669830322266,-9.130470275878906,16,IN_TRANSIT_TO,2025-11-13 17:18:31,501,2226,06-35-XX,POINT (-9.130470275878906 38.732669830322266)
2228_708,3333_20250901_100_0_11,100_0,0,38.74325180053711,-9.132729530334473,9,IN_TRANSIT_TO,2025-11-13 17:18:38,411,2228,06-24-XX,POINT (-9.132729530334473 38.74325180053711)
2230_726,4295_20250901_116_0_11,116_0,0,38.73025131225586,-9.136919975280762,6,IN_TRANSIT_TO,2025-11-13 17:18:21,611,2230,06-36-XX,POINT (-9.136919975280762 38.73025131225586)
2222_720,4086_20250901_143_0_14,143_0,0,38.7257194519043,-9.14783000946045,13,IN_TRANSIT_TO,2025-11-13 17:18:34,6602,2222,08-17-XS,POINT (-9.14783000946045 38.7257194519043)
2836_751,6514_20250901_109_0_11,109_0,1,38.7159309387207,-9.175600051879883,28,IN_TRANSIT_TO,2025-11-13 17:18:24,11903,2836,BF-70-FZ,POINT (-9.175600051879883 38.7159309387207)
2207_735,5232_20250901_172_0_12,172_0,1,38.71207046508789,-9.124549865722656,29,IN_TRANSIT_TO,2025-11-13 17:18:27,2118,2207,01-70-XO,POINT (-9.124549865722656 38.71207046508789)
4615_750,6335_20250901_106_0_10,106_0,1,38.75872039794922,-9.11299991607666,33,IN_TRANSIT_TO,2025-11-13 17:18:32,8409,4615,22-GP-49,POINT (-9.11299991607666 38.75872039794922)
565_28E,15012_20250901_75_0_19,75_0,1,38.709930419921875,-9.135629653930664,6,IN_TRANSIT_TO,2025-11-13 17:18:26,50149,565,,POINT (-9.135629653930664 38.709930419921875)
2229_742,5666_20250901_114_0_9,114_0,0,38.71403121948242,-9.195830345153809,57,IN_TRANSIT_TO,2025-11-13 17:18:17,50140,2229,06-37-XX,POINT (-9.195830345153809 38.71403121948242)
2233_731,5018_20250901_190_0_9,190_0,1,38.76316833496094,-9.128450393676758,20,IN_TRANSIT_TO,2025-11-13 17:18:33,7506,2233,06-38-XX,POINT (-9.128450393676758 38.76316833496094)
2231_724,4236_20250901_178_0_18,178_0,1,38.76253128051758,-9.195079803466797,0,IN_TRANSIT_TO,2025-11-13 17:18:25,,2231,06-28-XX,POINT (-9.195079803466797 38.76253128051758)
2232_771,21942_20250901_248_0_19,248_0,1,38.73188018798828,-9.162449836730957,20,IN_TRANSIT_TO,2025-11-13 17:18:28,6121,2232,06-23-XX,POINT (-9.162449836730957 38.73188018798828)
6008_724,4225_20250901_178_0_3,178_0,0,38.738868713378906,-9.204219818115234,14,IN_TRANSIT_TO,2025-11-13 17:18:26,8829,6008,81-ZC-08,POINT (-9.204219818115234 38.738868713378906)
2238_729,4878_20250901_104_0_7,104_0,0,38.75257873535156,-9.187580108642578,8,IN_TRANSIT_TO,2025-11-13 17:18:13,12813,2238,06-29-XX,POINT (-9.187580108642578 38.75257873535156)
2201_735,5242_20250901_172_0_10,172_0,0,38.72867965698242,-9.128120422363281,15,IN_TRANSIT_TO,2025-11-13 17:18:38,7009,2201,72-15-XN,POINT (-9.128120422363281 38.72867965698242)
230_773,7416_20250901_124_0_24,124_0,1,38.712371826171875,-9.168049812316895,8,IN_TRANSIT_TO,2025-11-13 17:18:26,10106,230,13-33-XZ,POINT (-9.168049812316895 38.712371826171875)
2234_758,6770_20250901_150_0_13,150_0,0,38.75094985961914,-9.201729774475098,29,IN_TRANSIT_TO,2025-11-13 17:18:15,10904,2234,06-26-XX,POINT (-9.201729774475098 38.75094985961914)
414_10B,21749_20250901_242_0_21,242_0,0,38.70896911621094,-9.131179809570312,16,IN_TRANSIT_TO,2025-11-13 17:18:31,8203,414,BF-95-TP,POINT (-9.131179809570312 38.70896911621094)
2835_728,4722_20250901_204_4_10,204_4,1,38.720279693603516,-9.117670059204102,15,IN_TRANSIT_TO,2025-11-13 17:18:22,4102,2835,BF-62-FZ,POINT (-9.117670059204102 38.720279693603516)
6027_732,5076_20250901_107_0_8,107_0,1,38.703731536865234,-9.162469863891602,25,IN_TRANSIT_TO,2025-11-13 17:18:21,3905,6027,BF-66-BA,POINT (-9.162469863891602 38.703731536865234)
615_15E,11238_20250901_76_0_12,76_0,1,38.69729995727539,-9.20281982421875,7,IN_TRANSIT_TO,2025-11-13 17:18:28,9609,615,,POINT (-9.20281982421875 38.69729995727539)
2241_763,49571_20250901_282_0_3,282_0,0,38.760398864746094,-9.194049835205078,19,IN_TRANSIT_TO,2025-11-13 17:18:26,12813,2241,22-37-ZB,POINT (-9.194049835205078 38.760398864746094)
2265_731,4989_20250901_190_0_11,190_0,0,38.78432083129883,-9.110950469970703,0,IN_TRANSIT_TO,2025-11-13 17:18:11,,2265,76-91-ZG,POINT (-9.110950469970703 38.78432083129883)
2273_768,7347_20250901_111_0_17,111_0,1,38.76184844970703,-9.197150230407715,4,IN_TRANSIT_TO,2025-11-13 17:18:29,13909,2273,76-81-ZG,POINT (-9.197150230407715 38.76184844970703)
2267_768,7335_20250901_111_0_17,111_0,0,38.7505989074707,-9.158769607543945,0,IN_TRANSIT_TO,2025-11-13 17:18:12,,2267,76-86-ZG,POINT (-9.158769607543945 38.7505989074707)
