id,trip_id,route_id,direction_id,latitude,longitude,current_stop_sequence,current_status,timestamp,stop_id,vehicle_id,license_plate,geometry
6032_760,7041_20250601_171_0_5,171_0,0,38.704349517822266,-9.189530372619629,23,IN_TRANSIT_TO,2025-07-30 07:25:24,12008,6032,BF-93-BC,POINT (-9.189530372619629 38.704349517822266)
4645_750,6327_20250601_106_0_3,106_0,0,38.75802993774414,-9.153470039367676,15,IN_TRANSIT_TO,2025-07-30 07:25:27,5805,4645,98-JO-46,POINT (-9.153470039367676 38.75802993774414)
4648_750,6306_20250601_106_0_4,106_0,0,38.71125030517578,-9.22599983215332,35,IN_TRANSIT_TO,2025-07-30 07:25:48,14309,4648,98-JO-47,POINT (-9.22599983215332 38.71125030517578)
2793_738,5525_20250601_117_0_4,117_0,1,38.70372009277344,-9.171699523925781,6,IN_TRANSIT_TO,2025-07-30 07:25:39,4001,2793,AJ-58-LI,POINT (-9.171699523925781 38.70372009277344)
2302_742,5773_20250601_114_0_4,114_0,0,38.733150482177734,-9.132499694824219,17,IN_TRANSIT_TO,2025-07-30 07:24:49,503,2302,83-08-ZM,POINT (-9.132499694824219 38.733150482177734)
611_15E,11251_20250601_76_0_4,76_0,1,38.70384979248047,-9.17905044555664,13,IN_TRANSIT_TO,2025-07-30 07:25:31,12111,611,,POINT (-9.17905044555664 38.70384979248047)
4607_750,6263_20250601_106_0_2,106_0,1,38.74222946166992,-9.203280448913574,10,IN_TRANSIT_TO,2025-07-30 07:25:39,8835,4607,96-GL-84,POINT (-9.203280448913574 38.74222946166992)
304_744,5834_20250601_200_0_4,200_0,1,38.74066925048828,-9.146599769592285,25,IN_TRANSIT_TO,2025-07-30 07:25:46,1902,304,22-SP-91,POINT (-9.146599769592285 38.74066925048828)
4606_750,6391_20250601_106_0_1,106_0,1,38.75545120239258,-9.150679588317871,21,IN_TRANSIT_TO,2025-07-30 07:25:25,13603,4606,96-GL-83,POINT (-9.150679588317871 38.75545120239258)
2254_768,7327_20250601_111_0_5,111_0,0,38.762081146240234,-9.197270393371582,20,IN_TRANSIT_TO,2025-07-30 07:25:19,13904,2254,80-51-ZE,POINT (-9.197270393371582 38.762081146240234)
6022_760,7093_20250601_171_0_2,171_0,1,38.7047004699707,-9.186470031738281,20,IN_TRANSIT_TO,2025-07-30 07:25:25,12007,6022,BF-48-BB,POINT (-9.186470031738281 38.7047004699707)
2315_742,5764_20250601_114_0_3,114_0,0,38.70307159423828,-9.193400382995605,47,IN_TRANSIT_TO,2025-07-30 07:25:17,13408,2315,61-88-ZB,POINT (-9.193400382995605 38.70307159423828)
558_24E,17841_20250601_213_0_6,213_0,0,38.71609878540039,-9.147549629211426,4,IN_TRANSIT_TO,2025-07-30 07:25:00,10601,558,,POINT (-9.147549629211426 38.71609878540039)
603_15E,11277_20250601_76_0_6,76_0,1,38.69932174682617,-9.225729942321777,2,IN_TRANSIT_TO,2025-07-30 07:25:31,4219,603,,POINT (-9.225729942321777 38.69932174682617)
2250_731,19403_20240727_190_0_8,190_0,1,38.78303146362305,-9.114009857177734,3,IN_TRANSIT_TO,2024-08-10 10:41:27,12610,2250,80-41-ZE,POINT (-9.114009857177734 38.78303146362305)
4602_748,6150_20250601_169_0_4,169_0,1,38.7110481262207,-9.226180076599121,6,IN_TRANSIT_TO,2025-07-30 07:25:24,14311,4602,96-GL-80,POINT (-9.226180076599121 38.7110481262207)
2292_731,5021_20250601_190_0_4,190_0,1,38.74192810058594,-9.157299995422363,30,IN_TRANSIT_TO,2025-07-30 07:25:37,3302,2292,83-16-ZM,POINT (-9.157299995422363 38.74192810058594)
612_15E,11209_20250601_76_0_5,76_0,0,38.70907974243164,-9.135299682617188,1,IN_TRANSIT_TO,2025-07-30 07:25:24,50620,612,,POINT (-9.135299682617188 38.70907974243164)
2321_793,7996_20250601_145_0_6,145_0,0,38.74089813232422,-9.112000465393066,14,IN_TRANSIT_TO,2025-07-30 07:25:27,3701,2321,04-47-ZF,POINT (-9.112000465393066 38.74089813232422)
6033_732,5063_20250601_107_0_3,107_0,0,38.744869232177734,-9.147669792175293,5,IN_TRANSIT_TO,2025-07-30 07:25:38,2019,6033,BF-92-AZ,POINT (-9.147669792175293 38.744869232177734)
4617_728,4672_20250601_204_0_4,204_0,0,38.73767852783203,-9.10297966003418,31,IN_TRANSIT_TO,2025-07-30 07:25:40,12513,4617,22-GP-51,POINT (-9.10297966003418 38.73767852783203)
4620_728,4656_20250601_204_0_2,204_0,0,38.76831817626953,-9.104169845581055,43,IN_TRANSIT_TO,2025-07-30 07:25:21,7825,4620,22-GP-54,POINT (-9.104169845581055 38.76831817626953)
2955_40B,19261_20250601_212_0_3,212_0,0,38.77804946899414,-9.145620346069336,15,IN_TRANSIT_TO,2025-07-30 07:25:26,6013,2955,27-GU-70,POINT (-9.145620346069336 38.77804946899414)
2954_798,8193_20250601_194_0_7,194_0,0,38.77912902832031,-9.148719787597656,12,IN_TRANSIT_TO,2025-07-30 07:25:30,11509,2954,62-GQ-56,POINT (-9.148719787597656 38.77912902832031)
4614_728,4703_20250601_204_0_4,204_0,0,38.700469970703125,-9.206230163574219,8,IN_TRANSIT_TO,2025-07-30 07:25:47,9605,4614,96-GL-90,POINT (-9.206230163574219 38.700469970703125)
2943_26B,17509_20250601_208_0_4,208_0,1,38.76768112182617,-9.11001968383789,12,IN_TRANSIT_TO,2025-07-30 07:25:32,7715,2943,51-GL-83,POINT (-9.11001968383789 38.76768112182617)
2953_798,8189_20250601_194_0_8,194_0,1,38.78131866455078,-9.14115047454834,7,IN_TRANSIT_TO,2025-07-30 07:25:38,6011,2953,62-GQ-55,POINT (-9.14115047454834 38.78131866455078)
4611_750,6403_20250601_106_0_4,106_0,1,38.74985122680664,-9.197480201721191,14,IN_TRANSIT_TO,2025-07-30 07:25:14,2803,4611,96-GL-88,POINT (-9.197480201721191 38.74985122680664)
4641_750,6375_20250601_106_0_4,106_0,1,38.76816940307617,-9.099820137023926,38,IN_TRANSIT_TO,2025-07-30 07:25:37,2315,4641,90-JI-98,POINT (-9.099820137023926 38.76816940307617)
4646_750,6288_20250601_106_0_3,106_0,0,38.71107864379883,-9.22616958618164,36,IN_TRANSIT_TO,2025-07-30 07:25:40,14311,4646,11-JM-79,POINT (-9.22616958618164 38.71107864379883)
4650_750,6402_20250601_106_0_4,106_0,1,38.755531311035156,-9.153630256652832,25,IN_TRANSIT_TO,2025-07-30 07:25:46,5804,4650,11-JM-80,POINT (-9.153630256652832 38.755531311035156)
4631_783,7850_20250601_203_0_12,203_0,1,38.770118713378906,-9.126720428466797,10,IN_TRANSIT_TO,2025-06-30 15:27:01,12202,4631,02-JN-86,POINT (-9.126720428466797 38.770118713378906)
2973_730,4959_20250601_198_0_6,198_0,0,38.7336311340332,-9.121870040893555,1,IN_TRANSIT_TO,2025-07-30 07:25:39,8901,2973,30-VM-13,POINT (-9.121870040893555 38.7336311340332)
2688_738,5551_20250601_117_0_3,117_0,0,38.71992874145508,-9.155320167541504,24,IN_TRANSIT_TO,2025-07-30 07:25:45,6804,2688,93-XA-35,POINT (-9.155320167541504 38.71992874145508)
2699_727,4532_20250601_103_0_2,103_0,1,38.69721984863281,-9.20182991027832,12,IN_TRANSIT_TO,2025-07-30 07:25:21,9603,2699,92-XQ-25,POINT (-9.20182991027832 38.69721984863281)
2691_746,5994_20250601_108_0_2,108_0,1,38.73762893676758,-9.156700134277344,20,IN_TRANSIT_TO,2025-07-30 07:25:40,1506,2691,90-XF-45,POINT (-9.156700134277344 38.73762893676758)
2693_709,3392_20250601_148_0_9,148_0,1,38.71405029296875,-9.169429779052734,0,IN_TRANSIT_TO,2025-07-30 07:25:48,,2693,90-XF-46,POINT (-9.169429779052734 38.71405029296875)
2669_727,4509_20250601_103_0_3,103_0,1,38.70859909057617,-9.152899742126465,28,IN_TRANSIT_TO,2025-07-30 07:25:48,7105,2669,87-XB-34,POINT (-9.152899742126465 38.70859909057617)
2695_748,6139_20250601_169_0_4,169_0,1,38.72352981567383,-9.163920402526855,7,IN_TRANSIT_TO,2025-07-30 07:25:46,8608,2695,90-XF-50,POINT (-9.163920402526855 38.72352981567383)
4836_736,5362_20250601_199_0_5,199_0,0,38.71432876586914,-9.139229774475098,0,IN_TRANSIT_TO,2025-07-30 07:25:19,,4836,34-VR-23,POINT (-9.139229774475098 38.71432876586914)
2705_713,3587_20250601_122_0_6,122_0,1,38.713871002197266,-9.160470008850098,20,IN_TRANSIT_TO,2025-07-30 07:25:47,8114,2705,92-XQ-29,POINT (-9.160470008850098 38.713871002197266)
2683_738,5509_20250601_117_0_3,117_0,1,38.750179290771484,-9.161580085754395,30,IN_TRANSIT_TO,2025-07-30 07:25:39,13508,2683,99-XE-55,POINT (-9.161580085754395 38.750179290771484)
2682_713,3597_20250601_122_0_2,122_0,1,38.70573043823242,-9.172030448913574,8,IN_TRANSIT_TO,2025-07-30 07:25:18,9418,2682,93-XA-42,POINT (-9.172030448913574 38.70573043823242)
4619_751,6504_20250601_109_4_2,109_4,0,38.697269439697266,-9.202130317687988,15,IN_TRANSIT_TO,2025-07-30 07:25:42,4112,4619,22-GP-53,POINT (-9.202130317687988 38.697269439697266)
4618_728,4696_20250601_204_0_2,204_0,0,38.7044792175293,-9.15956974029541,16,IN_TRANSIT_TO,2025-07-30 07:25:48,3905,4618,22-GP-52,POINT (-9.15956974029541 38.7044792175293)
2947_29B,17523_20250601_209_0_4,209_0,0,38.774051666259766,-9.116820335388184,16,IN_TRANSIT_TO,2025-07-30 07:25:33,7720,2947,51-GL-84,POINT (-9.116820335388184 38.774051666259766)
2946_31B,17537_20250601_210_0_4,210_0,0,38.750919342041016,-9.110549926757812,5,IN_TRANSIT_TO,2025-07-30 07:25:21,24390,2946,75-GO-15,POINT (-9.110549926757812 38.750919342041016)
2952_52B,21660_20250601_244_0_3,244_0,0,38.741329193115234,-9.146180152893066,12,IN_TRANSIT_TO,2025-07-30 07:25:30,1915,2952,62-GQ-54,POINT (-9.146180152893066 38.741329193115234)
2948_32B,17547_20250601_211_0_4,211_0,0,38.75542068481445,-9.118120193481445,6,IN_TRANSIT_TO,2025-07-30 07:25:29,24381,2948,51-GL-85,POINT (-9.118120193481445 38.75542068481445)
2958_40B,17567_20250601_212_0_3,212_0,0,38.77397155761719,-9.160969734191895,27,IN_TRANSIT_TO,2025-07-30 07:25:35,50163,2958,27-GU-73,POINT (-9.160969734191895 38.77397155761719)
4643_750,6332_20250601_106_0_4,106_0,0,38.75957107543945,-9.136980056762695,11,IN_TRANSIT_TO,2025-07-30 07:25:16,11308,4643,98-JO-45,POINT (-9.136980056762695 38.75957107543945)
2676_723,4179_20250601_121_0_2,121_0,1,38.72237014770508,-9.186479568481445,23,IN_TRANSIT_TO,2025-07-30 07:25:47,21308,2676,87-XB-40,POINT (-9.186479568481445 38.72237014770508)
2957_40B,17557_20250601_212_0_3,212_0,1,38.79384994506836,-9.149620056152344,23,IN_TRANSIT_TO,2025-07-30 07:25:23,50196,2957,27-GU-72,POINT (-9.149620056152344 38.79384994506836)
2677_723,4140_20250601_121_0_4,121_0,1,38.717018127441406,-9.210350036621094,12,IN_TRANSIT_TO,2025-07-30 07:25:46,10404,2677,87-XB-41,POINT (-9.210350036621094 38.717018127441406)
2671_713,3616_20250601_122_0_5,122_0,0,38.71772003173828,-9.157279968261719,15,IN_TRANSIT_TO,2025-07-30 07:25:15,6802,2671,87-XB-43,POINT (-9.157279968261719 38.71772003173828)
2680_714,17756_20250601_102_0_4,102_0,1,38.70402145385742,-9.207130432128906,18,IN_TRANSIT_TO,2025-07-30 07:25:22,13105,2680,93-XA-36,POINT (-9.207130432128906 38.70402145385742)
2681_746,5983_20250601_108_0_5,108_0,0,38.73133087158203,-9.151419639587402,2,IN_TRANSIT_TO,2025-07-30 07:25:26,1301,2681,93-XA-41,POINT (-9.151419639587402 38.73133087158203)
2673_713,3618_20250601_122_0_3,122_0,0,38.730098724365234,-9.157750129699707,8,IN_TRANSIT_TO,2025-07-30 07:25:32,6117,2673,87-XB-37,POINT (-9.157750129699707 38.730098724365234)
2679_714,18879_20250601_102_0_1,102_0,1,38.727718353271484,-9.21245002746582,7,IN_TRANSIT_TO,2025-07-30 07:25:34,18707,2679,93-XA-34,POINT (-9.21245002746582 38.727718353271484)
2672_754,6611_20250601_201_0_3,201_0,0,38.73297882080078,-9.217080116271973,31,IN_TRANSIT_TO,2025-07-30 07:25:26,18116,2672,87-XB-44,POINT (-9.217080116271973 38.73297882080078)
2670_738,5541_20250601_117_0_2,117_0,0,38.70682907104492,-9.167630195617676,30,IN_TRANSIT_TO,2025-07-30 07:25:16,10206,2670,87-XB-32,POINT (-9.167630195617676 38.70682907104492)
6001_706,3244_20250601_147_0_5,147_0,1,38.7181510925293,-9.118680000305176,4,IN_TRANSIT_TO,2025-07-30 07:24:54,2131,6001,99-XU-70,POINT (-9.118680000305176 38.7181510925293)
2674_709,3389_20250601_148_0_7,148_0,1,38.713531494140625,-9.139599800109863,11,IN_TRANSIT_TO,2025-07-30 07:25:21,902,2674,87-XB-38,POINT (-9.139599800109863 38.713531494140625)
2675_754,6619_20250601_201_0_3,201_0,0,38.74578094482422,-9.14745044708252,3,IN_TRANSIT_TO,2025-07-30 07:25:33,1903,2675,87-XB-35,POINT (-9.14745044708252 38.74578094482422)
2964_45B,45291_20250601_277_0_2,277_0,1,38.76044845581055,-9.155599594116211,13,IN_TRANSIT_TO,2025-07-30 07:25:30,5803,2964,30-VM-19,POINT (-9.155599594116211 38.76044845581055)
4623_736,5428_20250601_199_0_4,199_0,1,38.78615188598633,-9.170470237731934,5,IN_TRANSIT_TO,2025-07-30 07:25:40,50083,4623,27-JO-12,POINT (-9.170470237731934 38.78615188598633)
510_15E,11300_20250601_76_0_3,76_0,0,38.6952018737793,-9.212630271911621,18,IN_TRANSIT_TO,2025-07-30 07:25:45,13210,510,,POINT (-9.212630271911621 38.6952018737793)
604_15E,11261_20250601_76_0_5,76_0,1,38.69712829589844,-9.20110034942627,7,IN_TRANSIT_TO,2025-07-30 07:25:25,9609,604,,POINT (-9.20110034942627 38.69712829589844)
4819_751,6518_20250601_109_0_4,109_0,1,38.705970764160156,-9.226920127868652,8,IN_TRANSIT_TO,2025-07-30 07:25:47,18403,4819,34-VR-16,POINT (-9.226920127868652 38.705970764160156)
547_18E,12193_20250601_78_0_6,78_0,1,38.70637893676758,-9.199150085449219,4,IN_TRANSIT_TO,2025-07-30 07:25:41,10301,547,,POINT (-9.199150085449219 38.70637893676758)
2827_753,18783_20250601_167_0_4,167_0,1,38.72412109375,-9.160719871520996,4,IN_TRANSIT_TO,2025-07-30 07:25:22,8502,2827,BF-61-FZ,POINT (-9.160719871520996 38.72412109375)
2347_731,5013_20250601_190_0_5,190_0,0,38.74348068237305,-9.156220436096191,6,IN_TRANSIT_TO,2025-07-30 07:24:44,3303,2347,53-61-ZJ,POINT (-9.156220436096191 38.74348068237305)
2441_767,7186_20250601_112_0_3,112_0,0,38.7293815612793,-9.140399932861328,3,IN_TRANSIT_TO,2025-07-30 07:23:04,6902,2441,29-AX-07,POINT (-9.140399932861328 38.7293815612793)
2741_735,5214_20250601_172_1_3,172_1,0,38.73326873779297,-9.132780075073242,18,IN_TRANSIT_TO,2025-07-30 07:25:39,501,2741,AG-99-TG,POINT (-9.132780075073242 38.73326873779297)
2479_716,3750_20250601_164_0_8,164_0,1,38.74673080444336,-9.184550285339355,6,IN_TRANSIT_TO,2025-07-30 07:25:26,10821,2479,91-BE-74,POINT (-9.184550285339355 38.74673080444336)
4634_783,7839_20250601_203_0_3,203_0,0,38.762481689453125,-9.130080223083496,18,IN_TRANSIT_TO,2025-07-30 07:25:19,7513,4634,11-JM-78,POINT (-9.130080223083496 38.762481689453125)
2414_729,4819_20250601_104_0_2,104_0,0,38.744850158691406,-9.199819564819336,17,IN_TRANSIT_TO,2025-07-30 07:25:38,50614,2414,92-AO-51,POINT (-9.199819564819336 38.744850158691406)
2295_724,4228_20250601_178_0_5,178_0,0,38.74681854248047,-9.197879791259766,17,IN_TRANSIT_TO,2025-07-30 07:25:25,2801,2295,92-53-ZM,POINT (-9.197879791259766 38.74681854248047)
2763_712,3544_20250601_189_0_5,189_0,1,38.7247200012207,-9.150779724121094,14,IN_TRANSIT_TO,2025-07-30 07:25:27,1224,2763,AH-23-ND,POINT (-9.150779724121094 38.7247200012207)
2417_767,7265_20250601_112_0_4,112_0,1,38.75022888183594,-9.191169738769531,16,IN_TRANSIT_TO,2025-07-30 07:25:36,10807,2417,50-AL-06,POINT (-9.191169738769531 38.75022888183594)
2755_723,4173_20250601_121_0_4,121_0,1,38.72351837158203,-9.164199829101562,26,IN_TRANSIT_TO,2025-07-30 07:25:31,8608,2755,AG-95-TG,POINT (-9.164199829101562 38.72351837158203)
2298_735,5266_20250601_172_0_4,172_0,1,38.74217987060547,-9.13401985168457,12,IN_TRANSIT_TO,2025-07-30 07:25:20,302,2298,83-05-ZM,POINT (-9.13401985168457 38.74217987060547)
2979_72B,45263_20250601_279_0_3,279_0,0,38.74502944946289,-9.19966983795166,20,IN_TRANSIT_TO,2025-07-30 07:25:23,10831,2979,30-VM-17,POINT (-9.19966983795166 38.74502944946289)
2257_758,6798_20250601_150_0_3,150_0,0,38.707271575927734,-9.143420219421387,1,IN_TRANSIT_TO,2025-07-30 07:25:39,3807,2257,80-50-ZE,POINT (-9.143420219421387 38.707271575927734)
2282_771,21935_20250601_248_0_3,248_0,1,38.7423210144043,-9.167920112609863,24,IN_TRANSIT_TO,2025-07-30 07:25:43,50472,2282,67-35-ZJ,POINT (-9.167920112609863 38.7423210144043)
2281_765,7177_20250601_110_0_10,110_0,1,38.75505065917969,-9.195119857788086,9,IN_TRANSIT_TO,2025-07-30 07:25:22,10917,2281,67-56-ZJ,POINT (-9.195119857788086 38.75505065917969)
1717_749,59003_20250601_195_0_2,195_0,1,38.750099182128906,-9.161580085754395,11,IN_TRANSIT_TO,2025-07-30 07:25:27,10724,1717,69-AL-80,POINT (-9.161580085754395 38.750099182128906)
4835_736,5411_20250601_199_0_4,199_0,1,38.757930755615234,-9.155449867248535,14,IN_TRANSIT_TO,2025-07-30 07:25:22,5808,4835,53-VR-06,POINT (-9.155449867248535 38.757930755615234)
4624_796,8112_20250601_174_0_10,174_0,1,38.761348724365234,-9.157299995422363,15,IN_TRANSIT_TO,2025-07-30 07:25:22,5814,4624,11-JM-75,POINT (-9.157299995422363 38.761348724365234)
4811_728,4572_20250601_204_0_3,204_0,1,38.69771957397461,-9.187049865722656,41,IN_TRANSIT_TO,2025-07-30 07:25:48,9502,4811,34-VR-20,POINT (-9.187049865722656 38.69771957397461)
6034_760,7084_20250601_171_0_2,171_0,1,38.723018646240234,-9.13949966430664,38,IN_TRANSIT_TO,2025-07-30 07:25:24,9213,6034,BF-61-AX,POINT (-9.13949966430664 38.723018646240234)
6007_760,7064_20250601_171_0_5,171_0,0,38.7200813293457,-9.138299942016602,5,IN_TRANSIT_TO,2025-07-30 07:25:28,9214,6007,80-ZC-62,POINT (-9.138299942016602 38.7200813293457)
2765_714,3656_20250601_102_0_5,102_0,0,38.7015495300293,-9.181329727172852,14,IN_TRANSIT_TO,2025-07-30 07:25:37,12108,2765,AH-37-ND,POINT (-9.181329727172852 38.7015495300293)
2783_713,3571_20250601_122_0_4,122_0,1,38.73612976074219,-9.136520385742188,36,IN_TRANSIT_TO,2025-07-30 07:25:43,11108,2783,AI-10-BT,POINT (-9.136520385742188 38.73612976074219)
4633_796,8143_20250601_174_0_8,174_0,1,38.77429962158203,-9.162269592285156,16,IN_TRANSIT_TO,2025-07-30 07:25:25,5808,4633,90-JI-94,POINT (-9.162269592285156 38.77429962158203)
2259_758,6858_20250601_150_0_4,150_0,1,38.75041961669922,-9.197469711303711,6,IN_TRANSIT_TO,2025-07-30 07:25:49,10907,2259,67-44-ZJ,POINT (-9.197469711303711 38.75041961669922)
2270_724,4198_20250601_178_0_2,178_0,1,38.724369049072266,-9.193280220031738,21,IN_TRANSIT_TO,2025-07-30 07:25:22,8702,2270,76-82-ZG,POINT (-9.193280220031738 38.724369049072266)
2430_729,4803_20250601_104_0_5,104_0,1,38.698699951171875,-9.22677993774414,0,IN_TRANSIT_TO,2025-07-30 07:25:41,,2430,29-AX-12,POINT (-9.22677993774414 38.698699951171875)
2442_716,3721_20250601_164_0_5,164_0,0,38.74557113647461,-9.181670188903809,17,IN_TRANSIT_TO,2025-07-30 07:25:45,10702,2442,29-AX-06,POINT (-9.181670188903809 38.74557113647461)
2779_723,4165_20250601_121_0_5,121_0,0,38.725669860839844,-9.188730239868164,10,IN_TRANSIT_TO,2025-07-30 07:25:28,8607,2779,AI-02-BT,POINT (-9.188730239868164 38.725669860839844)
2703_738,5552_20250601_117_0_2,117_0,0,38.73735046386719,-9.145770072937012,17,IN_TRANSIT_TO,2025-07-30 07:25:23,1810,2703,92-XQ-24,POINT (-9.145770072937012 38.73735046386719)
6038_732,5056_20250601_107_0_3,107_0,0,38.711280822753906,-9.138850212097168,16,IN_TRANSIT_TO,2025-07-30 07:25:46,908,6038,BG-46-LV,POINT (-9.138850212097168 38.711280822753906)
2842_751,6496_20250601_109_4_8,109_4,1,38.70294952392578,-9.179920196533203,6,IN_TRANSIT_TO,2025-07-30 07:25:36,9503,2842,BF-56-FZ,POINT (-9.179920196533203 38.70294952392578)
4833_755,6659_20250601_118_0_2,118_0,0,38.74995040893555,-9.1045503616333,5,IN_TRANSIT_TO,2025-07-30 07:25:31,50228,4833,20-VQ-65,POINT (-9.1045503616333 38.74995040893555)
6009_706,3216_20250601_147_0_5,147_0,1,38.707130432128906,-9.157299995422363,30,IN_TRANSIT_TO,2025-07-30 07:25:30,50593,6009,81-ZC-18,POINT (-9.157299995422363 38.707130432128906)
4839_736,5302_20250601_199_0_3,199_0,0,38.786800384521484,-9.170129776000977,25,IN_TRANSIT_TO,2025-07-30 07:25:13,7207,4839,53-VR-08,POINT (-9.170129776000977 38.786800384521484)
4825_736,5322_20250601_199_0_5,199_0,0,38.78852081298828,-9.169050216674805,25,IN_TRANSIT_TO,2025-07-30 07:25:39,7207,4825,20-VQ-72,POINT (-9.169050216674805 38.78852081298828)
2345_724,4197_20250601_178_0_7,178_0,0,38.72475051879883,-9.191499710083008,7,IN_TRANSIT_TO,2025-07-30 07:25:48,21307,2345,53-59-ZJ,POINT (-9.191499710083008 38.72475051879883)
2614_705,3179_20250601_176_0_4,176_0,1,38.776798248291016,-9.116920471191406,17,IN_TRANSIT_TO,2025-07-30 07:25:26,12604,2614,66-VI-24,POINT (-9.116920471191406 38.776798248291016)
2607_759,6972_20250601_144_0_5,144_0,0,38.713348388671875,-9.13955020904541,2,IN_TRANSIT_TO,2025-07-30 07:25:45,908,2607,AA-95-TQ,POINT (-9.13955020904541 38.713348388671875)
6023_732,5035_20250601_107_0_2,107_0,0,38.70970153808594,-9.210249900817871,41,IN_TRANSIT_TO,2025-07-30 07:25:34,13102,6023,BF-03-BD,POINT (-9.210249900817871 38.70970153808594)
4815_728,4576_20250601_204_0_5,204_0,1,38.70841979980469,-9.133370399475098,32,IN_TRANSIT_TO,2025-07-30 07:25:46,4502,4815,34-VR-24,POINT (-9.133370399475098 38.70841979980469)
2824_753,21627_20250601_167_0_5,167_0,1,38.72507858276367,-9.151049613952637,5,IN_TRANSIT_TO,2025-07-30 07:25:48,1224,2824,BF-67-FZ,POINT (-9.151049613952637 38.72507858276367)
2606_744,5812_20250601_200_0_5,200_0,0,38.723201751708984,-9.148579597473145,1,IN_TRANSIT_TO,2025-07-30 07:25:24,1001,2606,66-VI-40,POINT (-9.148579597473145 38.723201751708984)
2601_781,7724_20250601_151_0_4,151_0,1,38.75925064086914,-9.111700057983398,15,IN_TRANSIT_TO,2025-07-30 07:25:27,8413,2601,04-VA-70,POINT (-9.111700057983398 38.75925064086914)
6026_760,7099_20250601_171_0_3,171_0,1,38.70737075805664,-9.19678020477295,14,IN_TRANSIT_TO,2025-07-30 07:25:21,10303,6026,BF-39-BB,POINT (-9.19678020477295 38.70737075805664)
2739_742,5679_20250601_114_0_3,114_0,1,38.72718048095703,-9.11061954498291,52,IN_TRANSIT_TO,2025-07-30 07:25:43,8301,2739,AG-31-EI,POINT (-9.11061954498291 38.72718048095703)
2602_759,6951_20250601_144_0_3,144_0,0,38.767799377441406,-9.100199699401855,47,IN_TRANSIT_TO,2025-07-30 07:25:44,7825,2602,16-VF-81,POINT (-9.100199699401855 38.767799377441406)
2653_713,3582_20250601_122_0_4,122_0,1,38.7294807434082,-9.158430099487305,28,IN_TRANSIT_TO,2025-07-30 07:24:52,6106,2653,05-VZ-52,POINT (-9.158430099487305 38.7294807434082)
4806_728,4676_20250601_204_0_4,204_0,0,38.70859909057617,-9.1356201171875,21,IN_TRANSIT_TO,2025-07-30 07:25:42,5501,4806,20-VQ-74,POINT (-9.1356201171875 38.70859909057617)
2749_756,6745_20250601_175_0_4,175_0,0,38.7423210144043,-9.134420394897461,7,IN_TRANSIT_TO,2025-07-30 07:25:08,319,2749,AG-03-TH,POINT (-9.134420394897461 38.7423210144043)
2988_774,7449_20250601_192_0_7,192_0,0,38.72766876220703,-9.142620086669922,12,IN_TRANSIT_TO,2025-07-30 07:25:21,6609,2988,29-VM-94,POINT (-9.142620086669922 38.72766876220703)
2743_742,5723_20250601_114_0_3,114_0,1,38.72140121459961,-9.167180061340332,27,IN_TRANSIT_TO,2025-07-30 07:25:47,8011,2743,AG-02-TH,POINT (-9.167180061340332 38.72140121459961)
2637_759,6936_20250601_144_0_4,144_0,1,38.77381896972656,-9.105830192565918,5,IN_TRANSIT_TO,2025-07-30 07:25:46,7908,2637,87-VS-51,POINT (-9.105830192565918 38.77381896972656)
4830_736,5386_20250601_199_0_4,199_0,1,38.726200103759766,-9.149680137634277,26,IN_TRANSIT_TO,2025-07-30 07:25:25,1206,4830,20-VQ-63,POINT (-9.149680137634277 38.726200103759766)
6037_732,5087_20250601_107_0_1,107_0,1,38.70222854614258,-9.180729866027832,21,IN_TRANSIT_TO,2025-07-30 07:25:38,12111,6037,BG-37-LT,POINT (-9.180729866027832 38.70222854614258)
2617_759,6964_20250601_144_0_3,144_0,0,38.7445182800293,-9.113530158996582,23,IN_TRANSIT_TO,2025-07-30 07:25:40,3703,2617,66-VI-28,POINT (-9.113530158996582 38.7445182800293)
2633_705,3185_20250601_176_0_4,176_0,1,38.74332809448242,-9.13247013092041,2,IN_TRANSIT_TO,2025-07-30 07:25:46,317,2633,52-VP-79,POINT (-9.13247013092041 38.74332809448242)
6005_732,5045_20250601_107_0_3,107_0,0,38.70198059082031,-9.18101978302002,27,IN_TRANSIT_TO,2025-07-30 07:25:48,12108,6005,81-ZC-91,POINT (-9.18101978302002 38.70198059082031)
2648_711,3491_20250601_101_0_4,101_0,1,38.75270080566406,-9.208820343017578,7,IN_TRANSIT_TO,2025-07-30 07:25:38,11001,2648,75-VS-46,POINT (-9.208820343017578 38.75270080566406)
2619_744,5820_20250601_200_0_4,200_0,1,38.721580505371094,-9.146880149841309,31,IN_TRANSIT_TO,2025-07-30 07:25:36,1212,2619,66-VI-37,POINT (-9.146880149841309 38.721580505371094)
2698_709,3404_20250601_148_0_4,148_0,0,38.72222137451172,-9.150500297546387,5,IN_TRANSIT_TO,2025-07-30 07:25:18,1211,2698,92-XQ-20,POINT (-9.150500297546387 38.72222137451172)
6039_732,5079_20250601_107_0_2,107_0,1,38.72196960449219,-9.146980285644531,34,IN_TRANSIT_TO,2025-07-30 07:25:21,1103,6039,BG-96-LU,POINT (-9.146980285644531 38.72196960449219)
2991_72B,45264_20250601_279_0_3,279_0,0,38.75257110595703,-9.18970012664795,0,IN_TRANSIT_TO,2025-07-30 07:25:40,,2991,29-VM-89,POINT (-9.18970012664795 38.75257110595703)
4820_751,6461_20250601_109_0_5,109_0,1,38.69736862182617,-9.203680038452148,18,IN_TRANSIT_TO,2025-07-30 07:25:23,9603,4820,20-VQ-62,POINT (-9.203680038452148 38.69736862182617)
2704_713,3602_20250601_122_0_6,122_0,1,38.73136901855469,-9.168569564819336,0,IN_TRANSIT_TO,2025-07-30 07:25:47,,2704,92-XQ-18,POINT (-9.168569564819336 38.73136901855469)
2989_702,3071_20250601_146_0_4,146_0,1,38.72671890258789,-9.164270401000977,9,IN_TRANSIT_TO,2025-07-30 07:25:45,6108,2989,29-VM-85,POINT (-9.164270401000977 38.72671890258789)
577_25E,14269_20250601_79_0_2,79_0,0,38.706871032714844,-9.141670227050781,3,IN_TRANSIT_TO,2025-07-30 07:25:19,3820,577,,POINT (-9.141670227050781 38.706871032714844)
2642_759,6914_20250601_144_0_4,144_0,1,38.73400115966797,-9.112700462341309,29,IN_TRANSIT_TO,2025-07-30 07:25:37,17580,2642,75-VS-51,POINT (-9.112700462341309 38.73400115966797)
2724_711,3514_20250601_101_0_5,101_0,0,38.72507095336914,-9.155280113220215,7,IN_TRANSIT_TO,2025-07-30 07:25:46,1209,2724,92-XQ-40,POINT (-9.155280113220215 38.72507095336914)
273_734,5137_20250601_205_0_4,205_0,0,38.71754837036133,-9.129929542541504,8,IN_TRANSIT_TO,2025-07-30 07:25:25,9131,273,AH-15-TB,POINT (-9.129929542541504 38.71754837036133)
2611_759,6900_20250601_144_0_2,144_0,1,38.716400146484375,-9.142230033874512,46,IN_TRANSIT_TO,2025-07-30 07:25:39,919,2611,66-VI-38,POINT (-9.142230033874512 38.716400146484375)
2721_738,5559_20250601_117_0_3,117_0,0,38.75590133666992,-9.170980453491211,2,IN_TRANSIT_TO,2025-07-30 07:25:09,50420,2721,92-XQ-37,POINT (-9.170980453491211 38.75590133666992)
2981_770,7363_20250601_191_0_4,191_0,0,38.737979888916016,-9.167579650878906,16,IN_TRANSIT_TO,2025-07-30 07:25:21,2713,2981,29-VM-86,POINT (-9.167579650878906 38.737979888916016)
2618_722,4115_20250601_196_0_4,196_0,0,38.74137878417969,-9.13759994506836,11,IN_TRANSIT_TO,2025-07-30 07:25:34,6405,2618,66-VI-42,POINT (-9.13759994506836 38.74137878417969)
2646_781,7745_20250601_151_0_4,151_0,0,38.77439880371094,-9.111169815063477,22,IN_TRANSIT_TO,2025-07-30 07:25:20,12309,2646,75-VS-48,POINT (-9.111169815063477 38.77439880371094)
2993_799,8228_20250601_120_0_6,120_0,0,38.74932098388672,-9.197580337524414,5,IN_TRANSIT_TO,2025-07-30 07:25:47,10908,2993,29-VM-93,POINT (-9.197580337524414 38.74932098388672)
2733_720,4091_20250601_143_0_5,143_0,0,38.722198486328125,-9.15192985534668,16,IN_TRANSIT_TO,2025-07-30 07:25:43,6806,2733,AG-41-EI,POINT (-9.15192985534668 38.722198486328125)
2664_754,6600_20250601_201_0_4,201_0,1,38.73352813720703,-9.21953010559082,7,IN_TRANSIT_TO,2025-07-30 07:25:33,18101,2664,05-VZ-68,POINT (-9.21953010559082 38.73352813720703)
2308_793,7985_20250601_145_0_6,145_0,0,38.742271423339844,-9.131779670715332,27,IN_TRANSIT_TO,2025-07-30 07:25:24,301,2308,83-17-ZM,POINT (-9.131779670715332 38.742271423339844)
2640_781,7719_20250601_151_0_4,151_0,1,38.73780059814453,-9.10336971282959,22,IN_TRANSIT_TO,2025-07-30 07:25:43,12512,2640,75-VS-43,POINT (-9.10336971282959 38.73780059814453)
2654_750,39039_20250601_106_4_4,106_4,1,38.70566940307617,-9.226719856262207,4,IN_TRANSIT_TO,2025-07-30 07:24:43,18404,2654,05-VZ-69,POINT (-9.226719856262207 38.70566940307617)
2707_738,5536_20250601_117_0_4,117_0,1,38.70415115356445,-9.182700157165527,3,IN_TRANSIT_TO,2025-07-30 07:25:42,12005,2707,92-XQ-39,POINT (-9.182700157165527 38.70415115356445)
2612_705,3194_20250601_176_0_4,176_0,0,38.77146911621094,-9.097379684448242,3,IN_TRANSIT_TO,2025-07-30 07:25:31,7821,2612,66-VI-29,POINT (-9.097379684448242 38.77146911621094)
501_15E,11312_20250601_76_0_5,76_0,0,38.695770263671875,-9.210780143737793,18,IN_TRANSIT_TO,2025-07-30 07:25:31,13210,501,,POINT (-9.210780143737793 38.695770263671875)
2736_735,5203_20250601_172_0_3,172_0,0,38.74995040893555,-9.142419815063477,26,IN_TRANSIT_TO,2025-07-30 07:25:24,203,2736,AG-47-EI,POINT (-9.142419815063477 38.74995040893555)
6042_706,3254_20250601_147_0_5,147_0,1,38.723419189453125,-9.121780395507812,34,IN_TRANSIT_TO,2025-07-30 07:25:46,3803,6042,BG-97-LU,POINT (-9.121780395507812 38.723419189453125)
542_28E,14969_20250601_75_0_4,75_0,0,38.71072006225586,-9.143580436706543,21,IN_TRANSIT_TO,2025-07-30 07:25:38,10512,542,,POINT (-9.143580436706543 38.71072006225586)
2635_781,7750_20250601_151_0_4,151_0,0,38.715599060058594,-9.12024974822998,5,IN_TRANSIT_TO,2025-07-30 07:25:44,2113,2635,52-VP-90,POINT (-9.12024974822998 38.715599060058594)
2636_759,6911_20250601_144_0_4,144_0,1,38.71992874145508,-9.117179870605469,39,IN_TRANSIT_TO,2025-07-30 07:25:38,9814,2636,87-VS-50,POINT (-9.117179870605469 38.71992874145508)
2686_746,5978_20250601_108_0_7,108_0,0,38.74974822998047,-9.193829536437988,17,IN_TRANSIT_TO,2025-07-30 07:25:36,10814,2686,99-XE-58,POINT (-9.193829536437988 38.74974822998047)
571_28E,14983_20250601_75_0_4,75_0,0,38.710018157958984,-9.135629653930664,16,IN_TRANSIT_TO,2025-07-30 07:25:24,13802,571,,POINT (-9.135629653930664 38.710018157958984)
2620_782,7773_20250601_152_0_3,152_0,1,38.726280212402344,-9.110520362854004,17,IN_TRANSIT_TO,2025-07-30 07:25:33,8310,2620,66-VI-33,POINT (-9.110520362854004 38.726280212402344)
2829_753,6561_20250601_167_0_3,167_0,0,38.725669860839844,-9.151020050048828,3,IN_TRANSIT_TO,2025-07-30 07:25:35,1202,2829,BF-58-FZ,POINT (-9.151020050048828 38.725669860839844)
2621_759,6962_20250601_144_0_5,144_0,0,38.76313018798828,-9.117400169372559,31,IN_TRANSIT_TO,2025-07-30 07:25:26,8437,2621,66-VI-45,POINT (-9.117400169372559 38.76313018798828)
2622_722,4131_20250601_196_0_3,196_0,1,38.77714920043945,-9.11614990234375,10,IN_TRANSIT_TO,2025-07-30 07:25:33,12305,2622,66-VI-21,POINT (-9.11614990234375 38.77714920043945)
2603_759,6933_20250601_144_0_2,144_0,1,38.77180099487305,-9.117449760437012,12,IN_TRANSIT_TO,2025-07-30 07:20:49,50079,2603,16-VF-76,POINT (-9.117449760437012 38.77180099487305)
2649_711,3506_20250601_101_0_4,101_0,0,38.74386978149414,-9.205519676208496,20,IN_TRANSIT_TO,2025-07-30 07:25:47,8811,2649,75-VS-42,POINT (-9.205519676208496 38.74386978149414)
2656_750,57120_20250601_106_4_3,106_4,0,38.71257019042969,-9.225500106811523,9,IN_TRANSIT_TO,2025-07-30 07:25:34,14309,2656,05-VZ-53,POINT (-9.225500106811523 38.71257019042969)
2975_79B,18670_20250601_221_0_3,221_0,0,38.699928283691406,-9.21500015258789,5,IN_TRANSIT_TO,2025-07-30 07:25:35,9716,2975,30-VM-11,POINT (-9.21500015258789 38.699928283691406)
2701_776,7475_20250601_193_0_15,193_0,1,38.70109939575195,-9.250579833984375,3,IN_TRANSIT_TO,2025-07-30 07:25:34,4307,2701,92-XQ-35,POINT (-9.250579833984375 38.70109939575195)
2990_730,4955_20250601_198_0_4,198_0,0,38.726871490478516,-9.12932014465332,13,IN_TRANSIT_TO,2025-07-30 07:25:47,7006,2990,30-VM-06,POINT (-9.12932014465332 38.726871490478516)
2711_776,7488_20250601_193_0_10,193_0,0,38.69926834106445,-9.22920036315918,2,IN_TRANSIT_TO,2025-07-30 07:25:35,4218,2711,92-XQ-44,POINT (-9.22920036315918 38.69926834106445)
2976_774,7456_20250601_192_0_3,192_0,0,38.717350006103516,-9.1670503616333,2,IN_TRANSIT_TO,2025-07-30 07:25:26,8012,2976,30-VM-00,POINT (-9.1670503616333 38.717350006103516)
2616_744,5806_20250601_200_0_3,200_0,0,38.75048065185547,-9.137350082397461,11,IN_TRANSIT_TO,2025-07-30 07:25:33,11205,2616,66-VI-44,POINT (-9.137350082397461 38.75048065185547)
2702_723,4143_20250601_121_0_3,121_0,0,38.69580078125,-9.21891975402832,29,IN_TRANSIT_TO,2025-07-30 07:25:28,13204,2702,92-XQ-21,POINT (-9.21891975402832 38.69580078125)
2604_781,7753_20250601_151_0_4,151_0,0,38.706581115722656,-9.141779899597168,1,IN_TRANSIT_TO,2025-07-30 07:25:24,3810,2604,66-VI-32,POINT (-9.141779899597168 38.706581115722656)
552_28E,14894_20250601_75_0_3,75_0,1,38.71271896362305,-9.157620429992676,6,IN_TRANSIT_TO,2025-07-30 07:11:53,8111,552,,POINT (-9.157620429992676 38.71271896362305)
2605_781,7740_20250601_151_0_3,151_0,0,38.78588104248047,-9.123849868774414,28,IN_TRANSIT_TO,2025-07-30 07:25:38,16305,2605,66-VI-35,POINT (-9.123849868774414 38.78588104248047)
2980_34B,19140_20250601_226_0_3,226_0,0,38.72677993774414,-9.110179901123047,27,IN_TRANSIT_TO,2025-07-30 07:25:37,8304,2980,29-VM-90,POINT (-9.110179901123047 38.72677993774414)
2663_714,3697_20240914_102_0_16,102_0,1,38.72127151489258,-9.221500396728516,4,IN_TRANSIT_TO,2024-10-22 20:26:58,18703,2663,05-VZ-62,POINT (-9.221500396728516 38.72127151489258)
581_25E,14253_20250601_79_0_4,79_0,0,38.709720611572266,-9.13556957244873,1,IN_TRANSIT_TO,2025-07-30 07:25:47,50620,581,,POINT (-9.13556957244873 38.709720611572266)
2685_714,3653_20250601_102_0_3,102_0,0,38.70370101928711,-9.212929725646973,24,IN_TRANSIT_TO,2025-07-30 07:25:26,13122,2685,93-XA-46,POINT (-9.212929725646973 38.70370101928711)
2615_781,7758_20250601_151_0_3,151_0,1,38.70528030395508,-9.14346981048584,29,IN_TRANSIT_TO,2025-07-30 07:25:46,3820,2615,66-VI-27,POINT (-9.14346981048584 38.70528030395508)
579_28E,15009_20250601_75_0_2,75_0,0,38.722999572753906,-9.13148021697998,5,IN_TRANSIT_TO,2025-07-30 07:25:39,709,579,,POINT (-9.13148021697998 38.722999572753906)
554_24E,17831_20250601_213_0_5,213_0,1,38.72438049316406,-9.159870147705078,1,IN_TRANSIT_TO,2025-07-30 07:25:40,6130,554,,POINT (-9.159870147705078 38.72438049316406)
2732_720,4090_20250601_143_0_3,143_0,0,38.711700439453125,-9.163869857788086,20,IN_TRANSIT_TO,2025-07-30 07:25:37,8102,2732,AG-39-EI,POINT (-9.163869857788086 38.711700439453125)
1714_742,5726_20250601_114_0_2,114_0,1,38.704898834228516,-9.187379837036133,16,IN_TRANSIT_TO,2025-07-30 07:25:39,12007,1714,69-AL-77,POINT (-9.187379837036133 38.704898834228516)
2995_774,7429_20250601_192_0_8,192_0,1,38.72018051147461,-9.16532039642334,12,IN_TRANSIT_TO,2025-07-30 07:25:42,8006,2995,30-VM-15,POINT (-9.16532039642334 38.72018051147461)
580_25E,14261_20250601_79_0_5,79_0,1,38.714298248291016,-9.168669700622559,0,IN_TRANSIT_TO,2025-07-30 07:25:29,,580,,POINT (-9.168669700622559 38.714298248291016)
543_28E,14917_20250601_75_0_5,75_0,1,38.7151985168457,-9.165300369262695,2,IN_TRANSIT_TO,2025-07-30 07:25:20,8019,543,,POINT (-9.165300369262695 38.7151985168457)
4804_728,4636_20250601_204_0_4,204_0,0,38.7825813293457,-9.114020347595215,52,IN_TRANSIT_TO,2025-07-30 07:25:39,12610,4804,53-VR-07,POINT (-9.114020347595215 38.7825813293457)
505_15E,11225_20250601_76_0_5,76_0,0,38.713130950927734,-9.137669563293457,0,IN_TRANSIT_TO,2025-07-30 07:25:33,,505,,POINT (-9.137669563293457 38.713130950927734)
2963_71B,45257_20250601_278_0_2,278_0,0,38.736148834228516,-9.20121955871582,13,IN_TRANSIT_TO,2025-07-30 07:25:46,8826,2963,29-VM-88,POINT (-9.20121955871582 38.736148834228516)
2687_754,6621_20250601_201_0_2,201_0,1,38.7465705871582,-9.157620429992676,29,IN_TRANSIT_TO,2025-07-30 07:25:42,1603,2687,93-XA-44,POINT (-9.157620429992676 38.7465705871582)
404_67B,28214_20250601_253_0_3,253_0,0,38.70497131347656,-9.166370391845703,14,IN_TRANSIT_TO,2025-07-30 07:25:43,50218,404,BF-14-TQ,POINT (-9.166370391845703 38.70497131347656)
578_28E,15021_20250601_75_0_4,75_0,0,38.715450286865234,-9.135899543762207,0,IN_TRANSIT_TO,2025-07-30 07:25:37,,578,,POINT (-9.135899543762207 38.715450286865234)
507_15E,11225_20250601_76_0_9,76_0,0,38.7081298828125,-9.13716983795166,2,IN_TRANSIT_TO,2025-07-23 11:18:38,5515,507,,POINT (-9.13716983795166 38.7081298828125)
2427_747,6116_20250601_177_0_4,177_0,1,38.76676940917969,-9.185529708862305,8,IN_TRANSIT_TO,2025-07-30 07:25:24,12831,2427,29-AX-14,POINT (-9.185529708862305 38.76676940917969)
4808_728,4592_20250601_204_0_5,204_0,1,38.72467041015625,-9.111920356750488,25,IN_TRANSIT_TO,2025-07-30 07:25:29,8310,4808,20-VQ-73,POINT (-9.111920356750488 38.72467041015625)
572_25E,14254_20250601_79_0_5,79_0,1,38.708499908447266,-9.135970115661621,18,IN_TRANSIT_TO,2025-07-30 07:25:27,5512,572,,POINT (-9.135970115661621 38.708499908447266)
2778_727,4540_20250601_103_0_2,103_0,0,38.69837951660156,-9.203929901123047,37,IN_TRANSIT_TO,2025-07-30 07:25:26,9604,2778,AI-03-BT,POINT (-9.203929901123047 38.69837951660156)
2641_705,3189_20250601_176_0_3,176_0,0,38.768978118896484,-9.128029823303223,18,IN_TRANSIT_TO,2025-07-30 07:25:31,7602,2641,75-VS-49,POINT (-9.128029823303223 38.768978118896484)
268_61B,21519_20250601_241_0_4,241_0,0,38.733680725097656,-9.171270370483398,16,IN_TRANSIT_TO,2025-07-30 07:25:25,2703,268,AH-56-CZ,POINT (-9.171270370483398 38.733680725097656)
4817_751,21401_20250601_109_0_4,109_0,0,38.704681396484375,-9.1779203414917,9,IN_TRANSIT_TO,2025-07-30 07:25:36,12121,4817,00-VV-37,POINT (-9.1779203414917 38.704681396484375)
575_28E,14905_20250601_75_0_3,75_0,1,38.707950592041016,-9.140179634094238,16,IN_TRANSIT_TO,2025-07-30 07:25:21,10519,575,,POINT (-9.140179634094238 38.707950592041016)
269_734,5148_20250601_205_0_4,205_0,1,38.723628997802734,-9.1318998336792,9,IN_TRANSIT_TO,2025-07-30 07:25:33,9126,269,AG-25-NH,POINT (-9.1318998336792 38.723628997802734)
4807_728,4612_20250601_204_0_5,204_0,1,38.77214813232422,-9.104849815368652,7,IN_TRANSIT_TO,2025-07-30 07:25:27,7811,4807,20-VQ-69,POINT (-9.104849815368652 38.77214813232422)
2650_727,4549_20250601_103_0_2,103_0,1,38.70507049560547,-9.161330223083496,44,IN_TRANSIT_TO,2025-07-30 07:25:39,2053,2650,75-VS-50,POINT (-9.161330223083496 38.70507049560547)
2782_754,6614_20250601_201_0_3,201_0,0,38.74496841430664,-9.189949989318848,17,IN_TRANSIT_TO,2025-07-30 07:25:43,10822,2782,AI-99-BS,POINT (-9.189949989318848 38.74496841430664)
2744_701,2933_20250601_123_0_8,123_0,0,38.74728012084961,-9.155850410461426,8,IN_TRANSIT_TO,2025-07-30 07:25:26,13501,2744,AG-13-TH,POINT (-9.155850410461426 38.74728012084961)
4803_728,4712_20250601_204_0_3,204_0,1,38.70962905883789,-9.208370208740234,49,IN_TRANSIT_TO,2025-07-30 07:25:41,13102,4803,77-VP-16,POINT (-9.208370208740234 38.70962905883789)
2651_750,39038_20250601_106_4_5,106_4,0,38.745079040527344,-9.199830055236816,1,IN_TRANSIT_TO,2025-07-30 07:25:21,2806,2651,05-VZ-54,POINT (-9.199830055236816 38.745079040527344)
2665_711,3466_20250601_101_0_2,101_0,1,38.72328186035156,-9.148380279541016,29,IN_TRANSIT_TO,2025-07-30 07:25:21,50197,2665,87-XB-33,POINT (-9.148380279541016 38.72328186035156)
272_79B,18660_20250601_221_0_3,221_0,0,38.71030044555664,-9.215149879455566,24,IN_TRANSIT_TO,2025-07-30 07:25:42,12401,272,AH-26-IN,POINT (-9.215149879455566 38.71030044555664)
2645_759,6971_20250601_144_0_5,144_0,0,38.71982955932617,-9.11769962310791,9,IN_TRANSIT_TO,2025-07-30 07:25:40,2131,2645,87-VS-49,POINT (-9.11769962310791 38.71982955932617)
2983_45B,45289_20250601_277_0_4,277_0,0,38.768680572509766,-9.158670425415039,8,IN_TRANSIT_TO,2025-07-30 07:25:34,5904,2983,30-VM-08,POINT (-9.158670425415039 38.768680572509766)
262_64B,42864_20250601_238_0_4,238_0,0,38.72127151489258,-9.167280197143555,5,IN_TRANSIT_TO,2025-07-30 07:25:41,8011,262,AF-49-ZD,POINT (-9.167280197143555 38.72127151489258)
276_734,5147_20250601_205_0_4,205_0,0,38.7163200378418,-9.135669708251953,0,IN_TRANSIT_TO,2025-07-30 07:25:48,,276,AH-12-TB,POINT (-9.135669708251953 38.7163200378418)
4635_796,8126_20250601_174_0_10,174_0,1,38.781700134277344,-9.163029670715332,9,IN_TRANSIT_TO,2025-07-30 07:25:19,7214,4635,90-JI-95,POINT (-9.163029670715332 38.781700134277344)
274_64B,42865_20250601_238_0_4,238_0,0,38.71609878540039,-9.172550201416016,13,IN_TRANSIT_TO,2025-07-30 07:25:23,50490,274,AH-14-TB,POINT (-9.172550201416016 38.71609878540039)
2725_711,3504_20250601_101_0_3,101_0,1,38.7435188293457,-9.217619895935059,0,IN_TRANSIT_TO,2025-07-30 07:25:33,,2725,92-XQ-30,POINT (-9.217619895935059 38.7435188293457)
2608_744,5842_20250601_200_0_4,200_0,1,38.7671012878418,-9.100130081176758,6,IN_TRANSIT_TO,2025-07-30 07:25:37,7825,2608,66-VI-39,POINT (-9.100130081176758 38.7671012878418)
2966_730,4972_20250601_198_0_4,198_0,1,38.72922897338867,-9.12814998626709,14,IN_TRANSIT_TO,2025-07-30 07:25:45,7009,2966,30-VM-20,POINT (-9.12814998626709 38.72922897338867)
2631_744,5837_20250601_200_0_2,200_0,1,38.754398345947266,-9.138879776000977,19,IN_TRANSIT_TO,2025-07-30 07:25:49,7411,2631,52-VP-80,POINT (-9.138879776000977 38.754398345947266)
2722_711,3488_20250601_101_0_4,101_0,1,38.714778900146484,-9.18274974822998,23,IN_TRANSIT_TO,2025-07-30 07:25:23,11806,2722,92-XQ-36,POINT (-9.18274974822998 38.714778900146484)
2735_756,6744_20250601_175_0_5,175_0,0,38.715919494628906,-9.175749778747559,20,IN_TRANSIT_TO,2025-07-30 07:25:25,11904,2735,AG-37-EI,POINT (-9.175749778747559 38.715919494628906)
2972_702,3058_20250601_146_0_7,146_0,0,38.72832107543945,-9.159850120544434,3,IN_TRANSIT_TO,2025-07-30 07:25:28,6103,2972,29-VM-96,POINT (-9.159850120544434 38.72832107543945)
2274_758,6842_20250601_150_0_4,150_0,1,38.7216682434082,-9.161919593811035,23,IN_TRANSIT_TO,2025-07-30 07:25:41,8512,2274,76-79-ZG,POINT (-9.161919593811035 38.7216682434082)
2330_708,3355_20250601_100_0_2,100_0,1,38.76752853393555,-9.097999572753906,14,IN_TRANSIT_TO,2025-07-30 07:25:41,7822,2330,67-52-ZJ,POINT (-9.097999572753906 38.76752853393555)
2428_703,3146_20250601_165_0_4,165_0,1,38.74542999267578,-9.203980445861816,2,IN_TRANSIT_TO,2025-07-30 07:25:19,2907,2428,29-AX-13,POINT (-9.203980445861816 38.74542999267578)
2204_708,3305_20250601_100_0_3,100_0,0,38.768070220947266,-9.109370231628418,26,IN_TRANSIT_TO,2025-07-30 07:25:19,7715,2204,01-72-XO,POINT (-9.109370231628418 38.768070220947266)
2489_729,4784_20250601_104_0_2,104_0,1,38.70465087890625,-9.199350357055664,11,IN_TRANSIT_TO,2025-07-30 07:25:08,13308,2489,55-BH-05,POINT (-9.199350357055664 38.70465087890625)
2402_767,7273_20250601_112_0_4,112_0,1,38.750301361083984,-9.210920333862305,5,IN_TRANSIT_TO,2025-07-30 07:25:46,3003,2402,50-AL-13,POINT (-9.210920333862305 38.750301361083984)
2443_778,7533_20250601_179_0_3,179_0,0,38.766048431396484,-9.182680130004883,19,IN_TRANSIT_TO,2025-07-30 07:23:47,12810,2443,29-AX-05,POINT (-9.182680130004883 38.766048431396484)
6044_760,7092_20250601_171_0_5,171_0,1,38.70647048950195,-9.14229965209961,30,IN_TRANSIT_TO,2025-07-30 07:25:48,3803,6044,BG-87-LX,POINT (-9.14229965209961 38.70647048950195)
2341_747,6085_20250601_177_0_3,177_0,0,38.767051696777344,-9.164899826049805,5,IN_TRANSIT_TO,2025-07-30 07:25:20,5815,2341,67-50-ZJ,POINT (-9.164899826049805 38.767051696777344)
2780_764,7157_20250601_168_0_5,168_0,0,38.746978759765625,-9.216500282287598,28,IN_TRANSIT_TO,2025-07-30 07:23:56,3014,2780,AI-06-BT,POINT (-9.216500282287598 38.746978759765625)
2785_738,5520_20250601_117_0_4,117_0,1,38.724571228027344,-9.150420188903809,16,IN_TRANSIT_TO,2025-07-30 07:25:32,1207,2785,AI-05-BT,POINT (-9.150420188903809 38.724571228027344)
2471_726,4288_20250601_116_0_4,116_0,1,38.725799560546875,-9.13401985168457,30,IN_TRANSIT_TO,2025-07-30 07:25:17,604,2471,74-BC-70,POINT (-9.13401985168457 38.725799560546875)
2246_758,6874_20250601_150_0_5,150_0,0,38.74932861328125,-9.19176959991455,26,IN_TRANSIT_TO,2025-07-30 07:25:31,10814,2246,22-38-ZB,POINT (-9.19176959991455 38.74932861328125)
2248_758,6879_20250601_150_0_5,150_0,0,38.74024963378906,-9.167200088500977,18,IN_TRANSIT_TO,2025-07-30 07:25:24,50472,2248,22-33-ZB,POINT (-9.167200088500977 38.74024963378906)
2709_764,7134_20250601_168_0_4,168_0,1,38.75008010864258,-9.161749839782715,31,IN_TRANSIT_TO,2025-07-30 07:25:51,12705,2709,92-XQ-42,POINT (-9.161749839782715 38.75008010864258)
1708_742,5682_20250601_114_0_2,114_0,1,38.731380462646484,-9.12720012664795,43,IN_TRANSIT_TO,2025-07-30 07:25:48,502,1708,69-AL-71,POINT (-9.12720012664795 38.731380462646484)
2286_799,8214_20250601_120_0_5,120_0,1,38.73482894897461,-9.221050262451172,7,IN_TRANSIT_TO,2025-07-30 07:25:30,50055,2286,67-42-ZJ,POINT (-9.221050262451172 38.73482894897461)
2299_742,5754_20250601_114_0_3,114_0,1,38.712799072265625,-9.195429801940918,3,IN_TRANSIT_TO,2025-07-30 07:09:16,10313,2299,83-14-ZM,POINT (-9.195429801940918 38.712799072265625)
6013_760,7042_20250601_171_0_3,171_0,0,38.706321716308594,-9.143119812011719,11,IN_TRANSIT_TO,2025-07-30 07:25:32,3820,6013,68-ZF-53,POINT (-9.143119812011719 38.706321716308594)
2293_731,4973_20250601_190_0_4,190_0,1,38.779720306396484,-9.104430198669434,9,IN_TRANSIT_TO,2025-07-30 07:25:42,7904,2293,92-57-ZM,POINT (-9.104430198669434 38.779720306396484)
2478_771,39061_20250601_248_0_3,248_0,1,38.71004867553711,-9.194999694824219,7,IN_TRANSIT_TO,2025-07-30 07:24:56,10314,2478,91-BE-80,POINT (-9.194999694824219 38.71004867553711)
1778_717,3835_20250601_170_0_5,170_0,1,38.77037048339844,-9.159950256347656,21,IN_TRANSIT_TO,2025-07-30 07:25:40,5906,1778,63-HX-30,POINT (-9.159950256347656 38.77037048339844)
1751_717,3861_20250601_170_0_6,170_0,1,38.79867935180664,-9.148030281066895,2,IN_TRANSIT_TO,2025-07-30 07:25:33,16003,1751,34-HU-17,POINT (-9.148030281066895 38.79867935180664)
2812_718,3932_20250601_105_0_17,105_0,1,38.72536849975586,-9.113120079040527,14,IN_TRANSIT_TO,2025-07-25 18:11:13,9807,2812,90-II-61,POINT (-9.113120079040527 38.72536849975586)
2496_735,5188_20250601_172_1_3,172_1,1,38.72145080566406,-9.129630088806152,7,IN_TRANSIT_TO,2025-07-30 07:25:27,9108,2496,88-BL-70,POINT (-9.129630088806152 38.72145080566406)
4639_783,7804_20250601_203_0_4,203_0,1,38.76626968383789,-9.129280090332031,12,IN_TRANSIT_TO,2025-07-30 07:25:29,7602,4639,27-JO-13,POINT (-9.129280090332031 38.76626968383789)
4647_750,6266_20250601_106_0_5,106_0,1,38.70315170288086,-9.227179527282715,3,IN_TRANSIT_TO,2025-07-30 07:25:25,4224,4647,02-JN-88,POINT (-9.227179527282715 38.70315170288086)
1749_701,2977_20250601_123_0_2,123_0,0,38.72227096557617,-9.166919708251953,28,IN_TRANSIT_TO,2025-07-30 07:25:30,8609,1749,92-HR-06,POINT (-9.166919708251953 38.72227096557617)
2970_797,8169_20250601_163_0_4,163_0,1,38.734100341796875,-9.134169578552246,10,IN_TRANSIT_TO,2025-07-30 07:25:40,509,2970,29-VM-87,POINT (-9.134169578552246 38.734100341796875)
2813_782,7768_20250601_152_0_3,152_0,1,38.70524978637695,-9.143269538879395,21,IN_TRANSIT_TO,2025-07-30 07:25:25,3820,2813,90-II-53,POINT (-9.143269538879395 38.70524978637695)
1747_755,6693_20250601_118_0_5,118_0,1,38.75476837158203,-9.128350257873535,15,IN_TRANSIT_TO,2025-07-30 07:25:43,7403,1747,92-HR-04,POINT (-9.128350257873535 38.75476837158203)
2969_799,8229_20250601_120_0_3,120_0,1,38.75022888183594,-9.197549819946289,20,IN_TRANSIT_TO,2025-07-30 07:25:34,10907,2969,30-VM-09,POINT (-9.197549819946289 38.75022888183594)
2803_725,4251_20250601_197_0_8,197_0,1,38.785301208496094,-9.12423038482666,5,IN_TRANSIT_TO,2025-07-30 07:25:46,16306,2803,01-IH-92,POINT (-9.12423038482666 38.785301208496094)
2802_718,3954_20250601_105_0_5,105_0,1,38.73392868041992,-9.133319854736328,4,IN_TRANSIT_TO,2025-07-30 07:25:48,402,2802,01-IH-91,POINT (-9.133319854736328 38.73392868041992)
2807_718,3943_20250601_105_0_5,105_0,1,38.73971939086914,-9.102829933166504,20,IN_TRANSIT_TO,2025-07-30 07:25:19,12509,2807,01-IH-96,POINT (-9.102829933166504 38.73971939086914)
2806_782,7791_20250601_152_0_3,152_0,0,38.7088508605957,-9.130149841308594,4,IN_TRANSIT_TO,2025-07-30 07:25:44,4505,2806,01-IH-95,POINT (-9.130149841308594 38.7088508605957)
2453_726,4266_20250601_116_0_3,116_0,0,38.73263168334961,-9.14109992980957,8,IN_TRANSIT_TO,2025-07-30 07:25:42,6502,2453,16-AZ-13,POINT (-9.14109992980957 38.73263168334961)
2459_729,4781_20250601_104_0_2,104_0,1,38.74856948852539,-9.198129653930664,27,IN_TRANSIT_TO,2025-07-30 07:25:45,50611,2459,74-BC-74,POINT (-9.198129653930664 38.74856948852539)
2804_708,3283_20250601_100_0_2,100_0,0,38.7823486328125,-9.095199584960938,34,IN_TRANSIT_TO,2025-07-30 07:23:42,50128,2804,01-IH-93,POINT (-9.095199584960938 38.7823486328125)
4640_783,7823_20250601_203_0_4,203_0,1,38.78865051269531,-9.12399959564209,1,IN_TRANSIT_TO,2025-07-30 07:25:42,16310,4640,02-JN-87,POINT (-9.12399959564209 38.78865051269531)
4831_755,6700_20250601_118_0_3,118_0,1,38.74625015258789,-9.167969703674316,3,IN_TRANSIT_TO,2025-07-30 07:25:25,12703,4831,20-VQ-61,POINT (-9.167969703674316 38.74625015258789)
1750_717,3768_20250601_170_0_5,170_0,0,38.77975082397461,-9.148469924926758,26,IN_TRANSIT_TO,2025-07-30 07:25:44,6018,1750,92-HR-07,POINT (-9.148469924926758 38.77975082397461)
2761_714,3631_20250601_102_0_5,102_0,0,38.72243118286133,-9.22974967956543,40,IN_TRANSIT_TO,2025-07-30 07:25:32,18602,2761,AH-33-ND,POINT (-9.22974967956543 38.72243118286133)
1755_717,3790_20250601_170_0_5,170_0,0,38.75669860839844,-9.14585018157959,12,IN_TRANSIT_TO,2025-07-30 07:25:26,11306,1755,34-HU-21,POINT (-9.14585018157959 38.75669860839844)
1752_717,3791_20250601_170_0_5,170_0,0,38.74882888793945,-9.130749702453613,5,IN_TRANSIT_TO,2025-07-30 07:25:45,313,1752,34-HU-18,POINT (-9.130749702453613 38.74882888793945)
2455_767,21199_20250601_112_1_2,112_1,1,38.76021957397461,-9.184029579162598,19,IN_TRANSIT_TO,2025-07-30 07:25:32,12823,2455,16-AZ-12,POINT (-9.184029579162598 38.76021957397461)
2411_767,7251_20250601_112_0_2,112_0,1,38.75872039794922,-9.180529594421387,20,IN_TRANSIT_TO,2025-07-30 07:25:50,12803,2411,62-AL-11,POINT (-9.180529594421387 38.75872039794922)
2700_764,7141_20250601_168_0_5,168_0,1,38.7559814453125,-9.185569763183594,20,IN_TRANSIT_TO,2025-07-30 07:25:48,10813,2700,92-XQ-26,POINT (-9.185569763183594 38.7559814453125)
2667_754,6580_20250601_201_0_3,201_0,1,38.747230529785156,-9.188630104064941,21,IN_TRANSIT_TO,2025-07-30 07:25:40,10815,2667,87-XB-45,POINT (-9.188630104064941 38.747230529785156)
2280_765,7178_20250601_110_0_5,110_0,0,38.75257873535156,-9.206430435180664,9,IN_TRANSIT_TO,2025-07-30 07:25:26,50386,2280,67-40-ZJ,POINT (-9.206430435180664 38.75257873535156)
2794_727,4489_20250601_103_0_3,103_0,1,38.748470306396484,-9.147000312805176,44,IN_TRANSIT_TO,2025-07-30 07:25:29,2053,2794,AJ-60-LI,POINT (-9.147000312805176 38.748470306396484)
4608_748,6159_20250601_169_0_3,169_0,0,38.72161865234375,-9.210000038146973,5,IN_TRANSIT_TO,2025-07-30 07:25:41,8607,4608,96-GL-85,POINT (-9.210000038146973 38.72161865234375)
2777_712,3546_20250601_189_0_4,189_0,1,38.72257995605469,-9.166720390319824,8,IN_TRANSIT_TO,2025-07-30 07:25:22,8011,2777,AI-01-BT,POINT (-9.166720390319824 38.72257995605469)
2762_713,21382_20250601_122_0_6,122_0,1,38.70404815673828,-9.172980308532715,20,IN_TRANSIT_TO,2025-07-30 07:25:35,8114,2762,AH-38-ND,POINT (-9.172980308532715 38.70404815673828)
219_773,7403_20250601_124_0_9,124_0,0,38.712398529052734,-9.156299591064453,9,IN_TRANSIT_TO,2025-07-30 07:25:21,6720,219,11-12-XO,POINT (-9.156299591064453 38.712398529052734)
2710_746,5953_20250601_108_0_6,108_0,1,38.749778747558594,-9.1943998336792,8,IN_TRANSIT_TO,2025-07-30 07:25:21,10801,2710,92-XQ-19,POINT (-9.1943998336792 38.749778747558594)
2278_724,4219_20250601_178_0_4,178_0,1,38.749351501464844,-9.197569847106934,10,IN_TRANSIT_TO,2025-07-30 07:24:42,10908,2278,67-41-ZJ,POINT (-9.197569847106934 38.749351501464844)
2734_720,4058_20250601_143_0_3,143_0,1,38.724449157714844,-9.150670051574707,16,IN_TRANSIT_TO,2025-07-30 07:25:31,1207,2734,AG-50-EI,POINT (-9.150670051574707 38.724449157714844)
2790_723,4172_20250601_121_0_4,121_0,1,38.72486877441406,-9.155269622802734,27,IN_TRANSIT_TO,2025-07-30 07:25:22,8502,2790,AI-54-TL,POINT (-9.155269622802734 38.72486877441406)
215_49B,22213_20250601_251_0_3,251_0,0,38.74542999267578,-9.135069847106934,17,IN_TRANSIT_TO,2025-07-30 07:25:41,50109,215,44-42-XM,POINT (-9.135069847106934 38.74542999267578)
2756_712,3554_20250601_189_0_5,189_0,0,38.71403121948242,-9.17411994934082,26,IN_TRANSIT_TO,2025-07-30 07:25:41,9301,2756,AH-27-ND,POINT (-9.17411994934082 38.71403121948242)
2450_703,3132_20250601_165_0_4,165_0,1,38.74602127075195,-9.197970390319824,4,IN_TRANSIT_TO,2025-07-30 07:25:36,2812,2450,44-BC-36,POINT (-9.197970390319824 38.74602127075195)
2746_755,6692_20250601_118_0_5,118_0,1,38.74822998046875,-9.113570213317871,29,IN_TRANSIT_TO,2025-07-30 07:24:51,24375,2746,AG-97-TG,POINT (-9.113570213317871 38.74822998046875)
2483_726,4346_20250601_116_0_5,116_0,0,38.738250732421875,-9.162369728088379,16,IN_TRANSIT_TO,2025-07-30 07:25:46,1507,2483,74-BC-66,POINT (-9.162369728088379 38.738250732421875)
1711_749,59006_20250601_195_0_3,195_0,0,38.75012969970703,-9.16273021697998,22,IN_TRANSIT_TO,2025-07-30 07:25:48,13508,1711,69-AL-74,POINT (-9.16273021697998 38.75012969970703)
2499_720,4097_20250601_143_0_6,143_0,0,38.73917007446289,-9.126250267028809,4,IN_TRANSIT_TO,2025-07-30 07:25:47,8910,2499,03-BM-58,POINT (-9.126250267028809 38.73917007446289)
2300_782,7778_20250601_152_0_3,152_0,1,38.763370513916016,-9.104029655456543,7,IN_TRANSIT_TO,2025-07-30 07:25:43,2322,2300,83-13-ZM,POINT (-9.104029655456543 38.763370513916016)
1721_783,7856_20250601_203_0_2,203_0,1,38.74760055541992,-9.148420333862305,20,IN_TRANSIT_TO,2025-07-30 07:25:42,2002,1721,25-AS-33,POINT (-9.148420333862305 38.74760055541992)
1775_794,8098_20250601_115_0_5,115_0,1,38.74822998046875,-9.118670463562012,24,IN_TRANSIT_TO,2025-07-30 07:25:45,3605,1775,53-HX-08,POINT (-9.118670463562012 38.74822998046875)
2797_714,3701_20250601_102_0_2,102_0,1,38.7044792175293,-9.164199829101562,32,IN_TRANSIT_TO,2025-07-30 07:25:27,10211,2797,AJ-57-LI,POINT (-9.164199829101562 38.7044792175293)
1773_794,8074_20250601_115_0_5,115_0,0,38.72616958618164,-9.113670349121094,7,IN_TRANSIT_TO,2025-07-30 07:25:42,8319,1773,53-HX-06,POINT (-9.113670349121094 38.72616958618164)
2759_713,3610_20250601_122_0_5,122_0,0,38.7234992980957,-9.17455005645752,34,IN_TRANSIT_TO,2025-07-30 07:24:49,8601,2759,AH-21-ND,POINT (-9.17455005645752 38.7234992980957)
2284_771,21927_20250601_248_0_4,248_0,0,38.70492172241211,-9.196319580078125,22,IN_TRANSIT_TO,2025-07-30 07:25:41,13303,2284,67-36-ZJ,POINT (-9.196319580078125 38.70492172241211)
1705_708,3354_20250601_100_0_5,100_0,1,38.760528564453125,-9.111969947814941,25,IN_TRANSIT_TO,2025-07-30 07:25:25,8413,1705,69-AL-68,POINT (-9.111969947814941 38.760528564453125)
2745_742,5740_20250601_114_0_5,114_0,1,38.704769134521484,-9.199350357055664,11,IN_TRANSIT_TO,2025-07-30 07:25:21,10301,2745,AG-06-TH,POINT (-9.199350357055664 38.704769134521484)
2243_758,6882_20250601_150_0_3,150_0,0,38.73746871948242,-9.167799949645996,16,IN_TRANSIT_TO,2025-07-30 07:25:25,2711,2243,22-36-ZB,POINT (-9.167799949645996 38.73746871948242)
1706_755,6637_20250601_118_0_3,118_0,0,38.7547492980957,-9.127880096435547,27,IN_TRANSIT_TO,2025-07-30 07:25:28,50229,1706,69-AL-69,POINT (-9.127880096435547 38.7547492980957)
4628_783,7850_20250601_203_0_4,203_0,1,38.724098205566406,-9.162199974060059,30,IN_TRANSIT_TO,2025-07-30 07:25:46,8501,4628,27-JO-10,POINT (-9.162199974060059 38.724098205566406)
1770_720,4061_20250601_143_0_6,143_0,1,38.70389938354492,-9.172829627990723,6,IN_TRANSIT_TO,2025-07-30 07:25:32,4001,1770,63-HX-17,POINT (-9.172829627990723 38.70389938354492)
1710_701,2951_20250601_123_0_7,123_0,1,38.746971130371094,-9.156330108642578,23,IN_TRANSIT_TO,2025-07-30 07:25:18,13509,1710,69-AL-73,POINT (-9.156330108642578 38.746971130371094)
1713_742,5772_20250601_114_0_5,114_0,0,38.73680114746094,-9.148530006408691,23,IN_TRANSIT_TO,2025-07-30 07:25:23,1811,1713,69-AL-76,POINT (-9.148530006408691 38.73680114746094)
217_773,7405_20250601_124_0_9,124_0,0,38.72037887573242,-9.153650283813477,0,IN_TRANSIT_TO,2025-07-30 07:25:27,,217,29-98-XM,POINT (-9.153650283813477 38.72037887573242)
2767_727,4506_20250601_103_0_2,103_0,1,38.731178283691406,-9.146280288696289,39,IN_TRANSIT_TO,2025-07-30 07:25:44,1713,2767,AH-34-ND,POINT (-9.146280288696289 38.731178283691406)
2801_725,4241_20250601_197_0_9,197_0,0,38.774200439453125,-9.097399711608887,3,IN_TRANSIT_TO,2025-07-30 07:25:21,7821,2801,38-HU-27,POINT (-9.097399711608887 38.774200439453125)
1769_717,3834_20250601_170_0_5,170_0,1,38.75550079345703,-9.149430274963379,27,IN_TRANSIT_TO,2025-07-30 07:25:48,5706,1769,63-HX-24,POINT (-9.149430274963379 38.75550079345703)
1767_720,4039_20250601_143_0_6,143_0,1,38.7376708984375,-9.125550270080566,29,IN_TRANSIT_TO,2025-07-30 07:23:29,9006,1767,63-HX-29,POINT (-9.125550270080566 38.7376708984375)
1768_742,5765_20250601_114_0_2,114_0,0,38.72507095336914,-9.163979530334473,30,IN_TRANSIT_TO,2025-07-30 07:25:33,8507,1768,63-HX-23,POINT (-9.163979530334473 38.72507095336914)
2255_768,7321_20250601_111_0_6,111_0,1,38.759681701660156,-9.19102954864502,6,IN_TRANSIT_TO,2025-07-30 07:25:25,12813,2255,80-54-ZE,POINT (-9.19102954864502 38.759681701660156)
2768_727,4445_20250601_103_0_3,103_0,0,38.73379898071289,-9.14501953125,10,IN_TRANSIT_TO,2025-07-30 07:25:49,1802,2768,AH-25-ND,POINT (-9.14501953125 38.73379898071289)
2666_764,7161_20250601_168_0_3,168_0,0,38.75320053100586,-9.188019752502441,14,IN_TRANSIT_TO,2025-07-30 07:25:34,12802,2666,87-XB-39,POINT (-9.188019752502441 38.75320053100586)
1759_735,5270_20250601_172_0_2,172_0,1,38.7546501159668,-9.144880294799805,5,IN_TRANSIT_TO,2025-07-30 07:25:32,11302,1759,34-HU-25,POINT (-9.144880294799805 38.7546501159668)
2433_778,18643_20250601_179_0_3,179_0,1,38.76070022583008,-9.170869827270508,19,IN_TRANSIT_TO,2025-07-30 07:25:22,50010,2433,44-BC-28,POINT (-9.170869827270508 38.76070022583008)
2239_758,6775_20250601_150_0_5,150_0,0,38.71839904785156,-9.15250015258789,7,IN_TRANSIT_TO,2025-07-30 07:25:48,10607,2239,06-30-XX,POINT (-9.15250015258789 38.71839904785156)
2771_727,4525_20250601_103_0_3,103_0,1,38.70656967163086,-9.157930374145508,25,IN_TRANSIT_TO,2025-07-30 07:25:30,3911,2771,AH-20-ND,POINT (-9.157930374145508 38.70656967163086)
2774_712,3532_20250601_189_0_4,189_0,1,38.718780517578125,-9.127849578857422,25,IN_TRANSIT_TO,2025-07-30 07:25:41,9120,2774,AH-22-ND,POINT (-9.127849578857422 38.718780517578125)
2469_726,4343_20250601_116_0_3,116_0,0,38.760501861572266,-9.1939697265625,27,IN_TRANSIT_TO,2025-07-30 07:25:35,12814,2469,16-AZ-09,POINT (-9.1939697265625 38.760501861572266)
1704_701,2954_20250601_123_0_4,123_0,1,38.74061965942383,-9.167499542236328,12,IN_TRANSIT_TO,2025-07-30 07:25:45,1621,1704,35-AL-14,POINT (-9.167499542236328 38.74061965942383)
2268_758,6855_20250601_150_0_4,150_0,1,38.747249603271484,-9.189669609069824,8,IN_TRANSIT_TO,2025-07-30 07:25:21,10803,2268,76-87-ZG,POINT (-9.189669609069824 38.747249603271484)
2447_726,4291_20250601_116_0_4,116_0,1,38.73981857299805,-9.15112018585205,22,IN_TRANSIT_TO,2025-07-30 07:25:39,33101,2447,44-BC-33,POINT (-9.15112018585205 38.73981857299805)
1779_717,3854_20250601_170_0_5,170_0,0,38.78022003173828,-9.151749610900879,40,IN_TRANSIT_TO,2025-07-30 07:25:41,16002,1779,63-HX-20,POINT (-9.151749610900879 38.78022003173828)
1725_783,7840_20250601_203_0_5,203_0,0,38.74155044555664,-9.146550178527832,8,IN_TRANSIT_TO,2025-07-30 07:25:42,1809,1725,25-AS-37,POINT (-9.146550178527832 38.74155044555664)
2772_727,4448_20250601_103_0_2,103_0,0,38.74882125854492,-9.146699905395508,5,IN_TRANSIT_TO,2025-07-30 07:25:38,2016,2772,AH-24-ND,POINT (-9.146699905395508 38.74882125854492)
2467_729,4762_20250601_104_0_3,104_0,1,38.75572967529297,-9.194450378417969,32,IN_TRANSIT_TO,2025-07-30 07:25:27,50242,2467,16-AZ-14,POINT (-9.194450378417969 38.75572967529297)
2757_712,3562_20250601_189_0_5,189_0,0,38.72145080566406,-9.129380226135254,9,IN_TRANSIT_TO,2025-07-30 07:25:25,9125,2757,AH-32-ND,POINT (-9.129380226135254 38.72145080566406)
2823_753,6550_20250601_167_0_7,167_0,0,38.70087814331055,-9.179679870605469,7,IN_TRANSIT_TO,2025-07-30 07:25:40,8607,2823,BF-64-FZ,POINT (-9.179679870605469 38.70087814331055)
2473_729,4826_20250601_104_0_4,104_0,0,38.76116943359375,-9.196619987487793,7,IN_TRANSIT_TO,2025-07-30 07:25:39,13911,2473,74-BC-68,POINT (-9.196619987487793 38.76116943359375)
1758_717,3769_20250601_170_0_5,170_0,0,38.76652145385742,-9.157620429992676,17,IN_TRANSIT_TO,2025-07-30 07:25:45,5811,1758,34-HU-24,POINT (-9.157620429992676 38.76652145385742)
2333_708,3302_20250601_100_0_3,100_0,0,38.78601837158203,-9.096500396728516,36,IN_TRANSIT_TO,2025-07-30 07:25:30,50300,2333,62-97-ZG,POINT (-9.096500396728516 38.78601837158203)
2497_735,5257_20250601_172_1_3,172_1,1,38.70872116088867,-9.130620002746582,19,IN_TRANSIT_TO,2025-07-30 07:25:25,8202,2497,88-BL-71,POINT (-9.130620002746582 38.70872116088867)
2461_767,7219_20250601_112_0_2,112_0,1,38.737178802490234,-9.142000198364258,38,IN_TRANSIT_TO,2025-07-30 07:25:26,11109,2461,55-BH-04,POINT (-9.142000198364258 38.737178802490234)
2422_758,6820_20250601_150_0_2,150_0,1,38.71717834472656,-9.149680137634277,28,IN_TRANSIT_TO,2025-07-30 07:25:28,10608,2422,29-AU-17,POINT (-9.149680137634277 38.71717834472656)
2285_799,8221_20250601_120_0_5,120_0,0,38.7369499206543,-9.220529556274414,19,IN_TRANSIT_TO,2025-07-30 07:25:28,18118,2285,67-55-ZJ,POINT (-9.220529556274414 38.7369499206543)
2449_747,6123_20250601_177_0_5,177_0,0,38.76914978027344,-9.189680099487305,14,IN_TRANSIT_TO,2025-07-30 07:25:39,12832,2449,44-BC-35,POINT (-9.189680099487305 38.76914978027344)
1719_701,2980_20250601_123_0_6,123_0,0,38.74082946777344,-9.168100357055664,20,IN_TRANSIT_TO,2025-07-30 07:25:31,1610,1719,25-AS-31,POINT (-9.168100357055664 38.74082946777344)
2445_767,7295_20250601_112_0_3,112_0,0,38.75559997558594,-9.204719543457031,38,IN_TRANSIT_TO,2025-07-30 07:25:32,13702,2445,44-BC-31,POINT (-9.204719543457031 38.75559997558594)
2423_747,6107_20250601_177_0_5,177_0,1,38.7635498046875,-9.166899681091309,16,IN_TRANSIT_TO,2025-07-30 07:25:24,50006,2423,29-AU-18,POINT (-9.166899681091309 38.7635498046875)
2269_768,7340_20250601_111_0_2,111_0,1,38.746028900146484,-9.168049812316895,20,IN_TRANSIT_TO,2025-07-30 07:25:42,12703,2269,76-88-ZG,POINT (-9.168049812316895 38.746028900146484)
2338_794,8044_20250601_115_0_3,115_0,1,38.768070220947266,-9.09982967376709,0,IN_TRANSIT_TO,2025-07-30 07:25:23,,2338,53-62-ZJ,POINT (-9.09982967376709 38.768070220947266)
2758_723,4162_20250601_121_0_3,121_0,0,38.71274948120117,-9.21387004852295,20,IN_TRANSIT_TO,2025-07-30 07:25:39,12415,2758,AH-36-ND,POINT (-9.21387004852295 38.71274948120117)
2833_751,6489_20250601_109_0_3,109_0,0,38.700050354003906,-9.215180397033691,19,IN_TRANSIT_TO,2025-07-30 07:25:40,9714,2833,BF-65-FZ,POINT (-9.215180397033691 38.700050354003906)
1703_735,5240_20250601_172_1_3,172_1,0,38.71704864501953,-9.121020317077637,7,IN_TRANSIT_TO,2025-07-30 07:25:48,2103,1703,35-AL-13,POINT (-9.121020317077637 38.71704864501953)
1766_755,6634_20250601_118_0_5,118_0,1,38.7418212890625,-9.168800354003906,0,IN_TRANSIT_TO,2025-07-30 07:25:31,,1766,63-HX-33,POINT (-9.168800354003906 38.7418212890625)
2465_726,4310_20250601_116_0_4,116_0,1,38.749900817871094,-9.172699928283691,11,IN_TRANSIT_TO,2025-07-30 07:25:25,13618,2465,55-BH-00,POINT (-9.172699928283691 38.749900817871094)
1715_749,59002_20250601_195_0_2,195_0,1,38.7495002746582,-9.109299659729004,21,IN_TRANSIT_TO,2025-07-30 07:25:29,7302,1715,69-AL-78,POINT (-9.109299659729004 38.7495002746582)
1777_794,8032_20250601_115_0_5,115_0,1,38.756431579589844,-9.113320350646973,9,IN_TRANSIT_TO,2025-07-30 07:25:24,24368,1777,63-HX-31,POINT (-9.113320350646973 38.756431579589844)
2271_758,6829_20250601_150_0_4,150_0,1,38.72011947631836,-9.155550003051758,26,IN_TRANSIT_TO,2025-07-30 07:25:28,6813,2271,92-54-ZM,POINT (-9.155550003051758 38.72011947631836)
1765_717,3813_20250601_170_0_4,170_0,1,38.74885177612305,-9.131369590759277,34,IN_TRANSIT_TO,2025-07-30 07:25:30,7302,1765,63-HX-28,POINT (-9.131369590759277 38.74885177612305)
1776_717,3869_20250601_170_0_2,170_0,0,38.79750061035156,-9.143569946289062,40,IN_TRANSIT_TO,2025-07-30 07:25:38,16002,1776,53-HX-09,POINT (-9.143569946289062 38.79750061035156)
1761_794,8083_20250601_115_0_3,115_0,0,38.70732879638672,-9.133569717407227,0,IN_TRANSIT_TO,2025-07-30 07:25:41,,1761,63-HX-19,POINT (-9.133569717407227 38.70732879638672)
4605_748,6131_20250601_169_0_5,169_0,0,38.7253303527832,-9.152029991149902,2,IN_TRANSIT_TO,2025-07-30 07:25:40,1209,4605,31-GN-72,POINT (-9.152029991149902 38.7253303527832)
2306_735,5229_20250601_172_0_5,172_0,0,38.7205696105957,-9.12382984161377,11,IN_TRANSIT_TO,2025-07-30 07:25:36,9113,2306,83-19-ZM,POINT (-9.12382984161377 38.7205696105957)
2477_703,3161_20250601_165_0_5,165_0,0,38.768951416015625,-9.175600051879883,22,IN_TRANSIT_TO,2025-07-30 07:25:22,50391,2477,91-BE-73,POINT (-9.175600051879883 38.768951416015625)
1712_749,6200_20250601_195_0_6,195_0,0,38.748878479003906,-9.131629943847656,10,IN_TRANSIT_TO,2025-07-30 07:25:39,50228,1712,69-AL-75,POINT (-9.131629943847656 38.748878479003906)
220_773,7412_20250601_124_0_8,124_0,1,38.7182502746582,-9.15215015411377,24,IN_TRANSIT_TO,2025-07-30 07:25:49,10607,220,11-07-XO,POINT (-9.15215015411377 38.7182502746582)
2484_703,3106_20250601_165_0_3,165_0,1,38.78731918334961,-9.1428804397583,38,IN_TRANSIT_TO,2025-07-30 07:25:35,6003,2484,91-BE-76,POINT (-9.1428804397583 38.78731918334961)
225_773,7413_20250601_124_0_2,124_0,1,38.71202850341797,-9.163399696350098,10,IN_TRANSIT_TO,2025-07-30 07:25:28,10103,225,84-37-XQ,POINT (-9.163399696350098 38.71202850341797)
605_15E,11185_20250601_76_0_3,76_0,0,38.703529357910156,-9.168230056762695,8,IN_TRANSIT_TO,2025-07-30 07:25:26,10202,605,,POINT (-9.168230056762695 38.703529357910156)
2297_731,5006_20250601_190_0_2,190_0,0,38.75701904296875,-9.144550323486328,16,IN_TRANSIT_TO,2025-07-30 07:25:29,11304,2297,83-06-ZM,POINT (-9.144550323486328 38.75701904296875)
2403_778,18639_20250601_179_0_7,179_0,0,38.76163101196289,-9.166419982910156,3,IN_TRANSIT_TO,2025-07-30 07:25:40,50013,2403,50-AL-12,POINT (-9.166419982910156 38.76163101196289)
1707_701,2969_20250601_123_0_4,123_0,1,38.728580474853516,-9.162449836730957,7,IN_TRANSIT_TO,2025-07-30 07:25:40,6104,1707,69-AL-70,POINT (-9.162449836730957 38.728580474853516)
2786_727,4548_20250601_103_0_9,103_0,0,38.69783020019531,-9.204629898071289,37,IN_TRANSIT_TO,2025-07-30 07:25:31,9604,2786,AI-52-TL,POINT (-9.204629898071289 38.69783020019531)
2426_767,7304_20250601_112_0_3,112_0,0,38.7529296875,-9.143770217895508,14,IN_TRANSIT_TO,2025-07-30 07:25:25,101,2426,29-AU-21,POINT (-9.143770217895508 38.7529296875)
2838_751,6497_20250601_109_0_6,109_0,0,38.69974899291992,-9.205780029296875,16,IN_TRANSIT_TO,2025-07-30 07:25:47,9604,2838,BF-59-FZ,POINT (-9.205780029296875 38.69974899291992)
408_734,5136_20250601_205_0_3,205_0,0,38.71215057373047,-9.124300003051758,16,IN_TRANSIT_TO,2025-07-30 07:25:27,2110,408,BF-24-TS,POINT (-9.124300003051758 38.71215057373047)
2408_716,3749_20250601_164_0_6,164_0,1,38.739768981933594,-9.151249885559082,17,IN_TRANSIT_TO,2025-07-30 07:25:44,1504,2408,50-AL-08,POINT (-9.151249885559082 38.739768981933594)
2776_714,3675_20250601_102_0_5,102_0,0,38.70487976074219,-9.16178035736084,7,IN_TRANSIT_TO,2025-07-30 07:25:29,3908,2776,AI-07-BT,POINT (-9.16178035736084 38.70487976074219)
2474_726,4327_20250601_116_0_2,116_0,1,38.76155090332031,-9.196680068969727,4,IN_TRANSIT_TO,2025-07-30 07:25:20,13907,2474,74-BC-67,POINT (-9.196680068969727 38.76155090332031)
2942_26B,17519_20250601_208_0_3,208_0,0,38.766971588134766,-9.104049682617188,16,IN_TRANSIT_TO,2025-07-30 07:25:31,2315,2942,51-GL-82,POINT (-9.104049682617188 38.766971588134766)
606_15E,11235_20250601_76_0_2,76_0,1,38.707000732421875,-9.141650199890137,21,IN_TRANSIT_TO,2025-07-30 07:25:30,3823,606,,POINT (-9.141650199890137 38.707000732421875)
2748_756,6736_20250601_175_0_5,175_0,1,38.722679138183594,-9.174949645996094,7,IN_TRANSIT_TO,2025-07-30 07:25:46,11901,2748,AG-96-TG,POINT (-9.174949645996094 38.722679138183594)
2283_771,21931_20250601_248_0_6,248_0,0,38.723751068115234,-9.177749633789062,11,IN_TRANSIT_TO,2025-07-30 07:25:17,8607,2283,67-39-ZJ,POINT (-9.177749633789062 38.723751068115234)
204_17B,21712_20250601_247_0_2,247_0,0,38.73115158081055,-9.134750366210938,22,IN_TRANSIT_TO,2025-07-30 07:25:20,511,204,89-71-XD,POINT (-9.134750366210938 38.73115158081055)
1720_794,8092_20250601_115_0_5,115_0,1,38.722251892089844,-9.113969802856445,34,IN_TRANSIT_TO,2025-07-30 07:25:47,9812,1720,25-AS-32,POINT (-9.113969802856445 38.722251892089844)
2406_767,7296_20250601_112_0_3,112_0,0,38.75008010864258,-9.19124984741211,30,IN_TRANSIT_TO,2025-07-30 07:25:30,10808,2406,50-AL-09,POINT (-9.19124984741211 38.75008010864258)
2289_731,4995_20250601_190_0_3,190_0,0,38.7872314453125,-9.111680030822754,36,IN_TRANSIT_TO,2025-07-30 07:25:32,12611,2289,92-60-ZM,POINT (-9.111680030822754 38.7872314453125)
2451_767,7310_20250601_112_1_3,112_1,1,38.74787902832031,-9.217129707336426,2,IN_TRANSIT_TO,2025-07-30 07:25:41,50336,2451,75-AQ-16,POINT (-9.217129707336426 38.74787902832031)
2405_747,6086_20250601_177_0_5,177_0,0,38.76129913330078,-9.157469749450684,0,IN_TRANSIT_TO,2025-07-30 07:25:21,,2405,50-AL-10,POINT (-9.157469749450684 38.76129913330078)
2831_753,20052_20250601_167_0_4,167_0,1,38.67367935180664,-9.173319816589355,1,IN_TRANSIT_TO,2025-07-30 07:25:44,19001,2831,BF-72-FZ,POINT (-9.173319816589355 38.67367935180664)
2792_714,3634_20250601_102_0_5,102_0,0,38.72383117675781,-9.215399742126465,32,IN_TRANSIT_TO,2025-07-30 07:25:42,14006,2792,AJ-53-LI,POINT (-9.215399742126465 38.72383117675781)
2434_703,3165_20250601_165_0_3,165_0,0,38.77397918701172,-9.161049842834473,10,IN_TRANSIT_TO,2025-07-30 07:25:47,6019,2434,29-AU-24,POINT (-9.161049842834473 38.77397918701172)
1723_742,5743_20250601_114_0_2,114_0,1,38.71392822265625,-9.195679664611816,0,IN_TRANSIT_TO,2025-07-30 07:25:41,,1723,25-AS-35,POINT (-9.195679664611816 38.71392822265625)
223_773,7384_20250601_124_0_8,124_0,1,38.7069206237793,-9.17311954498291,0,IN_TRANSIT_TO,2025-07-30 07:25:48,,223,84-38-XQ,POINT (-9.17311954498291 38.7069206237793)
1726_794,8064_20250601_115_0_5,115_0,0,38.756248474121094,-9.127120018005371,21,IN_TRANSIT_TO,2025-07-30 07:25:40,14710,1726,25-AS-38,POINT (-9.127120018005371 38.756248474121094)
4610_728,4596_20250601_204_0_3,204_0,1,38.75532150268555,-9.096819877624512,14,IN_TRANSIT_TO,2025-07-30 07:25:31,2409,4610,96-GL-87,POINT (-9.096819877624512 38.75532150268555)
2610_781,7735_20250601_151_0_4,151_0,1,38.78178024291992,-9.120880126953125,4,IN_TRANSIT_TO,2025-07-30 07:25:48,16304,2610,66-VI-20,POINT (-9.120880126953125 38.78178024291992)
2840_751,6439_20250601_109_0_5,109_0,1,38.69731903076172,-9.200079917907715,19,IN_TRANSIT_TO,2025-07-30 07:25:24,4109,2840,BF-75-FZ,POINT (-9.200079917907715 38.69731903076172)
4838_736,5403_20250601_199_0_4,199_0,1,38.730098724365234,-9.147150039672852,24,IN_TRANSIT_TO,2025-07-30 07:25:30,1714,4838,34-VR-22,POINT (-9.147150039672852 38.730098724365234)
2751_756,6721_20250601_175_0_5,175_0,1,38.741519927978516,-9.144769668579102,14,IN_TRANSIT_TO,2025-07-30 07:25:44,1915,2751,AG-12-TH,POINT (-9.144769668579102 38.741519927978516)
2438_767,7232_20250601_112_0_2,112_0,1,38.74747848510742,-9.141119956970215,35,IN_TRANSIT_TO,2025-07-30 07:25:30,202,2438,44-BC-29,POINT (-9.141119956970215 38.74747848510742)
6029_732,5094_20250601_107_0_3,107_0,1,38.70957946777344,-9.208470344543457,7,IN_TRANSIT_TO,2025-07-30 07:25:20,13101,6029,BF-52-AX,POINT (-9.208470344543457 38.70957946777344)
2276_731,19431_20250601_190_0_2,190_0,1,38.763370513916016,-9.129850387573242,20,IN_TRANSIT_TO,2025-07-30 07:25:40,7506,2276,53-57-ZJ,POINT (-9.129850387573242 38.763370513916016)
2418_778,7528_20250601_179_0_6,179_0,1,38.75981903076172,-9.192079544067383,3,IN_TRANSIT_TO,2025-07-30 07:25:42,12822,2418,92-AO-54,POINT (-9.192079544067383 38.75981903076172)
2466_703,3099_20250601_165_0_5,165_0,0,38.7871208190918,-9.142020225524902,0,IN_TRANSIT_TO,2025-07-30 07:25:16,,2466,16-AZ-16,POINT (-9.142020225524902 38.7871208190918)
2668_727,4555_20250601_103_0_3,103_0,0,38.71337127685547,-9.153249740600586,19,IN_TRANSIT_TO,2025-07-30 07:25:33,6704,2668,87-XB-36,POINT (-9.153249740600586 38.71337127685547)
4834_736,5420_20250601_199_0_6,199_0,1,38.772830963134766,-9.161299705505371,10,IN_TRANSIT_TO,2025-07-30 07:25:28,5906,4834,20-VQ-71,POINT (-9.161299705505371 38.772830963134766)
2770_727,4467_20250601_103_0_3,103_0,0,38.746070861816406,-9.132949829101562,0,IN_TRANSIT_TO,2025-07-30 07:25:27,,2770,AH-30-ND,POINT (-9.132949829101562 38.746070861816406)
209_49B,22212_20250601_251_0_4,251_0,0,38.74232864379883,-9.138250350952148,3,IN_TRANSIT_TO,2025-07-30 07:25:29,50567,209,33-46-XH,POINT (-9.138250350952148 38.74232864379883)
409_73B,18772_20250601_220_0_3,220_0,0,38.705101013183594,-9.178850173950195,13,IN_TRANSIT_TO,2025-07-30 07:25:37,12113,409,BF-73-TQ,POINT (-9.178850173950195 38.705101013183594)
2210_742,5756_20250601_114_0_3,114_0,0,38.70936965942383,-9.194899559020996,50,IN_TRANSIT_TO,2025-07-30 07:25:22,10304,2210,01-66-XO,POINT (-9.194899559020996 38.70936965942383)
2789_714,3702_20250601_102_0_4,102_0,1,38.69712829589844,-9.201020240783691,21,IN_TRANSIT_TO,2025-07-30 07:25:42,9609,2789,AI-53-TL,POINT (-9.201020240783691 38.69712829589844)
2217_794,8055_20250601_115_0_4,115_0,0,38.755531311035156,-9.102930068969727,33,IN_TRANSIT_TO,2025-07-30 07:25:44,2319,2217,07-99-XS,POINT (-9.102930068969727 38.755531311035156)
2214_742,5779_20250601_114_0_3,114_0,0,38.72454833984375,-9.117500305175781,10,IN_TRANSIT_TO,2025-07-30 07:25:29,9804,2214,08-02-XS,POINT (-9.117500305175781 38.72454833984375)
2213_796,8134_20250601_174_0_4,174_0,1,38.790550231933594,-9.15095043182373,16,IN_TRANSIT_TO,2025-07-30 07:25:25,5808,2213,08-04-XS,POINT (-9.15095043182373 38.790550231933594)
2834_753,6551_20250601_167_0_5,167_0,0,38.72489929199219,-9.157380104064941,5,IN_TRANSIT_TO,2025-07-30 07:25:47,1223,2834,BF-76-FZ,POINT (-9.157380104064941 38.72489929199219)
2215_742,5701_20250601_114_0_4,114_0,1,38.729679107666016,-9.15845012664795,32,IN_TRANSIT_TO,2025-07-30 07:25:34,6116,2215,08-01-XS,POINT (-9.15845012664795 38.729679107666016)
2212_793,8006_20250601_145_0_5,145_0,1,38.73672866821289,-9.107680320739746,27,IN_TRANSIT_TO,2025-07-30 07:25:36,50071,2212,08-05-XS,POINT (-9.107680320739746 38.73672866821289)
2781_764,7150_20250601_168_0_5,168_0,1,38.74599838256836,-9.212349891662598,8,IN_TRANSIT_TO,2025-07-30 07:25:43,3017,2781,AI-00-BT,POINT (-9.212349891662598 38.74599838256836)
2208_793,7975_20250601_145_0_6,145_0,1,38.747379302978516,-9.118249893188477,9,IN_TRANSIT_TO,2025-07-30 07:25:47,3608,2208,01-69-XO,POINT (-9.118249893188477 38.747379302978516)
2206_708,3324_20250601_100_0_4,100_0,0,38.74338150024414,-9.132369995117188,10,IN_TRANSIT_TO,2025-07-30 07:25:24,317,2206,01-67-XO,POINT (-9.132369995117188 38.74338150024414)
2218_793,7975_20250601_145_0_21,145_0,0,38.74082946777344,-9.105830192565918,0,IN_TRANSIT_TO,2025-07-25 17:40:42,,2218,07-98-XS,POINT (-9.105830192565918 38.74082946777344)
6002_767,7303_20250601_112_0_3,112_0,0,38.76253128051758,-9.163629531860352,19,IN_TRANSIT_TO,2025-07-30 07:25:50,5825,6002,98-XU-85,POINT (-9.163629531860352 38.76253128051758)
2223_708,3280_20250601_100_0_5,100_0,1,38.795928955078125,-9.098919868469238,3,IN_TRANSIT_TO,2025-07-30 07:25:30,50451,2223,08-16-XS,POINT (-9.098919868469238 38.795928955078125)
2221_735,5262_20250601_172_0_4,172_0,1,38.714298248291016,-9.121879577636719,29,IN_TRANSIT_TO,2025-07-30 07:25:39,2128,2221,07-95-XS,POINT (-9.121879577636719 38.714298248291016)
563_28E,14957_20250601_75_0_2,75_0,0,38.714229583740234,-9.169520378112793,34,IN_TRANSIT_TO,2025-07-30 07:24:58,8017,563,,POINT (-9.169520378112793 38.714229583740234)
562_28E,15047_20250601_75_0_3,75_0,1,38.7170295715332,-9.129730224609375,26,IN_TRANSIT_TO,2025-07-30 07:25:32,14801,562,,POINT (-9.129730224609375 38.7170295715332)
2836_751,6472_20250601_109_0_2,109_0,0,38.70513153076172,-9.226869583129883,26,IN_TRANSIT_TO,2025-07-30 07:25:44,18404,2836,BF-70-FZ,POINT (-9.226869583129883 38.70513153076172)
2207_796,8147_20250601_174_0_4,174_0,1,38.774749755859375,-9.163330078125,16,IN_TRANSIT_TO,2025-07-30 07:25:42,5808,2207,01-70-XO,POINT (-9.163330078125 38.774749755859375)
4615_748,6143_20250601_169_0_4,169_0,1,38.722450256347656,-9.17278003692627,6,IN_TRANSIT_TO,2025-07-30 07:25:35,14311,4615,22-GP-49,POINT (-9.17278003692627 38.722450256347656)
560_25E,14262_20250601_79_0_4,79_0,0,38.71065139770508,-9.1360502243042,1,IN_TRANSIT_TO,2025-07-30 07:10:10,50620,560,,POINT (-9.1360502243042 38.71065139770508)
565_18E,12198_20250601_78_0_3,78_0,0,38.70433044433594,-9.174200057983398,6,IN_TRANSIT_TO,2025-07-30 07:25:33,4004,565,,POINT (-9.174200057983398 38.70433044433594)
2229_735,5250_20250601_172_0_5,172_0,0,38.7069206237793,-9.141619682312012,1,IN_TRANSIT_TO,2025-07-30 07:25:44,3801,2229,06-37-XX,POINT (-9.141619682312012 38.7069206237793)
2231_763,46417_20250601_282_0_5,282_0,0,38.78187942504883,-9.171019554138184,8,IN_TRANSIT_TO,2025-07-30 07:25:21,50642,2231,06-28-XX,POINT (-9.171019554138184 38.78187942504883)
6008_706,3229_20250601_147_0_3,147_0,1,38.731178283691406,-9.134570121765137,14,IN_TRANSIT_TO,2025-07-30 07:25:21,506,6008,81-ZC-08,POINT (-9.134570121765137 38.731178283691406)
6004_706,3262_20250601_147_0_4,147_0,0,38.731201171875,-9.135069847106934,20,IN_TRANSIT_TO,2025-07-30 07:25:37,511,6004,82-ZC-35,POINT (-9.135069847106934 38.731201171875)
2835_751,6511_20250601_109_4_1,109_4,0,38.70283126831055,-9.18002986907959,9,IN_TRANSIT_TO,2025-07-30 07:25:49,12121,2835,BF-62-FZ,POINT (-9.18002986907959 38.70283126831055)
6027_760,7021_20250601_171_0_3,171_0,0,38.71342849731445,-9.201950073242188,33,IN_TRANSIT_TO,2025-07-30 07:25:19,12908,6027,BF-66-BA,POINT (-9.201950073242188 38.71342849731445)
2242_763,49568_20250601_282_0_6,282_0,1,38.766170501708984,-9.1981201171875,6,IN_TRANSIT_TO,2025-07-30 07:25:38,13906,2242,22-42-ZB,POINT (-9.1981201171875 38.766170501708984)
615_15E,11199_20250601_76_0_5,76_0,0,38.70627975463867,-9.143250465393066,3,IN_TRANSIT_TO,2025-07-30 07:25:27,3820,615,,POINT (-9.143250465393066 38.70627975463867)
2241_768,7336_20250601_111_0_6,111_0,0,38.74441909790039,-9.168319702148438,5,IN_TRANSIT_TO,2025-07-30 07:25:19,12702,2241,22-37-ZB,POINT (-9.168319702148438 38.74441909790039)
2287_758,6846_20250601_150_0_2,150_0,1,38.73707962036133,-9.16819953918457,16,IN_TRANSIT_TO,2025-07-30 07:25:43,2712,2287,92-58-ZM,POINT (-9.16819953918457 38.73707962036133)
2265_703,3121_20250601_165_0_4,165_0,1,38.76972961425781,-9.173569679260254,20,IN_TRANSIT_TO,2025-07-30 07:25:35,50161,2265,76-91-ZG,POINT (-9.173569679260254 38.76972961425781)
303_782,7783_20250601_152_0_3,152_0,0,38.77362823486328,-9.105680465698242,21,IN_TRANSIT_TO,2025-07-30 07:25:45,7908,303,22-SP-90,POINT (-9.105680465698242 38.77362823486328)
2267_758,6807_20250601_150_0_4,150_0,1,38.7080192565918,-9.143369674682617,34,IN_TRANSIT_TO,2025-07-30 07:25:29,3826,2267,76-86-ZG,POINT (-9.143369674682617 38.7080192565918)
2266_724,4220_20250601_178_0_6,178_0,1,38.75988006591797,-9.201499938964844,2,IN_TRANSIT_TO,2025-07-30 07:25:44,13911,2266,76-92-ZG,POINT (-9.201499938964844 38.75988006591797)
