id,trip_id,route_id,direction_id,latitude,longitude,current_stop_sequence,current_status,timestamp,stop_id,vehicle_id,license_plate,geometry
6032_732,5076_20250101_107_0_8,107_0,1,38.71352005004883,-9.136879920959473,30,IN_TRANSIT_TO,2025-03-12 17:42:29,5519,6032,BF-93-BC,POINT (-9.136879920959473 38.71352005004883)
2689_738,5553_20250101_117_0_12,117_0,1,38.70466995239258,-9.176899909973145,0,IN_TRANSIT_TO,2025-03-12 17:42:37,,2689,93-XA-45,POINT (-9.176899909973145 38.70466995239258)
4648_750,6262_20250101_106_0_11,106_0,0,38.70787811279297,-9.225580215454102,37,IN_TRANSIT_TO,2025-03-12 17:42:23,18401,4648,98-JO-47,POINT (-9.225580215454102 38.70787811279297)
4637_796,8127_20250101_174_0_29,174_0,0,38.7923698425293,-9.153499603271484,12,IN_TRANSIT_TO,2025-03-12 17:42:22,11612,4637,98-JO-44,POINT (-9.153499603271484 38.7923698425293)
2302_794,8086_20250101_115_0_4,115_0,1,38.76750183105469,-9.101119995117188,1,IN_TRANSIT_TO,2025-03-12 17:42:15,7814,2302,83-08-ZM,POINT (-9.101119995117188 38.76750183105469)
2253_799,8217_20250101_120_0_13,120_0,0,38.745201110839844,-9.197979927062988,7,IN_TRANSIT_TO,2025-03-12 17:40:44,2802,2253,80-52-ZE,POINT (-9.197979927062988 38.745201110839844)
611_15E,11264_20250101_76_0_16,76_0,1,38.69715118408203,-9.201180458068848,7,IN_TRANSIT_TO,2025-03-12 17:42:15,9609,611,,POINT (-9.201180458068848 38.69715118408203)
4607_750,6283_20250101_106_0_3,106_0,0,38.749351501464844,-9.197620391845703,25,IN_TRANSIT_TO,2025-03-12 17:42:26,10908,4607,96-GL-84,POINT (-9.197620391845703 38.749351501464844)
304_782,7775_20250101_152_0_10,152_0,0,38.77482986450195,-9.103850364685059,21,IN_TRANSIT_TO,2025-03-12 17:42:41,7908,304,22-SP-91,POINT (-9.103850364685059 38.77482986450195)
4606_750,6413_20250101_106_0_10,106_0,0,38.743900299072266,-9.205499649047852,33,IN_TRANSIT_TO,2025-03-12 17:42:21,14008,4606,96-GL-83,POINT (-9.205499649047852 38.743900299072266)
6022_760,7061_20250101_171_0_11,171_0,0,38.70378112792969,-9.16232967376709,15,IN_TRANSIT_TO,2025-03-12 17:42:42,3906,6022,BF-48-BB,POINT (-9.16232967376709 38.70378112792969)
2440_716,3718_20250101_164_0_20,164_0,1,38.740379333496094,-9.167779922485352,13,IN_TRANSIT_TO,2025-03-12 17:42:24,1610,2440,29-AX-08,POINT (-9.167779922485352 38.740379333496094)
2992_765,18946_20250101_110_0_5,110_0,0,38.75339889526367,-9.208499908447266,10,IN_TRANSIT_TO,2025-03-12 17:42:41,11006,2992,29-VM-95,POINT (-9.208499908447266 38.75339889526367)
2448_747,6110_20250101_177_0_19,177_0,1,38.76332092285156,-9.166879653930664,16,IN_TRANSIT_TO,2025-03-12 17:42:30,50006,2448,44-BC-34,POINT (-9.166879653930664 38.76332092285156)
6010_760,7066_20250101_171_0_10,171_0,0,38.70610046386719,-9.167830467224121,1,IN_TRANSIT_TO,2025-03-12 17:42:28,6909,6010,81-ZC-09,POINT (-9.167830467224121 38.70610046386719)
2317_720,4077_20250101_143_0_2,143_0,0,38.704681396484375,-9.176899909973145,26,IN_TRANSIT_TO,2025-03-12 17:42:20,12102,2317,61-86-ZB,POINT (-9.176899909973145 38.704681396484375)
603_15E,11238_20250101_76_0_14,76_0,1,38.7045783996582,-9.176569938659668,14,IN_TRANSIT_TO,2025-03-12 17:42:13,12115,603,,POINT (-9.176569938659668 38.7045783996582)
2766_709,3401_20250101_148_0_28,148_0,0,38.72542190551758,-9.150650024414062,4,IN_TRANSIT_TO,2025-03-12 17:42:24,1103,2766,AH-40-ND,POINT (-9.150650024414062 38.72542190551758)
4604_728,4689_20250101_204_0_2,204_0,0,38.70867156982422,-9.135379791259766,21,IN_TRANSIT_TO,2025-03-12 17:42:30,5501,4604,96-GL-82,POINT (-9.135379791259766 38.70867156982422)
2250_731,19403_20240727_190_0_8,190_0,1,38.78303146362305,-9.114009857177734,3,IN_TRANSIT_TO,2024-08-10 10:41:27,12610,2250,80-41-ZE,POINT (-9.114009857177734 38.78303146362305)
4602_728,4724_20250101_204_4_12,204_4,0,38.70180130004883,-9.175479888916016,4,IN_TRANSIT_TO,2025-03-12 17:42:38,9501,4602,96-GL-80,POINT (-9.175479888916016 38.70180130004883)
6021_732,5057_20250101_107_0_9,107_0,0,38.74114990234375,-9.146769523620605,6,IN_TRANSIT_TO,2025-03-12 17:42:27,1902,6021,BD-91-QG,POINT (-9.146769523620605 38.74114990234375)
2292_724,4222_20250101_178_0_19,178_0,0,38.75585174560547,-9.199749946594238,23,IN_TRANSIT_TO,2025-03-12 17:42:31,13706,2292,83-16-ZM,POINT (-9.199749946594238 38.75585174560547)
2328_798,8205_20250101_194_0_4,194_0,1,38.76123046875,-9.15546989440918,21,IN_TRANSIT_TO,2025-03-12 17:42:20,5840,2328,62-96-ZG,POINT (-9.15546989440918 38.76123046875)
2795_712,3558_20250101_189_0_15,189_0,0,38.722869873046875,-9.121399879455566,3,IN_TRANSIT_TO,2025-03-12 17:42:33,2103,2795,AJ-55-LI,POINT (-9.121399879455566 38.722869873046875)
2494_720,4087_20250101_143_0_15,143_0,0,38.727298736572266,-9.146300315856934,13,IN_TRANSIT_TO,2025-03-12 17:42:10,6602,2494,88-BL-68,POINT (-9.146300315856934 38.727298736572266)
2830_728,4601_20250101_204_0_9,204_0,1,38.73263168334961,-9.104700088500977,22,IN_TRANSIT_TO,2025-03-12 17:42:26,12514,2830,BF-57-FZ,POINT (-9.104700088500977 38.73263168334961)
2346_768,7319_20250101_111_0_15,111_0,0,38.767181396484375,-9.197400093078613,21,IN_TRANSIT_TO,2025-03-10 14:56:22,13906,2346,62-93-ZG,POINT (-9.197400093078613 38.767181396484375)
6033_706,3251_20250101_147_0_10,147_0,1,38.72547149658203,-9.146050453186035,20,IN_TRANSIT_TO,2025-03-12 17:42:18,6610,6033,BF-92-AZ,POINT (-9.146050453186035 38.72547149658203)
4617_748,6160_20250101_169_0_11,169_0,0,38.72570037841797,-9.150970458984375,1,IN_TRANSIT_TO,2025-03-12 17:42:18,1229,4617,22-GP-51,POINT (-9.150970458984375 38.72570037841797)
2955_798,8190_20250101_194_0_24,194_0,1,38.78036880493164,-9.151229858398438,10,IN_TRANSIT_TO,2025-03-12 17:42:34,6019,2955,27-GU-70,POINT (-9.151229858398438 38.78036880493164)
2954_40B,17568_20250101_212_0_18,212_0,1,38.7930793762207,-9.148300170898438,23,IN_TRANSIT_TO,2025-03-12 17:42:33,50196,2954,62-GQ-56,POINT (-9.148300170898438 38.7930793762207)
2624_781,7756_20250101_151_0_14,151_0,0,38.77716827392578,-9.116100311279297,24,IN_TRANSIT_TO,2025-03-12 17:42:39,12305,2624,72-VP-82,POINT (-9.116100311279297 38.77716827392578)
4642_750,6326_20250101_106_0_3,106_0,0,38.76044845581055,-9.13422966003418,10,IN_TRANSIT_TO,2025-03-12 17:42:15,7515,4642,90-JI-99,POINT (-9.13422966003418 38.76044845581055)
4816_728,4569_20250101_204_0_9,204_0,1,38.6973991394043,-9.203780174255371,42,IN_TRANSIT_TO,2025-03-12 17:42:41,4102,4816,34-VR-17,POINT (-9.203780174255371 38.6973991394043)
4616_750,6335_20250101_106_0_11,106_0,0,38.7598991394043,-9.11655044555664,7,IN_TRANSIT_TO,2025-03-12 17:42:16,8406,4616,22-GP-50,POINT (-9.11655044555664 38.7598991394043)
2943_26B,17510_20250101_208_0_18,208_0,1,38.77265167236328,-9.106180191040039,13,IN_TRANSIT_TO,2025-03-12 17:42:31,7809,2943,51-GL-83,POINT (-9.106180191040039 38.77265167236328)
2953_71B,45266_20250101_278_0_14,278_0,0,38.75429916381836,-9.197779655456543,27,IN_TRANSIT_TO,2025-03-12 17:42:10,10909,2953,62-GQ-55,POINT (-9.197779655456543 38.75429916381836)
4611_750,6421_20250101_106_0_13,106_0,0,38.69860076904297,-9.227270126342773,1,IN_TRANSIT_TO,2025-03-12 17:42:27,4201,4611,96-GL-88,POINT (-9.227270126342773 38.69860076904297)
2945_32B,17548_20250101_211_0_18,211_0,0,38.756080627441406,-9.113519668579102,2,IN_TRANSIT_TO,2025-03-12 17:42:42,24367,2945,75-GO-14,POINT (-9.113519668579102 38.756080627441406)
4626_783,7842_20250101_203_0_13,203_0,0,38.75526809692383,-9.150320053100586,14,IN_TRANSIT_TO,2025-03-12 17:42:16,5708,4626,90-JI-93,POINT (-9.150320053100586 38.75526809692383)
4646_750,6313_20250101_106_0_12,106_0,0,38.75812911987305,-9.141429901123047,12,IN_TRANSIT_TO,2025-03-12 17:42:15,11306,4646,11-JM-79,POINT (-9.141429901123047 38.75812911987305)
4629_796,8148_20250101_174_0_20,174_0,0,38.79111862182617,-9.150699615478516,13,IN_TRANSIT_TO,2025-03-12 17:42:31,50276,4629,11-JM-77,POINT (-9.150699615478516 38.79111862182617)
4631_796,8140_20250101_174_0_30,174_0,1,38.759178161621094,-9.15548038482666,16,IN_TRANSIT_TO,2025-03-12 17:42:30,5808,4631,02-JN-86,POINT (-9.15548038482666 38.759178161621094)
4630_796,8113_20250101_174_0_25,174_0,0,38.76662826538086,-9.157770156860352,2,IN_TRANSIT_TO,2025-03-12 17:42:21,5811,4630,02-JN-85,POINT (-9.157770156860352 38.76662826538086)
2973_45B,49563_20250101_277_0_4,277_0,1,38.768699645996094,-9.168530464172363,2,IN_TRANSIT_TO,2025-03-12 17:42:33,5953,2973,30-VM-13,POINT (-9.168530464172363 38.768699645996094)
4818_751,6481_20250101_109_0_17,109_0,0,38.70138168334961,-9.22797966003418,24,IN_TRANSIT_TO,2025-03-12 17:42:22,4202,4818,42-VT-57,POINT (-9.22797966003418 38.70138168334961)
4627_736,5422_20250101_199_0_12,199_0,1,38.72188186645508,-9.147299766540527,26,IN_TRANSIT_TO,2025-03-12 17:42:11,1206,4627,11-JM-76,POINT (-9.147299766540527 38.72188186645508)
2688_714,3640_20250101_102_0_14,102_0,1,38.72222137451172,-9.217729568481445,6,IN_TRANSIT_TO,2025-03-12 17:42:38,18709,2688,93-XA-35,POINT (-9.217729568481445 38.72222137451172)
2699_738,5550_20250101_117_0_12,117_0,1,38.7174186706543,-9.157429695129395,12,IN_TRANSIT_TO,2025-03-12 17:42:22,8103,2699,92-XQ-25,POINT (-9.157429695129395 38.7174186706543)
2691_746,5958_20250101_108_0_18,108_0,1,38.73554992675781,-9.154950141906738,20,IN_TRANSIT_TO,2025-03-12 17:42:34,1502,2691,90-XF-45,POINT (-9.154950141906738 38.73554992675781)
2690_746,5993_20250101_108_0_14,108_0,1,38.73202896118164,-9.152070045471191,0,IN_TRANSIT_TO,2025-03-12 17:42:15,,2690,99-XE-57,POINT (-9.152070045471191 38.73202896118164)
2693_746,5986_20250101_108_0_17,108_0,0,38.74005126953125,-9.16746997833252,9,IN_TRANSIT_TO,2025-03-12 17:42:24,50472,2693,90-XF-46,POINT (-9.16746997833252 38.74005126953125)
2694_727,4463_20250101_103_0_9,103_0,0,38.70412063598633,-9.173580169677734,26,IN_TRANSIT_TO,2025-03-12 17:42:33,10210,2694,90-XF-49,POINT (-9.173580169677734 38.70412063598633)
2669_714,3709_20250101_102_0_12,102_0,1,38.7015495300293,-9.181280136108398,26,IN_TRANSIT_TO,2025-03-12 17:42:36,9503,2669,87-XB-34,POINT (-9.181280136108398 38.7015495300293)
6048_732,5101_20250101_107_0_2,107_0,0,38.72465133666992,-9.15071964263916,13,IN_TRANSIT_TO,2025-03-12 17:42:21,1212,6048,BH-46-IR,POINT (-9.15071964263916 38.72465133666992)
2695_764,7158_20250101_168_0_15,168_0,1,38.75859832763672,-9.180379867553711,23,IN_TRANSIT_TO,2025-03-12 17:41:08,12803,2695,90-XF-50,POINT (-9.180379867553711 38.75859832763672)
4836_783,7859_20250101_203_0_3,203_0,1,38.78559875488281,-9.124079704284668,2,IN_TRANSIT_TO,2025-03-12 17:42:37,16308,4836,34-VR-23,POINT (-9.124079704284668 38.78559875488281)
2705_714,3697_20250101_102_0_13,102_0,0,38.70481872558594,-9.16189956665039,7,IN_TRANSIT_TO,2025-03-12 17:41:59,3908,2705,92-XQ-29,POINT (-9.16189956665039 38.70481872558594)
2684_714,3705_20250101_102_0_13,102_0,0,38.70595169067383,-9.143179893493652,0,IN_TRANSIT_TO,2025-03-12 17:42:15,,2684,99-XE-59,POINT (-9.143179893493652 38.70595169067383)
2683_738,5512_20250101_117_0_12,117_0,1,38.75334930419922,-9.157770156860352,28,IN_TRANSIT_TO,2025-03-12 17:42:25,5701,2683,99-XE-55,POINT (-9.157770156860352 38.75334930419922)
6047_760,7085_20250101_171_0_11,171_0,0,38.722530364990234,-9.139399528503418,4,IN_TRANSIT_TO,2025-03-12 17:42:21,9211,6047,BH-20-IP,POINT (-9.139399528503418 38.722530364990234)
2947_29B,17534_20250101_209_0_16,209_0,0,38.76218032836914,-9.116499900817871,31,IN_TRANSIT_TO,2025-03-12 17:42:38,8404,2947,51-GL-84,POINT (-9.116499900817871 38.76218032836914)
2678_738,5544_20250101_117_0_2,117_0,1,38.71866989135742,-9.156579971313477,13,IN_TRANSIT_TO,2025-03-12 17:42:14,6801,2678,93-XA-39,POINT (-9.156579971313477 38.71866989135742)
2952_798,8198_20250101_194_0_23,194_0,0,38.77777099609375,-9.147629737854004,16,IN_TRANSIT_TO,2025-03-12 17:42:13,11511,2952,62-GQ-54,POINT (-9.147629737854004 38.77777099609375)
4643_748,6155_20250101_169_0_13,169_0,0,38.72853088378906,-9.211480140686035,6,IN_TRANSIT_TO,2025-03-12 17:42:40,18102,4643,98-JO-45,POINT (-9.211480140686035 38.72853088378906)
2676_738,5566_20250101_117_0_12,117_0,0,38.71833038330078,-9.156820297241211,25,IN_TRANSIT_TO,2025-03-12 17:42:23,6802,2676,87-XB-40,POINT (-9.156820297241211 38.71833038330078)
2957_40B,17558_20250101_212_0_18,212_0,0,38.78152084350586,-9.147879600524902,17,IN_TRANSIT_TO,2025-03-12 17:42:35,6018,2957,27-GU-72,POINT (-9.147879600524902 38.78152084350586)
2677_727,4537_20250101_103_0_9,103_0,1,38.731021881103516,-9.14645004272461,39,IN_TRANSIT_TO,2025-03-12 17:42:24,1713,2677,87-XB-41,POINT (-9.14645004272461 38.731021881103516)
2671_727,4515_20250101_103_0_10,103_0,0,38.730979919433594,-9.14661979675293,11,IN_TRANSIT_TO,2025-03-12 17:42:21,1704,2671,87-XB-43,POINT (-9.14661979675293 38.730979919433594)
2680_727,4536_20250101_103_0_9,103_0,1,38.7242317199707,-9.150699615478516,36,IN_TRANSIT_TO,2025-03-12 17:42:13,1207,2680,93-XA-36,POINT (-9.150699615478516 38.7242317199707)
2681_723,4177_20250101_121_0_12,121_0,1,38.6950798034668,-9.216349601745605,3,IN_TRANSIT_TO,2025-03-12 17:42:16,13203,2681,93-XA-41,POINT (-9.216349601745605 38.6950798034668)
2673_738,5572_20250101_117_0_13,117_0,0,38.73789978027344,-9.145779609680176,17,IN_TRANSIT_TO,2025-03-12 17:42:16,1810,2673,87-XB-37,POINT (-9.145779609680176 38.73789978027344)
2679_714,3671_20250101_102_0_13,102_0,0,38.7127799987793,-9.213820457458496,27,IN_TRANSIT_TO,2025-03-12 17:42:18,12402,2679,93-XA-34,POINT (-9.213820457458496 38.7127799987793)
2672_738,5535_20250101_117_0_11,117_0,1,38.755950927734375,-9.169919967651367,33,IN_TRANSIT_TO,2025-03-12 17:42:41,50476,2672,87-XB-44,POINT (-9.169919967651367 38.755950927734375)
2674_713,3612_20250101_122_0_15,122_0,0,38.72294998168945,-9.160320281982422,11,IN_TRANSIT_TO,2025-03-12 17:42:28,8512,2674,87-XB-38,POINT (-9.160320281982422 38.72294998168945)
2964_52B,21671_20250101_244_0_16,244_0,0,38.7411994934082,-9.147199630737305,12,IN_TRANSIT_TO,2025-03-12 17:42:40,1915,2964,30-VM-19,POINT (-9.147199630737305 38.7411994934082)
2962_774,7467_20250101_192_0_21,192_0,0,38.7204704284668,-9.16409969329834,5,IN_TRANSIT_TO,2025-03-12 17:42:40,8027,2962,30-VM-07,POINT (-9.16409969329834 38.7204704284668)
6031_732,5080_20250101_107_0_8,107_0,1,38.703548431396484,-9.163229942321777,24,IN_TRANSIT_TO,2025-03-12 17:42:38,10201,6031,BF-87-AX,POINT (-9.163229942321777 38.703548431396484)
604_15E,11212_20250101_76_0_17,76_0,0,38.70191955566406,-9.18097972869873,8,IN_TRANSIT_TO,2025-03-12 17:42:11,12108,604,,POINT (-9.18097972869873 38.70191955566406)
6014_706,3259_20250101_147_0_7,147_0,1,38.726619720458984,-9.144880294799805,20,IN_TRANSIT_TO,2025-03-12 17:42:16,6610,6014,67-ZF-30,POINT (-9.144880294799805 38.726619720458984)
6049_760,7103_20250101_171_0_13,171_0,1,38.70512008666992,-9.180870056152344,23,IN_TRANSIT_TO,2025-03-12 17:42:41,12119,6049,BH-47-IR,POINT (-9.180870056152344 38.70512008666992)
6050_760,7098_20250101_171_0_10,171_0,1,38.7036018371582,-9.162969589233398,27,IN_TRANSIT_TO,2025-03-12 17:42:21,3905,6050,BH-62-IR,POINT (-9.162969589233398 38.7036018371582)
2347_724,4230_20250101_178_0_23,178_0,0,38.750370025634766,-9.197549819946289,19,IN_TRANSIT_TO,2025-03-12 17:42:26,10907,2347,53-61-ZJ,POINT (-9.197549819946289 38.750370025634766)
2741_756,6761_20250101_175_0_19,175_0,1,38.704498291015625,-9.178199768066406,2,IN_TRANSIT_TO,2025-03-12 17:42:31,12107,2741,AG-99-TG,POINT (-9.178199768066406 38.704498291015625)
2658_15E,11495_20250101_76_8_26,76_8,1,38.703651428222656,-9.16273021697998,3,IN_TRANSIT_TO,2025-03-12 17:41:17,3905,2658,05-VZ-71,POINT (-9.16273021697998 38.703651428222656)
2479_771,21942_20250101_248_0_20,248_0,0,38.74068069458008,-9.167920112609863,2,IN_TRANSIT_TO,2025-03-12 17:42:18,1610,2479,91-BE-74,POINT (-9.167920112609863 38.74068069458008)
2493_708,3351_20250101_100_0_10,100_0,1,38.7481689453125,-9.131119728088379,32,IN_TRANSIT_TO,2025-03-12 17:42:30,7304,2493,88-BL-65,POINT (-9.131119728088379 38.7481689453125)
2288_767,7281_20250101_112_0_8,112_0,1,38.74483108520508,-9.139599800109863,35,IN_TRANSIT_TO,2025-03-12 17:42:27,202,2288,92-59-ZM,POINT (-9.139599800109863 38.74483108520508)
2295_731,5022_20250101_190_0_12,190_0,1,38.76055145263672,-9.13403034210205,19,IN_TRANSIT_TO,2025-03-12 17:42:18,7515,2295,92-53-ZM,POINT (-9.13403034210205 38.76055145263672)
2417_703,3158_20250101_165_0_13,165_0,0,38.759681701660156,-9.185150146484375,29,IN_TRANSIT_TO,2025-03-12 17:42:22,12804,2417,50-AL-06,POINT (-9.185150146484375 38.759681701660156)
2755_720,4086_20250101_143_0_14,143_0,0,38.7200813293457,-9.154820442199707,16,IN_TRANSIT_TO,2025-03-12 17:42:28,6806,2755,AG-95-TG,POINT (-9.154820442199707 38.7200813293457)
2298_723,4136_20250101_121_0_15,121_0,0,38.726768493652344,-9.14568042755127,5,IN_TRANSIT_TO,2025-03-12 17:42:34,6605,2298,83-05-ZM,POINT (-9.14568042755127 38.726768493652344)
608_15E,11280_20250101_76_0_16,76_0,1,38.699501037597656,-9.22838020324707,2,IN_TRANSIT_TO,2025-03-12 17:42:32,4219,608,,POINT (-9.22838020324707 38.699501037597656)
2979_774,7472_20250101_192_0_4,192_0,0,38.7170295715332,-9.169520378112793,2,IN_TRANSIT_TO,2025-03-12 17:42:24,8012,2979,30-VM-17,POINT (-9.169520378112793 38.7170295715332)
610_15E,11202_20250101_76_0_17,76_0,0,38.695648193359375,-9.218130111694336,16,IN_TRANSIT_TO,2025-03-12 17:42:38,13206,610,,POINT (-9.218130111694336 38.695648193359375)
2257_799,8211_20250101_120_0_22,120_0,0,38.73566818237305,-9.222229957580566,18,IN_TRANSIT_TO,2025-03-12 17:42:38,50057,2257,80-50-ZE,POINT (-9.222229957580566 38.73566818237305)
2282_726,4317_20250101_116_0_13,116_0,0,38.73134994506836,-9.137149810791016,7,IN_TRANSIT_TO,2025-03-12 17:41:18,6504,2282,67-35-ZJ,POINT (-9.137149810791016 38.73134994506836)
2281_768,7319_20250101_111_0_19,111_0,0,38.75019836425781,-9.161580085754395,2,IN_TRANSIT_TO,2025-03-12 17:42:29,13508,2281,67-56-ZJ,POINT (-9.161580085754395 38.75019836425781)
255_37B,18839_20250101_224_0_20,224_0,0,38.72737121582031,-9.119330406188965,22,IN_TRANSIT_TO,2025-03-12 17:42:35,50619,255,AF-58-RM,POINT (-9.119330406188965 38.72737121582031)
2628_781,7737_20250101_151_0_14,151_0,1,38.72856903076172,-9.107749938964844,24,IN_TRANSIT_TO,2025-03-12 17:42:22,8314,2628,52-VP-82,POINT (-9.107749938964844 38.72856903076172)
4832_736,5351_20250101_199_0_13,199_0,0,38.76033020019531,-9.15552043914795,15,IN_TRANSIT_TO,2025-03-12 17:42:20,5805,4832,68-VQ-51,POINT (-9.15552043914795 38.76033020019531)
2301_754,6604_20250101_201_0_11,201_0,1,38.7364501953125,-9.212719917297363,5,IN_TRANSIT_TO,2025-03-12 17:42:12,8845,2301,83-12-ZM,POINT (-9.212719917297363 38.7364501953125)
6015_778,18648_20250101_179_0_4,179_0,1,38.7581787109375,-9.193320274353027,2,IN_TRANSIT_TO,2025-03-12 17:42:26,50242,6015,69-ZF-01,POINT (-9.193320274353027 38.7581787109375)
2629_722,4107_20250101_196_0_12,196_0,1,38.73746871948242,-9.144129753112793,28,IN_TRANSIT_TO,2025-03-12 17:42:20,11118,2629,52-VP-81,POINT (-9.144129753112793 38.73746871948242)
4835_736,18816_20250101_199_0_12,199_0,1,38.768619537353516,-9.15863037109375,11,IN_TRANSIT_TO,2025-03-12 17:42:24,5904,4835,53-VR-06,POINT (-9.15863037109375 38.768619537353516)
4624_755,6702_20250101_118_0_14,118_0,0,38.75659942626953,-9.146320343017578,33,IN_TRANSIT_TO,2025-03-12 17:42:40,103,4624,11-JM-75,POINT (-9.146320343017578 38.75659942626953)
271_61B,21520_20250101_241_0_22,241_0,0,38.73508071899414,-9.17158031463623,16,IN_TRANSIT_TO,2025-03-12 17:42:33,2703,271,AH-27-IN,POINT (-9.17158031463623 38.73508071899414)
6024_732,5093_20250101_107_0_4,107_0,0,38.706298828125,-9.145380020141602,20,IN_TRANSIT_TO,2025-03-12 10:40:31,3802,6024,BF-69-BA,POINT (-9.145380020141602 38.706298828125)
4811_751,21402_20250101_109_4_13,109_4,1,38.728271484375,-9.170720100402832,12,IN_TRANSIT_TO,2025-03-12 17:42:29,8601,4811,34-VR-20,POINT (-9.170720100402832 38.728271484375)
6034_706,3241_20250101_147_0_13,147_0,1,38.724369049072266,-9.14645004272461,21,IN_TRANSIT_TO,2025-03-12 17:42:20,1217,6034,BF-61-AX,POINT (-9.14645004272461 38.724369049072266)
6007_706,3266_20250101_147_0_12,147_0,0,38.73078155517578,-9.12777042388916,23,IN_TRANSIT_TO,2025-03-12 17:42:27,502,6007,80-ZC-62,POINT (-9.12777042388916 38.73078155517578)
4601_750,6393_20250101_106_0_8,106_0,1,38.75749969482422,-9.175200462341309,22,IN_TRANSIT_TO,2025-03-12 17:42:40,12806,4601,96-GL-79,POINT (-9.175200462341309 38.75749969482422)
6035_732,5088_20250101_107_0_7,107_0,1,38.71194839477539,-9.2147798538208,2,IN_TRANSIT_TO,2025-03-12 17:42:17,10403,6035,BG-76-LX,POINT (-9.2147798538208 38.71194839477539)
2294_729,4817_20250101_104_0_11,104_0,1,38.72787094116211,-9.196649551391602,21,IN_TRANSIT_TO,2025-03-12 17:42:30,8713,2294,92-52-ZM,POINT (-9.196649551391602 38.72787094116211)
2765_714,3627_20250101_102_0_14,102_0,1,38.71207809448242,-9.214799880981445,12,IN_TRANSIT_TO,2025-03-12 17:42:18,10403,2765,AH-37-ND,POINT (-9.214799880981445 38.71207809448242)
2783_764,7142_20250101_168_0_16,168_0,0,38.75360107421875,-9.17455005645752,9,IN_TRANSIT_TO,2025-03-12 17:42:35,13617,2783,AI-10-BT,POINT (-9.17455005645752 38.75360107421875)
2978_702,3053_20250101_146_0_32,146_0,1,38.72507095336914,-9.156780242919922,11,IN_TRANSIT_TO,2025-03-12 17:42:15,6128,2978,29-VM-92,POINT (-9.156780242919922 38.72507095336914)
4633_783,7835_20250101_203_0_13,203_0,0,38.7565803527832,-9.14603042602539,14,IN_TRANSIT_TO,2025-03-12 17:42:33,5708,4633,90-JI-94,POINT (-9.14603042602539 38.7565803527832)
2259_758,6889_20250101_150_0_14,150_0,1,38.73844909667969,-9.168600082397461,15,IN_TRANSIT_TO,2025-03-12 17:42:33,2712,2259,67-44-ZJ,POINT (-9.168600082397461 38.73844909667969)
2270_758,6815_20250101_150_0_14,150_0,1,38.75056838989258,-9.197919845581055,5,IN_TRANSIT_TO,2025-03-12 17:42:22,10905,2270,76-82-ZG,POINT (-9.197919845581055 38.75056838989258)
2430_767,20160_20250101_112_1_9,112_1,1,38.760501861572266,-9.169230461120605,24,IN_TRANSIT_TO,2025-03-12 17:42:24,50012,2430,29-AX-12,POINT (-9.169230461120605 38.760501861572266)
2442_703,3100_20250101_165_0_13,165_0,1,38.74848175048828,-9.191180229187012,7,IN_TRANSIT_TO,2025-03-12 17:42:13,10835,2442,29-AX-06,POINT (-9.191180229187012 38.74848175048828)
2495_735,5263_20250101_172_1_12,172_1,1,38.731201171875,-9.127880096435547,4,IN_TRANSIT_TO,2025-03-12 17:42:31,7004,2495,88-BL-69,POINT (-9.127880096435547 38.731201171875)
2842_751,6437_20250101_109_0_17,109_0,1,38.699649810791016,-9.213669776916504,15,IN_TRANSIT_TO,2025-03-12 17:42:36,9713,2842,BF-56-FZ,POINT (-9.213669776916504 38.699649810791016)
4833_736,5379_20250101_199_0_11,199_0,0,38.743080139160156,-9.14680004119873,9,IN_TRANSIT_TO,2025-03-12 17:42:27,1901,4833,20-VQ-65,POINT (-9.14680004119873 38.743080139160156)
6009_706,3218_20250101_147_0_6,147_0,0,38.706329345703125,-9.145350456237793,2,IN_TRANSIT_TO,2025-03-12 17:42:18,3802,6009,81-ZC-18,POINT (-9.145350456237793 38.706329345703125)
2272_726,4273_20250101_116_0_11,116_0,0,38.74557113647461,-9.169400215148926,20,IN_TRANSIT_TO,2025-03-12 17:42:41,12707,2272,76-80-ZG,POINT (-9.169400215148926 38.74557113647461)
2345_763,46422_20250101_282_0_17,282_0,0,38.761619567871094,-9.196649551391602,18,IN_TRANSIT_TO,2025-03-12 17:42:16,13911,2345,53-59-ZJ,POINT (-9.196649551391602 38.761619567871094)
2614_759,6949_20250101_144_0_11,144_0,0,38.7576789855957,-9.112330436706543,28,IN_TRANSIT_TO,2025-03-12 17:42:21,8416,2614,66-VI-24,POINT (-9.112330436706543 38.7576789855957)
275_28E,44753_20250101_75_8_28,75_8,0,38.71398162841797,-9.161399841308594,5,IN_TRANSIT_TO,2025-03-12 17:42:31,8109,275,AH-16-TB,POINT (-9.161399841308594 38.71398162841797)
2607_722,4119_20250101_196_0_13,196_0,1,38.769100189208984,-9.128020286560059,16,IN_TRANSIT_TO,2025-03-12 17:42:18,7602,2607,AA-95-TQ,POINT (-9.128020286560059 38.769100189208984)
6023_760,7110_20250101_171_0_4,171_0,1,38.715599060058594,-9.207369804382324,5,IN_TRANSIT_TO,2025-03-12 17:42:31,12921,6023,BF-03-BD,POINT (-9.207369804382324 38.715599060058594)
4815_728,4621_20250101_204_0_10,204_0,0,38.78379821777344,-9.112030029296875,51,IN_TRANSIT_TO,2025-03-12 17:42:25,12627,4815,34-VR-24,POINT (-9.112030029296875 38.78379821777344)
4821_736,5408_20250101_199_0_13,199_0,0,38.72018051147461,-9.145469665527344,3,IN_TRANSIT_TO,2025-03-12 17:42:37,1103,4821,20-VQ-68,POINT (-9.145469665527344 38.72018051147461)
2821_753,6541_20250101_167_0_23,167_0,0,38.726600646972656,-9.147299766540527,2,IN_TRANSIT_TO,2025-03-12 17:42:37,6602,2821,BF-71-FZ,POINT (-9.147299766540527 38.726600646972656)
4809_728,4714_20250101_204_0_10,204_0,0,38.69736862182617,-9.20365047454834,10,IN_TRANSIT_TO,2025-03-12 17:42:23,9603,4809,20-VQ-67,POINT (-9.20365047454834 38.69736862182617)
2824_753,6569_20250101_167_0_12,167_0,1,38.72489929199219,-9.15507984161377,4,IN_TRANSIT_TO,2025-03-12 17:42:34,8502,2824,BF-67-FZ,POINT (-9.15507984161377 38.72489929199219)
2697_723,4183_20250101_121_0_15,121_0,0,38.724151611328125,-9.161370277404785,9,IN_TRANSIT_TO,2025-03-12 17:42:41,8501,2697,90-XF-59,POINT (-9.161370277404785 38.724151611328125)
2601_705,3186_20250101_176_0_16,176_0,1,38.743080139160156,-9.132869720458984,2,IN_TRANSIT_TO,2025-03-12 17:42:36,317,2601,04-VA-70,POINT (-9.132869720458984 38.743080139160156)
2264_763,49570_20250101_282_0_20,282_0,1,38.77384948730469,-9.161250114440918,18,IN_TRANSIT_TO,2025-03-12 17:42:34,5905,2264,76-90-ZG,POINT (-9.161250114440918 38.77384948730469)
6036_760,7095_20250101_171_0_6,171_0,1,38.715431213378906,-9.136070251464844,34,IN_TRANSIT_TO,2025-03-12 17:42:40,905,6036,BG-90-LX,POINT (-9.136070251464844 38.715431213378906)
6026_732,5071_20250101_107_0_2,107_0,1,38.72890090942383,-9.144220352172852,35,IN_TRANSIT_TO,2025-03-12 17:42:18,6601,6026,BF-39-BB,POINT (-9.144220352172852 38.72890090942383)
2739_742,5761_20250101_114_0_3,114_0,0,38.734169006347656,-9.136119842529297,18,IN_TRANSIT_TO,2025-03-12 17:42:25,518,2739,AG-31-EI,POINT (-9.136119842529297 38.734169006347656)
2602_759,6981_20250101_144_0_12,144_0,1,38.756248474121094,-9.11343002319336,19,IN_TRANSIT_TO,2025-03-12 17:42:18,8413,2602,16-VF-81,POINT (-9.11343002319336 38.756248474121094)
2653_723,4149_20250101_121_0_14,121_0,1,38.72502899169922,-9.153779983520508,27,IN_TRANSIT_TO,2025-03-12 17:42:02,1224,2653,05-VZ-52,POINT (-9.153779983520508 38.72502899169922)
4806_728,4581_20250101_204_0_11,204_0,1,38.70637130737305,-9.142900466918945,34,IN_TRANSIT_TO,2025-03-12 17:42:16,3820,4806,20-VQ-74,POINT (-9.142900466918945 38.70637130737305)
2988_702,3075_20250101_146_0_16,146_0,1,38.73305130004883,-9.16903018951416,4,IN_TRANSIT_TO,2025-03-12 17:42:23,2706,2988,29-VM-94,POINT (-9.16903018951416 38.73305130004883)
4826_736,5319_20250101_199_0_13,199_0,0,38.789981842041016,-9.16808032989502,25,IN_TRANSIT_TO,2025-03-12 17:42:21,7207,4826,53-VR-05,POINT (-9.16808032989502 38.789981842041016)
2637_744,5805_20250101_200_0_11,200_0,0,38.75736999511719,-9.1381196975708,14,IN_TRANSIT_TO,2025-03-12 17:42:21,11315,2637,87-VS-51,POINT (-9.1381196975708 38.75736999511719)
4830_736,5331_20250101_199_0_11,199_0,0,38.76395034790039,-9.156949996948242,16,IN_TRANSIT_TO,2025-03-12 17:42:23,5807,4830,20-VQ-63,POINT (-9.156949996948242 38.76395034790039)
2638_718,3975_20250101_105_0_16,105_0,0,38.747100830078125,-9.104949951171875,10,IN_TRANSIT_TO,2025-03-12 17:42:40,2207,2638,87-VS-48,POINT (-9.104949951171875 38.747100830078125)
6037_732,5096_20250101_107_0_7,107_0,0,38.70011901855469,-9.191929817199707,31,IN_TRANSIT_TO,2025-03-12 17:42:30,9510,6037,BG-37-LT,POINT (-9.191929817199707 38.70011901855469)
2617_744,35849_20250101_200_0_2,200_0,0,38.76771926879883,-9.10591983795166,24,IN_TRANSIT_TO,2025-03-12 17:42:34,7711,2617,66-VI-28,POINT (-9.10591983795166 38.76771926879883)
2633_705,3190_20250101_176_0_12,176_0,0,38.76887130737305,-9.128049850463867,18,IN_TRANSIT_TO,2025-03-12 17:42:15,7602,2633,52-VP-79,POINT (-9.128049850463867 38.76887130737305)
6005_706,3260_20250101_147_0_13,147_0,1,38.7322998046875,-9.128870010375977,11,IN_TRANSIT_TO,2025-03-12 17:42:21,7011,6005,81-ZC-91,POINT (-9.128870010375977 38.7322998046875)
2648_727,4558_20250101_103_0_2,103_0,1,38.702598571777344,-9.20242977142334,9,IN_TRANSIT_TO,2025-03-12 17:42:24,13113,2648,75-VS-46,POINT (-9.20242977142334 38.702598571777344)
2619_759,6943_20250101_144_0_11,144_0,0,38.770721435546875,-9.10966968536377,41,IN_TRANSIT_TO,2025-03-12 17:42:41,7802,2619,66-VI-37,POINT (-9.10966968536377 38.770721435546875)
2698_709,3384_20250101_148_0_26,148_0,0,38.713951110839844,-9.161049842834473,9,IN_TRANSIT_TO,2025-03-12 17:42:16,8104,2698,92-XQ-20,POINT (-9.161049842834473 38.713951110839844)
6039_760,7105_20250101_171_0_10,171_0,1,38.70412826538086,-9.195730209350586,17,IN_TRANSIT_TO,2025-03-12 17:42:27,13305,6039,BG-96-LU,POINT (-9.195730209350586 38.70412826538086)
2716_723,4168_20250101_121_0_13,121_0,1,38.723121643066406,-9.195599555969238,20,IN_TRANSIT_TO,2025-03-12 17:42:42,21302,2716,92-XQ-27,POINT (-9.195599555969238 38.723121643066406)
2991_797,8172_20250101_163_0_31,163_0,0,38.7329216003418,-9.131549835205078,3,IN_TRANSIT_TO,2025-03-12 17:42:19,504,2991,29-VM-89,POINT (-9.131549835205078 38.7329216003418)
4820_751,21406_20250101_109_4_13,109_4,1,38.706748962402344,-9.17471981048584,8,IN_TRANSIT_TO,2025-03-12 17:42:33,12105,4820,20-VQ-62,POINT (-9.17471981048584 38.706748962402344)
6041_760,7081_20250101_171_0_13,171_0,0,38.70640182495117,-9.149049758911133,13,IN_TRANSIT_TO,2025-03-12 17:42:37,7102,6041,BG-20-LV,POINT (-9.149049758911133 38.70640182495117)
2639_722,4129_20250101_196_0_11,196_0,1,38.72016906738281,-9.145730018615723,33,IN_TRANSIT_TO,2025-03-12 17:42:30,1102,2639,75-VS-47,POINT (-9.145730018615723 38.72016906738281)
2989_730,4949_20250101_198_0_16,198_0,0,38.72494888305664,-9.129679679870605,14,IN_TRANSIT_TO,2025-03-12 17:42:38,9101,2989,29-VM-85,POINT (-9.129679679870605 38.72494888305664)
2642_759,6961_20250101_144_0_11,144_0,0,38.72050094604492,-9.116900444030762,10,IN_TRANSIT_TO,2025-03-12 17:42:14,9813,2642,75-VS-51,POINT (-9.116900444030762 38.72050094604492)
573_18E,12186_20250101_78_0_21,78_0,0,38.70186996459961,-9.179570198059082,8,IN_TRANSIT_TO,2025-03-12 17:42:28,12116,573,,POINT (-9.179570198059082 38.70186996459961)
2724_713,3605_20250101_122_0_11,122_0,0,38.70317840576172,-9.172820091247559,27,IN_TRANSIT_TO,2025-03-12 17:42:20,10210,2724,92-XQ-40,POINT (-9.172820091247559 38.70317840576172)
273_61B,21530_20250101_241_0_22,241_0,1,38.73141860961914,-9.162579536437988,9,IN_TRANSIT_TO,2025-03-12 17:42:29,6124,273,AH-15-TB,POINT (-9.162579536437988 38.73141860961914)
2737_756,6730_20250101_175_0_17,175_0,0,38.741451263427734,-9.14601993560791,10,IN_TRANSIT_TO,2025-03-12 17:42:40,1904,2737,AG-45-EI,POINT (-9.14601993560791 38.741451263427734)
2609_782,7776_20250101_152_0_10,152_0,0,38.76570129394531,-9.103930473327637,16,IN_TRANSIT_TO,2025-03-12 17:42:19,2313,2609,66-VI-36,POINT (-9.103930473327637 38.76570129394531)
2721_754,6584_20250101_201_0_12,201_0,1,38.74803161621094,-9.15032958984375,31,IN_TRANSIT_TO,2025-03-12 17:42:12,2010,2721,92-XQ-37,POINT (-9.15032958984375 38.74803161621094)
2326_712,3566_20250101_189_0_15,189_0,1,38.71862030029297,-9.171420097351074,6,IN_TRANSIT_TO,2025-03-12 17:42:18,9302,2326,67-49-ZJ,POINT (-9.171420097351074 38.71862030029297)
2632_759,6928_20250101_144_0_9,144_0,0,38.77022171020508,-9.109519958496094,41,IN_TRANSIT_TO,2025-03-12 17:42:22,7802,2632,52-VP-88,POINT (-9.109519958496094 38.77022171020508)
2981_45B,45280_20250101_277_0_14,277_0,0,38.76087951660156,-9.162300109863281,12,IN_TRANSIT_TO,2025-03-12 17:42:39,5808,2981,29-VM-86,POINT (-9.162300109863281 38.76087951660156)
2618_781,7765_20250101_151_0_3,151_0,0,38.70830154418945,-9.133399963378906,4,IN_TRANSIT_TO,2025-03-12 17:41:52,4505,2618,66-VI-42,POINT (-9.133399963378906 38.70830154418945)
548_25E,14268_20250101_79_0_24,79_0,0,38.70623016357422,-9.143500328063965,1,IN_TRANSIT_TO,2025-03-12 17:42:26,3821,548,,POINT (-9.143500328063965 38.70623016357422)
2643_749,6205_20250101_195_0_23,195_0,1,38.74882125854492,-9.134420394897461,5,IN_TRANSIT_TO,2025-03-12 17:42:38,11204,2643,75-VS-44,POINT (-9.134420394897461 38.74882125854492)
2646_759,6896_20250101_144_0_10,144_0,1,38.77513122558594,-9.100850105285645,4,IN_TRANSIT_TO,2025-03-12 17:42:26,7823,2646,75-VS-48,POINT (-9.100850105285645 38.77513122558594)
2733_756,6760_20250101_175_0_3,175_0,1,38.71577835083008,-9.175580024719238,6,IN_TRANSIT_TO,2025-03-12 17:42:18,11903,2733,AG-41-EI,POINT (-9.175580024719238 38.71577835083008)
2468_747,6101_20250101_177_0_19,177_0,0,38.7606315612793,-9.157150268554688,2,IN_TRANSIT_TO,2025-03-12 17:42:40,5807,2468,16-AZ-10,POINT (-9.157150268554688 38.7606315612793)
2664_711,3512_20250101_101_0_11,101_0,0,38.713130950927734,-9.136380195617676,3,IN_TRANSIT_TO,2025-03-12 17:42:23,5519,2664,05-VZ-68,POINT (-9.136380195617676 38.713130950927734)
2308_742,5776_20250101_114_0_11,114_0,1,38.72452926635742,-9.116800308227539,49,IN_TRANSIT_TO,2025-03-12 17:42:16,9803,2308,83-17-ZM,POINT (-9.116800308227539 38.72452926635742)
2640_705,3195_20250101_176_0_15,176_0,1,38.76213073730469,-9.123900413513184,25,IN_TRANSIT_TO,2025-03-12 17:42:30,7825,2640,75-VS-43,POINT (-9.123900413513184 38.76213073730469)
2654_754,6624_20250101_201_0_2,201_0,1,38.74348068237305,-9.145270347595215,34,IN_TRANSIT_TO,2025-03-12 17:42:20,1901,2654,05-VZ-69,POINT (-9.145270347595215 38.74348068237305)
2612_759,6978_20250101_144_0_9,144_0,1,38.73434829711914,-9.112870216369629,29,IN_TRANSIT_TO,2025-03-12 17:42:40,17580,2612,66-VI-29,POINT (-9.112870216369629 38.73434829711914)
2736_756,6713_20250101_175_0_18,175_0,0,38.73981857299805,-9.151519775390625,12,IN_TRANSIT_TO,2025-03-12 17:42:31,33102,2736,AG-47-EI,POINT (-9.151519775390625 38.73981857299805)
542_18E,12182_20250101_78_0_21,78_0,0,38.70161819458008,-9.180879592895508,8,IN_TRANSIT_TO,2025-03-12 17:42:27,12116,542,,POINT (-9.180879592895508 38.70161819458008)
574_28E,14908_20250101_75_0_13,75_0,1,38.70977020263672,-9.136580467224121,6,IN_TRANSIT_TO,2025-03-12 17:42:32,50149,574,,POINT (-9.136580467224121 38.70977020263672)
2713_738,5558_20250101_117_0_3,117_0,1,38.70452117919922,-9.184849739074707,2,IN_TRANSIT_TO,2025-03-12 17:42:25,12003,2713,92-XQ-34,POINT (-9.184849739074707 38.70452117919922)
2635_781,7755_20250101_151_0_11,151_0,0,38.78078079223633,-9.119420051574707,25,IN_TRANSIT_TO,2025-03-12 17:42:27,12603,2635,52-VP-90,POINT (-9.119420051574707 38.78078079223633)
2799_15E,11491_20250101_76_8_26,76_8,1,38.708900451660156,-9.136099815368652,8,IN_TRANSIT_TO,2025-03-12 17:41:50,5512,2799,AJ-52-LI,POINT (-9.136099815368652 38.708900451660156)
2258_758,6877_20250101_150_0_12,150_0,1,38.70751953125,-9.143420219421387,33,IN_TRANSIT_TO,2025-03-12 17:42:12,3826,2258,53-58-ZJ,POINT (-9.143420219421387 38.70751953125)
544_25E,14260_20250101_79_0_22,79_0,0,38.71255111694336,-9.160300254821777,10,IN_TRANSIT_TO,2025-03-12 17:42:28,10012,544,,POINT (-9.160300254821777 38.71255111694336)
2996_737,5475_20250101_173_0_38,173_0,1,38.71221923828125,-9.132450103759766,0,IN_TRANSIT_TO,2025-03-12 17:42:20,,2996,30-VM-03,POINT (-9.132450103759766 38.71221923828125)
2769_727,4454_20250101_103_0_8,103_0,0,38.698219299316406,-9.189350128173828,33,IN_TRANSIT_TO,2025-03-12 17:42:29,9506,2769,AH-19-ND,POINT (-9.189350128173828 38.698219299316406)
402_67B,28217_20250101_253_0_14,253_0,0,38.71332931518555,-9.162070274353027,2,IN_TRANSIT_TO,2025-03-12 17:42:21,8102,402,BF-81-TP,POINT (-9.162070274353027 38.71332931518555)
2636_705,3180_20250101_176_0_16,176_0,1,38.78126907348633,-9.124879837036133,14,IN_TRANSIT_TO,2025-03-12 17:42:30,7609,2636,87-VS-50,POINT (-9.124879837036133 38.78126907348633)
2686_723,4182_20250101_121_0_12,121_0,0,38.72618103027344,-9.147480010986328,5,IN_TRANSIT_TO,2025-03-12 17:42:34,6605,2686,99-XE-58,POINT (-9.147480010986328 38.72618103027344)
2652_714,3706_20250101_102_0_2,102_0,1,38.705230712890625,-9.176630020141602,27,IN_TRANSIT_TO,2025-03-12 17:42:17,12111,2652,05-VZ-61,POINT (-9.176630020141602 38.705230712890625)
2829_753,18385_20250101_167_0_9,167_0,0,38.724918365478516,-9.15684986114502,5,IN_TRANSIT_TO,2025-03-12 17:42:23,1223,2829,BF-58-FZ,POINT (-9.15684986114502 38.724918365478516)
2975_737,5502_20250101_173_0_36,173_0,1,38.71187973022461,-9.135950088500977,6,IN_TRANSIT_TO,2025-03-12 17:42:17,913,2975,30-VM-11,POINT (-9.135950088500977 38.71187973022461)
2985_52B,21661_20250101_244_0_16,244_0,0,38.7380485534668,-9.163969993591309,20,IN_TRANSIT_TO,2025-03-12 17:42:13,50582,2985,30-VM-14,POINT (-9.163969993591309 38.7380485534668)
2986_774,7437_20250101_192_0_22,192_0,1,38.72140121459961,-9.151769638061523,6,IN_TRANSIT_TO,2025-03-12 17:42:34,6820,2986,30-VM-12,POINT (-9.151769638061523 38.72140121459961)
2701_713,3606_20250101_122_0_3,122_0,0,38.70642852783203,-9.158550262451172,24,IN_TRANSIT_TO,2025-03-12 17:42:36,3910,2701,92-XQ-35,POINT (-9.158550262451172 38.70642852783203)
2982_774,7457_20250101_192_0_25,192_0,0,38.72264862060547,-9.14972972869873,10,IN_TRANSIT_TO,2025-03-12 17:42:40,1216,2982,30-VM-23,POINT (-9.14972972869873 38.72264862060547)
2990_34B,19141_20250101_226_0_12,226_0,0,38.73563003540039,-9.115180015563965,21,IN_TRANSIT_TO,2025-03-12 17:42:26,50411,2990,30-VM-06,POINT (-9.115180015563965 38.73563003540039)
2976_702,3047_20250101_146_0_12,146_0,0,38.72747039794922,-9.15902042388916,3,IN_TRANSIT_TO,2025-03-12 17:42:35,6103,2976,30-VM-00,POINT (-9.15902042388916 38.72747039794922)
2616_781,7748_20250101_151_0_14,151_0,0,38.78404998779297,-9.124629974365234,27,IN_TRANSIT_TO,2025-03-12 17:42:09,16303,2616,66-VI-44,POINT (-9.124629974365234 38.78404998779297)
552_25E,14255_20250101_79_0_24,79_0,0,38.71318054199219,-9.159520149230957,10,IN_TRANSIT_TO,2025-03-12 17:42:39,10012,552,,POINT (-9.159520149230957 38.71318054199219)
2634_759,6956_20250101_144_0_3,144_0,0,38.744449615478516,-9.113470077514648,23,IN_TRANSIT_TO,2025-03-12 17:42:38,3703,2634,52-VP-85,POINT (-9.113470077514648 38.744449615478516)
2605_781,7747_20250101_151_0_15,151_0,1,38.78028106689453,-9.118120193481445,4,IN_TRANSIT_TO,2025-03-12 17:42:18,16304,2605,66-VI-35,POINT (-9.118120193481445 38.78028106689453)
2980_45B,49562_20250101_277_0_16,277_0,1,38.77412033081055,-9.156620025634766,24,IN_TRANSIT_TO,2025-03-12 17:42:23,5913,2980,29-VM-90,POINT (-9.156620025634766 38.77412033081055)
2663_714,3697_20240914_102_0_16,102_0,1,38.72127151489258,-9.221500396728516,4,IN_TRANSIT_TO,2024-10-22 20:26:58,18703,2663,05-VZ-62,POINT (-9.221500396728516 38.72127151489258)
2685_727,4553_20250101_103_0_9,103_0,0,38.701820373535156,-9.179900169372559,30,IN_TRANSIT_TO,2025-03-12 17:42:01,12121,2685,93-XA-46,POINT (-9.179900169372559 38.701820373535156)
579_28E,14986_20250101_75_0_18,75_0,0,38.716148376464844,-9.135720252990723,0,IN_TRANSIT_TO,2025-03-12 17:42:35,,579,,POINT (-9.135720252990723 38.716148376464844)
6043_732,5085_20250101_107_0_11,107_0,1,38.701019287109375,-9.192569732666016,16,IN_TRANSIT_TO,2025-03-12 17:42:17,13403,6043,BG-93-LT,POINT (-9.192569732666016 38.701019287109375)
1714_701,2960_20250101_123_0_14,123_0,0,38.75605010986328,-9.176119804382324,15,IN_TRANSIT_TO,2025-03-12 17:42:36,50143,1714,69-AL-77,POINT (-9.176119804382324 38.75605010986328)
2995_774,7430_20250101_192_0_26,192_0,1,38.720428466796875,-9.1537504196167,6,IN_TRANSIT_TO,2025-03-12 17:42:40,6820,2995,30-VM-15,POINT (-9.1537504196167 38.720428466796875)
543_24E,17832_20250101_213_0_26,213_0,0,38.717979431152344,-9.151869773864746,6,IN_TRANSIT_TO,2025-03-12 17:42:17,10607,543,,POINT (-9.151869773864746 38.717979431152344)
4804_728,4641_20250101_204_0_10,204_0,0,38.78377914428711,-9.109869956970215,51,IN_TRANSIT_TO,2025-03-12 17:42:35,12627,4804,53-VR-07,POINT (-9.109869956970215 38.78377914428711)
2963_71B,45267_20250101_278_0_15,278_0,0,38.744171142578125,-9.200519561767578,8,IN_TRANSIT_TO,2025-03-12 17:42:21,2813,2963,29-VM-88,POINT (-9.200519561767578 38.744171142578125)
2687_723,4176_20250101_121_0_13,121_0,1,38.71371841430664,-9.197319984436035,17,IN_TRANSIT_TO,2025-03-12 17:42:22,12928,2687,93-XA-44,POINT (-9.197319984436035 38.71371841430664)
265_734,5150_20250101_205_0_25,205_0,1,38.71500015258789,-9.136619567871094,15,IN_TRANSIT_TO,2025-03-12 17:42:39,805,265,AG-40-OV,POINT (-9.136619567871094 38.71500015258789)
4813_751,6459_20250101_109_0_14,109_0,0,38.70703125,-9.226099967956543,26,IN_TRANSIT_TO,2025-03-12 17:42:32,18404,4813,68-VQ-50,POINT (-9.226099967956543 38.70703125)
2828_753,6577_20250101_167_0_21,167_0,0,38.722900390625,-9.16843032836914,7,IN_TRANSIT_TO,2025-03-12 17:42:14,8607,2828,BF-60-FZ,POINT (-9.16843032836914 38.722900390625)
2644_781,7738_20250101_151_0_11,151_0,1,38.78392028808594,-9.124770164489746,4,IN_TRANSIT_TO,2025-03-12 17:42:28,16304,2644,87-VS-52,POINT (-9.124770164489746 38.78392028808594)
252_55B,21534_20250101_240_0_23,240_0,0,38.76940155029297,-9.190449714660645,9,IN_TRANSIT_TO,2025-03-12 17:42:37,50512,252,AF-89-NU,POINT (-9.190449714660645 38.76940155029297)
578_28E,15012_20250101_75_0_19,75_0,1,38.72127914428711,-9.129980087280273,17,IN_TRANSIT_TO,2025-03-12 17:42:38,9128,578,,POINT (-9.129980087280273 38.72127914428711)
2662_711,3484_20250101_101_0_11,101_0,0,38.75252151489258,-9.21012020111084,25,IN_TRANSIT_TO,2025-03-12 17:42:40,11006,2662,05-VZ-51,POINT (-9.21012020111084 38.75252151489258)
507_15E,11288_20250101_76_0_13,76_0,0,38.699668884277344,-9.226099967956543,18,IN_TRANSIT_TO,2025-03-12 17:41:49,4208,507,,POINT (-9.226099967956543 38.699668884277344)
4808_751,6498_20250101_109_0_18,109_0,0,38.700931549072266,-9.216329574584961,20,IN_TRANSIT_TO,2025-03-12 17:42:21,9712,4808,20-VQ-73,POINT (-9.216329574584961 38.700931549072266)
572_28E,14960_20250101_75_0_18,75_0,0,38.716121673583984,-9.13344955444336,1,IN_TRANSIT_TO,2025-03-12 17:42:37,819,572,,POINT (-9.13344955444336 38.716121673583984)
2641_705,3199_20250101_176_0_12,176_0,0,38.76850128173828,-9.098299980163574,2,IN_TRANSIT_TO,2025-03-12 17:42:18,7805,2641,75-VS-49,POINT (-9.098299980163574 38.76850128173828)
555_25E,14252_20250101_79_0_23,79_0,1,38.7065315246582,-9.157520294189453,13,IN_TRANSIT_TO,2025-03-12 17:42:19,3915,555,,POINT (-9.157520294189453 38.7065315246582)
2974_72B,45275_20250101_279_0_15,279_0,0,38.745601654052734,-9.205679893493652,12,IN_TRANSIT_TO,2025-03-12 17:42:18,2907,2974,30-VM-22,POINT (-9.205679893493652 38.745601654052734)
266_64B,21489_20250101_238_0_22,238_0,0,38.71894836425781,-9.172499656677246,14,IN_TRANSIT_TO,2025-03-12 17:42:20,50488,266,AH-55-CZ,POINT (-9.172499656677246 38.71894836425781)
2987_730,4969_20250101_198_0_16,198_0,1,38.72650146484375,-9.136449813842773,8,IN_TRANSIT_TO,2025-03-12 17:42:29,606,2987,29-VM-99,POINT (-9.136449813842773 38.72650146484375)
6006_767,7315_20250101_112_1_9,112_1,0,38.75246810913086,-9.189000129699707,12,IN_TRANSIT_TO,2025-03-12 17:42:37,10808,6006,82-ZC-09,POINT (-9.189000129699707 38.75246810913086)
2660_727,4518_20250101_103_0_2,103_0,1,38.742950439453125,-9.146750450134277,42,IN_TRANSIT_TO,2025-03-12 17:42:33,1903,2660,05-VZ-60,POINT (-9.146750450134277 38.742950439453125)
2655_720,4066_20250101_143_0_14,143_0,1,38.7036018371582,-9.182129859924316,3,IN_TRANSIT_TO,2025-03-12 17:42:15,12005,2655,05-VZ-67,POINT (-9.182129859924316 38.7036018371582)
4807_728,4609_20250101_204_0_11,204_0,1,38.77547836303711,-9.102100372314453,5,IN_TRANSIT_TO,2025-03-12 17:42:28,7906,4807,20-VQ-69,POINT (-9.102100372314453 38.77547836303711)
2650_755,6709_20250101_118_0_14,118_0,0,38.754451751708984,-9.124979972839355,23,IN_TRANSIT_TO,2025-03-12 17:42:30,14720,2650,75-VS-50,POINT (-9.124979972839355 38.754451751708984)
2782_754,6615_20250101_201_0_13,201_0,0,38.74502182006836,-9.189929962158203,17,IN_TRANSIT_TO,2025-03-12 17:42:23,10822,2782,AI-99-BS,POINT (-9.189929962158203 38.74502182006836)
4644_750,6290_20250101_106_0_11,106_0,0,38.75511932373047,-9.184479713439941,20,IN_TRANSIT_TO,2025-03-12 17:42:24,13604,4644,27-JO-11,POINT (-9.184479713439941 38.75511932373047)
277_76B,18630_20250101_219_0_23,219_0,0,38.70372009277344,-9.194950103759766,2,IN_TRANSIT_TO,2025-03-12 17:42:26,13410,277,AH-13-TB,POINT (-9.194950103759766 38.70372009277344)
4805_728,4589_20250101_204_0_11,204_0,1,38.71683120727539,-9.119119644165039,27,IN_TRANSIT_TO,2025-03-12 17:42:20,9812,4805,20-VQ-66,POINT (-9.119119644165039 38.71683120727539)
2740_756,6748_20250101_175_0_19,175_0,1,38.742279052734375,-9.134369850158691,17,IN_TRANSIT_TO,2025-03-12 17:42:39,302,2740,AG-43-EI,POINT (-9.134369850158691 38.742279052734375)
2984_702,3030_20250101_146_0_27,146_0,0,38.728118896484375,-9.170249938964844,8,IN_TRANSIT_TO,2025-03-12 17:42:37,6132,2984,30-VM-04,POINT (-9.170249938964844 38.728118896484375)
2630_759,6970_20250101_144_0_11,144_0,0,38.708370208740234,-9.136369705200195,4,IN_TRANSIT_TO,2025-03-12 17:42:22,5501,2630,52-VP-89,POINT (-9.136369705200195 38.708370208740234)
2744_735,5258_20250101_172_0_10,172_0,1,38.729820251464844,-9.12814998626709,20,IN_TRANSIT_TO,2025-03-12 17:42:20,9110,2744,AG-13-TH,POINT (-9.12814998626709 38.729820251464844)
4803_728,4661_20250101_204_0_8,204_0,0,38.767520904541016,-9.102879524230957,43,IN_TRANSIT_TO,2025-03-12 17:42:17,7825,4803,77-VP-16,POINT (-9.102879524230957 38.767520904541016)
2651_759,6921_20250101_144_0_12,144_0,1,38.768470764160156,-9.098130226135254,2,IN_TRANSIT_TO,2025-03-12 17:42:34,7805,2651,05-VZ-54,POINT (-9.098130226135254 38.768470764160156)
2720_727,4544_20250101_103_0_7,103_0,1,38.717430114746094,-9.15524959564209,33,IN_TRANSIT_TO,2025-03-12 17:42:17,6817,2720,92-XQ-28,POINT (-9.15524959564209 38.717430114746094)
272_28E,48629_20250101_75_8_26,75_8,0,38.7122688293457,-9.155150413513184,13,IN_TRANSIT_TO,2025-03-12 17:42:37,6721,272,AH-26-IN,POINT (-9.155150413513184 38.7122688293457)
262_734,5144_20250101_205_0_25,205_0,1,38.71495056152344,-9.136520385742188,15,IN_TRANSIT_TO,2025-03-12 17:42:36,805,262,AF-49-ZD,POINT (-9.136520385742188 38.71495056152344)
2627_744,5849_20250101_200_0_11,200_0,1,38.76887130737305,-9.115850448608398,10,IN_TRANSIT_TO,2025-03-12 17:42:22,7708,2627,52-VP-83,POINT (-9.115850448608398 38.76887130737305)
4635_783,7846_20250101_203_0_13,203_0,0,38.72262954711914,-9.161419868469238,0,IN_TRANSIT_TO,2025-03-12 17:42:24,,4635,90-JI-95,POINT (-9.161419868469238 38.72262954711914)
274_734,5152_20250101_205_0_15,205_0,0,38.7159309387207,-9.1358003616333,0,IN_TRANSIT_TO,2025-03-12 17:42:26,,274,AH-14-TB,POINT (-9.1358003616333 38.7159309387207)
2742_720,4044_20250101_143_0_14,143_0,1,38.71784973144531,-9.157150268554688,13,IN_TRANSIT_TO,2025-03-12 17:42:14,6801,2742,AG-94-TG,POINT (-9.157150268554688 38.71784973144531)
2725_711,3497_20250101_101_0_3,101_0,0,38.7327995300293,-9.19398021697998,14,IN_TRANSIT_TO,2025-03-12 17:42:19,8715,2725,92-XQ-30,POINT (-9.19398021697998 38.7327995300293)
2715_711,3522_20250101_101_0_3,101_0,1,38.72425079345703,-9.193429946899414,20,IN_TRANSIT_TO,2025-03-12 17:42:22,8702,2715,92-XQ-22,POINT (-9.193429946899414 38.72425079345703)
2608_744,5838_20250101_200_0_12,200_0,1,38.748600006103516,-9.146220207214355,21,IN_TRANSIT_TO,2025-03-12 17:42:14,11209,2608,66-VI-39,POINT (-9.146220207214355 38.748600006103516)
2966_737,5489_20250101_173_0_41,173_0,0,38.71030044555664,-9.135820388793945,1,IN_TRANSIT_TO,2025-03-12 17:42:17,912,2966,30-VM-20,POINT (-9.135820388793945 38.71030044555664)
2719_751,6454_20250101_109_0_19,109_0,0,38.70732116699219,-9.225919723510742,27,IN_TRANSIT_TO,2025-03-12 17:41:48,18402,2719,92-XQ-17,POINT (-9.225919723510742 38.70732116699219)
2631_718,3978_20250101_105_0_16,105_0,0,38.74726867675781,-9.105019569396973,9,IN_TRANSIT_TO,2025-03-12 17:42:29,2205,2631,52-VP-80,POINT (-9.105019569396973 38.74726867675781)
258_28E,48628_20250101_75_8_28,75_8,1,38.7110481262207,-9.149499893188477,4,IN_TRANSIT_TO,2025-03-12 17:37:52,9906,258,AF-56-RM,POINT (-9.149499893188477 38.7110481262207)
2722_713,20157_20250101_122_0_12,122_0,1,38.73517990112305,-9.142450332641602,34,IN_TRANSIT_TO,2025-03-12 17:42:32,11101,2722,92-XQ-36,POINT (-9.142450332641602 38.73517990112305)
4632_783,7817_20250101_203_0_13,203_0,0,38.78310012817383,-9.123430252075195,27,IN_TRANSIT_TO,2025-03-12 17:42:12,12601,4632,98-JO-43,POINT (-9.123430252075195 38.78310012817383)
279_65B,35087_20250101_250_0_19,250_0,0,38.71931838989258,-9.16431999206543,5,IN_TRANSIT_TO,2025-03-12 17:42:22,50483,279,AI-38-FG,POINT (-9.16431999206543 38.71931838989258)
2972_34B,19151_20250101_226_0_12,226_0,0,38.74763107299805,-9.115799903869629,4,IN_TRANSIT_TO,2025-03-12 17:42:35,50546,2972,29-VM-96,POINT (-9.115799903869629 38.74763107299805)
2625_744,5833_20250101_200_0_2,200_0,1,38.721981048583984,-9.147170066833496,31,IN_TRANSIT_TO,2025-03-12 17:42:14,1212,2625,72-VP-79,POINT (-9.147170066833496 38.721981048583984)
6045_760,7044_20250101_171_0_7,171_0,0,38.713619232177734,-9.198780059814453,31,IN_TRANSIT_TO,2025-03-12 17:42:40,10315,6045,BH-32-IQ,POINT (-9.198780059814453 38.713619232177734)
2247_768,7350_20250101_111_0_4,111_0,1,38.76969909667969,-9.194820404052734,2,IN_TRANSIT_TO,2025-03-12 17:42:14,50645,2247,22-34-ZB,POINT (-9.194820404052734 38.76969909667969)
2419_747,6114_20250101_177_0_12,177_0,1,38.766700744628906,-9.178950309753418,11,IN_TRANSIT_TO,2025-03-12 17:42:40,12830,2419,92-AO-55,POINT (-9.178950309753418 38.766700744628906)
2316_735,5279_20250101_172_0_11,172_0,0,38.722129821777344,-9.128780364990234,16,IN_TRANSIT_TO,2025-03-12 17:42:31,7003,2316,61-87-ZB,POINT (-9.128780364990234 38.722129821777344)
2489_729,4820_20250101_104_0_10,104_0,1,38.715301513671875,-9.201250076293945,18,IN_TRANSIT_TO,2025-03-12 17:42:22,10315,2489,55-BH-05,POINT (-9.201250076293945 38.715301513671875)
253_58B,19291_20250101_227_0_20,227_0,0,38.742828369140625,-9.165900230407715,2,IN_TRANSIT_TO,2025-03-12 17:42:17,1604,253,AF-88-NU,POINT (-9.165900230407715 38.742828369140625)
2402_716,3734_20250101_164_0_13,164_0,0,38.749420166015625,-9.191869735717773,20,IN_TRANSIT_TO,2025-03-12 17:42:36,10814,2402,50-AL-13,POINT (-9.191869735717773 38.749420166015625)
2443_767,7184_20250101_112_0_9,112_0,0,38.74993133544922,-9.194849967956543,31,IN_TRANSIT_TO,2025-03-12 17:42:32,10804,2443,29-AX-05,POINT (-9.194849967956543 38.74993133544922)
2490_794,8073_20250101_115_0_13,115_0,1,38.752479553222656,-9.114350318908691,11,IN_TRANSIT_TO,2025-03-12 17:42:23,50070,2490,55-BH-01,POINT (-9.114350318908691 38.752479553222656)
1701_794,8067_20250101_115_0_13,115_0,1,38.75117111206055,-9.124930381774902,21,IN_TRANSIT_TO,2025-03-12 17:42:39,14725,1701,39-AB-08,POINT (-9.124930381774902 38.75117111206055)
6044_760,7022_20250101_171_0_10,171_0,0,38.713348388671875,-9.210200309753418,36,IN_TRANSIT_TO,2025-03-12 17:42:22,12922,6044,BG-87-LX,POINT (-9.210200309753418 38.713348388671875)
2750_756,6757_20250101_175_0_17,175_0,1,38.722068786621094,-9.175169944763184,6,IN_TRANSIT_TO,2025-03-12 17:42:23,11903,2750,AG-10-TH,POINT (-9.175169944763184 38.722068786621094)
2780_764,7135_20250101_168_0_15,168_0,0,38.75188064575195,-9.189000129699707,15,IN_TRANSIT_TO,2025-03-12 17:42:39,10808,2780,AI-06-BT,POINT (-9.189000129699707 38.75188064575195)
2785_764,7166_20250101_168_0_13,168_0,0,38.746280670166016,-9.212719917297363,27,IN_TRANSIT_TO,2025-03-12 17:42:13,3016,2785,AI-05-BT,POINT (-9.212719917297363 38.746280670166016)
2994_730,4967_20250101_198_0_18,198_0,0,38.72542953491211,-9.136699676513672,19,IN_TRANSIT_TO,2025-03-12 17:42:15,605,2994,29-VM-91,POINT (-9.136699676513672 38.72542953491211)
2246_726,4334_20250101_116_0_10,116_0,1,38.73667907714844,-9.149419784545898,22,IN_TRANSIT_TO,2025-03-12 17:42:39,1408,2246,22-38-ZB,POINT (-9.149419784545898 38.73667907714844)
2709_713,42765_20250101_122_0_2,122_0,1,38.71942901611328,-9.155980110168457,21,IN_TRANSIT_TO,2025-03-12 17:42:39,6801,2709,92-XQ-42,POINT (-9.155980110168457 38.71942901611328)
1708_701,2987_20250101_123_0_18,123_0,0,38.714820861816406,-9.1699800491333,31,IN_TRANSIT_TO,2025-03-12 17:42:38,8013,1708,69-AL-71,POINT (-9.1699800491333 38.714820861816406)
2244_768,7347_20250101_111_0_15,111_0,0,38.76900100708008,-9.195500373840332,22,IN_TRANSIT_TO,2025-03-12 17:41:39,14110,2244,22-44-ZB,POINT (-9.195500373840332 38.76900100708008)
2714_15E,11499_20250101_76_8_23,76_8,0,38.708099365234375,-9.13718032836914,0,IN_TRANSIT_TO,2025-03-12 17:38:41,,2714,92-XQ-38,POINT (-9.13718032836914 38.708099365234375)
2822_753,6573_20250101_167_0_21,167_0,0,38.666221618652344,-9.166170120239258,8,IN_TRANSIT_TO,2025-03-12 17:34:54,14601,2822,BF-54-FZ,POINT (-9.166170120239258 38.666221618652344)
2286_767,7305_20250101_112_0_10,112_0,1,38.751930236816406,-9.189000129699707,16,IN_TRANSIT_TO,2025-03-12 17:42:26,10807,2286,67-42-ZJ,POINT (-9.189000129699707 38.751930236816406)
2760_727,4441_20250101_103_0_9,103_0,0,38.71086883544922,-9.204750061035156,42,IN_TRANSIT_TO,2025-03-12 17:42:18,12916,2760,AH-35-ND,POINT (-9.204750061035156 38.71086883544922)
2299_723,4158_20250101_121_0_14,121_0,1,38.71747970581055,-9.19966983795166,18,IN_TRANSIT_TO,2025-03-12 17:42:14,10315,2299,83-14-ZM,POINT (-9.19966983795166 38.71747970581055)
2293_724,4204_20250101_178_0_20,178_0,1,38.7552490234375,-9.199049949645996,6,IN_TRANSIT_TO,2025-03-12 17:42:20,13705,2293,92-57-ZM,POINT (-9.199049949645996 38.7552490234375)
2478_726,4295_20250101_116_0_11,116_0,0,38.73627853393555,-9.14188003540039,9,IN_TRANSIT_TO,2025-03-12 17:42:11,11102,2478,91-BE-80,POINT (-9.14188003540039 38.73627853393555)
4814_728,4681_20250101_204_0_10,204_0,0,38.71371841430664,-9.122269630432129,23,IN_TRANSIT_TO,2025-03-12 17:42:21,8201,4814,68-VQ-52,POINT (-9.122269630432129 38.71371841430664)
1751_717,3864_20250101_170_0_13,170_0,0,38.74317932128906,-9.132729530334473,3,IN_TRANSIT_TO,2025-03-12 17:42:27,411,1751,34-HU-17,POINT (-9.132729530334473 38.74317932128906)
2812_755,6706_20250101_118_0_9,118_0,0,38.75503158569336,-9.138819694519043,31,IN_TRANSIT_TO,2025-03-12 17:42:38,7408,2812,90-II-61,POINT (-9.138819694519043 38.75503158569336)
2496_708,3333_20250101_100_0_11,100_0,0,38.74319839477539,-9.132630348205566,9,IN_TRANSIT_TO,2025-03-12 17:42:17,411,2496,88-BL-70,POINT (-9.132630348205566 38.74319839477539)
2814_718,3994_20250101_105_0_15,105_0,1,38.7530517578125,-9.10552978515625,25,IN_TRANSIT_TO,2025-03-12 17:42:31,24372,2814,90-II-54,POINT (-9.10552978515625 38.7530517578125)
4621_755,6711_20250101_118_0_14,118_0,0,38.75672912597656,-9.120829582214355,18,IN_TRANSIT_TO,2025-03-12 17:42:11,8426,4621,90-JI-90,POINT (-9.120829582214355 38.75672912597656)
4639_796,8152_20250101_174_0_27,174_0,0,38.784400939941406,-9.16112995147705,8,IN_TRANSIT_TO,2025-03-12 17:42:25,7217,4639,27-JO-13,POINT (-9.16112995147705 38.784400939941406)
2819_718,3959_20250101_105_0_16,105_0,0,38.74422836303711,-9.13422966003418,31,IN_TRANSIT_TO,2025-03-12 17:42:40,50109,2819,90-II-59,POINT (-9.13422966003418 38.74422836303711)
1749_708,3347_20250101_100_0_10,100_0,0,38.732120513916016,-9.134429931640625,6,IN_TRANSIT_TO,2025-03-12 17:42:11,609,1749,92-HR-06,POINT (-9.134429931640625 38.732120513916016)
2970_72B,45276_20250101_279_0_14,279_0,0,38.748748779296875,-9.200300216674805,23,IN_TRANSIT_TO,2025-03-12 17:42:15,50611,2970,29-VM-87,POINT (-9.200300216674805 38.748748779296875)
2808_781,7737_20250101_151_0_17,151_0,0,38.78879928588867,-9.123950004577637,29,IN_TRANSIT_TO,2025-01-28 20:19:57,16307,2808,01-IH-97,POINT (-9.123950004577637 38.78879928588867)
2813_782,7793_20250101_152_0_9,152_0,1,38.70532989501953,-9.143850326538086,21,IN_TRANSIT_TO,2025-03-12 17:42:23,3820,2813,90-II-53,POINT (-9.143850326538086 38.70532989501953)
2969_730,4947_20250101_198_0_14,198_0,0,38.72629928588867,-9.135669708251953,19,IN_TRANSIT_TO,2025-03-12 17:39:36,605,2969,30-VM-09,POINT (-9.135669708251953 38.72629928588867)
1746_756,6740_20250101_175_0_3,175_0,0,38.741851806640625,-9.143930435180664,9,IN_TRANSIT_TO,2025-03-12 17:42:39,6402,1746,92-HR-03,POINT (-9.143930435180664 38.741851806640625)
2971_770,7364_20250101_191_0_20,191_0,0,38.731170654296875,-9.17354965209961,12,IN_TRANSIT_TO,2025-03-12 17:42:17,10726,2971,29-VM-98,POINT (-9.17354965209961 38.731170654296875)
4636_736,18817_20250101_199_0_14,199_0,1,38.783531188964844,-9.166879653930664,6,IN_TRANSIT_TO,2025-03-12 17:41:53,7204,4636,90-JI-97,POINT (-9.166879653930664 38.783531188964844)
2811_725,4255_20250101_197_0_29,197_0,0,38.774200439453125,-9.106220245361328,6,IN_TRANSIT_TO,2025-03-12 17:42:29,7804,2811,02-IH-00,POINT (-9.106220245361328 38.774200439453125)
2803_725,4239_20250101_197_0_30,197_0,1,38.78921890258789,-9.1245698928833,3,IN_TRANSIT_TO,2025-03-12 17:42:29,50178,2803,01-IH-92,POINT (-9.1245698928833 38.78921890258789)
4802_751,6520_20250101_109_0_13,109_0,1,38.71541976928711,-9.175680160522461,27,IN_TRANSIT_TO,2025-03-12 17:42:16,9411,4802,77-VP-17,POINT (-9.175680160522461 38.71541976928711)
4812_728,4706_20250101_204_0_10,204_0,0,38.69953155517578,-9.180049896240234,13,IN_TRANSIT_TO,2025-03-12 17:42:22,9501,4812,20-VQ-70,POINT (-9.180049896240234 38.69953155517578)
2968_774,7450_20250101_192_0_26,192_0,1,38.726280212402344,-9.145369529724121,3,IN_TRANSIT_TO,2025-03-12 17:42:26,6610,2968,30-VM-24,POINT (-9.145369529724121 38.726280212402344)
2817_782,7785_20250101_152_0_10,152_0,0,38.74195098876953,-9.100150108337402,9,IN_TRANSIT_TO,2025-03-12 17:42:28,50118,2817,90-II-57,POINT (-9.100150108337402 38.74195098876953)
2453_703,3177_20250101_165_0_2,165_0,1,38.760231018066406,-9.184399604797363,11,IN_TRANSIT_TO,2025-03-12 17:42:27,12823,2453,16-AZ-13,POINT (-9.184399604797363 38.760231018066406)
2459_726,4350_20250101_116_0_12,116_0,1,38.73849868774414,-9.1628999710083,17,IN_TRANSIT_TO,2025-03-12 17:42:08,1602,2459,74-BC-74,POINT (-9.1628999710083 38.73849868774414)
4625_755,6694_20250101_118_0_14,118_0,0,38.754119873046875,-9.144829750061035,32,IN_TRANSIT_TO,2025-03-12 17:42:39,108,4625,90-JI-92,POINT (-9.144829750061035 38.754119873046875)
1753_717,3800_20250101_170_0_14,170_0,1,38.777679443359375,-9.147529602050781,16,IN_TRANSIT_TO,2025-03-12 17:42:38,6015,1753,34-HU-19,POINT (-9.147529602050781 38.777679443359375)
1750_717,3845_20250101_170_0_13,170_0,0,38.757469177246094,-9.152830123901367,14,IN_TRANSIT_TO,2025-03-12 17:42:30,5705,1750,92-HR-07,POINT (-9.152830123901367 38.757469177246094)
2761_727,4502_20250101_103_0_9,103_0,0,38.71261978149414,-9.15293025970459,19,IN_TRANSIT_TO,2025-03-12 17:42:33,6704,2761,AH-33-ND,POINT (-9.15293025970459 38.71261978149414)
2810_718,3991_20250101_105_0_14,105_0,1,38.755149841308594,-9.113470077514648,30,IN_TRANSIT_TO,2025-03-12 17:42:11,24370,2810,01-IH-99,POINT (-9.113470077514648 38.755149841308594)
2816_718,3937_20250101_105_0_17,105_0,1,38.73297882080078,-9.131629943847656,5,IN_TRANSIT_TO,2025-03-12 17:42:32,522,2816,90-II-56,POINT (-9.131629943847656 38.73297882080078)
2820_782,7766_20250101_152_0_11,152_0,1,38.76742172241211,-9.104519844055176,5,IN_TRANSIT_TO,2025-03-12 17:42:22,7825,2820,90-II-60,POINT (-9.104519844055176 38.76742172241211)
231_49B,22225_20250101_251_0_17,251_0,0,38.742469787597656,-9.133020401000977,16,IN_TRANSIT_TO,2025-03-12 17:42:26,301,231,84-47-XQ,POINT (-9.133020401000977 38.742469787597656)
2455_726,4325_20250101_116_0_12,116_0,1,38.72608184814453,-9.134300231933594,29,IN_TRANSIT_TO,2025-03-12 17:42:27,604,2455,16-AZ-12,POINT (-9.134300231933594 38.72608184814453)
2411_729,4840_20250101_104_0_2,104_0,0,38.713680267333984,-9.20067024230957,23,IN_TRANSIT_TO,2025-03-12 17:42:38,21303,2411,62-AL-11,POINT (-9.20067024230957 38.713680267333984)
2311_712,3541_20250101_189_0_15,189_0,0,38.70774841308594,-9.173580169677734,30,IN_TRANSIT_TO,2025-03-12 17:42:33,9401,2311,72-23-XN,POINT (-9.173580169677734 38.70774841308594)
2667_738,5561_20250101_117_0_11,117_0,0,38.711830139160156,-9.163869857788086,27,IN_TRANSIT_TO,2025-03-12 17:42:32,8102,2667,87-XB-45,POINT (-9.163869857788086 38.711830139160156)
2251_799,8222_20250101_120_0_20,120_0,0,38.75271987915039,-9.18947982788086,0,IN_TRANSIT_TO,2025-03-12 17:41:23,,2251,22-31-ZB,POINT (-9.18947982788086 38.75271987915039)
2410_767,7308_20250101_112_0_9,112_0,0,38.750301361083984,-9.19635009765625,32,IN_TRANSIT_TO,2025-03-12 17:41:56,10802,2410,92-AO-46,POINT (-9.19635009765625 38.750301361083984)
4608_728,4698_20250101_204_0_8,204_0,0,38.70830154418945,-9.13683032989502,20,IN_TRANSIT_TO,2025-03-12 17:42:22,3824,4608,96-GL-85,POINT (-9.13683032989502 38.70830154418945)
302_744,5841_20250101_200_0_12,200_0,1,38.7600212097168,-9.135430335998535,15,IN_TRANSIT_TO,2025-03-12 17:42:16,7502,302,22-SP-89,POINT (-9.135430335998535 38.7600212097168)
2425_703,3173_20250101_165_0_10,165_0,1,38.783050537109375,-9.147700309753418,33,IN_TRANSIT_TO,2025-03-12 17:42:16,50045,2425,29-AU-20,POINT (-9.147700309753418 38.783050537109375)
2710_754,6622_20250101_201_0_13,201_0,0,38.747100830078125,-9.156769752502441,8,IN_TRANSIT_TO,2025-03-12 17:42:27,13501,2710,92-XQ-19,POINT (-9.156769752502441 38.747100830078125)
2278_731,4989_20250101_190_0_13,190_0,0,38.7564697265625,-9.146349906921387,16,IN_TRANSIT_TO,2025-03-12 17:42:18,5712,2278,67-41-ZJ,POINT (-9.146349906921387 38.7564697265625)
2623_722,4121_20250101_196_0_12,196_0,0,38.741180419921875,-9.137499809265137,11,IN_TRANSIT_TO,2025-03-12 17:42:33,6405,2623,66-VI-26,POINT (-9.137499809265137 38.741180419921875)
2790_764,7162_20250101_168_0_16,168_0,1,38.74205017089844,-9.205530166625977,12,IN_TRANSIT_TO,2025-03-12 17:42:29,50240,2790,AI-54-TL,POINT (-9.205530166625977 38.74205017089844)
2756_727,4485_20250101_103_0_10,103_0,0,38.73455047607422,-9.145130157470703,9,IN_TRANSIT_TO,2025-03-12 17:42:36,1810,2756,AH-27-ND,POINT (-9.145130157470703 38.73455047607422)
2450_703,3166_20250101_165_0_11,165_0,0,38.782100677490234,-9.158729553222656,13,IN_TRANSIT_TO,2025-03-12 17:42:39,5931,2450,44-BC-36,POINT (-9.158729553222656 38.782100677490234)
301_744,5850_20250101_200_0_12,200_0,1,38.77375030517578,-9.09727954864502,4,IN_TRANSIT_TO,2025-03-12 17:42:38,7824,301,74-SM-62,POINT (-9.09727954864502 38.77375030517578)
2746_720,4100_20250101_143_0_14,143_0,1,38.74026870727539,-9.133600234985352,26,IN_TRANSIT_TO,2025-03-12 17:42:16,411,2746,AG-97-TG,POINT (-9.133600234985352 38.74026870727539)
2483_767,7294_20250101_112_0_8,112_0,1,38.753421783447266,-9.14430046081543,32,IN_TRANSIT_TO,2025-03-12 17:42:35,104,2483,74-BC-66,POINT (-9.14430046081543 38.753421783447266)
2499_742,5666_20250101_114_0_10,114_0,1,38.70246887207031,-9.180480003356934,18,IN_TRANSIT_TO,2025-03-12 17:42:27,12005,2499,03-BM-58,POINT (-9.180480003356934 38.70246887207031)
2818_718,3962_20250101_105_0_14,105_0,0,38.733421325683594,-9.133370399475098,28,IN_TRANSIT_TO,2025-03-12 17:42:15,509,2818,90-II-58,POINT (-9.133370399475098 38.733421325683594)
2300_714,3712_20250101_102_0_7,102_0,1,38.69738006591797,-9.204119682312012,20,IN_TRANSIT_TO,2025-03-12 17:42:33,9607,2300,83-13-ZM,POINT (-9.204119682312012 38.69738006591797)
1721_755,6641_20250101_118_0_3,118_0,1,38.74542999267578,-9.104080200195312,38,IN_TRANSIT_TO,2025-03-12 17:42:22,2213,1721,25-AS-33,POINT (-9.104080200195312 38.74542999267578)
1775_755,6632_20250101_118_0_10,118_0,1,38.745750427246094,-9.104649543762207,37,IN_TRANSIT_TO,2025-03-12 17:42:16,2209,1775,53-HX-08,POINT (-9.104649543762207 38.745750427246094)
2797_713,3592_20250101_122_0_14,122_0,1,38.729270935058594,-9.169130325317383,2,IN_TRANSIT_TO,2025-03-12 17:42:36,2704,2797,AJ-57-LI,POINT (-9.169130325317383 38.729270935058594)
1773_720,4106_20250101_143_0_2,143_0,1,38.7244987487793,-9.150400161743164,16,IN_TRANSIT_TO,2025-03-12 17:42:11,1207,1773,53-HX-06,POINT (-9.150400161743164 38.7244987487793)
2754_720,4094_20250101_143_0_15,143_0,0,38.72740173339844,-9.14585018157959,13,IN_TRANSIT_TO,2025-03-12 17:42:29,6602,2754,AG-01-TH,POINT (-9.14585018157959 38.72740173339844)
2784_713,3576_20250101_122_0_14,122_0,1,38.713829040527344,-9.160650253295898,19,IN_TRANSIT_TO,2025-03-12 17:42:12,8114,2784,AI-09-BT,POINT (-9.160650253295898 38.713829040527344)
2243_765,18944_20250101_110_0_44,110_0,1,38.75400161743164,-9.19629955291748,8,IN_TRANSIT_TO,2025-03-12 17:42:14,10909,2243,22-36-ZB,POINT (-9.19629955291748 38.75400161743164)
4628_755,6682_20250101_118_0_13,118_0,1,38.750118255615234,-9.158849716186523,5,IN_TRANSIT_TO,2025-03-12 17:42:19,13509,4628,27-JO-10,POINT (-9.158849716186523 38.750118255615234)
1713_717,3863_20250101_170_0_13,170_0,0,38.7530517578125,-9.138050079345703,9,IN_TRANSIT_TO,2025-03-12 17:41:49,11201,1713,69-AL-76,POINT (-9.138050079345703 38.7530517578125)
2480_778,18640_20250101_179_0_23,179_0,0,38.75938034057617,-9.157469749450684,0,IN_TRANSIT_TO,2025-03-12 17:42:35,,2480,91-BE-75,POINT (-9.157469749450684 38.75938034057617)
2252_758,6861_20250101_150_0_9,150_0,0,38.71697998046875,-9.148929595947266,6,IN_TRANSIT_TO,2025-03-12 17:42:23,10605,2252,80-40-ZE,POINT (-9.148929595947266 38.71697998046875)
217_773,7416_20250101_124_0_24,124_0,1,38.717830657958984,-9.151599884033203,23,IN_TRANSIT_TO,2025-03-12 17:42:31,10605,217,29-98-XM,POINT (-9.151599884033203 38.717830657958984)
2767_711,3454_20250101_101_0_13,101_0,1,38.752079010009766,-9.209600448608398,6,IN_TRANSIT_TO,2025-03-12 17:42:34,3003,2767,AH-34-ND,POINT (-9.209600448608398 38.752079010009766)
2413_767,7314_20250101_112_1_10,112_1,1,38.74980163574219,-9.220970153808594,0,IN_TRANSIT_TO,2025-03-12 17:42:41,,2413,92-AO-50,POINT (-9.220970153808594 38.74980163574219)
403_22B,19420_20250101_236_0_23,236_0,0,38.71561813354492,-9.14622974395752,7,IN_TRANSIT_TO,2025-03-12 17:42:27,50076,403,BF-84-TA,POINT (-9.14622974395752 38.71561813354492)
2482_703,3162_20250101_165_0_14,165_0,0,38.766178131103516,-9.182499885559082,24,IN_TRANSIT_TO,2025-03-12 17:42:24,12810,2482,55-BH-02,POINT (-9.182499885559082 38.766178131103516)
2801_718,4005_20250101_105_0_3,105_0,1,38.722900390625,-9.115099906921387,13,IN_TRANSIT_TO,2025-03-12 17:42:11,9805,2801,38-HU-27,POINT (-9.115099906921387 38.722900390625)
1780_755,6654_20250101_118_0_13,118_0,1,38.75468063354492,-9.133529663085938,14,IN_TRANSIT_TO,2025-03-12 17:42:39,7405,1780,63-HX-18,POINT (-9.133529663085938 38.75468063354492)
1769_755,6663_20250101_118_0_12,118_0,1,38.743019104003906,-9.166799545288086,2,IN_TRANSIT_TO,2025-03-12 17:42:17,1603,1769,63-HX-24,POINT (-9.166799545288086 38.743019104003906)
1767_796,8154_20250101_174_0_17,174_0,0,38.787628173828125,-9.1591796875,10,IN_TRANSIT_TO,2025-03-12 17:42:39,11618,1767,63-HX-29,POINT (-9.1591796875 38.787628173828125)
1768_717,3825_20250101_170_0_10,170_0,0,38.77050018310547,-9.159979820251465,19,IN_TRANSIT_TO,2025-03-12 17:42:28,5903,1768,63-HX-23,POINT (-9.159979820251465 38.77050018310547)
2255_758,6860_20250101_150_0_13,150_0,0,38.71675109863281,-9.148449897766113,6,IN_TRANSIT_TO,2025-03-12 17:42:27,10605,2255,80-54-ZE,POINT (-9.148449897766113 38.71675109863281)
2768_712,3549_20250101_189_0_2,189_0,0,38.72639846801758,-9.13545036315918,12,IN_TRANSIT_TO,2025-03-12 17:42:13,605,2768,AH-25-ND,POINT (-9.13545036315918 38.72639846801758)
2666_776,7489_20250101_193_0_42,193_0,0,38.70130157470703,-9.250579833984375,8,IN_TRANSIT_TO,2025-03-12 17:42:31,4302,2666,87-XB-39,POINT (-9.250579833984375 38.70130157470703)
1722_701,2939_20250101_123_0_18,123_0,0,38.75606918334961,-9.176480293273926,15,IN_TRANSIT_TO,2025-03-12 17:42:27,50143,1722,25-AS-34,POINT (-9.176480293273926 38.75606918334961)
1759_708,3276_20250101_100_0_13,100_0,1,38.76737976074219,-9.110170364379883,17,IN_TRANSIT_TO,2025-03-12 17:42:41,50330,1759,34-HU-25,POINT (-9.110170364379883 38.76737976074219)
1756_717,3822_20250101_170_0_13,170_0,0,38.77777862548828,-9.147680282592773,29,IN_TRANSIT_TO,2025-03-12 17:42:35,11511,1756,34-HU-22,POINT (-9.147680282592773 38.77777862548828)
2487_703,3149_20250101_165_0_11,165_0,0,38.75008010864258,-9.195549964904785,34,IN_TRANSIT_TO,2025-03-12 17:42:25,10802,2487,54-BH-97,POINT (-9.195549964904785 38.75008010864258)
2470_767,7223_20250101_112_0_9,112_0,0,38.75471878051758,-9.144729614257812,15,IN_TRANSIT_TO,2025-03-12 17:42:21,106,2470,74-BC-71,POINT (-9.144729614257812 38.75471878051758)
1762_735,5275_20250101_172_0_12,172_0,1,38.741878509521484,-9.133350372314453,12,IN_TRANSIT_TO,2025-03-12 17:42:33,302,1762,63-HX-32,POINT (-9.133350372314453 38.741878509521484)
2433_703,3135_20250101_165_0_13,165_0,0,38.74562072753906,-9.206219673156738,38,IN_TRANSIT_TO,2025-03-12 17:42:15,8816,2433,44-BC-28,POINT (-9.206219673156738 38.74562072753906)
2239_758,19409_20250101_150_0_2,150_0,1,38.74435043334961,-9.178569793701172,11,IN_TRANSIT_TO,2025-03-12 17:42:22,10703,2239,06-30-XX,POINT (-9.178569793701172 38.74435043334961)
2344_758,6770_20250101_150_0_14,150_0,1,38.74557876586914,-9.181730270385742,10,IN_TRANSIT_TO,2025-03-12 17:42:19,10701,2344,53-60-ZJ,POINT (-9.181730270385742 38.74557876586914)
2771_727,4498_20250101_103_0_2,103_0,0,38.70392990112305,-9.169750213623047,26,IN_TRANSIT_TO,2025-03-12 17:42:42,10210,2771,AH-20-ND,POINT (-9.169750213623047 38.70392990112305)
2412_767,7267_20250101_112_0_3,112_0,0,38.7304801940918,-9.140649795532227,4,IN_TRANSIT_TO,2025-03-12 17:42:26,6904,2412,92-AO-48,POINT (-9.140649795532227 38.7304801940918)
2774_713,3621_20250101_122_0_15,122_0,0,38.73712921142578,-9.146180152893066,3,IN_TRANSIT_TO,2025-03-12 17:42:30,11118,2774,AH-22-ND,POINT (-9.146180152893066 38.73712921142578)
405_79B,18671_20250101_221_0_12,221_0,0,38.7087516784668,-9.208749771118164,27,IN_TRANSIT_TO,2025-03-12 17:42:12,50384,405,BF-14-TU,POINT (-9.208749771118164 38.7087516784668)
2469_771,21936_20250101_248_0_17,248_0,0,38.713748931884766,-9.197779655456543,15,IN_TRANSIT_TO,2025-03-12 17:42:34,50036,2469,16-AZ-09,POINT (-9.197779655456543 38.713748931884766)
2747_720,4101_20250101_143_0_12,143_0,1,38.721031188964844,-9.152600288391113,14,IN_TRANSIT_TO,2025-03-12 17:42:33,6805,2747,AG-09-TH,POINT (-9.152600288391113 38.721031188964844)
2268_724,19285_20250101_178_0_3,178_0,0,38.706600189208984,-9.17887020111084,0,IN_TRANSIT_TO,2025-03-12 17:42:39,,2268,76-87-ZG,POINT (-9.17887020111084 38.706600189208984)
2447_716,3747_20250101_164_0_19,164_0,0,38.73741912841797,-9.144880294799805,4,IN_TRANSIT_TO,2025-03-12 17:42:14,11118,2447,44-BC-33,POINT (-9.144880294799805 38.73741912841797)
1772_742,5768_20250101_114_0_9,114_0,0,38.72452163696289,-9.117730140686035,10,IN_TRANSIT_TO,2025-03-12 17:42:37,9804,1772,63-HX-22,POINT (-9.117730140686035 38.72452163696289)
4613_750,6401_20250101_106_0_11,106_0,1,38.750370025634766,-9.18844985961914,18,IN_TRANSIT_TO,2025-03-12 17:42:32,10805,4613,22-GP-48,POINT (-9.18844985961914 38.750370025634766)
1718_798,8202_20250101_194_0_25,194_0,0,38.76731872558594,-9.149149894714355,7,IN_TRANSIT_TO,2025-03-12 17:42:25,50154,1718,69-AL-81,POINT (-9.149149894714355 38.76731872558594)
1725_794,8043_20250101_115_0_13,115_0,1,38.713748931884766,-9.1225004196167,36,IN_TRANSIT_TO,2025-03-12 17:42:13,2118,1725,25-AS-37,POINT (-9.1225004196167 38.713748931884766)
202_17B,21703_20250101_247_0_14,247_0,0,38.73223114013672,-9.140870094299316,5,IN_TRANSIT_TO,2025-03-12 17:38:08,6501,202,89-58-XD,POINT (-9.140870094299316 38.73223114013672)
2772_711,3501_20250101_101_0_13,101_0,0,38.725101470947266,-9.155229568481445,7,IN_TRANSIT_TO,2025-03-12 17:42:26,1209,2772,AH-24-ND,POINT (-9.155229568481445 38.725101470947266)
1774_717,3803_20250101_170_0_14,170_0,1,38.79747009277344,-9.149749755859375,2,IN_TRANSIT_TO,2025-03-12 17:42:23,16003,1774,53-HX-07,POINT (-9.149749755859375 38.79747009277344)
2467_729,4836_20250101_104_0_9,104_0,0,38.723201751708984,-9.194100379943848,21,IN_TRANSIT_TO,2025-03-12 17:42:34,8702,2467,16-AZ-14,POINT (-9.194100379943848 38.723201751708984)
2757_727,4528_20250101_103_0_9,103_0,1,38.7484016418457,-9.147170066833496,43,IN_TRANSIT_TO,2025-03-12 17:41:47,2022,2757,AH-32-ND,POINT (-9.147170066833496 38.7484016418457)
2823_753,6536_20250101_167_0_4,167_0,0,38.72502899169922,-9.155420303344727,5,IN_TRANSIT_TO,2025-03-12 17:42:18,1223,2823,BF-64-FZ,POINT (-9.155420303344727 38.72502899169922)
2473_729,4810_20250101_104_0_10,104_0,1,38.731449127197266,-9.198080062866211,21,IN_TRANSIT_TO,2025-03-12 17:42:22,8713,2473,74-BC-68,POINT (-9.198080062866211 38.731449127197266)
2333_735,5217_20250101_172_0_12,172_0,0,38.71535110473633,-9.121729850769043,6,IN_TRANSIT_TO,2025-03-12 17:42:31,2101,2333,62-97-ZG,POINT (-9.121729850769043 38.71535110473633)
2497_735,5182_20250101_172_0_13,172_0,0,38.74774932861328,-9.141180038452148,25,IN_TRANSIT_TO,2025-03-12 17:42:14,201,2497,88-BL-71,POINT (-9.141180038452148 38.74774932861328)
2422_771,21928_20250101_248_0_17,248_0,0,38.728031158447266,-9.162400245666504,7,IN_TRANSIT_TO,2025-03-12 17:42:37,6122,2422,29-AU-17,POINT (-9.162400245666504 38.728031158447266)
2775_754,6592_20250101_201_0_14,201_0,1,38.73693084716797,-9.215330123901367,11,IN_TRANSIT_TO,2025-03-12 17:42:34,18107,2775,AH-31-ND,POINT (-9.215330123901367 38.73693084716797)
2336_793,8019_20250101_145_0_18,145_0,0,38.73440170288086,-9.112879753112793,6,IN_TRANSIT_TO,2025-03-12 17:42:33,17572,2336,53-63-ZJ,POINT (-9.112879753112793 38.73440170288086)
2285_768,7335_20250101_111_0_18,111_0,1,38.75001907348633,-9.159749984741211,22,IN_TRANSIT_TO,2025-03-12 17:42:11,13509,2285,67-55-ZJ,POINT (-9.159749984741211 38.75001907348633)
1719_742,5789_20250101_114_0_2,114_0,1,38.733299255371094,-9.154549598693848,33,IN_TRANSIT_TO,2025-03-12 17:42:05,6118,1719,25-AS-31,POINT (-9.154549598693848 38.733299255371094)
2809_749,6201_20250101_195_0_24,195_0,0,38.750179290771484,-9.105420112609863,10,IN_TRANSIT_TO,2025-03-12 17:42:30,50228,2809,01-IH-98,POINT (-9.105420112609863 38.750179290771484)
2437_703,3124_20250101_165_0_14,165_0,1,38.748050689697266,-9.191550254821777,7,IN_TRANSIT_TO,2025-03-12 17:42:17,10835,2437,29-AX-09,POINT (-9.191550254821777 38.748050689697266)
2423_726,4308_20250101_116_0_11,116_0,0,38.73442077636719,-9.141579627990723,8,IN_TRANSIT_TO,2025-03-12 17:42:32,6502,2423,29-AU-18,POINT (-9.141579627990723 38.73442077636719)
2269_724,4225_20250101_178_0_3,178_0,0,38.75559997558594,-9.199350357055664,23,IN_TRANSIT_TO,2025-03-12 17:41:55,13706,2269,76-88-ZG,POINT (-9.199350357055664 38.75559997558594)
2338_793,7994_20250101_145_0_18,145_0,0,38.741371154785156,-9.119070053100586,23,IN_TRANSIT_TO,2025-03-12 17:42:21,3609,2338,53-62-ZJ,POINT (-9.119070053100586 38.741371154785156)
2758_711,3519_20250101_101_0_9,101_0,1,38.72251892089844,-9.186570167541504,20,IN_TRANSIT_TO,2025-03-12 17:42:37,8702,2758,AH-36-ND,POINT (-9.186570167541504 38.72251892089844)
2420_767,7316_20250101_112_1_10,112_1,0,38.7601318359375,-9.174420356750488,5,IN_TRANSIT_TO,2025-03-12 17:42:26,50011,2420,29-AU-15,POINT (-9.174420356750488 38.7601318359375)
218_773,7417_20250101_124_0_4,124_0,1,38.714080810546875,-9.160770416259766,11,IN_TRANSIT_TO,2025-03-12 17:42:40,8101,218,11-13-XO,POINT (-9.160770416259766 38.714080810546875)
2833_728,4649_20250101_204_0_2,204_0,0,38.7818717956543,-9.108369827270508,49,IN_TRANSIT_TO,2025-03-12 17:42:16,12618,2833,BF-65-FZ,POINT (-9.108369827270508 38.7818717956543)
1703_701,2979_20250101_123_0_17,123_0,1,38.733699798583984,-9.163470268249512,9,IN_TRANSIT_TO,2025-03-12 17:41:18,6123,1703,35-AL-13,POINT (-9.163470268249512 38.733699798583984)
2465_767,7286_20250101_112_0_10,112_0,1,38.75563049316406,-9.149129867553711,30,IN_TRANSIT_TO,2025-03-12 17:42:29,5706,2465,55-BH-00,POINT (-9.149129867553711 38.75563049316406)
1715_701,2947_20250101_123_0_15,123_0,0,38.74753189086914,-9.154029846191406,7,IN_TRANSIT_TO,2025-03-12 17:42:27,2009,1715,69-AL-78,POINT (-9.154029846191406 38.74753189086914)
1777_755,6691_20250101_118_0_2,118_0,0,38.74332046508789,-9.167149543762207,41,IN_TRANSIT_TO,2025-03-12 17:42:38,12702,1777,63-HX-31,POINT (-9.167149543762207 38.74332046508789)
2307_783,7857_20250101_203_0_12,203_0,1,38.75812911987305,-9.141599655151367,15,IN_TRANSIT_TO,2025-03-12 17:42:12,11306,2307,83-20-ZM,POINT (-9.141599655151367 38.75812911987305)
2271_768,7341_20250101_111_0_18,111_0,0,38.76115036010742,-9.197030067443848,19,IN_TRANSIT_TO,2025-03-12 17:38:36,12812,2271,92-54-ZM,POINT (-9.197030067443848 38.76115036010742)
1765_717,3844_20250101_170_0_13,170_0,0,38.77035140991211,-9.159830093383789,19,IN_TRANSIT_TO,2025-03-12 17:42:12,5903,1765,63-HX-28,POINT (-9.159830093383789 38.77035140991211)
1763_717,3879_20250101_170_0_13,170_0,1,38.75484848022461,-9.153169631958008,26,IN_TRANSIT_TO,2025-03-12 17:42:27,5806,1763,63-HX-25,POINT (-9.153169631958008 38.75484848022461)
4612_750,6348_20250101_106_0_8,106_0,1,38.765869140625,-9.103949546813965,37,IN_TRANSIT_TO,2025-03-12 17:42:13,2313,4612,96-GL-89,POINT (-9.103949546813965 38.765869140625)
1776_717,3781_20250101_170_0_11,170_0,1,38.77381896972656,-9.161479949951172,20,IN_TRANSIT_TO,2025-03-12 17:42:33,50163,1776,53-HX-09,POINT (-9.161479949951172 38.77381896972656)
1761_708,3298_20250101_100_0_9,100_0,0,38.78562927246094,-9.096320152282715,35,IN_TRANSIT_TO,2025-03-12 17:42:29,50130,1761,63-HX-19,POINT (-9.096320152282715 38.78562927246094)
2306_735,5267_20250101_172_0_12,172_0,1,38.748779296875,-9.133330345153809,1,IN_TRANSIT_TO,2025-03-12 17:42:32,13512,2306,83-19-ZM,POINT (-9.133330345153809 38.748779296875)
2477_726,4264_20250101_116_0_14,116_0,1,38.760921478271484,-9.196669578552246,4,IN_TRANSIT_TO,2025-03-12 17:42:31,13907,2477,91-BE-73,POINT (-9.196669578552246 38.760921478271484)
1712_701,2978_20250101_123_0_17,123_0,1,38.75328063964844,-9.168230056762695,21,IN_TRANSIT_TO,2025-03-12 17:42:22,13622,1712,69-AL-75,POINT (-9.168230056762695 38.75328063964844)
220_13B,21591_20250101_243_0_21,243_0,0,38.719120025634766,-9.123629570007324,18,IN_TRANSIT_TO,2025-03-12 17:42:16,50602,220,11-07-XO,POINT (-9.123629570007324 38.719120025634766)
6011_716,3757_20250101_164_0_13,164_0,1,38.7353515625,-9.13871955871582,24,IN_TRANSIT_TO,2025-03-12 17:42:15,11108,6011,65-ZF-82,POINT (-9.13871955871582 38.7353515625)
225_773,7398_20250101_124_0_22,124_0,0,38.71192932128906,-9.153229713439941,8,IN_TRANSIT_TO,2025-03-12 17:42:24,6704,225,84-37-XQ,POINT (-9.153229713439941 38.71192932128906)
601_15E,11186_20250101_76_0_17,76_0,0,38.69831848144531,-9.225029945373535,18,IN_TRANSIT_TO,2025-03-12 17:42:37,4208,601,,POINT (-9.225029945373535 38.69831848144531)
605_15E,11254_20250101_76_0_16,76_0,1,38.70317077636719,-9.179670333862305,13,IN_TRANSIT_TO,2025-03-12 17:42:23,12111,605,,POINT (-9.179670333862305 38.70317077636719)
2240_767,7201_20250101_112_0_9,112_0,0,38.749900817871094,-9.194680213928223,31,IN_TRANSIT_TO,2025-03-12 17:42:13,10804,2240,06-31-XX,POINT (-9.194680213928223 38.749900817871094)
2297_724,4191_20250101_178_0_18,178_0,1,38.727081298828125,-9.200200080871582,19,IN_TRANSIT_TO,2025-03-12 17:42:38,50183,2297,83-06-ZM,POINT (-9.200200080871582 38.727081298828125)
2403_703,3175_20250101_165_0_14,165_0,1,38.774269104003906,-9.167880058288574,23,IN_TRANSIT_TO,2025-03-12 17:42:36,5919,2403,50-AL-12,POINT (-9.167880058288574 38.774269104003906)
1707_796,8144_20250101_174_0_32,174_0,1,38.785770416259766,-9.159749984741211,7,IN_TRANSIT_TO,2025-03-12 17:42:25,50176,1707,69-AL-70,POINT (-9.159749984741211 38.785770416259766)
2791_712,3550_20250101_189_0_15,189_0,0,38.72629928588867,-9.134050369262695,11,IN_TRANSIT_TO,2025-03-12 17:42:18,603,2791,AJ-61-LI,POINT (-9.134050369262695 38.72629928588867)
2426_747,6079_20250101_177_0_19,177_0,0,38.76258087158203,-9.156599998474121,2,IN_TRANSIT_TO,2025-03-12 17:42:17,5807,2426,29-AU-21,POINT (-9.156599998474121 38.76258087158203)
2838_751,6517_20250101_109_0_9,109_0,0,38.70225143432617,-9.180100440979004,16,IN_TRANSIT_TO,2025-03-12 17:42:21,9604,2838,BF-59-FZ,POINT (-9.180100440979004 38.70225143432617)
408_79B,18661_20250101_221_0_13,221_0,0,38.711631774902344,-9.214449882507324,16,IN_TRANSIT_TO,2025-03-12 17:42:38,12404,408,BF-24-TS,POINT (-9.214449882507324 38.711631774902344)
2401_771,39066_20250101_248_0_4,248_0,0,38.723148345947266,-9.18712043762207,16,IN_TRANSIT_TO,2025-03-12 17:42:40,12928,2401,50-AL-14,POINT (-9.18712043762207 38.723148345947266)
2485_729,4825_20250101_104_0_10,104_0,1,38.69757843017578,-9.199350357055664,7,IN_TRANSIT_TO,2025-03-12 17:42:25,4109,2485,91-BE-77,POINT (-9.199350357055664 38.69757843017578)
2837_751,6510_20250101_109_0_15,109_0,0,38.73173141479492,-9.16819953918457,0,IN_TRANSIT_TO,2025-03-12 17:42:23,,2837,BF-66-FZ,POINT (-9.16819953918457 38.73173141479492)
2764_709,3412_20250101_148_0_23,148_0,1,38.72002029418945,-9.15487003326416,6,IN_TRANSIT_TO,2025-03-12 17:42:33,6803,2764,AH-29-ND,POINT (-9.15487003326416 38.72002029418945)
2776_754,6609_20250101_201_0_13,201_0,0,38.73442840576172,-9.22052001953125,29,IN_TRANSIT_TO,2025-03-12 17:42:37,50328,2776,AI-07-BT,POINT (-9.22052001953125 38.73442840576172)
228_773,7378_20250101_124_0_25,124_0,0,38.7088508605957,-9.171380043029785,21,IN_TRANSIT_TO,2025-03-12 17:42:17,9421,228,84-39-XQ,POINT (-9.171380043029785 38.7088508605957)
2474_771,21940_20250101_248_0_18,248_0,0,38.73759841918945,-9.16841983795166,3,IN_TRANSIT_TO,2025-03-12 17:42:13,2712,2474,74-BC-67,POINT (-9.16841983795166 38.73759841918945)
2748_756,6741_20250101_175_0_3,175_0,1,38.73939895629883,-9.124030113220215,21,IN_TRANSIT_TO,2025-03-12 17:42:26,8908,2748,AG-96-TG,POINT (-9.124030113220215 38.73939895629883)
2283_731,5018_20250101_190_0_10,190_0,1,38.74557113647461,-9.156869888305664,25,IN_TRANSIT_TO,2025-03-12 17:42:32,13507,2283,67-39-ZJ,POINT (-9.156869888305664 38.74557113647461)
4840_717,3891_20250101_170_4_13,170_4,0,38.79859924316406,-9.14745044708252,25,IN_TRANSIT_TO,2025-03-12 17:42:19,16002,4840,45-VX-93,POINT (-9.14745044708252 38.79859924316406)
2335_793,8007_20250101_145_0_18,145_0,0,38.741920471191406,-9.112950325012207,14,IN_TRANSIT_TO,2025-03-12 17:42:22,3701,2335,62-98-ZG,POINT (-9.112950325012207 38.741920471191406)
2481_778,7529_20250101_179_0_21,179_0,0,38.76626968383789,-9.183250427246094,20,IN_TRANSIT_TO,2025-03-12 17:42:31,50360,2481,54-BH-99,POINT (-9.183250427246094 38.76626968383789)
4609_750,6404_20250101_106_0_2,106_0,1,38.74932098388672,-9.197649955749512,14,IN_TRANSIT_TO,2025-03-12 17:42:35,2803,4609,96-GL-86,POINT (-9.197649955749512 38.74932098388672)
204_46B,21499_20250101_239_0_14,239_0,0,38.75727844238281,-9.138469696044922,14,IN_TRANSIT_TO,2025-03-12 17:42:35,11318,204,89-71-XD,POINT (-9.138469696044922 38.75727844238281)
1720_735,5242_20250101_172_0_10,172_0,0,38.73731994628906,-9.133729934692383,20,IN_TRANSIT_TO,2025-03-12 17:42:41,414,1720,25-AS-32,POINT (-9.133729934692383 38.73731994628906)
2406_716,3744_20250101_164_0_17,164_0,0,38.73802185058594,-9.155550003051758,8,IN_TRANSIT_TO,2025-03-12 17:42:41,1503,2406,50-AL-09,POINT (-9.155550003051758 38.73802185058594)
2753_708,3358_20250101_100_0_11,100_0,1,38.717350006103516,-9.1358003616333,42,IN_TRANSIT_TO,2025-03-12 17:42:14,804,2753,AG-08-TH,POINT (-9.1358003616333 38.717350006103516)
2941_29B,17524_20250101_209_0_18,209_0,0,38.7652702331543,-9.10962963104248,10,IN_TRANSIT_TO,2025-03-12 17:42:21,7717,2941,51-GL-81,POINT (-9.10962963104248 38.7652702331543)
2451_729,4801_20250101_104_0_11,104_0,1,38.76171875,-9.196749687194824,37,IN_TRANSIT_TO,2025-03-12 17:42:25,13904,2451,75-AQ-16,POINT (-9.196749687194824 38.76171875)
2405_747,6122_20250101_177_0_19,177_0,0,38.766170501708984,-9.198200225830078,19,IN_TRANSIT_TO,2025-03-12 17:42:32,14111,2405,50-AL-10,POINT (-9.198200225830078 38.766170501708984)
2788_746,5964_20250101_108_0_18,108_0,1,38.74761962890625,-9.190529823303223,8,IN_TRANSIT_TO,2025-03-12 17:42:21,10803,2788,AI-51-TL,POINT (-9.190529823303223 38.74761962890625)
2831_751,6523_20250101_109_0_4,109_0,1,38.70777893066406,-9.225629806518555,7,IN_TRANSIT_TO,2025-03-12 17:42:13,18401,2831,BF-72-FZ,POINT (-9.225629806518555 38.70777893066406)
2792_712,3525_20250101_189_0_13,189_0,0,38.727821350097656,-9.161219596862793,20,IN_TRANSIT_TO,2025-03-12 17:42:37,6103,2792,AJ-53-LI,POINT (-9.161219596862793 38.727821350097656)
2464_729,4788_20250101_104_0_11,104_0,1,38.748878479003906,-9.19124984741211,32,IN_TRANSIT_TO,2025-03-12 17:42:35,10807,2464,91-BE-71,POINT (-9.19124984741211 38.748878479003906)
1723_701,2967_20250101_123_0_11,123_0,1,38.759918212890625,-9.15524959564209,30,IN_TRANSIT_TO,2025-03-12 17:42:28,5805,1723,25-AS-35,POINT (-9.15524959564209 38.759918212890625)
223_773,20155_20250101_124_0_24,124_0,1,38.71152114868164,-9.169429779052734,7,IN_TRANSIT_TO,2025-03-12 17:42:24,9422,223,84-38-XQ,POINT (-9.169429779052734 38.71152114868164)
1726_717,3887_20250101_170_4_17,170_4,0,38.77050018310547,-9.159850120544434,4,IN_TRANSIT_TO,2025-03-12 17:42:14,5903,1726,25-AS-38,POINT (-9.159850120544434 38.77050018310547)
2291_731,19406_20250101_190_0_14,190_0,1,38.781280517578125,-9.106630325317383,6,IN_TRANSIT_TO,2025-03-12 17:42:26,12619,2291,92-56-ZM,POINT (-9.106630325317383 38.781280517578125)
206_41B,19385_20250101_232_0_23,232_0,0,38.77439880371094,-9.15552043914795,15,IN_TRANSIT_TO,2025-03-12 17:42:40,11502,206,33-49-XH,POINT (-9.15552043914795 38.77439880371094)
2488_767,7297_20250101_112_0_10,112_0,1,38.74905014038086,-9.191229820251465,16,IN_TRANSIT_TO,2025-03-12 17:42:06,10807,2488,91-BE-79,POINT (-9.191229820251465 38.74905014038086)
4610_748,6151_20250101_169_0_12,169_0,1,38.715579986572266,-9.234379768371582,7,IN_TRANSIT_TO,2025-03-12 17:42:32,8608,4610,96-GL-87,POINT (-9.234379768371582 38.715579986572266)
2610_781,7762_20250101_151_0_15,151_0,0,38.73347091674805,-9.10420036315918,7,IN_TRANSIT_TO,2025-03-12 17:42:38,8313,2610,66-VI-20,POINT (-9.10420036315918 38.73347091674805)
2840_751,6495_20250101_109_0_15,109_0,0,38.7047004699707,-9.177669525146484,9,IN_TRANSIT_TO,2025-03-12 17:42:26,12121,2840,BF-75-FZ,POINT (-9.177669525146484 38.7047004699707)
2773_714,3689_20250101_102_0_11,102_0,0,38.70423126220703,-9.174050331115723,9,IN_TRANSIT_TO,2025-03-12 17:42:24,10210,2773,AH-39-ND,POINT (-9.174050331115723 38.70423126220703)
1728_796,8135_20250101_174_0_19,174_0,1,38.76388168334961,-9.156929969787598,15,IN_TRANSIT_TO,2025-03-12 17:41:06,5814,1728,25-AS-40,POINT (-9.156929969787598 38.76388168334961)
4838_736,5424_20250101_199_0_10,199_0,1,38.72602081298828,-9.150420188903809,26,IN_TRANSIT_TO,2025-03-12 17:42:34,1206,4838,34-VR-22,POINT (-9.150420188903809 38.72602081298828)
2751_735,5232_20250101_172_1_13,172_1,0,38.70838165283203,-9.136449813842773,3,IN_TRANSIT_TO,2025-03-12 17:42:37,5501,2751,AG-12-TH,POINT (-9.136449813842773 38.70838165283203)
2438_726,4286_20250101_116_0_13,116_0,0,38.737831115722656,-9.156519889831543,14,IN_TRANSIT_TO,2025-03-12 17:42:14,1503,2438,44-BC-29,POINT (-9.156519889831543 38.737831115722656)
2276_765,7176_20250101_110_0_43,110_0,0,38.75585174560547,-9.193599700927734,2,IN_TRANSIT_TO,2025-03-12 17:42:37,50242,2276,53-57-ZJ,POINT (-9.193599700927734 38.75585174560547)
2944_31B,17538_20250101_210_0_19,210_0,0,38.752220153808594,-9.116729736328125,2,IN_TRANSIT_TO,2025-03-12 17:42:14,24380,2944,75-GO-13,POINT (-9.116729736328125 38.752220153808594)
2466_729,4757_20250101_104_0_12,104_0,0,38.749351501464844,-9.191280364990234,11,IN_TRANSIT_TO,2025-03-12 17:42:14,10804,2466,16-AZ-16,POINT (-9.191280364990234 38.749351501464844)
2668_727,4552_20250101_103_0_10,103_0,1,38.708648681640625,-9.167149543762207,19,IN_TRANSIT_TO,2025-03-12 17:42:14,12105,2668,87-XB-36,POINT (-9.167149543762207 38.708648681640625)
2956_40B,19262_20250101_212_0_18,212_0,1,38.77423095703125,-9.159749984741211,3,IN_TRANSIT_TO,2025-03-12 17:42:18,50162,2956,27-GU-71,POINT (-9.159749984741211 38.77423095703125)
208_41B,19375_20250101_232_0_23,232_0,1,38.77388000488281,-9.16117000579834,7,IN_TRANSIT_TO,2025-03-12 17:42:19,5905,208,33-47-XH,POINT (-9.16117000579834 38.77388000488281)
4834_736,5399_20250101_199_0_13,199_0,0,38.731319427490234,-9.146329879760742,6,IN_TRANSIT_TO,2025-03-12 17:42:21,1703,4834,20-VQ-71,POINT (-9.146329879760742 38.731319427490234)
2296_724,4236_20250101_178_0_19,178_0,0,38.73278045654297,-9.202980041503906,11,IN_TRANSIT_TO,2025-03-12 17:42:24,8848,2296,92-51-ZM,POINT (-9.202980041503906 38.73278045654297)
203_17B,21713_20250101_247_0_13,247_0,0,38.73125076293945,-9.136930465698242,21,IN_TRANSIT_TO,2025-03-12 17:42:39,6504,203,89-59-XD,POINT (-9.136930465698242 38.73125076293945)
213_773,7423_20250101_124_0_19,124_0,1,38.72023010253906,-9.153980255126953,11,IN_TRANSIT_TO,2025-03-12 17:42:37,8101,213,44-10-XL,POINT (-9.153980255126953 38.72023010253906)
209_46B,21509_20250101_239_0_13,239_0,0,38.74837112426758,-9.148630142211914,24,IN_TRANSIT_TO,2025-03-12 17:42:22,2013,209,33-46-XH,POINT (-9.148630142211914 38.74837112426758)
212_773,7408_20250101_124_0_24,124_0,1,38.71757125854492,-9.150870323181152,23,IN_TRANSIT_TO,2025-03-12 17:42:24,10605,212,44-11-XL,POINT (-9.150870323181152 38.71757125854492)
2209_717,3759_20250101_170_0_13,170_0,1,38.75917053222656,-9.156519889831543,25,IN_TRANSIT_TO,2025-03-12 17:42:17,5808,2209,01-68-XO,POINT (-9.156519889831543 38.75917053222656)
2225_708,3311_20250101_100_0_12,100_0,0,38.76852035522461,-9.098349571228027,28,IN_TRANSIT_TO,2025-03-12 17:42:40,7805,2225,08-03-XS,POINT (-9.098349571228027 38.76852035522461)
409_73B,18773_20250101_220_0_14,220_0,0,38.707271575927734,-9.1735200881958,16,IN_TRANSIT_TO,2025-03-12 17:42:14,9415,409,BF-73-TQ,POINT (-9.1735200881958 38.707271575927734)
2235_731,4974_20250101_190_0_13,190_0,0,38.764320373535156,-9.118829727172852,23,IN_TRANSIT_TO,2025-03-12 17:42:15,8403,2235,06-32-XX,POINT (-9.118829727172852 38.764320373535156)
2224_742,5769_20250101_114_0_10,114_0,0,38.72587966918945,-9.112600326538086,7,IN_TRANSIT_TO,2025-03-12 17:42:21,8302,2224,08-15-XS,POINT (-9.112600326538086 38.72587966918945)
2217_742,5759_20250101_114_0_11,114_0,0,38.7287483215332,-9.159649848937988,28,IN_TRANSIT_TO,2025-03-12 17:42:28,6115,2217,07-99-XS,POINT (-9.159649848937988 38.7287483215332)
2214_742,5783_20250101_114_0_10,114_0,1,38.720481872558594,-9.168669700622559,26,IN_TRANSIT_TO,2025-03-12 17:42:34,9304,2214,08-02-XS,POINT (-9.168669700622559 38.720481872558594)
2213_708,3289_20250101_100_0_13,100_0,1,38.78221893310547,-9.095629692077637,9,IN_TRANSIT_TO,2025-03-12 17:42:19,50129,2213,08-04-XS,POINT (-9.095629692077637 38.78221893310547)
2834_748,6132_20250101_169_0_14,169_0,1,38.72071838378906,-9.205599784851074,6,IN_TRANSIT_TO,2025-03-12 17:42:16,14311,2834,BF-76-FZ,POINT (-9.205599784851074 38.72071838378906)
2215_794,8101_20250101_115_0_13,115_0,0,38.750099182128906,-9.105420112609863,32,IN_TRANSIT_TO,2025-03-12 17:42:24,2220,2215,08-01-XS,POINT (-9.105420112609863 38.750099182128906)
2212_742,5788_20250101_114_0_9,114_0,1,38.72092819213867,-9.167799949645996,26,IN_TRANSIT_TO,2025-03-12 17:42:04,9304,2212,08-05-XS,POINT (-9.167799949645996 38.72092819213867)
2781_746,5977_20250101_108_0_19,108_0,0,38.741668701171875,-9.169119834899902,10,IN_TRANSIT_TO,2025-03-12 17:42:40,1607,2781,AI-00-BT,POINT (-9.169119834899902 38.741668701171875)
2205_742,5747_20250101_114_0_11,114_0,0,38.734500885009766,-9.153570175170898,25,IN_TRANSIT_TO,2025-03-12 17:42:19,1413,2205,01-71-XO,POINT (-9.153570175170898 38.734500885009766)
2203_742,5777_20250101_114_0_9,114_0,1,38.72452926635742,-9.11674976348877,49,IN_TRANSIT_TO,2025-03-12 17:42:30,9803,2203,72-19-XN,POINT (-9.11674976348877 38.72452926635742)
2208_708,3365_20250101_100_0_13,100_0,1,38.737098693847656,-9.133919715881348,36,IN_TRANSIT_TO,2025-03-12 17:42:40,404,2208,01-69-XO,POINT (-9.133919715881348 38.737098693847656)
2216_742,5731_20250101_114_0_10,114_0,0,38.706748962402344,-9.173219680786133,37,IN_TRANSIT_TO,2025-03-12 17:42:30,9403,2216,08-00-XS,POINT (-9.173219680786133 38.706748962402344)
411_10B,21749_20250101_242_0_24,242_0,0,38.71419906616211,-9.125300407409668,12,IN_TRANSIT_TO,2025-03-12 17:42:33,50517,411,BF-51-TD,POINT (-9.125300407409668 38.71419906616211)
2220_742,5698_20250101_114_0_10,114_0,0,38.70914840698242,-9.192049980163574,54,IN_TRANSIT_TO,2025-03-12 17:42:11,10309,2220,07-96-XS,POINT (-9.192049980163574 38.70914840698242)
6002_706,3267_20250101_147_0_14,147_0,0,38.720298767089844,-9.153800010681152,12,IN_TRANSIT_TO,2025-03-12 17:42:29,6811,6002,98-XU-85,POINT (-9.153800010681152 38.720298767089844)
2712_738,5575_20250101_117_0_2,117_0,0,38.75244903564453,-9.167670249938965,6,IN_TRANSIT_TO,2025-03-12 17:42:41,50462,2712,92-XQ-33,POINT (-9.167670249938965 38.75244903564453)
2223_742,5720_20250101_114_0_11,114_0,0,38.70402145385742,-9.179030418395996,40,IN_TRANSIT_TO,2025-03-12 17:42:17,12121,2223,08-16-XS,POINT (-9.179030418395996 38.70402145385742)
229_773,20156_20250101_124_0_3,124_0,0,38.73691940307617,-9.167369842529297,1,IN_TRANSIT_TO,2025-03-12 17:42:17,6825,229,97-24-XT,POINT (-9.167369842529297 38.73691940307617)
2221_793,7989_20250101_145_0_19,145_0,1,38.74153137207031,-9.129449844360352,4,IN_TRANSIT_TO,2025-03-12 17:42:28,9008,2221,07-95-XS,POINT (-9.129449844360352 38.74153137207031)
6028_732,5062_20250101_107_0_8,107_0,1,38.74732971191406,-9.148200035095215,41,IN_TRANSIT_TO,2025-03-12 17:42:36,2001,6028,BF-68-AX,POINT (-9.148200035095215 38.74732971191406)
234_49B,22224_20250101_251_0_18,251_0,0,38.745418548583984,-9.137579917907715,1,IN_TRANSIT_TO,2025-03-12 17:42:21,50564,234,13-31-XZ,POINT (-9.137579917907715 38.745418548583984)
561_28E,15024_20250101_75_0_9,75_0,1,38.71342086791992,-9.128729820251465,12,IN_TRANSIT_TO,2025-03-12 17:42:31,13813,561,,POINT (-9.128729820251465 38.71342086791992)
412_19B,21687_20250101_245_0_23,245_0,0,38.7224006652832,-9.140700340270996,0,IN_TRANSIT_TO,2025-02-17 19:56:24,,412,BF-65-TC,POINT (-9.140700340270996 38.7224006652832)
568_24E,17842_20250101_213_0_28,213_0,0,38.71712112426758,-9.149200439453125,5,IN_TRANSIT_TO,2025-03-12 17:42:17,10605,568,,POINT (-9.149200439453125 38.71712112426758)
2228_742,5737_20250101_114_0_9,114_0,0,38.71485137939453,-9.1739501953125,34,IN_TRANSIT_TO,2025-03-12 17:42:34,9301,2228,06-24-XX,POINT (-9.1739501953125 38.71485137939453)
2230_771,39065_20250101_248_0_17,248_0,1,38.72309875488281,-9.163570404052734,16,IN_TRANSIT_TO,2025-03-12 17:42:18,8608,2230,06-36-XX,POINT (-9.163570404052734 38.72309875488281)
562_12E,11025_20250101_77_0_17,77_0,1,38.71757125854492,-9.129929542541504,15,IN_TRANSIT_TO,2025-03-12 17:42:33,14803,562,,POINT (-9.129929542541504 38.71757125854492)
2836_751,6514_20250101_109_0_15,109_0,1,38.69742965698242,-9.194029808044434,20,IN_TRANSIT_TO,2025-03-12 17:42:21,4115,2836,BF-70-FZ,POINT (-9.194029808044434 38.69742965698242)
2207_742,5782_20250101_114_0_8,114_0,1,38.73326873779297,-9.133150100708008,41,IN_TRANSIT_TO,2025-03-12 17:42:15,517,2207,01-70-XO,POINT (-9.133150100708008 38.73326873779297)
565_18E,12202_20250101_78_0_18,78_0,1,38.70518112182617,-9.178950309753418,17,IN_TRANSIT_TO,2025-03-12 17:42:17,3905,565,,POINT (-9.178950309753418 38.70518112182617)
2229_735,5252_20250101_172_1_4,172_1,1,38.729881286621094,-9.128069877624512,7,IN_TRANSIT_TO,2025-03-12 17:42:12,9110,2229,06-37-XX,POINT (-9.128069877624512 38.729881286621094)
2233_758,6831_20250101_150_0_12,150_0,0,38.741249084472656,-9.168100357055664,18,IN_TRANSIT_TO,2025-03-12 17:42:37,50472,2233,06-38-XX,POINT (-9.168100357055664 38.741249084472656)
2232_758,6848_20250101_150_0_13,150_0,0,38.72385025024414,-9.160599708557129,11,IN_TRANSIT_TO,2025-03-12 17:42:30,8511,2232,06-23-XX,POINT (-9.160599708557129 38.72385025024414)
2237_716,3753_20250101_164_0_18,164_0,1,38.73588180541992,-9.136899948120117,24,IN_TRANSIT_TO,2025-03-12 17:42:29,11108,2237,06-27-XX,POINT (-9.136899948120117 38.73588180541992)
6008_706,3235_20250101_147_0_7,147_0,1,38.706268310546875,-9.144969940185547,34,IN_TRANSIT_TO,2025-03-12 17:42:28,3803,6008,81-ZC-08,POINT (-9.144969940185547 38.706268310546875)
2238_767,7228_20250101_112_0_9,112_0,0,38.736900329589844,-9.136630058288574,6,IN_TRANSIT_TO,2025-03-12 17:42:05,11102,2238,06-29-XX,POINT (-9.136630058288574 38.736900329589844)
2201_735,5271_20250101_172_1_11,172_1,0,38.72909927368164,-9.128120422363281,16,IN_TRANSIT_TO,2025-03-12 17:42:38,7003,2201,72-15-XN,POINT (-9.128120422363281 38.72909927368164)
230_773,7400_20250101_124_0_4,124_0,0,38.714900970458984,-9.151450157165527,7,IN_TRANSIT_TO,2025-03-12 17:39:58,6714,230,13-33-XZ,POINT (-9.151450157165527 38.714900970458984)
6004_706,3269_20250101_147_0_2,147_0,0,38.720069885253906,-9.154370307922363,11,IN_TRANSIT_TO,2025-03-12 17:42:12,6817,6004,82-ZC-35,POINT (-9.154370307922363 38.720069885253906)
2835_751,6506_20250101_109_0_9,109_0,0,38.70502853393555,-9.17710018157959,8,IN_TRANSIT_TO,2025-03-12 17:42:16,12110,2835,BF-62-FZ,POINT (-9.17710018157959 38.70502853393555)
6027_732,5038_20250101_107_0_8,107_0,0,38.7275505065918,-9.145620346069336,11,IN_TRANSIT_TO,2025-03-12 17:42:24,6602,6027,BF-66-BA,POINT (-9.145620346069336 38.7275505065918)
615_15E,11228_20250101_76_0_16,76_0,1,38.70627975463867,-9.145330429077148,19,IN_TRANSIT_TO,2025-03-12 17:42:33,7101,615,,POINT (-9.145330429077148 38.70627975463867)
407_19B,21687_20250101_245_0_18,245_0,0,38.7169189453125,-9.145899772644043,15,IN_TRANSIT_TO,2025-03-12 17:39:50,50532,407,BF-55-TT,POINT (-9.145899772644043 38.7169189453125)
2241_778,18644_20250101_179_0_19,179_0,1,38.7628288269043,-9.159720420837402,22,IN_TRANSIT_TO,2025-03-12 17:42:15,50014,2241,22-37-ZB,POINT (-9.159720420837402 38.7628288269043)
2262_750,38368_20250101_106_4_2,106_4,1,38.74388122558594,-9.205519676208496,11,IN_TRANSIT_TO,2025-03-12 07:43:27,8811,2262,80-48-ZE,POINT (-9.205519676208496 38.74388122558594)
2265_758,6853_20250101_150_0_11,150_0,0,38.75284957885742,-9.208569526672363,0,IN_TRANSIT_TO,2025-03-12 17:42:15,,2265,76-91-ZG,POINT (-9.208569526672363 38.75284957885742)
2261_750,38367_20250101_106_4_14,106_4,1,38.73188018798828,-9.208769798278809,7,IN_TRANSIT_TO,2025-03-12 17:42:32,14005,2261,80-49-ZE,POINT (-9.208769798278809 38.73188018798828)
2832_728,4722_20250101_204_4_12,204_4,1,38.70869827270508,-9.135479927062988,5,IN_TRANSIT_TO,2025-03-12 17:42:16,4502,2832,BF-68-FZ,POINT (-9.135479927062988 38.70869827270508)
303_744,5819_20250101_200_0_12,200_0,0,38.74232864379883,-9.146719932556152,7,IN_TRANSIT_TO,2025-03-12 17:42:39,1809,303,22-SP-90,POINT (-9.146719932556152 38.74232864379883)
2267_763,46424_20250101_282_0_19,282_0,0,38.778621673583984,-9.164380073547363,6,IN_TRANSIT_TO,2025-03-12 17:42:16,5912,2267,76-86-ZG,POINT (-9.164380073547363 38.778621673583984)
2266_731,5007_20250101_190_0_13,190_0,0,38.74552917480469,-9.153849601745605,11,IN_TRANSIT_TO,2025-03-12 17:42:31,3311,2266,76-92-ZG,POINT (-9.153849601745605 38.74552917480469)
