id,trip_id,route_id,direction_id,latitude,longitude,current_stop_sequence,current_status,timestamp,stop_id,vehicle_id,license_plate,geometry
4648_750,6363_20250901_106_0_8,106_0,0,38.75926971435547,-9.157279968261719,16,IN_TRANSIT_TO,2025-09-07 10:56:58,5810,4648,98-JO-47,POINT (-9.157279968261719 38.75926971435547)
557_28E,14974_20250901_75_0_7,75_0,1,38.72129821777344,-9.12992000579834,29,IN_TRANSIT_TO,2025-09-07 10:57:21,9128,557,,POINT (-9.12992000579834 38.72129821777344)
2302_735,5219_20250901_172_0_8,172_0,1,38.708030700683594,-9.137869834899902,32,IN_TRANSIT_TO,2025-09-07 10:57:02,4502,2302,83-08-ZM,POINT (-9.137869834899902 38.708030700683594)
611_15E,11188_20250901_76_0_6,76_0,1,38.70640182495117,-9.152830123901367,18,IN_TRANSIT_TO,2025-09-07 10:57:19,3901,611,,POINT (-9.152830123901367 38.70640182495117)
4607_750,6334_20250901_106_0_7,106_0,0,38.727420806884766,-9.212420463562012,33,IN_TRANSIT_TO,2025-09-07 10:57:16,18111,4607,96-GL-84,POINT (-9.212420463562012 38.727420806884766)
6022_760,7025_20250901_171_0_8,171_0,0,38.719600677490234,-9.137680053710938,6,IN_TRANSIT_TO,2025-09-07 10:57:04,811,6022,BF-48-BB,POINT (-9.137680053710938 38.719600677490234)
6010_706,3246_20250901_147_0_8,147_0,0,38.71538162231445,-9.154370307922363,10,IN_TRANSIT_TO,2025-09-07 10:56:35,6705,6010,81-ZC-09,POINT (-9.154370307922363 38.71538162231445)
2250_731,19403_20240727_190_0_8,190_0,1,38.78303146362305,-9.114009857177734,3,IN_TRANSIT_TO,2024-08-10 10:41:27,12610,2250,80-41-ZE,POINT (-9.114009857177734 38.78303146362305)
612_15E,11204_20250901_76_0_10,76_0,1,38.69916915893555,-9.185779571533203,11,IN_TRANSIT_TO,2025-09-07 10:56:59,9505,612,,POINT (-9.185779571533203 38.69916915893555)
2321_717,3785_20250901_170_0_9,170_0,0,38.76459884643555,-9.15703010559082,17,IN_TRANSIT_TO,2025-09-07 10:57:17,5811,2321,04-47-ZF,POINT (-9.15703010559082 38.76459884643555)
2830_751,6463_20250901_109_0_6,109_0,1,38.71588134765625,-9.175519943237305,28,IN_TRANSIT_TO,2025-09-07 10:57:08,11903,2830,BF-57-FZ,POINT (-9.175519943237305 38.71588134765625)
2951_26B,17512_20250901_208_2_11,208_2,0,38.78506851196289,-9.095569610595703,4,IN_TRANSIT_TO,2025-09-07 10:57:17,50306,2951,62-GQ-53,POINT (-9.095569610595703 38.78506851196289)
2624_718,3956_20250901_105_0_8,105_0,0,38.75175094604492,-9.104430198669434,8,IN_TRANSIT_TO,2025-09-07 10:57:13,24371,2624,72-VP-82,POINT (-9.104430198669434 38.75175094604492)
4642_750,6289_20250901_106_0_8,106_0,1,38.75736999511719,-9.177530288696289,20,IN_TRANSIT_TO,2025-09-07 10:57:24,10809,4642,90-JI-99,POINT (-9.177530288696289 38.75736999511719)
2943_29B,17526_20250901_209_0_9,209_0,0,38.7741813659668,-9.119270324707031,21,IN_TRANSIT_TO,2025-09-07 10:57:22,50348,2943,51-GL-83,POINT (-9.119270324707031 38.7741813659668)
4611_750,6307_20250901_106_0_6,106_0,1,38.735931396484375,-9.206069946289062,9,IN_TRANSIT_TO,2025-09-07 10:56:56,8807,4611,96-GL-88,POINT (-9.206069946289062 38.735931396484375)
4646_750,6259_20250901_106_0_7,106_0,1,38.75645065307617,-9.102999687194824,35,IN_TRANSIT_TO,2025-09-07 10:57:22,2328,4646,11-JM-79,POINT (-9.102999687194824 38.75645065307617)
4629_736,5364_20250901_199_0_10,199_0,1,38.78683090209961,-9.180419921875,2,IN_TRANSIT_TO,2025-09-07 10:57:14,15103,4629,11-JM-77,POINT (-9.180419921875 38.78683090209961)
2692_738,5538_20250901_117_0_8,117_0,1,38.73366928100586,-9.144669532775879,20,IN_TRANSIT_TO,2025-09-07 10:57:18,1801,2692,90-XF-62,POINT (-9.144669532775879 38.73366928100586)
2690_738,5522_20250901_117_0_3,117_0,0,38.75286865234375,-9.151700019836426,11,IN_TRANSIT_TO,2025-09-07 10:56:56,5704,2690,99-XE-57,POINT (-9.151700019836426 38.75286865234375)
2693_714,3655_20250901_102_0_7,102_0,0,38.70647048950195,-9.154729843139648,4,IN_TRANSIT_TO,2025-09-07 10:57:20,3926,2693,90-XF-46,POINT (-9.154729843139648 38.70647048950195)
2694_738,5543_20250901_117_0_3,117_0,1,38.70412826538086,-9.182700157165527,3,IN_TRANSIT_TO,2025-09-07 10:57:06,12005,2694,90-XF-49,POINT (-9.182700157165527 38.70412826538086)
2695_754,6582_20250901_201_2_8,201_2,1,38.74197006225586,-9.16825008392334,29,IN_TRANSIT_TO,2025-09-07 10:57:18,1603,2695,90-XF-50,POINT (-9.16825008392334 38.74197006225586)
4836_736,5324_20250901_199_0_10,199_0,1,38.731021881103516,-9.146599769592285,24,IN_TRANSIT_TO,2025-09-07 10:57:24,1714,4836,34-VR-23,POINT (-9.146599769592285 38.731021881103516)
4619_750,6312_20250901_106_0_7,106_0,0,38.70558166503906,-9.226829528808594,37,IN_TRANSIT_TO,2025-09-07 10:57:01,18403,4619,22-GP-53,POINT (-9.226829528808594 38.70558166503906)
2959_40B,19270_20250901_212_0_9,212_0,0,38.77317810058594,-9.161470413208008,28,IN_TRANSIT_TO,2025-09-07 10:57:00,5940,2959,27-GU-74,POINT (-9.161470413208008 38.77317810058594)
2681_727,4472_20250901_103_2_7,103_2,1,38.71979904174805,-9.15530014038086,33,IN_TRANSIT_TO,2025-09-07 10:56:54,6817,2681,93-XA-41,POINT (-9.15530014038086 38.71979904174805)
2674_714,3677_20250901_102_0_8,102_0,1,38.703880310058594,-9.207019805908203,18,IN_TRANSIT_TO,2025-09-07 10:57:15,13105,2674,87-XB-38,POINT (-9.207019805908203 38.703880310058594)
2964_774,7432_20250901_192_1_9,192_1,0,38.72032165527344,-9.153800010681152,27,IN_TRANSIT_TO,2025-09-07 10:57:18,6811,2964,30-VM-19,POINT (-9.153800010681152 38.72032165527344)
2962_774,7459_20250901_192_1_10,192_1,1,38.71392822265625,-9.16135025024414,20,IN_TRANSIT_TO,2025-09-07 10:57:14,8109,2962,30-VM-07,POINT (-9.16135025024414 38.71392822265625)
2961_774,7452_20250901_192_1_9,192_1,1,38.71229934692383,-9.136019706726074,35,IN_TRANSIT_TO,2025-09-07 10:56:59,5512,2961,26-VD-02,POINT (-9.136019706726074 38.71229934692383)
6031_732,5087_20250901_107_0_5,107_0,1,38.73912811279297,-9.146100044250488,39,IN_TRANSIT_TO,2025-09-04 14:22:08,1809,6031,BF-87-AX,POINT (-9.146100044250488 38.73912811279297)
604_15E,11282_20250901_76_0_9,76_0,0,38.706478118896484,-9.154219627380371,5,IN_TRANSIT_TO,2025-09-07 10:57:05,7102,604,,POINT (-9.154219627380371 38.706478118896484)
2718_727,4447_20250901_103_2_5,103_2,0,38.707618713378906,-9.173569679260254,23,IN_TRANSIT_TO,2025-09-07 10:57:08,9417,2718,92-XQ-23,POINT (-9.173569679260254 38.707618713378906)
547_28E,14922_20250901_75_0_6,75_0,0,38.721519470214844,-9.130180358886719,6,IN_TRANSIT_TO,2025-09-07 10:57:17,9127,547,,POINT (-9.130180358886719 38.721519470214844)
2347_724,4208_20250901_178_0_10,178_0,1,38.76472854614258,-9.199399948120117,0,IN_TRANSIT_TO,2025-09-07 10:57:15,,2347,53-61-ZJ,POINT (-9.199399948120117 38.76472854614258)
2479_729,4764_20250901_104_0_7,104_0,1,38.76927185058594,-9.190070152282715,42,IN_TRANSIT_TO,2025-09-07 10:57:14,14106,2479,91-BE-74,POINT (-9.190070152282715 38.76927185058594)
2493_720,4060_20250901_143_0_3,143_0,0,38.73883056640625,-9.120420455932617,0,IN_TRANSIT_TO,2025-09-07 10:56:56,,2493,88-BL-65,POINT (-9.120420455932617 38.73883056640625)
2763_746,5980_20250901_108_0_11,108_0,0,38.74448013305664,-9.179149627685547,12,IN_TRANSIT_TO,2025-09-07 10:57:08,10706,2763,AH-23-ND,POINT (-9.179149627685547 38.74448013305664)
2417_729,4786_20250901_104_0_6,104_0,1,38.71405029296875,-9.200980186462402,18,IN_TRANSIT_TO,2025-09-07 10:57:19,10315,2417,50-AL-06,POINT (-9.200980186462402 38.71405029296875)
2755_727,4450_20250901_103_2_7,103_2,0,38.72629928588867,-9.149680137634277,8,IN_TRANSIT_TO,2025-09-07 10:56:10,1206,2755,AG-95-TG,POINT (-9.149680137634277 38.72629928588867)
608_15E,11256_20250901_76_0_5,76_0,0,38.69721984863281,-9.205069541931152,17,IN_TRANSIT_TO,2025-09-07 10:57:13,9610,608,,POINT (-9.205069541931152 38.69721984863281)
2282_758,6789_20250901_150_0_10,150_0,1,38.7471809387207,-9.189399719238281,7,IN_TRANSIT_TO,2025-09-07 10:57:03,10803,2282,67-35-ZJ,POINT (-9.189399719238281 38.7471809387207)
2628_718,3934_20250901_105_0_9,105_0,1,38.7376708984375,-9.10297966003418,19,IN_TRANSIT_TO,2025-09-07 10:57:18,12505,2628,52-VP-82,POINT (-9.10297966003418 38.7376708984375)
2841_728,4694_20250901_204_0_4,204_0,0,38.70896911621094,-9.213520050048828,14,IN_TRANSIT_TO,2025-09-07 10:56:58,12409,2841,BF-55-FZ,POINT (-9.213520050048828 38.70896911621094)
281_76B,35091_20250901_219_0_10,219_0,0,38.705318450927734,-9.19612979888916,27,IN_TRANSIT_TO,2025-09-07 10:56:54,13305,281,AI-48-OJ,POINT (-9.19612979888916 38.705318450927734)
2629_755,17668_20250901_118_0_7,118_0,1,38.755470275878906,-9.126279830932617,20,IN_TRANSIT_TO,2025-09-07 10:57:05,14710,2629,52-VP-81,POINT (-9.126279830932617 38.755470275878906)
4624_736,5304_20250901_199_0_4,199_0,1,38.73099899291992,-9.146650314331055,24,IN_TRANSIT_TO,2025-09-07 10:56:57,1714,4624,11-JM-75,POINT (-9.146650314331055 38.73099899291992)
305_744,5808_20250901_200_0_6,200_0,1,38.763370513916016,-9.12987995147705,14,IN_TRANSIT_TO,2025-09-07 10:57:10,50592,305,73-ST-80,POINT (-9.12987995147705 38.763370513916016)
307_744,5814_20250901_200_0_8,200_0,1,38.757118225097656,-9.139049530029297,17,IN_TRANSIT_TO,2025-09-07 10:57:20,11318,307,73-ST-82,POINT (-9.139049530029297 38.757118225097656)
6035_760,7077_20250901_171_0_2,171_0,1,38.702999114990234,-9.19456958770752,18,IN_TRANSIT_TO,2025-09-07 10:57:14,13401,6035,BG-76-LX,POINT (-9.19456958770752 38.702999114990234)
2765_746,5963_20250901_108_0_12,108_0,1,38.75246810913086,-9.206899642944336,3,IN_TRANSIT_TO,2025-09-07 10:57:20,11001,2765,AH-37-ND,POINT (-9.206899642944336 38.75246810913086)
2978_730,4961_20250901_198_0_6,198_0,1,38.722381591796875,-9.139579772949219,8,IN_TRANSIT_TO,2025-09-07 10:57:02,606,2978,29-VM-92,POINT (-9.139579772949219 38.722381591796875)
2270_767,7263_20250901_112_0_3,112_0,0,38.742801666259766,-9.1383695602417,10,IN_TRANSIT_TO,2025-09-07 10:56:57,6405,2270,76-82-ZG,POINT (-9.1383695602417 38.742801666259766)
6038_732,5037_20250901_107_2_6,107_2,0,38.71492004394531,-9.141050338745117,4,IN_TRANSIT_TO,2025-09-07 10:57:10,1006,6038,BG-46-LV,POINT (-9.141050338745117 38.71492004394531)
6009_760,7048_20250901_171_0_7,171_0,1,38.70814895629883,-9.137550354003906,31,IN_TRANSIT_TO,2025-09-07 10:57:14,3824,6009,81-ZC-18,POINT (-9.137550354003906 38.70814895629883)
4839_796,8115_20250901_174_0_13,174_0,0,38.77109909057617,-9.16018009185791,4,IN_TRANSIT_TO,2025-09-07 10:57:08,5903,4839,53-VR-08,POINT (-9.16018009185791 38.77109909057617)
2345_758,6817_20250901_150_0_11,150_0,0,38.70555114746094,-9.143170356750488,0,IN_TRANSIT_TO,2025-09-07 10:56:36,,2345,53-59-ZJ,POINT (-9.143170356750488 38.70555114746094)
2965_770,19346_20250901_191_0_9,191_0,0,38.7358512878418,-9.179750442504883,12,IN_TRANSIT_TO,2025-09-07 10:56:55,10726,2965,29-VM-97,POINT (-9.179750442504883 38.7358512878418)
2997_52B,35056_20250901_244_0_8,244_0,0,38.736751556396484,-9.149029731750488,14,IN_TRANSIT_TO,2025-09-07 10:57:02,1811,2997,34-VN-03,POINT (-9.149029731750488 38.736751556396484)
4821_736,5397_20250901_199_0_7,199_0,0,38.71617126464844,-9.14175033569336,2,IN_TRANSIT_TO,2025-09-07 10:57:17,1010,4821,20-VQ-68,POINT (-9.14175033569336 38.71617126464844)
2821_753,20090_20250901_167_0_11,167_0,0,38.673728942871094,-9.17389965057373,8,IN_TRANSIT_TO,2025-09-07 10:57:01,14601,2821,BF-71-FZ,POINT (-9.17389965057373 38.673728942871094)
2824_728,4618_20250901_204_0_6,204_0,1,38.77138137817383,-9.1048002243042,7,IN_TRANSIT_TO,2025-09-07 10:56:55,7811,2824,BF-67-FZ,POINT (-9.1048002243042 38.77138137817383)
2613_708,3285_20250901_100_0_7,100_0,0,38.75891876220703,-9.111680030822754,19,IN_TRANSIT_TO,2025-09-07 10:57:23,8409,2613,66-VI-22,POINT (-9.111680030822754 38.75891876220703)
4827_736,5301_20250801_199_0_6,199_0,1,38.726280212402344,-9.1496000289917,26,IN_TRANSIT_TO,2025-08-28 08:45:10,1206,4827,34-VR-15,POINT (-9.1496000289917 38.726280212402344)
6036_760,51293_20250901_171_0_13,171_0,0,38.71220016479492,-9.19873046875,31,IN_TRANSIT_TO,2025-09-07 10:57:05,10315,6036,BG-90-LX,POINT (-9.19873046875 38.71220016479492)
2602_722,41543_20250901_196_0_2,196_0,0,38.74932861328125,-9.130769729614258,15,IN_TRANSIT_TO,2025-09-07 10:56:57,313,2602,16-VF-81,POINT (-9.130769729614258 38.74932861328125)
2638_759,6902_20250901_144_0_7,144_0,1,38.722679138183594,-9.115630149841309,37,IN_TRANSIT_TO,2025-09-07 10:57:21,9808,2638,87-VS-48,POINT (-9.115630149841309 38.722679138183594)
6037_732,5052_20250901_107_2_6,107_2,1,38.704750061035156,-9.198749542236328,13,IN_TRANSIT_TO,2025-09-07 10:57:19,13303,6037,BG-37-LT,POINT (-9.198749542236328 38.704750061035156)
2648_759,6938_20250901_144_0_7,144_0,0,38.74480056762695,-9.113550186157227,23,IN_TRANSIT_TO,2025-09-07 10:57:18,3703,2648,75-VS-46,POINT (-9.113550186157227 38.74480056762695)
2619_708,3282_20250901_100_0_7,100_0,0,38.794578552246094,-9.097319602966309,39,IN_TRANSIT_TO,2025-09-07 10:57:17,50303,2619,66-VI-37,POINT (-9.097319602966309 38.794578552246094)
2698_754,6602_20250901_201_2_7,201_2,0,38.741329193115234,-9.211629867553711,15,IN_TRANSIT_TO,2025-09-07 10:57:07,8818,2698,92-XQ-20,POINT (-9.211629867553711 38.741329193115234)
6039_758,6795_20250901_150_0_9,150_0,0,38.746578216552734,-9.18362045288086,23,IN_TRANSIT_TO,2025-09-07 10:57:13,10702,6039,BG-96-LU,POINT (-9.18362045288086 38.746578216552734)
2716_711,3471_20250901_101_0_7,101_0,1,38.726280212402344,-9.1943998336792,19,IN_TRANSIT_TO,2025-09-07 10:56:56,8704,2716,92-XQ-27,POINT (-9.1943998336792 38.726280212402344)
6025_706,20144_20250901_147_0_4,147_0,1,38.727630615234375,-9.140219688415527,18,IN_TRANSIT_TO,2025-09-07 10:57:11,6905,6025,BF-92-AX,POINT (-9.140219688415527 38.727630615234375)
4820_728,4614_20250901_204_0_6,204_0,1,38.72447967529297,-9.112070083618164,26,IN_TRANSIT_TO,2025-09-07 10:56:42,9810,4820,20-VQ-62,POINT (-9.112070083618164 38.72447967529297)
283_734,5138_20250801_205_0_6,205_0,0,38.71443176269531,-9.123080253601074,16,IN_TRANSIT_TO,2025-08-07 08:52:19,2110,283,AI-49-OJ,POINT (-9.123080253601074 38.71443176269531)
2989_45B,45283_20250901_277_0_9,277_0,0,38.76190185546875,-9.163129806518555,12,IN_TRANSIT_TO,2025-09-07 10:57:07,5808,2989,29-VM-85,POINT (-9.163129806518555 38.76190185546875)
2642_755,6636_20250901_118_0_8,118_0,0,38.75455093383789,-9.144570350646973,33,IN_TRANSIT_TO,2025-09-07 10:57:18,103,2642,75-VS-51,POINT (-9.144570350646973 38.75455093383789)
2632_725,4253_20250901_197_2_4,197_2,1,38.767669677734375,-9.100119590759277,16,IN_TRANSIT_TO,2025-09-07 10:57:07,7825,2632,52-VP-88,POINT (-9.100119590759277 38.767669677734375)
6030_732,5067_20250901_107_2_5,107_2,0,38.705528259277344,-9.204130172729492,26,IN_TRANSIT_TO,2025-09-07 10:57:23,13110,6030,BF-39-AU,POINT (-9.204130172729492 38.705528259277344)
2646_759,6935_20250901_144_0_7,144_0,0,38.73217010498047,-9.114720344543457,17,IN_TRANSIT_TO,2025-09-07 10:57:09,17569,2646,75-VS-48,POINT (-9.114720344543457 38.73217010498047)
2993_702,3055_20250901_146_0_12,146_0,1,38.72489929199219,-9.149820327758789,13,IN_TRANSIT_TO,2025-09-07 10:57:18,50197,2993,29-VM-93,POINT (-9.149820327758789 38.72489929199219)
2468_729,4761_20250901_104_0_8,104_0,0,38.76491928100586,-9.199270248413086,6,IN_TRANSIT_TO,2025-09-07 10:57:06,13909,2468,16-AZ-10,POINT (-9.199270248413086 38.76491928100586)
6042_732,5049_20250901_107_2_6,107_2,1,38.72002029418945,-9.145319938659668,34,IN_TRANSIT_TO,2025-09-07 10:57:10,1103,6042,BG-97-LU,POINT (-9.145319938659668 38.72002029418945)
2996_774,7439_20250901_192_1_7,192_1,0,38.707698822021484,-9.159629821777344,9,IN_TRANSIT_TO,2025-09-07 10:57:05,10010,2996,30-VM-03,POINT (-9.159629821777344 38.707698822021484)
2769_746,5955_20250901_108_0_12,108_0,1,38.72610092163086,-9.149849891662598,24,IN_TRANSIT_TO,2025-09-07 10:57:04,1206,2769,AH-19-ND,POINT (-9.149849891662598 38.72610092163086)
556_28E,14897_20250901_75_0_4,75_0,0,38.71131896972656,-9.130629539489746,13,IN_TRANSIT_TO,2025-09-07 10:57:01,13812,556,,POINT (-9.130629539489746 38.71131896972656)
549_28E,15026_20250901_75_0_4,75_0,0,38.71421813964844,-9.169500350952148,34,IN_TRANSIT_TO,2025-09-07 10:57:11,8017,549,,POINT (-9.169500350952148 38.71421813964844)
2686_738,5511_20250901_117_0_7,117_0,0,38.7036018371582,-9.168620109558105,31,IN_TRANSIT_TO,2025-09-07 10:57:11,10204,2686,99-XE-58,POINT (-9.168620109558105 38.7036018371582)
2626_744,5828_20250901_200_0_5,200_0,0,38.76818084716797,-9.127519607543945,18,IN_TRANSIT_TO,2025-09-07 10:57:13,7601,2626,52-VP-86,POINT (-9.127519607543945 38.76818084716797)
2620_725,4243_20250901_197_2_13,197_2,0,38.79016876220703,-9.124150276184082,14,IN_TRANSIT_TO,2025-09-07 10:57:06,16307,2620,66-VI-33,POINT (-9.124150276184082 38.79016876220703)
2829_751,6474_20250901_109_0_11,109_0,1,38.700801849365234,-9.221630096435547,12,IN_TRANSIT_TO,2025-09-07 10:57:21,4204,2829,BF-58-FZ,POINT (-9.221630096435547 38.700801849365234)
503_15E,11305_20250901_76_0_2,76_0,1,38.7127685546875,-9.137630462646484,23,IN_TRANSIT_TO,2025-09-07 10:57:17,50621,503,,POINT (-9.137630462646484 38.7127685546875)
2621_793,7977_20250901_145_0_9,145_0,1,38.73685073852539,-9.112750053405762,23,IN_TRANSIT_TO,2025-09-07 10:57:00,3712,2621,66-VI-45,POINT (-9.112750053405762 38.73685073852539)
2622_759,17639_20250901_144_0_4,144_0,1,38.72446823120117,-9.113730430603027,37,IN_TRANSIT_TO,2025-09-07 10:57:07,9808,2622,66-VI-21,POINT (-9.113730430603027 38.72446823120117)
2603_783,7807_20250901_203_2_10,203_2,1,38.754051208496094,-9.152580261230469,16,IN_TRANSIT_TO,2025-09-07 10:56:56,11321,2603,16-VF-76,POINT (-9.152580261230469 38.754051208496094)
2986_55B,35095_20250901_240_0_11,240_0,0,38.76034927368164,-9.18340015411377,16,IN_TRANSIT_TO,2025-09-07 10:57:21,12804,2986,30-VM-12,POINT (-9.18340015411377 38.76034927368164)
2701_764,7137_20250901_168_2_14,168_2,1,38.74851989746094,-9.191149711608887,18,IN_TRANSIT_TO,2025-09-07 10:57:15,10815,2701,92-XQ-35,POINT (-9.191149711608887 38.74851989746094)
551_28E,14962_20250901_75_0_5,75_0,1,38.71512985229492,-9.136819839477539,35,IN_TRANSIT_TO,2025-09-07 10:57:02,804,551,,POINT (-9.136819839477539 38.71512985229492)
2711_727,4491_20250901_103_2_8,103_2,1,38.69878005981445,-9.186829566955566,16,IN_TRANSIT_TO,2025-09-07 10:57:09,9505,2711,92-XQ-44,POINT (-9.186829566955566 38.69878005981445)
2616_708,3304_20250901_100_0_7,100_0,0,38.74100112915039,-9.133429527282715,9,IN_TRANSIT_TO,2025-09-07 10:57:02,411,2616,66-VI-44,POINT (-9.133429527282715 38.74100112915039)
552_28E,15000_20250901_75_0_5,75_0,1,38.708431243896484,-9.139730453491211,17,IN_TRANSIT_TO,2025-09-07 10:56:50,10521,552,,POINT (-9.139730453491211 38.708431243896484)
2634_718,3945_20250901_105_0_10,105_0,0,38.74428176879883,-9.134180068969727,31,IN_TRANSIT_TO,2025-09-07 10:57:20,50109,2634,52-VP-85,POINT (-9.134180068969727 38.74428176879883)
2663_714,3697_20240914_102_0_16,102_0,1,38.72127151489258,-9.221500396728516,4,IN_TRANSIT_TO,2024-10-22 20:26:58,18703,2663,05-VZ-62,POINT (-9.221500396728516 38.72127151489258)
2659_711,3450_20250901_101_0_7,101_0,0,38.72433090209961,-9.16094970703125,9,IN_TRANSIT_TO,2025-09-07 10:56:37,8501,2659,05-VZ-57,POINT (-9.16094970703125 38.72433090209961)
576_28E,15014_20250901_75_0_7,75_0,1,38.714080810546875,-9.169119834899902,0,IN_TRANSIT_TO,2025-09-07 10:57:22,,576,,POINT (-9.169119834899902 38.714080810546875)
579_28E,14910_20250901_75_0_8,75_0,0,38.71257019042969,-9.130680084228516,12,IN_TRANSIT_TO,2025-09-07 10:57:04,13814,579,,POINT (-9.130680084228516 38.71257019042969)
554_28E,14988_20250901_75_0_3,75_0,1,38.70998001098633,-9.135780334472656,18,IN_TRANSIT_TO,2025-09-07 10:57:16,50149,554,,POINT (-9.135780334472656 38.70998001098633)
2995_774,7469_20250901_192_1_5,192_1,1,38.72639846801758,-9.14507007598877,3,IN_TRANSIT_TO,2025-09-07 10:57:14,6610,2995,30-VM-15,POINT (-9.14507007598877 38.72639846801758)
580_28E,15040_20250901_75_0_6,75_0,0,38.714351654052734,-9.1693696975708,34,IN_TRANSIT_TO,2025-09-07 10:57:09,8017,580,,POINT (-9.1693696975708 38.714351654052734)
4804_728,4638_20250901_204_0_4,204_0,0,38.773929595947266,-9.1048002243042,45,IN_TRANSIT_TO,2025-09-07 10:56:59,7807,4804,53-VR-07,POINT (-9.1048002243042 38.773929595947266)
550_12E,11027_20250901_77_0_7,77_0,1,38.70832061767578,-9.139849662780762,5,IN_TRANSIT_TO,2025-09-07 10:56:31,10521,550,,POINT (-9.139849662780762 38.70832061767578)
2696_754,6596_20250901_201_2_8,201_2,1,38.74177932739258,-9.206729888916016,14,IN_TRANSIT_TO,2025-09-07 10:57:21,8815,2696,90-XF-63,POINT (-9.206729888916016 38.74177932739258)
2662_714,3636_20250901_102_0_5,102_0,0,38.697418212890625,-9.19944953918457,19,IN_TRANSIT_TO,2025-09-07 10:56:54,4112,2662,05-VZ-51,POINT (-9.19944953918457 38.697418212890625)
264_79B,35098_20250901_221_0_8,221_0,0,38.70967102050781,-9.215049743652344,28,IN_TRANSIT_TO,2025-09-07 10:57:23,13309,264,AG-42-OV,POINT (-9.215049743652344 38.70967102050781)
2641_759,6913_20250901_144_0_7,144_0,1,38.76156997680664,-9.1139497756958,17,IN_TRANSIT_TO,2025-09-07 10:57:06,8433,2641,75-VS-49,POINT (-9.1139497756958 38.76156997680664)
2630_722,4117_20250901_196_0_8,196_0,1,38.742881774902344,-9.13302993774414,23,IN_TRANSIT_TO,2025-09-07 10:57:16,308,2630,52-VP-89,POINT (-9.13302993774414 38.742881774902344)
272_37B,35072_20250901_224_0_11,224_0,0,38.723148345947266,-9.121549606323242,5,IN_TRANSIT_TO,2025-09-07 10:57:05,9819,272,AH-26-IN,POINT (-9.121549606323242 38.723148345947266)
2645_708,3307_20250901_100_0_7,100_0,1,38.76007843017578,-9.117050170898438,26,IN_TRANSIT_TO,2025-09-07 10:57:14,8406,2645,87-VS-49,POINT (-9.117050170898438 38.76007843017578)
2983_34B,35070_20250901_226_0_5,226_0,0,38.745121002197266,-9.116350173950195,36,IN_TRANSIT_TO,2025-09-07 10:57:03,3604,2983,30-VM-08,POINT (-9.116350173950195 38.745121002197266)
262_61B,35068_20250901_241_0_14,241_0,0,38.72351837158203,-9.170829772949219,0,IN_TRANSIT_TO,2025-09-07 10:57:00,,262,AF-49-ZD,POINT (-9.170829772949219 38.72351837158203)
2972_45B,45282_20250901_277_0_9,277_0,1,38.760318756103516,-9.156749725341797,13,IN_TRANSIT_TO,2025-09-07 10:57:10,5803,2972,29-VM-96,POINT (-9.156749725341797 38.760318756103516)
2625_759,6916_20250901_144_0_5,144_0,0,38.77080154418945,-9.109580039978027,41,IN_TRANSIT_TO,2025-09-07 10:57:08,7802,2625,72-VP-79,POINT (-9.109580039978027 38.77080154418945)
2402_726,4293_20250901_116_0_8,116_0,1,38.76451873779297,-9.199970245361328,3,IN_TRANSIT_TO,2025-09-07 10:57:15,13905,2402,50-AL-13,POINT (-9.199970245361328 38.76451873779297)
2404_767,7222_20250901_112_0_6,112_0,1,38.754371643066406,-9.19795036315918,12,IN_TRANSIT_TO,2025-09-07 10:57:18,10909,2404,50-AL-11,POINT (-9.19795036315918 38.754371643066406)
1708_717,3867_20250901_170_0_6,170_0,1,38.795928955078125,-9.149519920349121,3,IN_TRANSIT_TO,2025-09-07 10:57:21,16005,1708,69-AL-71,POINT (-9.149519920349121 38.795928955078125)
2822_728,4574_20250901_204_0_5,204_0,1,38.697330474853516,-9.189330101013184,41,IN_TRANSIT_TO,2025-09-07 10:57:09,9502,2822,BF-54-FZ,POINT (-9.189330101013184 38.697330474853516)
2293_724,4188_20250901_178_0_8,178_0,1,38.71274948120117,-9.179880142211914,25,IN_TRANSIT_TO,2025-09-07 10:57:22,11804,2293,92-57-ZM,POINT (-9.179880142211914 38.71274948120117)
2812_783,7820_20250901_203_2_8,203_2,0,38.77798080444336,-9.118720054626465,23,IN_TRANSIT_TO,2025-09-07 10:53:02,12311,2812,90-II-61,POINT (-9.118720054626465 38.77798080444336)
2496_735,5208_20250901_172_0_9,172_0,0,38.710269927978516,-9.127849578857422,4,IN_TRANSIT_TO,2025-09-07 10:56:59,4501,2496,88-BL-70,POINT (-9.127849578857422 38.710269927978516)
4639_736,41540_20250901_199_0_3,199_0,0,38.71446990966797,-9.139749526977539,0,IN_TRANSIT_TO,2025-09-07 10:57:09,,4639,27-JO-13,POINT (-9.139749526977539 38.71446990966797)
4647_750,6267_20250901_106_0_8,106_0,1,38.75654983520508,-9.181180000305176,20,IN_TRANSIT_TO,2025-09-07 10:57:13,10809,4647,02-JN-88,POINT (-9.181180000305176 38.75654983520508)
1749_735,5250_20250901_172_0_15,172_0,0,38.74905014038086,-9.141619682312012,25,IN_TRANSIT_TO,2025-09-01 17:40:10,201,1749,92-HR-06,POINT (-9.141619682312012 38.74905014038086)
2813_755,17790_20250901_118_0_5,118_0,1,38.744171142578125,-9.167929649353027,2,IN_TRANSIT_TO,2025-09-07 10:57:08,1603,2813,90-II-53,POINT (-9.167929649353027 38.744171142578125)
1747_717,3848_20250901_170_0_8,170_0,1,38.774269104003906,-9.159480094909668,20,IN_TRANSIT_TO,2025-09-07 10:57:02,50163,1747,92-HR-04,POINT (-9.159480094909668 38.774269104003906)
4802_751,6441_20250901_109_0_13,109_0,0,38.701778411865234,-9.181119918823242,10,IN_TRANSIT_TO,2025-09-07 10:57:15,12108,4802,77-VP-17,POINT (-9.181119918823242 38.701778411865234)
4640_736,18823_20250901_199_0_9,199_0,0,38.739280700683594,-9.146100044250488,8,IN_TRANSIT_TO,2025-09-07 10:56:52,1809,4640,02-JN-87,POINT (-9.146100044250488 38.739280700683594)
2761_712,3527_20250901_189_2_13,189_2,1,38.718101501464844,-9.12738037109375,13,IN_TRANSIT_TO,2025-09-07 10:57:09,9122,2761,AH-33-ND,POINT (-9.12738037109375 38.718101501464844)
2810_793,7998_20250901_145_0_8,145_0,0,38.747379302978516,-9.110250473022461,18,IN_TRANSIT_TO,2025-09-07 10:57:23,2211,2810,01-IH-99,POINT (-9.110250473022461 38.747379302978516)
2820_755,6680_20250901_118_0_7,118_0,1,38.74372863769531,-9.099900245666504,39,IN_TRANSIT_TO,2025-09-07 10:56:57,12524,2820,90-II-60,POINT (-9.099900245666504 38.74372863769531)
2280_731,5009_20250901_190_0_6,190_0,1,38.78137969970703,-9.113900184631348,6,IN_TRANSIT_TO,2025-09-07 10:57:15,12613,2280,67-40-ZJ,POINT (-9.113900184631348 38.78137969970703)
2762_723,4142_20250901_121_0_10,121_0,1,38.72032928466797,-9.138629913330078,34,IN_TRANSIT_TO,2025-09-07 10:56:54,9214,2762,AH-38-ND,POINT (-9.138629913330078 38.72032928466797)
302_722,41542_20250901_196_0_7,196_0,0,38.76974868774414,-9.126049995422363,22,IN_TRANSIT_TO,2025-09-07 10:57:03,7603,302,22-SP-89,POINT (-9.126049995422363 38.76974868774414)
2425_703,3137_20250901_165_0_9,165_0,0,38.78200149536133,-9.147500038146973,8,IN_TRANSIT_TO,2025-09-07 10:57:10,6022,2425,29-AU-20,POINT (-9.147500038146973 38.78200149536133)
2278_758,6772_20250901_150_0_10,150_0,1,38.72782897949219,-9.162320137023926,19,IN_TRANSIT_TO,2025-09-07 10:57:16,6122,2278,67-41-ZJ,POINT (-9.162320137023926 38.72782897949219)
2623_708,3326_20250901_100_0_6,100_0,1,38.762271881103516,-9.116800308227539,22,IN_TRANSIT_TO,2025-09-07 10:57:06,8438,2623,66-VI-26,POINT (-9.116800308227539 38.762271881103516)
2756_712,3537_20250901_189_2_13,189_2,0,38.727569580078125,-9.13936996459961,13,IN_TRANSIT_TO,2025-09-07 10:57:14,616,2756,AH-27-ND,POINT (-9.13936996459961 38.727569580078125)
1711_701,2935_20250901_123_0_11,123_0,1,38.7377815246582,-9.167679786682129,10,IN_TRANSIT_TO,2025-09-07 10:57:15,2711,1711,69-AL-74,POINT (-9.167679786682129 38.7377815246582)
1775_794,8076_20250901_115_0_6,115_0,1,38.746131896972656,-9.119629859924316,25,IN_TRANSIT_TO,2025-09-07 10:57:03,3607,1775,53-HX-08,POINT (-9.119629859924316 38.746131896972656)
2759_714,3633_20250901_102_0_7,102_0,0,38.72251892089844,-9.229869842529297,40,IN_TRANSIT_TO,2025-09-07 10:57:00,18602,2759,AH-21-ND,POINT (-9.229869842529297 38.72251892089844)
2745_742,5684_20250901_114_0_5,114_0,0,38.70502853393555,-9.18772029876709,43,IN_TRANSIT_TO,2025-09-07 10:57:09,12002,2745,AG-06-TH,POINT (-9.18772029876709 38.70502853393555)
2754_742,5703_20250901_114_0_6,114_0,0,38.73387908935547,-9.134949684143066,17,IN_TRANSIT_TO,2025-09-07 10:56:40,503,2754,AG-01-TH,POINT (-9.134949684143066 38.73387908935547)
1706_717,3796_20250901_170_0_9,170_0,0,38.757469177246094,-9.140469551086426,11,IN_TRANSIT_TO,2025-09-07 10:57:05,11307,1706,69-AL-69,POINT (-9.140469551086426 38.757469177246094)
4628_736,5344_20250901_199_0_10,199_0,1,38.761348724365234,-9.157230377197266,14,IN_TRANSIT_TO,2025-09-07 10:57:14,5808,4628,27-JO-10,POINT (-9.157230377197266 38.761348724365234)
2767_723,4145_20250901_121_0_10,121_0,1,38.70220184326172,-9.217000007629395,7,IN_TRANSIT_TO,2025-09-07 10:57:03,9712,2767,AH-34-ND,POINT (-9.217000007629395 38.70220184326172)
403_19B,35051_20250901_245_0_5,245_0,0,38.720001220703125,-9.155280113220215,7,IN_TRANSIT_TO,2025-09-07 10:55:44,6810,403,BF-84-TA,POINT (-9.155280113220215 38.720001220703125)
2454_729,4783_20250901_104_0_6,104_0,1,38.76166915893555,-9.196649551391602,36,IN_TRANSIT_TO,2025-09-07 10:57:01,12812,2454,16-AZ-18,POINT (-9.196649551391602 38.76166915893555)
2801_755,6658_20250901_118_0_7,118_0,0,38.74626922607422,-9.11283016204834,11,IN_TRANSIT_TO,2025-09-07 10:57:18,3703,2801,38-HU-27,POINT (-9.11283016204834 38.74626922607422)
1780_717,3774_20250901_170_0_6,170_0,0,38.77817916870117,-9.145580291748047,29,IN_TRANSIT_TO,2025-09-07 10:57:07,11511,1780,63-HX-18,POINT (-9.145580291748047 38.77817916870117)
1769_717,3818_20250901_170_0_6,170_0,1,38.74082946777344,-9.133429527282715,37,IN_TRANSIT_TO,2025-09-07 10:56:57,308,1769,63-HX-24,POINT (-9.133429527282715 38.74082946777344)
1768_717,3829_20250901_170_0_8,170_0,1,38.74327850341797,-9.132699966430664,37,IN_TRANSIT_TO,2025-09-07 10:57:17,308,1768,63-HX-23,POINT (-9.132699966430664 38.74327850341797)
2768_723,4164_20250901_121_0_5,121_0,0,38.722801208496094,-9.168749809265137,10,IN_TRANSIT_TO,2025-09-07 10:57:11,8607,2768,AH-25-ND,POINT (-9.168749809265137 38.722801208496094)
2666_727,4469_20250901_103_2_2,103_2,1,38.7380485534668,-9.145719528198242,40,IN_TRANSIT_TO,2025-09-07 10:57:00,1801,2666,87-XB-39,POINT (-9.145719528198242 38.7380485534668)
1756_735,5193_20250901_172_0_7,172_0,0,38.74259948730469,-9.137900352478027,23,IN_TRANSIT_TO,2025-09-07 10:57:16,305,1756,34-HU-22,POINT (-9.137900352478027 38.74259948730469)
2470_703,20080_20250901_165_0_6,165_0,1,38.762420654296875,-9.179670333862305,14,IN_TRANSIT_TO,2025-09-07 10:57:15,12836,2470,74-BC-71,POINT (-9.179670333862305 38.762420654296875)
1762_717,3876_20250901_170_0_3,170_0,0,38.79867172241211,-9.147729873657227,39,IN_TRANSIT_TO,2025-09-07 10:56:55,16004,1762,63-HX-32,POINT (-9.147729873657227 38.79867172241211)
2433_703,3126_20250901_165_0_3,165_0,0,38.766029357910156,-9.182649612426758,25,IN_TRANSIT_TO,2025-09-07 10:57:03,12810,2433,44-BC-28,POINT (-9.182649612426758 38.766029357910156)
2771_748,18027_20250901_169_0_12,169_0,1,38.715850830078125,-9.220120429992676,6,IN_TRANSIT_TO,2025-09-07 10:57:13,14311,2771,AH-20-ND,POINT (-9.220120429992676 38.715850830078125)
2469_747,6094_20250901_177_0_9,177_0,0,38.76462936401367,-9.199419975280762,20,IN_TRANSIT_TO,2025-09-07 10:57:03,13909,2469,16-AZ-09,POINT (-9.199419975280762 38.76462936401367)
1704_701,2953_20250901_123_0_10,123_0,0,38.7558708190918,-9.169500350952148,12,IN_TRANSIT_TO,2025-09-07 10:57:05,13621,1704,35-AL-14,POINT (-9.169500350952148 38.7558708190918)
2268_758,6811_20250901_150_0_5,150_0,0,38.72024917602539,-9.155170440673828,8,IN_TRANSIT_TO,2025-09-07 10:57:07,6812,2268,76-87-ZG,POINT (-9.155170440673828 38.72024917602539)
2447_703,3111_20250901_165_0_9,165_0,0,38.745121002197266,-9.20182991027832,38,IN_TRANSIT_TO,2025-09-07 10:56:52,2806,2447,44-BC-33,POINT (-9.20182991027832 38.745121002197266)
2772_764,7144_20250901_168_2_13,168_2,0,38.7440185546875,-9.219770431518555,15,IN_TRANSIT_TO,2025-09-07 10:57:05,3012,2772,AH-24-ND,POINT (-9.219770431518555 38.7440185546875)
2752_735,5184_20250901_172_0_7,172_0,0,38.744049072265625,-9.139069557189941,23,IN_TRANSIT_TO,2025-09-07 10:57:01,305,2752,AG-18-TH,POINT (-9.139069557189941 38.744049072265625)
1758_717,3859_20250901_170_0_7,170_0,1,38.77920150756836,-9.141469955444336,11,IN_TRANSIT_TO,2025-09-07 10:56:54,6011,1758,34-HU-24,POINT (-9.141469955444336 38.77920150756836)
2497_720,4041_20250901_143_0_11,143_0,0,38.725528717041016,-9.148420333862305,14,IN_TRANSIT_TO,2025-09-07 10:56:12,1202,2497,88-BL-71,POINT (-9.148420333862305 38.725528717041016)
2461_747,6099_20250901_177_0_7,177_0,0,38.76620101928711,-9.182519912719727,12,IN_TRANSIT_TO,2025-09-07 10:57:15,12810,2461,55-BH-04,POINT (-9.182519912719727 38.76620101928711)
2449_703,3102_20250901_165_0_8,165_0,1,38.744850158691406,-9.199780464172363,4,IN_TRANSIT_TO,2025-09-07 10:56:45,2812,2449,44-BC-35,POINT (-9.199780464172363 38.744850158691406)
2437_767,7200_20250901_112_0_6,112_0,1,38.73788070678711,-9.141449928283691,38,IN_TRANSIT_TO,2025-09-07 10:57:16,11109,2437,29-AX-09,POINT (-9.141449928283691 38.73788070678711)
2269_768,7339_20250901_111_2_6,111_2,0,38.759029388427734,-9.180769920349121,15,IN_TRANSIT_TO,2025-09-07 10:57:01,13608,2269,76-88-ZG,POINT (-9.180769920349121 38.759029388427734)
2758_714,3658_20250901_102_0_4,102_0,1,38.705448150634766,-9.176349639892578,28,IN_TRANSIT_TO,2025-09-07 10:57:10,12105,2758,AH-36-ND,POINT (-9.176349639892578 38.705448150634766)
1766_717,3840_20250901_170_0_6,170_0,1,38.758079528808594,-9.141220092773438,28,IN_TRANSIT_TO,2025-09-07 10:56:35,11304,1766,63-HX-33,POINT (-9.141220092773438 38.758079528808594)
2465_767,7253_20250901_112_0_7,112_0,0,38.762081146240234,-9.163299560546875,19,IN_TRANSIT_TO,2025-09-07 10:57:07,5825,2465,55-BH-00,POINT (-9.163299560546875 38.762081146240234)
1777_794,8034_20250901_115_0_8,115_0,1,38.76322937011719,-9.10396957397461,3,IN_TRANSIT_TO,2025-09-07 10:56:23,2322,1777,63-HX-31,POINT (-9.10396957397461 38.76322937011719)
2307_742,5725_20250901_114_0_6,114_0,1,38.724220275878906,-9.113900184631348,50,IN_TRANSIT_TO,2025-09-07 10:56:55,9805,2307,83-20-ZM,POINT (-9.113900184631348 38.724220275878906)
2271_768,7323_20250901_111_2_8,111_2,1,38.76517105102539,-9.198869705200195,17,IN_TRANSIT_TO,2025-09-07 10:57:17,13909,2271,92-54-ZM,POINT (-9.198869705200195 38.76517105102539)
2498_720,4063_20250901_143_0_10,143_0,1,38.73833084106445,-9.127180099487305,29,IN_TRANSIT_TO,2025-09-07 10:56:55,9006,2498,03-BM-57,POINT (-9.127180099487305 38.73833084106445)
1776_794,8057_20250901_115_0_9,115_0,0,38.74842071533203,-9.118570327758789,16,IN_TRANSIT_TO,2025-09-07 10:57:16,3606,1776,53-HX-09,POINT (-9.118570327758789 38.74842071533203)
4603_750,6351_20250901_106_0_7,106_0,0,38.7451286315918,-9.205069541931152,27,IN_TRANSIT_TO,2025-09-07 10:57:21,8816,4603,96-GL-81,POINT (-9.205069541931152 38.7451286315918)
2306_735,5234_20250901_172_0_6,172_0,1,38.7327995300293,-9.13086986541748,15,IN_TRANSIT_TO,2025-09-07 10:56:33,504,2306,83-19-ZM,POINT (-9.13086986541748 38.7327995300293)
1712_701,2956_20250901_123_0_6,123_0,0,38.75606918334961,-9.1764497756958,13,IN_TRANSIT_TO,2025-09-07 10:56:58,50177,1712,69-AL-75,POINT (-9.1764497756958 38.75606918334961)
2484_767,7208_20250901_112_0_4,112_0,1,38.754798889160156,-9.186380386352539,17,IN_TRANSIT_TO,2025-09-07 10:57:21,10813,2484,91-BE-76,POINT (-9.186380386352539 38.754798889160156)
601_15E,11266_20250901_76_0_3,76_0,0,38.70481872558594,-9.17704963684082,9,IN_TRANSIT_TO,2025-09-07 10:57:07,4004,601,,POINT (-9.17704963684082 38.70481872558594)
605_15E,11214_20250901_76_0_4,76_0,1,38.697078704833984,-9.205470085144043,6,IN_TRANSIT_TO,2025-09-07 10:56:58,13209,605,,POINT (-9.205470085144043 38.697078704833984)
2240_729,4805_20250901_104_0_9,104_0,1,38.69902038574219,-9.227179527282715,0,IN_TRANSIT_TO,2025-09-07 10:57:09,,2240,06-31-XX,POINT (-9.227179527282715 38.69902038574219)
2297_724,19280_20250901_178_0_7,178_0,0,38.74507141113281,-9.198019981384277,16,IN_TRANSIT_TO,2025-09-07 10:57:14,10831,2297,83-06-ZM,POINT (-9.198019981384277 38.74507141113281)
2401_726,4268_20250901_116_0_7,116_0,0,38.75387954711914,-9.174750328063965,22,IN_TRANSIT_TO,2025-09-07 10:56:56,13617,2401,50-AL-14,POINT (-9.174750328063965 38.75387954711914)
228_773,7375_20250901_124_0_16,124_0,1,38.71271896362305,-9.16646957397461,9,IN_TRANSIT_TO,2025-09-07 10:57:06,10108,228,84-39-XQ,POINT (-9.16646957397461 38.71271896362305)
2474_726,4271_20250901_116_0_9,116_0,0,38.731529235839844,-9.13992977142334,7,IN_TRANSIT_TO,2025-09-07 10:57:06,6504,2474,74-BC-67,POINT (-9.13992977142334 38.731529235839844)
2303_794,8042_20250901_115_0_9,115_0,0,38.75162887573242,-9.10431957244873,31,IN_TRANSIT_TO,2025-09-07 10:57:11,24371,2303,83-11-ZM,POINT (-9.10431957244873 38.75162887573242)
2748_742,5728_20250901_114_0_6,114_0,1,38.7105712890625,-9.191519737243652,5,IN_TRANSIT_TO,2025-09-07 10:57:02,10308,2748,AG-96-TG,POINT (-9.191519737243652 38.7105712890625)
4840_796,8129_20250901_174_0_14,174_0,1,38.76457977294922,-9.157079696655273,15,IN_TRANSIT_TO,2025-09-07 10:57:22,5814,4840,45-VX-93,POINT (-9.157079696655273 38.76457977294922)
4609_750,6382_20250901_106_0_4,106_0,1,38.7586784362793,-9.112930297851562,33,IN_TRANSIT_TO,2025-09-07 10:56:54,8409,4609,96-GL-86,POINT (-9.112930297851562 38.7586784362793)
2289_724,4209_20250901_178_0_10,178_0,1,38.761199951171875,-9.196629524230957,2,IN_TRANSIT_TO,2025-09-07 10:57:06,13911,2289,92-60-ZM,POINT (-9.196629524230957 38.761199951171875)
2405_729,4808_20250901_104_0_4,104_0,0,38.70677947998047,-9.19909954071045,30,IN_TRANSIT_TO,2025-09-07 10:57:02,10310,2405,50-AL-10,POINT (-9.19909954071045 38.70677947998047)
2831_728,4678_20250901_204_0_5,204_0,0,38.70827102661133,-9.133399963378906,21,IN_TRANSIT_TO,2025-09-07 10:57:21,5501,2831,BF-72-FZ,POINT (-9.133399963378906 38.70827102661133)
4838_755,6631_20250801_118_0_4,118_0,0,38.75141906738281,-9.123479843139648,25,IN_TRANSIT_TO,2025-08-28 05:46:24,14715,4838,34-VR-22,POINT (-9.123479843139648 38.75141906738281)
2751_742,5663_20250901_114_0_6,114_0,1,38.70412063598633,-9.185469627380371,16,IN_TRANSIT_TO,2025-09-07 10:57:00,12007,2751,AG-12-TH,POINT (-9.185469627380371 38.70412063598633)
2438_726,4312_20250901_116_0_5,116_0,0,38.76142120361328,-9.196579933166504,29,IN_TRANSIT_TO,2025-09-07 10:56:48,13912,2438,44-BC-29,POINT (-9.196579933166504 38.76142120361328)
2825_751,6485_20250901_109_0_11,109_0,0,38.699920654296875,-9.205780029296875,17,IN_TRANSIT_TO,2025-09-07 10:56:55,9608,2825,BF-53-FZ,POINT (-9.205780029296875 38.699920654296875)
1709_717,3807_20250901_170_0_5,170_0,0,38.73738098144531,-9.133700370788574,2,IN_TRANSIT_TO,2025-09-07 10:57:22,414,1709,69-AL-72,POINT (-9.133700370788574 38.73738098144531)
2418_703,3151_20250901_165_0_4,165_0,1,38.78219985961914,-9.147430419921875,33,IN_TRANSIT_TO,2025-09-07 10:56:59,6018,2418,92-AO-54,POINT (-9.147430419921875 38.78219985961914)
2843_728,4594_20250901_204_0_3,204_0,1,38.7087516784668,-9.133500099182129,32,IN_TRANSIT_TO,2025-09-07 10:57:03,4502,2843,BF-63-FZ,POINT (-9.133500099182129 38.7087516784668)
2225_742,5742_20250901_114_0_4,114_0,1,38.7194709777832,-9.170820236206055,26,IN_TRANSIT_TO,2025-09-07 10:57:19,9304,2225,08-03-XS,POINT (-9.170820236206055 38.7194709777832)
2217_720,4082_20250901_143_0_11,143_0,1,38.71131896972656,-9.164299964904785,9,IN_TRANSIT_TO,2025-09-07 10:57:15,10101,2217,07-99-XS,POINT (-9.164299964904785 38.71131896972656)
2834_728,4674_20250901_204_0_5,204_0,0,38.74721908569336,-9.099320411682129,35,IN_TRANSIT_TO,2025-09-07 10:57:11,50338,2834,BF-76-FZ,POINT (-9.099320411682129 38.74721908569336)
614_15E,11291_20250901_76_0_10,76_0,0,38.71192169189453,-9.136449813842773,1,IN_TRANSIT_TO,2025-09-07 10:56:45,50620,614,,POINT (-9.136449813842773 38.71192169189453)
229_58B,35054_20250901_227_0_10,227_0,0,38.753971099853516,-9.18185043334961,13,IN_TRANSIT_TO,2025-09-07 10:57:01,50423,229,97-24-XT,POINT (-9.18185043334961 38.753971099853516)
6028_760,51292_20250901_171_0_2,171_0,0,38.70484924316406,-9.177080154418945,17,IN_TRANSIT_TO,2025-09-07 10:57:15,4004,6028,BF-68-AX,POINT (-9.177080154418945 38.70484924316406)
567_24E,17834_20250901_213_0_6,213_0,0,38.71046829223633,-9.143329620361328,0,IN_TRANSIT_TO,2025-09-07 10:56:56,,567,,POINT (-9.143329620361328 38.71046829223633)
2230_767,7244_20250901_112_0_5,112_0,0,38.75503158569336,-9.198650360107422,35,IN_TRANSIT_TO,2025-09-07 10:57:19,10910,2230,06-36-XX,POINT (-9.198650360107422 38.75503158569336)
2222_742,5706_20250901_114_0_7,114_0,0,38.73283004760742,-9.130669593811035,16,IN_TRANSIT_TO,2025-09-07 10:57:22,501,2222,08-17-XS,POINT (-9.130669593811035 38.73283004760742)
2237_726,4290_20250901_116_0_8,116_0,1,38.73387145996094,-9.14132022857666,26,IN_TRANSIT_TO,2025-09-07 10:56:57,11105,2237,06-27-XX,POINT (-9.14132022857666 38.73387145996094)
6027_706,3226_20250901_147_0_8,147_0,0,38.73141860961914,-9.134380340576172,20,IN_TRANSIT_TO,2025-09-07 10:56:54,511,6027,BF-66-BA,POINT (-9.134380340576172 38.73141860961914)
