id,trip_id,route_id,direction_id,latitude,longitude,current_stop_sequence,current_status,timestamp,stop_id,vehicle_id,license_plate,geometry
4645_750,6421_20250901_106_0_2,106_0,1,38.744781494140625,-9.197979927062988,13,IN_TRANSIT_TO,2025-10-02 04:49:24,2812,4645,98-JO-46,POINT (-9.197979927062988 38.744781494140625)
2302_720,4094_20250901_143_0_3,143_0,0,38.73875045776367,-9.121899604797363,1,IN_TRANSIT_TO,2025-10-02 04:49:54,8907,2302,83-08-ZM,POINT (-9.121899604797363 38.73875045776367)
611_15E,11288_20250901_76_0_2,76_0,1,38.70624923706055,-9.144619941711426,20,IN_TRANSIT_TO,2025-10-02 04:49:30,3803,611,,POINT (-9.144619941711426 38.70624923706055)
4607_750,6262_20250901_106_0_2,106_0,1,38.708919525146484,-9.224329948425293,5,IN_TRANSIT_TO,2025-10-02 04:49:40,18402,4607,96-GL-84,POINT (-9.224329948425293 38.708919525146484)
4606_750,21643_20250901_106_0_2,106_0,1,38.757381439208984,-9.177430152893066,21,IN_TRANSIT_TO,2025-10-02 04:49:46,13603,4606,96-GL-83,POINT (-9.177430152893066 38.757381439208984)
6010_706,3224_20250901_147_3_2,147_3,0,38.707298278808594,-9.133279800415039,0,IN_TRANSIT_TO,2025-10-02 04:49:30,,6010,81-ZC-09,POINT (-9.133279800415039 38.707298278808594)
2250_731,19403_20240727_190_0_8,190_0,1,38.78303146362305,-9.114009857177734,3,IN_TRANSIT_TO,2024-08-10 10:41:27,12610,2250,80-41-ZE,POINT (-9.114009857177734 38.78303146362305)
2346_771,21953_20250901_248_0_2,248_0,0,38.733421325683594,-9.163249969482422,5,IN_TRANSIT_TO,2025-10-02 04:49:28,2710,2346,62-93-ZG,POINT (-9.163249969482422 38.733421325683594)
6033_760,7081_20250901_171_3_2,171_3,1,38.706268310546875,-9.145000457763672,29,IN_TRANSIT_TO,2025-10-02 04:49:41,7101,6033,BF-92-AZ,POINT (-9.145000457763672 38.706268310546875)
1745_203,12781_20250901_62_0_7,62_0,1,38.73326873779297,-9.15470027923584,20,IN_TRANSIT_TO,2025-10-02 04:49:28,1405,1745,92-HR-02,POINT (-9.15470027923584 38.73326873779297)
4611_728,4669_20250901_204_3_2,204_3,0,38.707218170166016,-9.141329765319824,11,IN_TRANSIT_TO,2025-10-02 04:49:37,3824,4611,96-GL-88,POINT (-9.141329765319824 38.707218170166016)
4646_750,6377_20250901_106_0_2,106_0,0,38.75843048095703,-9.111700057983398,6,IN_TRANSIT_TO,2025-10-02 04:49:43,2302,4646,11-JM-79,POINT (-9.111700057983398 38.75843048095703)
2691_714,3671_20250901_102_0_2,102_0,1,38.7227783203125,-9.216670036315918,6,IN_TRANSIT_TO,2025-10-02 04:49:56,18709,2691,90-XF-45,POINT (-9.216670036315918 38.7227783203125)
2693_714,3627_20250901_102_0_3,102_0,0,38.70647048950195,-9.154580116271973,4,IN_TRANSIT_TO,2025-10-02 04:49:49,3926,2693,90-XF-46,POINT (-9.154580116271973 38.70647048950195)
2695_711,3475_20250901_101_0_2,101_0,1,38.739051818847656,-9.203519821166992,12,IN_TRANSIT_TO,2025-10-02 04:49:49,8836,2695,90-XF-50,POINT (-9.203519821166992 38.739051818847656)
6047_726,4416_20250901_116_3_2,116_3,1,38.7651481628418,-9.198920249938965,6,IN_TRANSIT_TO,2025-10-02 04:49:38,13909,6047,BH-20-IP,POINT (-9.198920249938965 38.7651481628418)
4643_728,4641_20250901_204_3_2,204_3,0,38.72092056274414,-9.11497974395752,16,IN_TRANSIT_TO,2025-10-02 04:49:38,2127,4643,98-JO-45,POINT (-9.11497974395752 38.72092056274414)
2670_764,7162_20250901_168_0_2,168_0,1,38.746829986572266,-9.220199584960938,0,IN_TRANSIT_TO,2025-10-02 04:49:47,,2670,87-XB-32,POINT (-9.220199584960938 38.746829986572266)
6001_716,3757_20250901_164_0_2,164_0,1,38.74713134765625,-9.188770294189453,7,IN_TRANSIT_TO,2025-10-02 04:49:11,10821,6001,99-XU-70,POINT (-9.188770294189453 38.74713134765625)
6049_732,5089_20250901_107_0_7,107_0,1,38.70642852783203,-9.154569625854492,26,IN_TRANSIT_TO,2025-09-12 17:10:25,3901,6049,BH-47-IR,POINT (-9.154569625854492 38.70642852783203)
2723_714,3662_20250901_102_0_2,102_0,1,38.69783020019531,-9.191679954528809,23,IN_TRANSIT_TO,2025-10-02 04:49:33,4115,2723,92-XQ-43,POINT (-9.191679954528809 38.69783020019531)
2347_724,4230_20250901_178_3_3,178_3,0,38.756378173828125,-9.20419979095459,25,IN_TRANSIT_TO,2025-10-02 04:49:56,13702,2347,53-61-ZJ,POINT (-9.20419979095459 38.756378173828125)
2741_742,5747_20250901_114_0_2,114_0,1,38.719051361083984,-9.17117977142334,26,IN_TRANSIT_TO,2025-10-02 04:49:46,9304,2741,AG-99-TG,POINT (-9.17117977142334 38.719051361083984)
2658_776,7476_20250901_193_0_5,193_0,1,38.700199127197266,-9.24038028717041,7,IN_TRANSIT_TO,2025-10-02 04:49:43,14905,2658,05-VZ-71,POINT (-9.24038028717041 38.700199127197266)
2844_728,4589_20250901_204_0_3,204_0,1,38.76863098144531,-9.104570388793945,8,IN_TRANSIT_TO,2025-10-02 04:49:27,7806,2844,BF-73-FZ,POINT (-9.104570388793945 38.76863098144531)
2755_720,4086_20250901_143_0_2,143_0,0,38.705230712890625,-9.168000221252441,23,IN_TRANSIT_TO,2025-10-02 04:49:38,10206,2755,AG-95-TG,POINT (-9.168000221252441 38.705230712890625)
2298_720,4100_20250901_143_0_2,143_0,1,38.73072814941406,-9.143770217895508,19,IN_TRANSIT_TO,2025-10-02 04:45:14,1709,2298,83-05-ZM,POINT (-9.143770217895508 38.73072814941406)
1717_701,2987_20250901_123_3_3,123_3,1,38.74802017211914,-9.150130271911621,14,IN_TRANSIT_TO,2025-10-02 04:49:39,2010,1717,69-AL-80,POINT (-9.150130271911621 38.74802017211914)
4832_736,5359_20250901_199_0_2,199_0,1,38.74507141113281,-9.147700309753418,20,IN_TRANSIT_TO,2025-10-02 04:49:42,2019,4832,68-VQ-51,POINT (-9.147700309753418 38.74507141113281)
305_783,7809_20250901_203_3_2,203_3,1,38.74517822265625,-9.147720336914062,21,IN_TRANSIT_TO,2025-10-02 04:49:46,2019,305,73-ST-80,POINT (-9.147720336914062 38.74517822265625)
2978_702,3053_20250901_146_0_7,146_0,0,38.725379943847656,-9.151470184326172,0,IN_TRANSIT_TO,2025-10-02 04:49:53,,2978,29-VM-92,POINT (-9.151470184326172 38.725379943847656)
2430_726,4412_20250901_116_3_2,116_3,1,38.73862838745117,-9.164199829101562,21,IN_TRANSIT_TO,2025-10-02 04:49:50,1602,2430,29-AX-12,POINT (-9.164199829101562 38.73862838745117)
2495_720,4087_20250901_143_0_3,143_0,0,38.73128128051758,-9.142330169677734,11,IN_TRANSIT_TO,2025-10-02 04:49:31,6501,2495,88-BL-69,POINT (-9.142330169677734 38.73128128051758)
4833_736,5399_20250901_199_0_2,199_0,1,38.78580093383789,-9.173049926757812,4,IN_TRANSIT_TO,2025-10-02 04:49:26,15107,4833,20-VQ-65,POINT (-9.173049926757812 38.78580093383789)
4839_736,5311_20250901_199_0_3,199_0,0,38.735069274902344,-9.145050048828125,7,IN_TRANSIT_TO,2025-10-02 04:49:34,1807,4839,53-VR-08,POINT (-9.145050048828125 38.735069274902344)
4825_736,18817_20250901_199_0_3,199_0,0,38.76089859008789,-9.15719985961914,16,IN_TRANSIT_TO,2025-10-02 04:49:45,5807,4825,20-VQ-72,POINT (-9.15719985961914 38.76089859008789)
2607_759,6987_20250901_144_0_2,144_0,1,38.76055145263672,-9.111980438232422,19,IN_TRANSIT_TO,2025-10-02 04:49:50,8413,2607,AA-95-TQ,POINT (-9.111980438232422 38.76055145263672)
2821_753,6548_20250901_167_0_2,167_0,1,38.724300384521484,-9.159950256347656,4,IN_TRANSIT_TO,2025-10-02 04:49:50,8502,2821,BF-71-FZ,POINT (-9.159950256347656 38.724300384521484)
2697_713,3622_20250901_122_0_2,122_0,1,38.71527862548828,-9.160679817199707,20,IN_TRANSIT_TO,2025-10-02 04:49:24,8114,2697,90-XF-59,POINT (-9.160679817199707 38.71527862548828)
2606_744,5816_20250901_200_0_2,200_0,1,38.769168853759766,-9.119400024414062,11,IN_TRANSIT_TO,2025-10-02 04:49:35,7704,2606,66-VI-40,POINT (-9.119400024414062 38.769168853759766)
6026_706,3267_20250901_147_3_2,147_3,0,38.71086883544922,-9.153499603271484,12,IN_TRANSIT_TO,2025-10-02 04:49:24,6701,6026,BF-39-BB,POINT (-9.153499603271484 38.71086883544922)
2739_755,6702_20250901_118_0_2,118_0,0,38.743080139160156,-9.166950225830078,41,IN_TRANSIT_TO,2025-10-02 04:49:40,12702,2739,AG-31-EI,POINT (-9.166950225830078 38.743080139160156)
4806_728,4581_20250901_204_0_3,204_0,1,38.73780059814453,-9.10319995880127,21,IN_TRANSIT_TO,2025-10-02 04:49:31,12510,4806,20-VQ-74,POINT (-9.10319995880127 38.73780059814453)
4820_728,4621_20250901_204_3_2,204_3,0,38.7706298828125,-9.104470252990723,35,IN_TRANSIT_TO,2025-10-02 04:49:54,7803,4820,20-VQ-62,POINT (-9.104470252990723 38.7706298828125)
283_734,5138_20250801_205_0_6,205_0,0,38.71443176269531,-9.123080253601074,16,IN_TRANSIT_TO,2025-08-07 08:52:19,2110,283,AI-49-OJ,POINT (-9.123080253601074 38.71443176269531)
6041_760,7039_20250901_171_3_3,171_3,0,38.71992111206055,-9.138079643249512,6,IN_TRANSIT_TO,2025-10-02 04:49:24,811,6041,BG-20-LV,POINT (-9.138079643249512 38.71992111206055)
2609_759,6906_20250901_144_0_2,144_0,1,38.7681999206543,-9.100079536437988,0,IN_TRANSIT_TO,2025-10-02 04:49:49,,2609,66-VI-36,POINT (-9.100079536437988 38.7681999206543)
2308_794,8091_20250901_115_0_2,115_0,1,38.721229553222656,-9.114879608154297,34,IN_TRANSIT_TO,2025-10-02 04:49:42,9812,2308,83-17-ZM,POINT (-9.114879608154297 38.721229553222656)
2736_755,6709_20250901_118_0_2,118_0,0,38.75502014160156,-9.138830184936523,31,IN_TRANSIT_TO,2025-10-02 04:49:47,7408,2736,AG-47-EI,POINT (-9.138830184936523 38.75502014160156)
2829_753,6564_20250901_167_0_2,167_0,1,38.68212127685547,-9.175350189208984,2,IN_TRANSIT_TO,2025-10-02 04:49:25,14602,2829,BF-58-FZ,POINT (-9.175350189208984 38.68212127685547)
2605_759,6981_20250901_144_0_2,144_0,1,38.71950149536133,-9.116479873657227,39,IN_TRANSIT_TO,2025-10-02 04:49:51,9814,2605,66-VI-35,POINT (-9.116479873657227 38.71950149536133)
2663_714,3697_20240914_102_0_16,102_0,1,38.72127151489258,-9.221500396728516,4,IN_TRANSIT_TO,2024-10-22 20:26:58,18703,2663,05-VZ-62,POINT (-9.221500396728516 38.72127151489258)
6043_760,7103_20250901_171_3_2,171_3,0,38.70722961425781,-9.196700096130371,27,IN_TRANSIT_TO,2025-10-02 04:49:27,13312,6043,BG-93-LT,POINT (-9.196700096130371 38.70722961425781)
2732_756,6748_20250901_175_3_2,175_3,0,38.708099365234375,-9.173819541931152,16,IN_TRANSIT_TO,2025-10-02 04:49:35,9425,2732,AG-39-EI,POINT (-9.173819541931152 38.708099365234375)
505_15E,11202_20250901_76_0_2,76_0,1,38.69926834106445,-9.231900215148926,0,IN_TRANSIT_TO,2025-10-02 04:49:29,,505,,POINT (-9.231900215148926 38.69926834106445)
4824_736,5388_20250901_199_0_2,199_0,1,38.75254821777344,-9.151470184326172,16,IN_TRANSIT_TO,2025-10-02 04:49:47,5704,4824,34-VR-19,POINT (-9.151470184326172 38.75254821777344)
2660_713,3612_20250901_122_0_3,122_0,0,38.73706817626953,-9.147500038146973,4,IN_TRANSIT_TO,2025-10-02 04:49:24,1811,2660,05-VZ-60,POINT (-9.147500038146973 38.73706817626953)
4803_728,4609_20250901_204_0_3,204_0,1,38.7819709777832,-9.1139497756958,0,IN_TRANSIT_TO,2025-10-02 04:49:39,,4803,77-VP-16,POINT (-9.1139497756958 38.7819709777832)
2720_711,3501_20250901_101_0_2,101_0,1,38.74306869506836,-9.218199729919434,0,IN_TRANSIT_TO,2025-10-02 04:49:30,,2720,92-XQ-28,POINT (-9.218199729919434 38.74306869506836)
4635_796,8144_20250901_174_0_3,174_0,0,38.78784942626953,-9.15902042388916,10,IN_TRANSIT_TO,2025-10-02 04:49:51,11618,4635,90-JI-95,POINT (-9.15902042388916 38.78784942626953)
2731_701,2939_20250901_123_3_3,123_3,1,38.74300003051758,-9.166130065917969,1,IN_TRANSIT_TO,2025-10-02 04:49:45,1612,2731,AG-49-EI,POINT (-9.166130065917969 38.74300003051758)
2735_755,6711_20250901_118_0_2,118_0,0,38.75202941894531,-9.113530158996582,14,IN_TRANSIT_TO,2025-10-02 04:49:35,24377,2735,AG-37-EI,POINT (-9.113530158996582 38.75202941894531)
2785_712,3550_20250901_189_0_2,189_0,1,38.7216682434082,-9.130550384521484,22,IN_TRANSIT_TO,2025-10-02 04:49:47,602,2785,AI-05-BT,POINT (-9.130550384521484 38.7216682434082)
2471_729,4757_20250901_104_0_2,104_0,0,38.76921844482422,-9.189080238342285,0,IN_TRANSIT_TO,2025-10-02 04:49:48,,2471,74-BC-70,POINT (-9.189080238342285 38.76921844482422)
1708_701,2978_20250901_123_3_2,123_3,0,38.756080627441406,-9.176549911499023,13,IN_TRANSIT_TO,2025-10-02 04:49:49,50177,1708,69-AL-71,POINT (-9.176549911499023 38.756080627441406)
1751_208,41465_20250901_65_0_3,65_0,0,38.77119827270508,-9.097700119018555,53,IN_TRANSIT_TO,2025-10-02 04:49:30,7822,1751,34-HU-17,POINT (-9.097700119018555 38.77119827270508)
2812_793,7973_20250901_145_0_2,145_0,1,38.740020751953125,-9.127880096435547,4,IN_TRANSIT_TO,2025-10-02 04:49:42,9008,2812,90-II-61,POINT (-9.127880096435547 38.740020751953125)
2496_794,8067_20250901_115_0_2,115_0,0,38.72589874267578,-9.113200187683105,6,IN_TRANSIT_TO,2025-10-02 04:49:33,9822,2496,88-BL-70,POINT (-9.113200187683105 38.72589874267578)
4621_783,7817_20250901_203_0_2,203_0,1,38.78129959106445,-9.12007999420166,4,IN_TRANSIT_TO,2025-10-02 04:49:50,16304,4621,90-JI-90,POINT (-9.12007999420166 38.78129959106445)
4647_750,6313_20250901_106_3_2,106_3,0,38.745079040527344,-9.200469970703125,20,IN_TRANSIT_TO,2025-10-02 04:49:37,2806,4647,02-JN-88,POINT (-9.200469970703125 38.745079040527344)
1747_206,41469_20250901_136_0_3,136_0,0,38.79035186767578,-9.16847038269043,48,IN_TRANSIT_TO,2025-10-02 04:49:29,7207,1747,92-HR-04,POINT (-9.16847038269043 38.79035186767578)
2811_725,4255_20250901_197_0_2,197_0,1,38.79262924194336,-9.12168025970459,0,IN_TRANSIT_TO,2025-10-02 04:49:44,,2811,02-IH-00,POINT (-9.12168025970459 38.79262924194336)
4802_751,6495_20250901_109_3_3,109_3,0,38.69915008544922,-9.185879707336426,5,IN_TRANSIT_TO,2025-10-02 04:49:44,9504,4802,77-VP-17,POINT (-9.185879707336426 38.69915008544922)
1744_203,12761_20250901_62_0_7,62_0,0,38.71916961669922,-9.16963005065918,37,IN_TRANSIT_TO,2025-10-02 04:49:55,8014,1744,92-HR-01,POINT (-9.16963005065918 38.71916961669922)
2968_702,3068_20250901_146_0_2,146_0,1,38.733421325683594,-9.168970108032227,3,IN_TRANSIT_TO,2025-10-02 04:49:49,2708,2968,30-VM-24,POINT (-9.168970108032227 38.733421325683594)
4640_796,8127_20250901_174_0_2,174_0,1,38.79212951660156,-9.150279998779297,0,IN_TRANSIT_TO,2025-10-02 04:49:39,,4640,02-JN-87,POINT (-9.150279998779297 38.79212951660156)
1753_796,8148_20250901_174_0_2,174_0,1,38.77096939086914,-9.16018009185791,12,IN_TRANSIT_TO,2025-10-02 04:49:39,5940,1753,34-HU-19,POINT (-9.16018009185791 38.77096939086914)
1750_207,13031_20250901_64_0_3,64_0,0,38.720149993896484,-9.145480155944824,7,IN_TRANSIT_TO,2025-10-02 04:49:50,1103,1750,92-HR-07,POINT (-9.145480155944824 38.720149993896484)
2810_725,4239_20250901_197_0_3,197_0,0,38.768001556396484,-9.100079536437988,0,IN_TRANSIT_TO,2025-10-02 04:49:30,,2810,01-IH-99,POINT (-9.100079536437988 38.768001556396484)
2816_208,13065_20250901_65_0_6,65_0,0,38.7388801574707,-9.13366985321045,12,IN_TRANSIT_TO,2025-10-02 04:49:28,413,2816,90-II-56,POINT (-9.13366985321045 38.7388801574707)
2311_735,22045_20250901_172_0_2,172_0,1,38.745330810546875,-9.147729873657227,0,IN_TRANSIT_TO,2025-10-02 04:49:54,,2311,72-23-XN,POINT (-9.147729873657227 38.745330810546875)
2667_713,3576_20250901_122_0_2,122_0,1,38.708518981933594,-9.173819541931152,6,IN_TRANSIT_TO,2025-10-02 04:49:28,9412,2667,87-XB-45,POINT (-9.173819541931152 38.708518981933594)
2450_726,4399_20250901_116_3_3,116_3,0,38.73897933959961,-9.165719985961914,8,IN_TRANSIT_TO,2025-10-02 04:49:52,1601,2450,44-BC-36,POINT (-9.165719985961914 38.73897933959961)
301_708,3365_20250901_100_0_3,100_0,1,38.76607894897461,-9.111579895019531,20,IN_TRANSIT_TO,2025-10-02 04:49:48,7725,301,74-SM-62,POINT (-9.111579895019531 38.76607894897461)
2499_794,8043_20250901_115_0_2,115_0,0,38.75519943237305,-9.125920295715332,20,IN_TRANSIT_TO,2025-10-02 04:49:42,14723,2499,03-BM-58,POINT (-9.125920295715332 38.75519943237305)
1721_717,3759_20250901_170_0_2,170_0,0,38.75910186767578,-9.154629707336426,15,IN_TRANSIT_TO,2025-10-02 04:49:31,5805,1721,25-AS-33,POINT (-9.154629707336426 38.75910186767578)
2797_202,12718_20250901_61_0_3,61_0,0,38.7369499206543,-9.167949676513672,16,IN_TRANSIT_TO,2025-10-02 04:49:36,2711,2797,AJ-57-LI,POINT (-9.167949676513672 38.7369499206543)
2784_712,3557_20250901_189_0_2,189_0,1,38.72486877441406,-9.156129837036133,13,IN_TRANSIT_TO,2025-10-02 04:49:46,6128,2784,AI-09-BT,POINT (-9.156129837036133 38.72486877441406)
2243_758,21549_20250901_150_0_2,150_0,1,38.760929107666016,-9.19437026977539,2,IN_TRANSIT_TO,2025-10-02 04:49:33,11001,2243,22-36-ZB,POINT (-9.19437026977539 38.760929107666016)
1710_798,8202_20250901_194_3_3,194_3,0,38.74304962158203,-9.14680004119873,3,IN_TRANSIT_TO,2025-10-02 04:49:51,1901,1710,69-AL-73,POINT (-9.14680004119873 38.74304962158203)
1769_717,3800_20250901_170_0_2,170_0,1,38.74885177612305,-9.130550384521484,39,IN_TRANSIT_TO,2025-10-02 04:49:46,410,1769,63-HX-24,POINT (-9.130550384521484 38.74885177612305)
1759_207,13026_20250901_64_0_9,64_0,0,38.77983093261719,-9.15198040008545,44,IN_TRANSIT_TO,2025-10-02 04:49:34,16002,1759,34-HU-25,POINT (-9.15198040008545 38.77983093261719)
2487_726,4264_20250901_116_0_2,116_0,1,38.74095153808594,-9.168219566345215,16,IN_TRANSIT_TO,2025-10-02 04:49:45,1610,2487,54-BH-97,POINT (-9.168219566345215 38.74095153808594)
2470_726,4388_20250901_116_4_3,116_4,0,38.771968841552734,-9.190030097961426,20,IN_TRANSIT_TO,2025-10-02 04:49:31,14102,2470,74-BC-71,POINT (-9.190030097961426 38.771968841552734)
1762_755,6694_20250901_118_0_3,118_0,1,38.74808120727539,-9.164850234985352,4,IN_TRANSIT_TO,2025-10-02 04:49:25,12705,1762,63-HX-32,POINT (-9.164850234985352 38.74808120727539)
2412_703,3170_20250901_165_0_2,165_0,1,38.749568939208984,-9.192999839782715,7,IN_TRANSIT_TO,2025-10-02 04:49:32,10835,2412,92-AO-48,POINT (-9.192999839782715 38.749568939208984)
202_46B,35071_20250901_239_2_14,239_2,0,38.74877166748047,-9.146750450134277,19,IN_TRANSIT_TO,2025-09-28 15:41:19,11302,202,89-58-XD,POINT (-9.146750450134277 38.74877166748047)
2772_746,5958_20250901_108_3_2,108_3,1,38.743778228759766,-9.17632007598877,12,IN_TRANSIT_TO,2025-10-02 04:49:29,10703,2772,AH-24-ND,POINT (-9.17632007598877 38.743778228759766)
2752_720,4044_20250901_143_0_2,143_0,1,38.703651428222656,-9.171520233154297,6,IN_TRANSIT_TO,2025-10-02 04:49:46,4001,2752,AG-18-TH,POINT (-9.171520233154297 38.703651428222656)
2473_716,3718_20250901_164_0_3,164_0,0,38.749820709228516,-9.194270133972168,20,IN_TRANSIT_TO,2025-10-02 04:49:53,10814,2473,74-BC-68,POINT (-9.194270133972168 38.749820709228516)
2420_716,3753_20250901_164_0_2,164_0,1,38.738868713378906,-9.150079727172852,19,IN_TRANSIT_TO,2025-10-02 04:49:53,33101,2420,29-AU-15,POINT (-9.150079727172852 38.738868713378906)
1765_736,5467_20250901_199_3_2,199_3,1,38.75627899169922,-9.147649765014648,12,IN_TRANSIT_TO,2025-10-02 04:49:53,5706,1765,63-HX-28,POINT (-9.147649765014648 38.75627899169922)
1763_206,12939_20250901_136_0_4,136_0,1,38.720970153808594,-9.124469757080078,51,IN_TRANSIT_TO,2025-10-02 04:49:27,8202,1763,63-HX-25,POINT (-9.124469757080078 38.720970153808594)
1776_717,3803_20250901_170_0_3,170_0,0,38.73419952392578,-9.135169982910156,31,IN_TRANSIT_TO,2025-10-02 04:43:00,6014,1776,53-HX-09,POINT (-9.135169982910156 38.73419952392578)
225_773,7416_20250901_124_0_2,124_0,1,38.709720611572266,-9.162599563598633,15,IN_TRANSIT_TO,2025-10-02 04:49:45,10013,225,84-37-XQ,POINT (-9.162599563598633 38.709720611572266)
601_15E,11264_20250901_76_0_2,76_0,0,38.7081184387207,-9.137129783630371,2,IN_TRANSIT_TO,2025-10-02 04:49:39,5515,601,,POINT (-9.137129783630371 38.7081184387207)
605_15E,11318_20250901_76_0_2,76_0,1,38.69786834716797,-9.19143009185791,9,IN_TRANSIT_TO,2025-10-02 04:49:32,4115,605,,POINT (-9.19143009185791 38.69786834716797)
2791_709,21716_20250901_148_0_2,148_0,1,38.732730865478516,-9.192580223083496,0,IN_TRANSIT_TO,2025-10-02 04:49:37,,2791,AJ-61-LI,POINT (-9.192580223083496 38.732730865478516)
2838_751,6498_20250901_109_3_1,109_3,1,38.702430725097656,-9.180529594421387,23,IN_TRANSIT_TO,2025-10-02 04:49:48,9503,2838,BF-59-FZ,POINT (-9.180529594421387 38.702430725097656)
221_773,20155_20250901_124_0_2,124_0,1,38.70682907104492,-9.173219680786133,0,IN_TRANSIT_TO,2025-10-02 04:49:40,,221,11-06-XO,POINT (-9.173219680786133 38.70682907104492)
2748_720,22040_20250901_143_0_2,143_0,0,38.726200103759766,-9.149669647216797,0,IN_TRANSIT_TO,2025-10-02 04:49:34,,2748,AG-96-TG,POINT (-9.149669647216797 38.726200103759766)
2283_771,21952_20250901_248_0_2,248_0,0,38.740848541259766,-9.168129920959473,2,IN_TRANSIT_TO,2025-10-02 04:49:20,1610,2283,67-39-ZJ,POINT (-9.168129920959473 38.740848541259766)
2335_712,3541_20250901_189_0_2,189_0,0,38.72822952270508,-9.14387035369873,15,IN_TRANSIT_TO,2025-10-02 04:49:33,6608,2335,62-98-ZG,POINT (-9.14387035369873 38.72822952270508)
2481_716,3747_20250901_164_0_3,164_0,0,38.73672866821289,-9.14894962310791,5,IN_TRANSIT_TO,2025-10-02 04:49:47,1811,2481,54-BH-99,POINT (-9.14894962310791 38.73672866821289)
1723_717,3879_20250901_170_0_2,170_0,0,38.7746696472168,-9.147150039672852,24,IN_TRANSIT_TO,2025-10-02 04:49:45,11501,1723,25-AS-35,POINT (-9.147150039672852 38.7746696472168)
2291_731,5022_20250901_190_0_2,190_0,1,38.76266860961914,-9.12582015991211,20,IN_TRANSIT_TO,2025-10-02 04:49:40,7506,2291,92-56-ZM,POINT (-9.12582015991211 38.76266860961914)
2610_210,13579_20250901_66_0_3,66_0,0,38.73175048828125,-9.10669994354248,14,IN_TRANSIT_TO,2025-10-02 04:49:36,8305,2610,66-VI-20,POINT (-9.10669994354248 38.73175048828125)
2290_724,4204_20250901_178_0_2,178_0,1,38.7447509765625,-9.19594955444336,13,IN_TRANSIT_TO,2025-10-02 04:47:43,2805,2290,92-55-ZM,POINT (-9.19594955444336 38.7447509765625)
2773_201,12649_20250901_60_0_13,60_0,0,38.700279235839844,-9.21049976348877,17,IN_TRANSIT_TO,2025-10-02 04:49:48,9614,2773,AH-39-ND,POINT (-9.21049976348877 38.700279235839844)
4838_736,5351_20250901_199_0_2,199_0,1,38.71446990966797,-9.14015007019043,28,IN_TRANSIT_TO,2025-10-02 04:49:53,1006,4838,34-VR-22,POINT (-9.14015007019043 38.71446990966797)
2843_748,6174_20250901_169_0_3,169_0,0,38.7257194519043,-9.14894962310791,0,IN_TRANSIT_TO,2025-10-02 04:49:44,,2843,BF-63-FZ,POINT (-9.14894962310791 38.7257194519043)
2209_742,5720_20250901_114_0_2,114_0,1,38.722869873046875,-9.115429878234863,49,IN_TRANSIT_TO,2025-10-02 04:49:48,9803,2209,01-68-XO,POINT (-9.115429878234863 38.722869873046875)
2217_742,5776_20250901_114_0_2,114_0,0,38.710750579833984,-9.193449974060059,51,IN_TRANSIT_TO,2025-10-02 04:49:27,10306,2217,07-99-XS,POINT (-9.193449974060059 38.710750579833984)
2214_798,8190_20250901_194_3_2,194_3,1,38.76034927368164,-9.156550407409668,22,IN_TRANSIT_TO,2025-10-02 04:49:48,5841,2214,08-02-XS,POINT (-9.156550407409668 38.76034927368164)
2215_742,5759_20250901_114_0_2,114_0,1,38.71110153198242,-9.192649841308594,5,IN_TRANSIT_TO,2025-10-02 04:49:55,10308,2215,08-01-XS,POINT (-9.192649841308594 38.71110153198242)
2206_742,5687_20250901_114_0_3,114_0,0,38.73136901855469,-9.12695026397705,14,IN_TRANSIT_TO,2025-10-02 04:49:40,7013,2206,01-67-XO,POINT (-9.12695026397705 38.73136901855469)
2223_708,3289_20250901_100_3_2,100_3,0,38.77494812011719,-9.095020294189453,3,IN_TRANSIT_TO,2025-10-02 04:49:44,7823,2223,08-16-XS,POINT (-9.095020294189453 38.77494812011719)
561_28E,14920_20250901_75_0_2,75_0,0,38.71302032470703,-9.130579948425293,12,IN_TRANSIT_TO,2025-10-02 04:49:31,13814,561,,POINT (-9.130579948425293 38.71302032470703)
2222_793,7994_20250901_145_0_2,145_0,0,38.7475700378418,-9.118430137634277,21,IN_TRANSIT_TO,2025-10-02 04:49:35,3605,2222,08-17-XS,POINT (-9.118430137634277 38.7475700378418)
2207_794,8101_20250901_115_0_2,115_0,1,38.75437927246094,-9.10884952545166,8,IN_TRANSIT_TO,2025-10-02 04:49:41,24366,2207,01-70-XO,POINT (-9.10884952545166 38.75437927246094)
2232_731,19406_20250901_190_0_2,190_0,1,38.78984832763672,-9.110079765319824,2,IN_TRANSIT_TO,2025-10-02 04:49:36,50580,2232,06-23-XX,POINT (-9.110079765319824 38.78984832763672)
2237_758,6885_20250901_150_0_2,150_0,1,38.747718811035156,-9.190979957580566,7,IN_TRANSIT_TO,2025-10-02 04:49:29,10803,2237,06-27-XX,POINT (-9.190979957580566 38.747718811035156)
6004_760,7090_20250901_171_3_2,171_3,1,38.71207809448242,-9.199130058288574,9,IN_TRANSIT_TO,2025-10-02 04:49:39,12923,6004,82-ZC-35,POINT (-9.199130058288574 38.71207809448242)
2234_758,6869_20250901_150_0_2,150_0,1,38.741920471191406,-9.170900344848633,13,IN_TRANSIT_TO,2025-10-02 04:49:28,1615,2234,06-26-XX,POINT (-9.170900344848633 38.741920471191406)
303_708,3276_20250901_100_0_3,100_0,1,38.79438018798828,-9.097399711608887,3,IN_TRANSIT_TO,2025-10-02 04:49:24,50451,303,22-SP-90,POINT (-9.097399711608887 38.79438018798828)
