id,trip_id,route_id,direction_id,latitude,longitude,current_stop_sequence,current_status,timestamp,stop_id,vehicle_id,license_plate,geometry
5252_728,4743_20250401_204_0_9,204_0,0,38.751129150390625,-9.279680252075195,0,IN_TRANSIT_TO,2025-04-07 20:57:28,,5252,Testes,POINT (-9.279680252075195 38.751129150390625)
4645_750,6336_20250401_106_0_7,106_0,0,38.75802993774414,-9.153450012207031,15,IN_TRANSIT_TO,2025-04-07 20:59:28,5805,4645,98-JO-46,POINT (-9.153450012207031 38.75802993774414)
2793_738,5562_20250401_117_0_16,117_0,0,38.7044792175293,-9.183079719543457,35,IN_TRANSIT_TO,2025-04-07 20:59:31,12004,2793,AJ-58-LI,POINT (-9.183079719543457 38.7044792175293)
4607_750,6394_20250401_106_0_4,106_0,1,38.7586784362793,-9.155949592590332,24,IN_TRANSIT_TO,2025-04-07 20:59:06,5801,4607,96-GL-84,POINT (-9.155949592590332 38.7586784362793)
2315_720,4057_20250401_143_1_19,143_1,0,38.704349517822266,-9.174220085144043,25,IN_TRANSIT_TO,2025-04-07 20:59:32,4004,2315,61-88-ZB,POINT (-9.174220085144043 38.704349517822266)
603_15E,11250_20250401_76_0_25,76_0,0,38.704750061035156,-9.177650451660156,7,IN_TRANSIT_TO,2025-04-07 20:59:24,12116,603,,POINT (-9.177650451660156 38.704750061035156)
2250_731,19403_20240727_190_0_8,190_0,1,38.78303146362305,-9.114009857177734,3,IN_TRANSIT_TO,2024-08-10 10:41:27,12610,2250,80-41-ZE,POINT (-9.114009857177734 38.78303146362305)
612_15E,11191_20250401_76_0_24,76_0,1,38.695068359375,-9.213580131530762,5,IN_TRANSIT_TO,2025-04-07 20:59:23,13205,612,,POINT (-9.213580131530762 38.695068359375)
2494_735,5276_20250401_172_1_17,172_1,0,38.73487091064453,-9.13401985168457,19,IN_TRANSIT_TO,2025-04-07 20:59:15,509,2494,88-BL-68,POINT (-9.13401985168457 38.73487091064453)
2346_758,6794_20250401_150_0_4,150_0,1,38.7098503112793,-9.143050193786621,32,IN_TRANSIT_TO,2025-04-05 06:46:50,10502,2346,62-93-ZG,POINT (-9.143050193786621 38.7098503112793)
4620_750,6304_20250401_106_0_16,106_0,0,38.73453140258789,-9.206930160522461,31,IN_TRANSIT_TO,2025-04-07 20:59:27,8808,4620,22-GP-54,POINT (-9.206930160522461 38.73453140258789)
4616_750,6356_20250401_106_0_3,106_0,0,38.76837158203125,-9.104519844055176,1,IN_TRANSIT_TO,2025-04-07 20:59:14,7813,4616,22-GP-50,POINT (-9.104519844055176 38.76837158203125)
4611_750,6378_20250401_106_0_15,106_0,1,38.76856994628906,-9.10165023803711,38,IN_TRANSIT_TO,2025-04-07 20:59:33,2315,4611,96-GL-88,POINT (-9.10165023803711 38.76856994628906)
4822_783,7855_20250401_203_0_19,203_0,0,38.72486877441406,-9.149720191955566,3,IN_TRANSIT_TO,2025-04-07 20:59:20,50197,4822,58-VS-27,POINT (-9.149720191955566 38.72486877441406)
2699_738,5549_20250401_117_0_15,117_0,1,38.7523307800293,-9.149720191955566,25,IN_TRANSIT_TO,2025-04-07 20:59:19,2003,2699,92-XQ-25,POINT (-9.149720191955566 38.7523307800293)
2684_738,5514_20250401_117_0_17,117_0,0,38.73278045654297,-9.145369529724121,18,IN_TRANSIT_TO,2025-04-07 20:59:22,1802,2684,99-XE-59,POINT (-9.145369529724121 38.73278045654297)
2677_714,3696_20250401_102_0_17,102_0,0,38.722869873046875,-9.21654987335205,33,IN_TRANSIT_TO,2025-04-07 20:59:09,18706,2677,87-XB-41,POINT (-9.21654987335205 38.722869873046875)
2671_15E,11496_20250401_76_8_34,76_8,1,38.706180572509766,-9.143670082092285,6,IN_TRANSIT_TO,2025-04-07 20:59:09,3803,2671,87-XB-43,POINT (-9.143670082092285 38.706180572509766)
2670_727,4542_20250401_103_1_11,103_1,1,38.70315170288086,-9.202420234680176,12,IN_TRANSIT_TO,2025-04-07 20:59:15,13113,2670,87-XB-32,POINT (-9.202420234680176 38.70315170288086)
6049_760,7047_20250401_171_0_11,171_0,0,38.708900451660156,-9.196120262145996,28,IN_TRANSIT_TO,2025-04-07 20:59:20,10304,6049,BH-47-IR,POINT (-9.196120262145996 38.708900451660156)
2723_727,4521_20250401_103_0_6,103_0,1,38.74882125854492,-9.135470390319824,48,IN_TRANSIT_TO,2025-04-07 20:59:13,11208,2723,92-XQ-43,POINT (-9.135470390319824 38.74882125854492)
2347_731,5015_20250401_190_0_19,190_0,0,38.7677001953125,-9.119219779968262,24,IN_TRANSIT_TO,2025-04-07 20:59:13,7701,2347,53-61-ZJ,POINT (-9.119219779968262 38.7677001953125)
2479_703,3167_20250401_165_0_18,165_0,1,38.77423095703125,-9.16366958618164,25,IN_TRANSIT_TO,2025-04-07 20:59:37,5915,2479,91-BE-74,POINT (-9.16366958618164 38.77423095703125)
2493_720,4096_20250401_143_1_20,143_1,1,38.730220794677734,-9.14365005493164,16,IN_TRANSIT_TO,2025-04-07 20:59:01,6601,2493,88-BL-65,POINT (-9.14365005493164 38.730220794677734)
2763_727,4466_20250401_103_4_13,103_4,0,38.71076965332031,-9.15347957611084,20,IN_TRANSIT_TO,2025-04-07 20:59:25,6702,2763,AH-23-ND,POINT (-9.15347957611084 38.71076965332031)
610_15E,11276_20250401_76_0_23,76_0,0,38.706329345703125,-9.146349906921387,0,IN_TRANSIT_TO,2025-04-07 20:59:37,,610,,POINT (-9.146349906921387 38.706329345703125)
2281_731,5023_20250401_190_0_18,190_0,1,38.739498138427734,-9.167579650878906,32,IN_TRANSIT_TO,2025-04-07 20:59:07,1620,2281,67-56-ZJ,POINT (-9.167579650878906 38.739498138427734)
4811_751,6516_20250401_109_0_15,109_0,0,38.69783020019531,-9.191699981689453,13,IN_TRANSIT_TO,2025-04-07 20:59:33,9508,4811,34-VR-20,POINT (-9.191699981689453 38.69783020019531)
6034_760,7096_20250401_171_0_10,171_0,1,38.716068267822266,-9.135729789733887,35,IN_TRANSIT_TO,2025-04-07 20:59:04,818,6034,BF-61-AX,POINT (-9.135729789733887 38.716068267822266)
6007_706,3258_20250401_147_1_11,147_1,1,38.759498596191406,-9.156120300292969,13,IN_TRANSIT_TO,2025-04-07 20:59:21,503,6007,80-ZC-62,POINT (-9.156120300292969 38.759498596191406)
6035_747,6113_20250401_177_0_19,177_0,0,38.761600494384766,-9.19672966003418,21,IN_TRANSIT_TO,2025-04-07 20:59:09,13907,6035,BG-76-LX,POINT (-9.19672966003418 38.761600494384766)
2765_728,36646_20250401_204_0_1,204_0,0,38.737701416015625,-9.10297966003418,31,IN_TRANSIT_TO,2025-04-07 20:59:10,12513,2765,AH-37-ND,POINT (-9.10297966003418 38.737701416015625)
2430_731,5019_20250401_190_1_17,190_1,0,38.750221252441406,-9.164549827575684,13,IN_TRANSIT_TO,2025-04-07 20:59:23,13508,2430,29-AX-12,POINT (-9.164549827575684 38.750221252441406)
2842_728,4622_20250401_204_0_14,204_0,0,38.7016487121582,-9.175749778747559,13,IN_TRANSIT_TO,2025-04-07 20:59:16,9501,2842,BF-56-FZ,POINT (-9.175749778747559 38.7016487121582)
4839_736,5320_20250401_199_0_17,199_0,0,38.78675079345703,-9.182120323181152,30,IN_TRANSIT_TO,2025-04-07 20:59:25,15102,4839,53-VR-08,POINT (-9.182120323181152 38.78675079345703)
2796_714,3629_20250401_102_0_18,102_0,1,38.70627975463867,-9.144519805908203,38,IN_TRANSIT_TO,2025-04-07 20:59:09,3803,2796,AJ-59-LI,POINT (-9.144519805908203 38.70627975463867)
2614_759,6957_20250401_144_0_17,144_0,0,38.708248138427734,-9.13700008392334,3,IN_TRANSIT_TO,2025-04-07 20:59:20,5510,2614,66-VI-24,POINT (-9.13700008392334 38.708248138427734)
2824_753,18386_20250401_167_0_17,167_0,0,38.7299690246582,-9.143529891967773,0,IN_TRANSIT_TO,2025-04-07 20:59:26,,2824,BF-67-FZ,POINT (-9.143529891967773 38.7299690246582)
6026_760,7069_20250401_171_0_14,171_0,0,38.70479965209961,-9.19591999053955,26,IN_TRANSIT_TO,2025-04-07 20:59:23,13410,6026,BF-39-BB,POINT (-9.19591999053955 38.70479965209961)
2602_783,7866_20250401_203_0_1,203_0,1,38.72462844848633,-9.15923023223877,29,IN_TRANSIT_TO,2025-04-07 20:59:12,1223,2602,16-VF-81,POINT (-9.15923023223877 38.72462844848633)
2617_759,6904_20250401_144_0_16,144_0,1,38.77437973022461,-9.117119789123535,10,IN_TRANSIT_TO,2025-04-07 20:59:28,12208,2617,66-VI-28,POINT (-9.117119789123535 38.77437973022461)
2647_744,5848_20250401_200_0_7,200_0,0,38.74911880493164,-9.13757038116455,10,IN_TRANSIT_TO,2025-04-07 20:59:31,2053,2647,75-VS-45,POINT (-9.13757038116455 38.74911880493164)
2642_783,41472_20250401_203_0_1,203_0,1,38.756500244140625,-9.146479606628418,15,IN_TRANSIT_TO,2025-04-07 20:59:37,11306,2642,75-VS-51,POINT (-9.146479606628418 38.756500244140625)
2724_723,18953_20250401_121_4_20,121_4,1,38.69858169555664,-9.22737979888916,0,IN_TRANSIT_TO,2025-04-07 20:59:12,,2724,92-XQ-40,POINT (-9.22737979888916 38.69858169555664)
2326_712,3567_20250401_189_0_20,189_0,0,38.72774887084961,-9.16137981414795,20,IN_TRANSIT_TO,2025-04-07 20:59:16,6103,2326,67-49-ZJ,POINT (-9.16137981414795 38.72774887084961)
2618_759,6948_20250401_144_0_14,144_0,0,38.73912811279297,-9.112719535827637,20,IN_TRANSIT_TO,2025-04-07 20:59:18,3711,2618,66-VI-42,POINT (-9.112719535827637 38.73912811279297)
2993_774,7433_20250401_192_1_29,192_1,0,38.7203483581543,-9.153730392456055,27,IN_TRANSIT_TO,2025-04-07 20:59:07,6811,2993,29-VM-93,POINT (-9.153730392456055 38.7203483581543)
2468_760,7088_20250401_171_1_15,171_1,0,38.706298828125,-9.144769668579102,11,IN_TRANSIT_TO,2025-04-07 20:59:17,3820,2468,16-AZ-10,POINT (-9.144769668579102 38.706298828125)
2640_705,3181_20250401_176_0_20,176_0,1,38.75614929199219,-9.112420082092285,25,IN_TRANSIT_TO,2025-04-07 20:37:07,7825,2640,75-VS-43,POINT (-9.112420082092285 38.75614929199219)
541_28E,14941_20250401_75_0_15,75_0,1,38.71165084838867,-9.130550384521484,9,IN_TRANSIT_TO,2025-04-07 20:59:14,13803,541,,POINT (-9.130550384521484 38.71165084838867)
544_12E,11029_20250401_77_0_23,77_0,1,38.710079193115234,-9.135700225830078,7,IN_TRANSIT_TO,2025-04-07 20:59:10,5601,544,,POINT (-9.135700225830078 38.710079193115234)
2996_774,7460_20250401_192_1_35,192_1,0,38.71384811401367,-9.137319564819336,0,IN_TRANSIT_TO,2025-04-07 20:59:28,,2996,30-VM-03,POINT (-9.137319564819336 38.71384811401367)
2769_712,3543_20250401_189_2_21,189_2,0,38.72835159301758,-9.12440013885498,3,IN_TRANSIT_TO,2025-04-07 20:59:28,2103,2769,AH-19-ND,POINT (-9.12440013885498 38.72835159301758)
503_15E,11245_20250401_76_0_21,76_0,0,38.69940185546875,-9.228529930114746,19,IN_TRANSIT_TO,2025-04-07 20:59:23,4218,503,,POINT (-9.228529930114746 38.69940185546875)
2621_759,6926_20250401_144_0_15,144_0,0,38.77470016479492,-9.114080429077148,38,IN_TRANSIT_TO,2025-04-07 20:59:33,7721,2621,66-VI-45,POINT (-9.114080429077148 38.77470016479492)
2603_718,3996_20250401_105_0_9,105_0,1,38.743900299072266,-9.101369857788086,21,IN_TRANSIT_TO,2025-04-07 20:59:22,12511,2603,16-VF-76,POINT (-9.101369857788086 38.743900299072266)
2656_714,3660_20250401_102_0_18,102_0,1,38.72438049316406,-9.214750289916992,6,IN_TRANSIT_TO,2025-04-07 20:59:27,18709,2656,05-VZ-53,POINT (-9.214750289916992 38.72438049316406)
551_28E,14916_20250401_75_0_23,75_0,1,38.7121696472168,-9.130330085754395,10,IN_TRANSIT_TO,2025-04-07 20:59:25,13805,551,,POINT (-9.130330085754395 38.7121696472168)
2663_714,3697_20240914_102_0_16,102_0,1,38.72127151489258,-9.221500396728516,4,IN_TRANSIT_TO,2024-10-22 20:26:58,18703,2663,05-VZ-62,POINT (-9.221500396728516 38.72127151489258)
579_25E,14257_20250401_79_0_30,79_0,0,38.701019287109375,-9.180769920349121,3,IN_TRANSIT_TO,2025-04-07 20:59:16,7102,579,,POINT (-9.180769920349121 38.701019287109375)
6043_760,7106_20250401_171_0_14,171_0,1,38.70457077026367,-9.178370475769043,23,IN_TRANSIT_TO,2025-04-07 20:59:08,12119,6043,BG-93-LT,POINT (-9.178370475769043 38.70457077026367)
505_15E,11289_20250401_76_0_20,76_0,1,38.70621871948242,-9.155750274658203,17,IN_TRANSIT_TO,2025-04-07 20:59:22,3905,505,,POINT (-9.155750274658203 38.70621871948242)
2696_711,3516_20250401_101_0_18,101_0,0,38.72346878051758,-9.16528034210205,9,IN_TRANSIT_TO,2025-04-07 20:59:34,8501,2696,90-XF-63,POINT (-9.16528034210205 38.72346878051758)
2427_747,6121_20250401_177_0_27,177_0,0,38.766719818115234,-9.178919792175293,10,IN_TRANSIT_TO,2025-04-07 20:59:25,50021,2427,29-AX-14,POINT (-9.178919792175293 38.766719818115234)
555_25E,14250_20250401_79_0_30,79_0,0,38.70100021362305,-9.180950164794922,3,IN_TRANSIT_TO,2025-04-07 20:59:37,7102,555,,POINT (-9.180950164794922 38.70100021362305)
4817_751,6479_20250401_109_0_24,109_0,1,38.707069396972656,-9.226019859313965,7,IN_TRANSIT_TO,2025-04-07 20:59:07,18401,4817,00-VV-37,POINT (-9.226019859313965 38.707069396972656)
2660_713,3623_20250401_122_0_7,122_0,0,38.714298248291016,-9.175800323486328,31,IN_TRANSIT_TO,2025-04-07 20:59:14,9411,2660,05-VZ-60,POINT (-9.175800323486328 38.714298248291016)
2655_755,6684_20250401_118_0_17,118_0,1,38.74980163574219,-9.113880157470703,29,IN_TRANSIT_TO,2025-04-07 20:59:29,24375,2655,05-VZ-67,POINT (-9.113880157470703 38.74980163574219)
269_28E,48756_20250401_75_8_39,75_8,0,38.71260070800781,-9.156270027160645,6,IN_TRANSIT_TO,2025-04-07 20:59:26,8111,269,AG-25-NH,POINT (-9.156270027160645 38.71260070800781)
4807_750,6269_20250401_106_0_3,106_0,0,38.700870513916016,-9.22782039642334,40,IN_TRANSIT_TO,2025-04-07 20:59:16,4213,4807,20-VQ-69,POINT (-9.22782039642334 38.700870513916016)
1729_735,5245_20250401_172_0_15,172_0,1,38.71535110473633,-9.120719909667969,28,IN_TRANSIT_TO,2025-04-07 20:59:12,2128,1729,25-AS-41,POINT (-9.120719909667969 38.71535110473633)
2630_722,4128_20250401_196_0_16,196_0,1,38.75733184814453,-9.111379623413086,34,IN_TRANSIT_TO,2025-04-07 20:52:35,1002,2630,52-VP-89,POINT (-9.111379623413086 38.75733184814453)
2720_723,4167_20250401_121_0_9,121_0,0,38.72460174560547,-9.159729957580566,8,IN_TRANSIT_TO,2025-04-07 20:59:36,1223,2720,92-XQ-28,POINT (-9.159729957580566 38.72460174560547)
2608_759,6977_20250401_144_0_16,144_0,1,38.742469787597656,-9.11283016204834,26,IN_TRANSIT_TO,2025-04-07 20:59:37,3716,2608,66-VI-39,POINT (-9.11283016204834 38.742469787597656)
2719_746,6041_20250401_108_0_3,108_0,1,38.742618560791016,-9.172900199890137,13,IN_TRANSIT_TO,2025-04-07 20:59:21,10705,2719,92-XQ-17,POINT (-9.172900199890137 38.742618560791016)
258_28E,44756_20250401_75_8_37,75_8,1,38.706050872802734,-9.143179893493652,2,IN_TRANSIT_TO,2025-04-07 20:59:34,10512,258,AF-56-RM,POINT (-9.143179893493652 38.706050872802734)
2735_708,3331_20250401_100_0_15,100_0,0,38.76858139038086,-9.100370407104492,27,IN_TRANSIT_TO,2025-04-07 20:59:23,7711,2735,AG-37-EI,POINT (-9.100370407104492 38.76858139038086)
279_734,5145_20250401_205_0_38,205_0,0,38.719818115234375,-9.129719734191895,7,IN_TRANSIT_TO,2025-04-07 20:59:05,9129,279,AI-38-FG,POINT (-9.129719734191895 38.719818115234375)
6045_732,5072_20250401_107_0_5,107_0,0,38.71274948120117,-9.213769912719727,44,IN_TRANSIT_TO,2025-04-07 20:59:32,12402,6045,BH-32-IQ,POINT (-9.213769912719727 38.71274948120117)
2330_742,5700_20250401_114_0_15,114_0,0,38.702850341796875,-9.180000305175781,40,IN_TRANSIT_TO,2025-04-07 20:59:01,12121,2330,67-52-ZJ,POINT (-9.180000305175781 38.702850341796875)
2428_747,6125_20250401_177_0_10,177_0,1,38.76047897338867,-9.170430183410645,14,IN_TRANSIT_TO,2025-04-07 20:59:31,50010,2428,29-AX-13,POINT (-9.170430183410645 38.76047897338867)
2204_736,5389_20250401_199_0_7,199_0,0,38.74256896972656,-9.14661979675293,8,IN_TRANSIT_TO,2025-04-07 20:59:33,1809,2204,01-72-XO,POINT (-9.14661979675293 38.74256896972656)
2402_716,3743_20250401_164_0_25,164_0,0,38.73862075805664,-9.163419723510742,10,IN_TRANSIT_TO,2025-04-07 20:59:33,1507,2402,50-AL-13,POINT (-9.163419723510742 38.73862075805664)
6044_706,3270_20250401_147_0_15,147_0,0,38.723121643066406,-9.14900016784668,13,IN_TRANSIT_TO,2025-04-07 20:59:29,1216,6044,BG-87-LX,POINT (-9.14900016784668 38.723121643066406)
2785_712,3551_20250401_189_0_20,189_0,1,38.72064971923828,-9.118550300598145,23,IN_TRANSIT_TO,2025-04-07 20:59:17,9110,2785,AI-05-BT,POINT (-9.118550300598145 38.72064971923828)
2994_774,7440_20250401_192_1_36,192_1,1,38.71834945678711,-9.165780067443848,12,IN_TRANSIT_TO,2025-04-07 20:59:25,8006,2994,29-VM-91,POINT (-9.165780067443848 38.71834945678711)
2304_708,3309_20250401_100_1_17,100_1,1,38.794071197509766,-9.103699684143066,0,IN_TRANSIT_TO,2025-04-07 20:59:05,,2304,83-10-ZM,POINT (-9.103699684143066 38.794071197509766)
1708_794,8078_20250401_115_0_17,115_0,1,38.73460006713867,-9.117219924926758,29,IN_TRANSIT_TO,2025-04-07 20:59:06,17576,1708,69-AL-71,POINT (-9.117219924926758 38.73460006713867)
2714_746,6060_20250401_108_0_1,108_0,1,38.73809814453125,-9.159350395202637,18,IN_TRANSIT_TO,2025-04-07 20:59:18,1510,2714,92-XQ-38,POINT (-9.159350395202637 38.73809814453125)
2760_728,36645_20250401_204_0_1,204_0,0,38.78007125854492,-9.10593032836914,48,IN_TRANSIT_TO,2025-04-07 20:59:27,7903,2760,AH-35-ND,POINT (-9.10593032836914 38.78007125854492)
2478_726,4319_20250401_116_0_17,116_0,0,38.74274826049805,-9.166000366210938,19,IN_TRANSIT_TO,2025-04-07 20:59:11,1611,2478,91-BE-80,POINT (-9.166000366210938 38.74274826049805)
1778_755,6710_20250401_118_0_14,118_0,0,38.75669860839844,-9.12166976928711,18,IN_TRANSIT_TO,2025-04-07 20:59:33,8426,1778,63-HX-30,POINT (-9.12166976928711 38.75669860839844)
2808_781,7737_20250101_151_0_17,151_0,0,38.78879928588867,-9.123950004577637,29,IN_TRANSIT_TO,2025-01-28 20:19:57,16307,2808,01-IH-97,POINT (-9.123950004577637 38.78879928588867)
1747_717,3846_20250401_170_0_17,170_0,0,38.78007888793945,-9.148469924926758,26,IN_TRANSIT_TO,2025-04-07 20:59:10,6018,1747,92-HR-04,POINT (-9.148469924926758 38.78007888793945)
2453_729,4799_20250401_104_0_17,104_0,1,38.748870849609375,-9.201250076293945,27,IN_TRANSIT_TO,2025-04-07 20:59:26,10918,2453,16-AZ-13,POINT (-9.201250076293945 38.748870849609375)
2459_703,3174_20250401_165_0_19,165_0,1,38.74502182006836,-9.200779914855957,3,IN_TRANSIT_TO,2025-04-07 20:58:52,8813,2459,74-BC-74,POINT (-9.200779914855957 38.74502182006836)
4831_736,41525_20250401_199_0_6,199_0,1,38.76137161254883,-9.157429695129395,14,IN_TRANSIT_TO,2025-04-05 10:55:18,5808,4831,20-VQ-61,POINT (-9.157429695129395 38.76137161254883)
1753_736,5430_20250401_199_1_2,199_1,1,38.73807907104492,-9.145999908447266,22,IN_TRANSIT_TO,2025-04-07 20:59:25,1814,1753,34-HU-19,POINT (-9.145999908447266 38.73807907104492)
1752_796,8130_20250401_174_0_42,174_0,1,38.79059982299805,-9.151049613952637,2,IN_TRANSIT_TO,2025-04-07 20:59:29,11601,1752,34-HU-18,POINT (-9.151049613952637 38.79059982299805)
2762_728,36643_20250401_204_1_2,204_1,1,38.729949951171875,-9.108070373535156,24,IN_TRANSIT_TO,2025-04-07 20:59:36,8306,2762,AH-38-ND,POINT (-9.108070373535156 38.729949951171875)
2425_767,7182_20250401_112_0_13,112_0,0,38.75967025756836,-9.18513011932373,27,IN_TRANSIT_TO,2025-04-07 20:59:24,12804,2425,29-AU-20,POINT (-9.18513011932373 38.75967025756836)
2710_714,3682_20250401_102_0_7,102_0,0,38.7246208190918,-9.228119850158691,40,IN_TRANSIT_TO,2025-04-07 20:59:34,18602,2710,92-XQ-19,POINT (-9.228119850158691 38.7246208190918)
2756_727,4444_20250401_103_4_13,103_4,0,38.706031799316406,-9.202380180358887,40,IN_TRANSIT_TO,2025-04-07 20:59:15,13114,2756,AH-27-ND,POINT (-9.202380180358887 38.706031799316406)
2797_727,4495_20250401_103_4_6,103_4,0,38.749149322509766,-9.141770362854004,3,IN_TRANSIT_TO,2025-04-07 20:59:28,201,2797,AJ-57-LI,POINT (-9.141770362854004 38.749149322509766)
1773_717,3865_20250401_170_0_17,170_0,0,38.75537109375,-9.15017032623291,13,IN_TRANSIT_TO,2025-04-07 20:59:35,11301,1773,53-HX-06,POINT (-9.15017032623291 38.75537109375)
1705_794,8081_20250401_115_0_8,115_0,1,38.76382827758789,-9.104029655456543,2,IN_TRANSIT_TO,2025-04-07 20:59:34,2324,1705,69-AL-68,POINT (-9.104029655456543 38.76382827758789)
4628_783,7847_20250401_203_0_17,203_0,0,38.77238082885742,-9.147649765014648,0,IN_TRANSIT_TO,2025-04-07 20:59:17,,4628,27-JO-10,POINT (-9.147649765014648 38.77238082885742)
2480_767,7269_20250401_112_1_6,112_1,1,38.762901306152344,-9.159879684448242,26,IN_TRANSIT_TO,2025-04-07 20:59:22,50014,2480,91-BE-75,POINT (-9.159879684448242 38.762901306152344)
2482_703,3103_20250401_165_0_19,165_0,0,38.74515151977539,-9.20182991027832,37,IN_TRANSIT_TO,2025-04-07 20:59:17,2806,2482,55-BH-02,POINT (-9.20182991027832 38.74515151977539)
1780_717,3820_20250401_170_0_17,170_0,0,38.79404830932617,-9.152029991149902,37,IN_TRANSIT_TO,2025-04-07 20:59:11,11608,1780,63-HX-18,POINT (-9.152029991149902 38.79404830932617)
1767_717,3783_20250401_170_0_15,170_0,1,38.780548095703125,-9.140870094299316,11,IN_TRANSIT_TO,2025-04-07 20:59:37,6011,1767,63-HX-29,POINT (-9.140870094299316 38.780548095703125)
1757_735,5264_20250401_172_0_17,172_0,0,38.7422981262207,-9.135080337524414,22,IN_TRANSIT_TO,2025-04-07 20:59:36,319,1757,34-HU-23,POINT (-9.135080337524414 38.7422981262207)
2469_729,4838_20250401_104_0_12,104_0,0,38.745201110839844,-9.200579643249512,17,IN_TRANSIT_TO,2025-04-07 20:59:08,50614,2469,16-AZ-09,POINT (-9.200579643249512 38.745201110839844)
1771_794,8035_20250401_115_0_14,115_0,1,38.763031005859375,-9.103949546813965,3,IN_TRANSIT_TO,2025-04-03 20:13:10,2322,1771,63-HX-27,POINT (-9.103949546813965 38.763031005859375)
1725_736,5406_20250401_199_1_3,199_1,0,38.70962142944336,-9.13556957244873,3,IN_TRANSIT_TO,2025-04-07 20:59:12,5519,1725,25-AS-37,POINT (-9.13556957244873 38.70962142944336)
2497_708,3278_20250401_100_1_17,100_1,1,38.76757049560547,-9.103569984436035,15,IN_TRANSIT_TO,2025-04-07 20:59:23,7825,2497,88-BL-71,POINT (-9.103569984436035 38.76757049560547)
2461_703,3112_20250401_165_0_19,165_0,0,38.77227020263672,-9.164250373840332,17,IN_TRANSIT_TO,2025-04-07 20:59:36,5915,2461,55-BH-04,POINT (-9.164250373840332 38.77227020263672)
2422_767,7292_20250401_112_1_14,112_1,1,38.760231018066406,-9.184619903564453,19,IN_TRANSIT_TO,2025-04-07 20:59:19,12823,2422,29-AU-17,POINT (-9.184619903564453 38.760231018066406)
2775_727,4534_20250401_103_0_13,103_0,1,38.720951080322266,-9.152770042419434,34,IN_TRANSIT_TO,2025-04-07 20:59:22,6805,2775,AH-31-ND,POINT (-9.152770042419434 38.720951080322266)
2445_767,7307_20250401_112_0_13,112_0,0,38.75236892700195,-9.189080238342285,30,IN_TRANSIT_TO,2025-04-07 20:59:33,10808,2445,44-BC-31,POINT (-9.189080238342285 38.75236892700195)
2758_728,36644_20250401_204_1_2,204_1,1,38.78207015991211,-9.1139497756958,0,IN_TRANSIT_TO,2025-04-07 20:59:15,,2758,AH-36-ND,POINT (-9.1139497756958 38.78207015991211)
2833_728,4682_20250401_204_0_13,204_0,1,38.69694900512695,-9.191650390625,41,IN_TRANSIT_TO,2025-04-07 20:59:26,9502,2833,BF-65-FZ,POINT (-9.191650390625 38.69694900512695)
1766_736,42396_20250401_199_1_2,199_1,1,38.77294921875,-9.161330223083496,9,IN_TRANSIT_TO,2025-04-07 20:59:12,5908,1766,63-HX-33,POINT (-9.161330223083496 38.77294921875)
2465_778,7531_20250401_179_0_27,179_0,0,38.762168884277344,-9.194820404052734,1,IN_TRANSIT_TO,2025-04-07 20:54:34,5809,2465,55-BH-00,POINT (-9.194820404052734 38.762168884277344)
1777_755,6689_20250401_118_0_19,118_0,1,38.754730224609375,-9.13403034210205,14,IN_TRANSIT_TO,2025-04-07 20:59:33,7405,1777,63-HX-31,POINT (-9.13403034210205 38.754730224609375)
2498_742,5784_20250401_114_0_16,114_0,1,38.71295166015625,-9.195819854736328,2,IN_TRANSIT_TO,2025-04-07 20:58:49,12928,2498,03-BM-57,POINT (-9.195819854736328 38.71295166015625)
2306_742,5739_20250401_114_0_14,114_0,0,38.731319427490234,-9.111300468444824,3,IN_TRANSIT_TO,2025-04-07 20:59:16,17568,2306,83-19-ZM,POINT (-9.111300468444824 38.731319427490234)
6011_771,39063_20250401_248_0_19,248_0,1,38.722320556640625,-9.17057991027832,15,IN_TRANSIT_TO,2025-04-07 20:59:09,50324,6011,65-ZF-82,POINT (-9.17057991027832 38.722320556640625)
2240_758,6830_20250401_150_0_17,150_0,1,38.72962951660156,-9.162349700927734,18,IN_TRANSIT_TO,2025-04-07 20:59:22,6124,2240,06-31-XX,POINT (-9.162349700927734 38.72962951660156)
2401_767,7248_20250401_112_0_13,112_0,1,38.73308181762695,-9.141130447387695,39,IN_TRANSIT_TO,2025-04-07 20:59:30,11105,2401,50-AL-14,POINT (-9.141130447387695 38.73308181762695)
2309_742,5685_20250401_114_0_10,114_0,1,38.73004913330078,-9.10873031616211,54,IN_TRANSIT_TO,2025-04-07 17:47:30,8317,2309,83-15-ZM,POINT (-9.10873031616211 38.73004913330078)
2481_726,4262_20250401_116_0_18,116_0,1,38.73834991455078,-9.161919593811035,18,IN_TRANSIT_TO,2025-04-07 20:58:49,1510,2481,54-BH-99,POINT (-9.161919593811035 38.73834991455078)
2406_724,4211_20250401_178_1_27,178_1,0,38.706748962402344,-9.178999900817871,0,IN_TRANSIT_TO,2025-04-07 20:59:12,,2406,50-AL-09,POINT (-9.178999900817871 38.706748962402344)
2451_726,4336_20250401_116_0_15,116_0,0,38.72386932373047,-9.132019996643066,3,IN_TRANSIT_TO,2025-04-07 20:59:11,601,2451,75-AQ-16,POINT (-9.132019996643066 38.72386932373047)
2610_744,5847_20250401_200_0_17,200_0,0,38.77452850341797,-9.10077953338623,28,IN_TRANSIT_TO,2025-04-07 20:59:13,7911,2610,66-VI-20,POINT (-9.10077953338623 38.77452850341797)
2290_729,4823_20250401_104_5_7,104_5,1,38.711181640625,-9.200920104980469,14,IN_TRANSIT_TO,2025-04-07 20:59:33,12902,2290,92-55-ZM,POINT (-9.200920104980469 38.711181640625)
4838_736,5340_20250401_199_0_17,199_0,0,38.783870697021484,-9.163129806518555,23,IN_TRANSIT_TO,2025-04-07 20:59:24,7203,4838,34-VR-22,POINT (-9.163129806518555 38.783870697021484)
2956_40B,19263_20250401_212_0_25,212_0,0,38.78717041015625,-9.142069816589355,12,IN_TRANSIT_TO,2025-04-07 20:59:31,6005,2956,27-GU-71,POINT (-9.142069816589355 38.78717041015625)
2770_746,6049_20250401_108_0_2,108_0,0,38.75177001953125,-9.204529762268066,20,IN_TRANSIT_TO,2025-04-07 20:59:22,10904,2770,AH-30-ND,POINT (-9.204529762268066 38.75177001953125)
2225_793,8011_20250401_145_0_18,145_0,1,38.74192810058594,-9.118229866027832,7,IN_TRANSIT_TO,2025-04-07 20:59:06,8913,2225,08-03-XS,POINT (-9.118229866027832 38.74192810058594)
2217_742,5664_20250401_114_0_14,114_0,0,38.702430725097656,-9.180549621582031,40,IN_TRANSIT_TO,2025-04-07 20:59:33,12121,2217,07-99-XS,POINT (-9.180549621582031 38.702430725097656)
2834_728,4699_20250401_204_0_11,204_0,1,38.70772171020508,-9.132949829101562,31,IN_TRANSIT_TO,2025-04-07 20:59:14,8202,2834,BF-76-FZ,POINT (-9.132949829101562 38.70772171020508)
2216_742,5778_20250401_114_0_14,114_0,1,38.71923065185547,-9.171050071716309,26,IN_TRANSIT_TO,2025-04-07 20:59:15,9304,2216,08-00-XS,POINT (-9.171050071716309 38.71923065185547)
2223_735,5272_20250401_172_1_17,172_1,0,38.71636962890625,-9.120570182800293,7,IN_TRANSIT_TO,2025-04-07 20:59:23,2103,2223,08-16-XS,POINT (-9.120570182800293 38.71636962890625)
2222_742,5763_20250401_114_0_15,114_0,1,38.73324966430664,-9.13247013092041,42,IN_TRANSIT_TO,2025-04-07 20:59:16,522,2222,08-17-XS,POINT (-9.13247013092041 38.73324966430664)
2237_758,6886_20250401_150_0_19,150_0,0,38.723880767822266,-9.160579681396484,11,IN_TRANSIT_TO,2025-04-07 20:59:18,8511,2237,06-27-XX,POINT (-9.160579681396484 38.723880767822266)
2287_758,6867_20250401_150_0_16,150_0,1,38.75265121459961,-9.209600448608398,30,IN_TRANSIT_TO,2025-04-07 20:59:35,10602,2287,92-58-ZM,POINT (-9.209600448608398 38.75265121459961)
2261_15E,11492_20250401_76_8_35,76_8,0,38.706321716308594,-9.145050048828125,3,IN_TRANSIT_TO,2025-04-07 20:59:32,3820,2261,80-49-ZE,POINT (-9.145050048828125 38.706321716308594)
