id,trip_id,route_id,direction_id,latitude,longitude,current_stop_sequence,current_status,timestamp,stop_id,vehicle_id,license_plate,geometry
2689_727,4527_20250801_103_0_3,103_0,0,38.73912811279297,-9.146249771118164,8,IN_TRANSIT_TO,2025-08-13 08:53:59,1906,2689,93-XA-45,POINT (-9.146249771118164 38.73912811279297)
4645_728,4697_20250801_204_0_3,204_0,1,38.754478454589844,-9.096980094909668,14,IN_TRANSIT_TO,2025-08-13 08:54:06,2409,4645,98-JO-46,POINT (-9.096980094909668 38.754478454589844)
4648_751,6491_20250801_109_0_5,109_0,0,38.69968032836914,-9.213669776916504,18,IN_TRANSIT_TO,2025-08-13 08:54:18,9614,4648,98-JO-47,POINT (-9.213669776916504 38.69968032836914)
2793_751,6502_20250801_109_0_6,109_0,0,38.7047004699707,-9.177669525146484,9,IN_TRANSIT_TO,2025-08-13 08:54:07,12121,2793,AJ-58-LI,POINT (-9.177669525146484 38.7047004699707)
557_24E,17846_20250801_213_0_10,213_0,0,38.7180290222168,-9.151880264282227,6,IN_TRANSIT_TO,2025-08-13 08:53:57,10607,557,,POINT (-9.151880264282227 38.7180290222168)
2253_747,6080_20250801_177_0_7,177_0,0,38.767051696777344,-9.16469955444336,5,IN_TRANSIT_TO,2025-08-13 08:54:26,5815,2253,80-52-ZE,POINT (-9.16469955444336 38.767051696777344)
611_15E,11231_20250801_76_0_6,76_0,1,38.70438003540039,-9.174779891967773,14,IN_TRANSIT_TO,2025-08-13 08:54:06,12115,611,,POINT (-9.174779891967773 38.70438003540039)
4607_728,4671_20250801_204_0_5,204_0,1,38.708370208740234,-9.136529922485352,32,IN_TRANSIT_TO,2025-08-13 08:54:25,4502,4607,96-GL-84,POINT (-9.136529922485352 38.708370208740234)
304_744,5844_20250801_200_0_4,200_0,1,38.72468185424805,-9.150750160217285,31,IN_TRANSIT_TO,2025-08-13 08:53:47,1212,304,22-SP-91,POINT (-9.150750160217285 38.72468185424805)
6022_760,7094_20250801_171_0_6,171_0,1,38.705631256103516,-9.178879737854004,23,IN_TRANSIT_TO,2025-08-13 08:54:00,12119,6022,BF-48-BB,POINT (-9.178879737854004 38.705631256103516)
2315_742,5762_20250801_114_0_5,114_0,1,38.720951080322266,-9.167779922485352,26,IN_TRANSIT_TO,2025-08-13 08:54:20,9304,2315,61-88-ZB,POINT (-9.167779922485352 38.720951080322266)
2440_767,20137_20250801_112_1_5,112_1,1,38.752681732177734,-9.208820343017578,6,IN_TRANSIT_TO,2025-08-13 08:53:59,11001,2440,29-AX-08,POINT (-9.208820343017578 38.752681732177734)
2992_730,4963_20250801_198_0_8,198_0,0,38.732669830322266,-9.121270179748535,0,IN_TRANSIT_TO,2025-08-13 08:53:02,,2992,29-VM-95,POINT (-9.121270179748535 38.732669830322266)
603_15E,11283_20250801_76_0_7,76_0,0,38.69927978515625,-9.230620384216309,22,IN_TRANSIT_TO,2025-08-13 08:53:58,4218,603,,POINT (-9.230620384216309 38.69927978515625)
2766_712,3555_20250801_189_0_6,189_0,1,38.703521728515625,-9.174750328063965,1,IN_TRANSIT_TO,2025-08-13 08:54:26,4005,2766,AH-40-ND,POINT (-9.174750328063965 38.703521728515625)
2250_731,19403_20240727_190_0_8,190_0,1,38.78303146362305,-9.114009857177734,3,IN_TRANSIT_TO,2024-08-10 10:41:27,12610,2250,80-41-ZE,POINT (-9.114009857177734 38.78303146362305)
4602_728,4680_20250801_204_0_5,204_0,1,38.724430084228516,-9.112099647521973,26,IN_TRANSIT_TO,2025-08-13 08:54:03,9810,4602,96-GL-80,POINT (-9.112099647521973 38.724430084228516)
6021_732,5090_20250801_107_0_2,107_0,0,38.72026824951172,-9.145750045776367,14,IN_TRANSIT_TO,2025-08-13 08:53:37,1102,6021,BD-91-QG,POINT (-9.145750045776367 38.72026824951172)
2292_731,5020_20250801_190_0_6,190_0,1,38.7648811340332,-9.119230270385742,17,IN_TRANSIT_TO,2025-08-13 08:54:05,7702,2292,83-16-ZM,POINT (-9.119230270385742 38.7648811340332)
612_15E,11315_20250801_76_0_7,76_0,0,38.7064208984375,-9.152429580688477,5,IN_TRANSIT_TO,2025-08-13 08:54:14,7102,612,,POINT (-9.152429580688477 38.7064208984375)
2830_753,20131_20250801_167_0_6,167_0,1,38.72745132446289,-9.146149635314941,7,IN_TRANSIT_TO,2025-08-13 08:54:14,1201,2830,BF-57-FZ,POINT (-9.146149635314941 38.72745132446289)
2346_731,5016_20250801_190_0_6,190_0,1,38.74222183227539,-9.168049812316895,33,IN_TRANSIT_TO,2025-08-13 08:54:17,1612,2346,62-93-ZG,POINT (-9.168049812316895 38.74222183227539)
4620_750,6281_20250801_106_0_6,106_0,0,38.763118743896484,-9.10396957397461,3,IN_TRANSIT_TO,2025-08-13 08:54:26,2322,4620,22-GP-54,POINT (-9.10396957397461 38.763118743896484)
2951_29B,17536_20250801_209_0_5,209_0,0,38.760719299316406,-9.10962963104248,7,IN_TRANSIT_TO,2025-08-13 08:54:19,8441,2951,62-GQ-53,POINT (-9.10962963104248 38.760719299316406)
2954_765,7180_20250801_110_0_11,110_0,0,38.7548713684082,-9.191579818725586,1,IN_TRANSIT_TO,2025-08-13 08:54:13,10833,2954,62-GQ-56,POINT (-9.191579818725586 38.7548713684082)
2624_781,7725_20250801_151_0_5,151_0,1,38.7156982421875,-9.120369911193848,25,IN_TRANSIT_TO,2025-08-13 08:54:06,8310,2624,72-VP-82,POINT (-9.120369911193848 38.7156982421875)
4642_751,6477_20250801_109_0_4,109_0,0,38.71323013305664,-9.225119590759277,28,IN_TRANSIT_TO,2025-08-13 08:53:43,14312,4642,90-JI-99,POINT (-9.225119590759277 38.71323013305664)
4614_750,6346_20250801_106_0_5,106_0,1,38.747230529785156,-9.197770118713379,14,IN_TRANSIT_TO,2025-08-13 08:54:15,2803,4614,96-GL-90,POINT (-9.197770118713379 38.747230529785156)
2953_798,8200_20250801_194_0_9,194_0,0,38.78739929199219,-9.144869804382324,20,IN_TRANSIT_TO,2025-08-13 08:53:59,6008,2953,62-GQ-55,POINT (-9.144869804382324 38.78739929199219)
2950_26B,17514_20250801_208_0_6,208_0,1,38.78038024902344,-9.093720436096191,18,IN_TRANSIT_TO,2025-08-13 08:53:57,50293,2950,62-GQ-51,POINT (-9.093720436096191 38.78038024902344)
4641_750,6303_20250801_106_0_5,106_0,1,38.755821228027344,-9.103429794311523,34,IN_TRANSIT_TO,2025-08-13 08:54:00,2301,4641,90-JI-98,POINT (-9.103429794311523 38.755821228027344)
2949_31B,17542_20250801_210_0_6,210_0,0,38.74715042114258,-9.112879753112793,19,IN_TRANSIT_TO,2025-08-13 08:54:18,3705,2949,62-GQ-52,POINT (-9.112879753112793 38.74715042114258)
4646_750,6260_20250801_106_0_6,106_0,0,38.75736999511719,-9.167329788208008,17,IN_TRANSIT_TO,2025-08-13 08:54:21,5802,4646,11-JM-79,POINT (-9.167329788208008 38.75736999511719)
4650_728,4702_20250801_204_0_5,204_0,1,38.76856994628906,-9.099249839782715,8,IN_TRANSIT_TO,2025-08-13 08:54:18,7806,4650,11-JM-80,POINT (-9.099249839782715 38.76856994628906)
4629_783,7841_20250801_203_0_6,203_0,1,38.742000579833984,-9.14696979522705,21,IN_TRANSIT_TO,2025-08-13 08:54:14,2019,4629,11-JM-77,POINT (-9.14696979522705 38.742000579833984)
4631_783,7850_20250601_203_0_12,203_0,1,38.770118713378906,-9.126720428466797,10,IN_TRANSIT_TO,2025-06-30 15:27:01,12202,4631,02-JN-86,POINT (-9.126720428466797 38.770118713378906)
2973_71B,45274_20250801_278_0_4,278_0,0,38.75230026245117,-9.189330101013184,0,IN_TRANSIT_TO,2025-08-13 08:54:02,,2973,30-VM-13,POINT (-9.189330101013184 38.75230026245117)
4627_796,8131_20250801_174_0_14,174_0,1,38.7817497253418,-9.163080215454102,9,IN_TRANSIT_TO,2025-08-13 08:54:15,7214,4627,11-JM-76,POINT (-9.163080215454102 38.7817497253418)
2688_738,5548_20250801_117_0_3,117_0,0,38.703800201416016,-9.17218017578125,31,IN_TRANSIT_TO,2025-08-13 08:54:03,10204,2688,93-XA-35,POINT (-9.17218017578125 38.703800201416016)
2692_711,3487_20250801_101_0_6,101_0,1,38.731719970703125,-9.189800262451172,18,IN_TRANSIT_TO,2025-08-13 08:54:03,8706,2692,90-XF-62,POINT (-9.189800262451172 38.731719970703125)
2691_746,5957_20250801_108_0_9,108_0,0,38.745849609375,-9.182100296020508,14,IN_TRANSIT_TO,2025-08-13 08:54:21,10702,2691,90-XF-45,POINT (-9.182100296020508 38.745849609375)
2669_723,4166_20250801_121_0_7,121_0,0,38.72549819946289,-9.148249626159668,6,IN_TRANSIT_TO,2025-08-13 08:54:02,1202,2669,87-XB-34,POINT (-9.148249626159668 38.72549819946289)
6048_763,49574_20250801_282_0_8,282_0,1,38.76068115234375,-9.195219993591309,4,IN_TRANSIT_TO,2025-08-13 08:54:11,12812,6048,BH-46-IR,POINT (-9.195219993591309 38.76068115234375)
2695_750,57123_20250801_106_4_6,106_4,1,38.736419677734375,-9.205869674682617,9,IN_TRANSIT_TO,2025-08-13 08:54:28,8807,2695,90-XF-50,POINT (-9.205869674682617 38.736419677734375)
4836_736,5401_20250801_199_0_7,199_0,0,38.78923034667969,-9.16901969909668,25,IN_TRANSIT_TO,2025-08-13 08:54:15,7207,4836,34-VR-23,POINT (-9.16901969909668 38.78923034667969)
2705_713,3617_20250801_122_0_7,122_0,0,38.7198486328125,-9.155630111694336,14,IN_TRANSIT_TO,2025-08-13 08:53:59,50191,2705,92-XQ-29,POINT (-9.155630111694336 38.7198486328125)
2684_711,3465_20250801_101_0_6,101_0,0,38.71352005004883,-9.136969566345215,3,IN_TRANSIT_TO,2025-08-13 08:54:11,913,2684,99-XE-59,POINT (-9.136969566345215 38.71352005004883)
2683_738,5555_20250801_117_0_5,117_0,0,38.72317123413086,-9.151280403137207,22,IN_TRANSIT_TO,2025-08-13 08:54:18,1208,2683,99-XE-55,POINT (-9.151280403137207 38.72317123413086)
2682_738,5515_20250801_117_0_5,117_0,0,38.75188064575195,-9.151049613952637,12,IN_TRANSIT_TO,2025-08-13 08:54:23,2008,2682,93-XA-42,POINT (-9.151049613952637 38.75188064575195)
6047_732,5059_20250801_107_0_4,107_0,1,38.69953155517578,-9.192449569702148,16,IN_TRANSIT_TO,2025-08-13 08:54:24,13403,6047,BH-20-IP,POINT (-9.192449569702148 38.69953155517578)
4618_750,6270_20250801_106_0_5,106_0,0,38.755470275878906,-9.14976978302002,13,IN_TRANSIT_TO,2025-08-13 08:54:00,11301,4618,22-GP-52,POINT (-9.14976978302002 38.755470275878906)
2947_26B,17522_20250801_208_0_5,208_0,0,38.7559814453125,-9.096980094909668,22,IN_TRANSIT_TO,2025-08-13 08:54:20,50291,2947,51-GL-84,POINT (-9.096980094909668 38.7559814453125)
2946_29B,17528_20250801_209_0_6,209_0,0,38.769081115722656,-9.117280006408691,25,IN_TRANSIT_TO,2025-08-13 08:54:28,7704,2946,75-GO-15,POINT (-9.117280006408691 38.769081115722656)
2959_40B,17562_20250801_212_0_6,212_0,0,38.79330062866211,-9.153019905090332,5,IN_TRANSIT_TO,2025-08-13 08:54:24,11616,2959,27-GU-74,POINT (-9.153019905090332 38.79330062866211)
2958_40B,17570_20250801_212_0_6,212_0,1,38.78062057495117,-9.148130416870117,12,IN_TRANSIT_TO,2025-08-13 08:54:19,50466,2958,27-GU-73,POINT (-9.148130416870117 38.78062057495117)
2676_754,6579_20250801_201_0_5,201_0,0,38.74480056762695,-9.19711971282959,18,IN_TRANSIT_TO,2025-08-13 08:54:14,10818,2676,87-XB-40,POINT (-9.19711971282959 38.74480056762695)
2677_738,5547_20250801_117_0_6,117_0,1,38.704551696777344,-9.176529884338379,5,IN_TRANSIT_TO,2025-08-13 08:54:25,12101,2677,87-XB-41,POINT (-9.176529884338379 38.704551696777344)
2671_748,6142_20250801_169_0_7,169_0,0,38.728519439697266,-9.211779594421387,6,IN_TRANSIT_TO,2025-08-13 08:53:41,18102,2671,87-XB-43,POINT (-9.211779594421387 38.728519439697266)
2673_727,4520_20250801_103_0_4,103_0,0,38.72296905517578,-9.151350021362305,14,IN_TRANSIT_TO,2025-08-13 08:54:25,1214,2673,87-XB-37,POINT (-9.151350021362305 38.72296905517578)
2672_723,4161_20250801_121_0_5,121_0,0,38.72285079956055,-9.17389965057373,10,IN_TRANSIT_TO,2025-08-13 08:54:09,8607,2672,87-XB-44,POINT (-9.17389965057373 38.72285079956055)
6001_706,3255_20250801_147_0_6,147_0,0,38.723480224609375,-9.147979736328125,13,IN_TRANSIT_TO,2025-08-13 08:52:23,1216,6001,99-XU-70,POINT (-9.147979736328125 38.723480224609375)
2675_738,5516_20250801_117_0_4,117_0,1,38.756099700927734,-9.176650047302246,34,IN_TRANSIT_TO,2025-08-13 08:53:36,50143,2675,87-XB-35,POINT (-9.176650047302246 38.756099700927734)
2964_770,7367_20250801_191_0_7,191_0,0,38.74021911621094,-9.177900314331055,9,IN_TRANSIT_TO,2025-08-13 08:54:18,10723,2964,30-VM-19,POINT (-9.177900314331055 38.74021911621094)
2962_52B,21673_20250801_244_0_5,244_0,0,38.74164962768555,-9.167830467224121,0,IN_TRANSIT_TO,2025-08-13 08:54:19,,2962,30-VM-07,POINT (-9.167830467224121 38.74164962768555)
2961_72B,45259_20250801_279_0_4,279_0,0,38.74906921386719,-9.191200256347656,27,IN_TRANSIT_TO,2025-08-13 08:53:57,10807,2961,26-VD-02,POINT (-9.191200256347656 38.74906921386719)
6031_760,7087_20250801_171_0_4,171_0,1,38.709571838378906,-9.135379791259766,32,IN_TRANSIT_TO,2025-08-13 08:54:07,5519,6031,BF-87-AX,POINT (-9.135379791259766 38.709571838378906)
2718_713,3591_20250801_122_0_6,122_0,1,38.70787048339844,-9.159119606018066,13,IN_TRANSIT_TO,2025-08-13 08:54:12,3909,2718,92-XQ-23,POINT (-9.159119606018066 38.70787048339844)
547_28E,14911_20250801_75_0_4,75_0,0,38.711151123046875,-9.152350425720215,25,IN_TRANSIT_TO,2025-08-13 08:53:33,6724,547,,POINT (-9.152350425720215 38.711151123046875)
2441_703,3139_20250801_165_0_5,165_0,0,38.77241897583008,-9.17061996459961,20,IN_TRANSIT_TO,2025-08-13 08:54:23,5914,2441,29-AX-07,POINT (-9.17061996459961 38.77241897583008)
2741_720,4065_20250801_143_0_7,143_0,1,38.73257064819336,-9.140979766845703,21,IN_TRANSIT_TO,2025-08-13 08:53:55,6502,2741,AG-99-TG,POINT (-9.140979766845703 38.73257064819336)
2479_726,4324_20250801_116_0_3,116_0,0,38.7409782409668,-9.167830467224121,18,IN_TRANSIT_TO,2025-08-13 08:54:00,1621,2479,91-BE-74,POINT (-9.167830467224121 38.7409782409668)
2493_794,8095_20250801_115_0_7,115_0,1,38.755348205566406,-9.126350402832031,19,IN_TRANSIT_TO,2025-08-13 08:54:03,14720,2493,88-BL-65,POINT (-9.126350402832031 38.755348205566406)
2844_753,6535_20250801_167_0_10,167_0,1,38.72465133666992,-9.158220291137695,4,IN_TRANSIT_TO,2025-08-13 08:54:15,8502,2844,BF-73-FZ,POINT (-9.158220291137695 38.72465133666992)
2295_731,5024_20250801_190_0_6,190_0,1,38.785179138183594,-9.1114501953125,4,IN_TRANSIT_TO,2025-08-13 08:54:12,50121,2295,92-53-ZM,POINT (-9.1114501953125 38.785179138183594)
2417_778,18642_20250801_179_0_9,179_0,0,38.7664794921875,-9.183670043945312,20,IN_TRANSIT_TO,2025-08-13 08:54:26,50360,2417,50-AL-06,POINT (-9.183670043945312 38.7664794921875)
608_15E,11205_20250801_76_0_6,76_0,1,38.712650299072266,-9.137579917907715,23,IN_TRANSIT_TO,2025-08-13 08:54:25,50621,608,,POINT (-9.137579917907715 38.712650299072266)
610_15E,11257_20250801_76_0_6,76_0,1,38.69940185546875,-9.228569984436035,2,IN_TRANSIT_TO,2025-08-13 08:54:21,4219,610,,POINT (-9.228569984436035 38.69940185546875)
2257_758,6845_20250801_150_0_3,150_0,0,38.75278091430664,-9.207900047302246,30,IN_TRANSIT_TO,2025-08-13 08:54:15,10902,2257,80-50-ZE,POINT (-9.207900047302246 38.75278091430664)
2628_705,3192_20250801_176_0_5,176_0,0,38.77362823486328,-9.125880241394043,16,IN_TRANSIT_TO,2025-08-13 08:53:59,7606,2628,52-VP-82,POINT (-9.125880241394043 38.77362823486328)
1717_701,2971_20250801_123_0_6,123_0,0,38.7215690612793,-9.167200088500977,29,IN_TRANSIT_TO,2025-08-13 08:53:56,8010,1717,69-AL-80,POINT (-9.167200088500977 38.7215690612793)
281_76B,18634_20250801_219_0_7,219_0,0,38.71311950683594,-9.206780433654785,16,IN_TRANSIT_TO,2025-08-13 08:54:08,12918,281,AI-48-OJ,POINT (-9.206780433654785 38.71311950683594)
2629_781,7718_20250801_151_0_5,151_0,1,38.705299377441406,-9.143269538879395,29,IN_TRANSIT_TO,2025-08-13 08:54:12,3820,2629,52-VP-81,POINT (-9.143269538879395 38.705299377441406)
4624_783,7805_20250801_203_0_5,203_0,0,38.783531188964844,-9.124629974365234,27,IN_TRANSIT_TO,2025-08-13 08:54:15,12601,4624,11-JM-75,POINT (-9.124629974365234 38.783531188964844)
6034_760,7102_20250801_171_0_7,171_0,1,38.704830169677734,-9.196200370788574,17,IN_TRANSIT_TO,2025-08-13 08:54:01,13305,6034,BF-61-AX,POINT (-9.196200370788574 38.704830169677734)
6035_732,5091_20250801_107_0_4,107_0,0,38.74808120727539,-9.149049758911133,3,IN_TRANSIT_TO,2025-08-13 08:54:17,2010,6035,BG-76-LX,POINT (-9.149049758911133 38.74808120727539)
2978_702,3036_20250801_146_0_10,146_0,1,38.73093032836914,-9.173379898071289,0,IN_TRANSIT_TO,2025-08-13 08:54:07,,2978,29-VM-92,POINT (-9.173379898071289 38.73093032836914)
4633_796,8117_20250801_174_0_12,174_0,1,38.76123046875,-9.157400131225586,16,IN_TRANSIT_TO,2025-08-13 08:54:27,5808,4633,90-JI-94,POINT (-9.157400131225586 38.76123046875)
2259_716,3719_20250801_164_0_5,164_0,0,38.745880126953125,-9.182149887084961,17,IN_TRANSIT_TO,2025-08-13 08:51:19,10702,2259,67-44-ZJ,POINT (-9.182149887084961 38.745880126953125)
2270_758,6857_20250801_150_0_5,150_0,0,38.74869918823242,-9.19087028503418,25,IN_TRANSIT_TO,2025-08-13 08:54:26,10826,2270,76-82-ZG,POINT (-9.19087028503418 38.74869918823242)
2442_731,5000_20250801_190_0_4,190_0,0,38.73765182495117,-9.164649963378906,0,IN_TRANSIT_TO,2025-08-13 08:54:08,,2442,29-AX-06,POINT (-9.164649963378906 38.73765182495117)
2703_746,5965_20250801_108_0_7,108_0,0,38.730350494384766,-9.150250434875488,2,IN_TRANSIT_TO,2025-08-13 08:54:27,1301,2703,92-XQ-24,POINT (-9.150250434875488 38.730350494384766)
2842_728,4727_20250801_204_4_1,204_4,1,38.72172164916992,-9.119919776916504,1,IN_TRANSIT_TO,2025-08-13 08:54:12,2128,2842,BF-56-FZ,POINT (-9.119919776916504 38.72172164916992)
4839_736,5421_20250801_199_0_7,199_0,0,38.72904968261719,-9.14758014678955,5,IN_TRANSIT_TO,2025-08-13 08:53:56,1701,4839,53-VR-08,POINT (-9.14758014678955 38.72904968261719)
2796_750,39036_20250801_106_4_7,106_4,0,38.698280334472656,-9.227700233459473,14,IN_TRANSIT_TO,2025-08-13 08:54:05,4213,2796,AJ-59-LI,POINT (-9.227700233459473 38.698280334472656)
4825_736,5321_20250801_199_0_6,199_0,1,38.7476692199707,-9.148429870605469,19,IN_TRANSIT_TO,2025-08-13 08:54:20,2002,4825,20-VQ-72,POINT (-9.148429870605469 38.7476692199707)
2965_52B,21665_20250801_244_0_5,244_0,0,38.737030029296875,-9.147250175476074,14,IN_TRANSIT_TO,2025-08-13 08:54:08,1811,2965,29-VM-97,POINT (-9.147250175476074 38.737030029296875)
275_73B,18777_20250801_220_0_5,220_0,0,38.6992301940918,-9.185669898986816,2,IN_TRANSIT_TO,2025-08-13 08:54:23,9504,275,AH-16-TB,POINT (-9.185669898986816 38.6992301940918)
2997_797,8165_20250801_163_0_15,163_0,1,38.72850036621094,-9.13086986541748,4,IN_TRANSIT_TO,2025-08-13 08:53:59,7005,2997,34-VN-03,POINT (-9.13086986541748 38.72850036621094)
2607_718,3963_20250801_105_0_6,105_0,0,38.725521087646484,-9.118749618530273,22,IN_TRANSIT_TO,2025-08-13 08:54:18,9802,2607,AA-95-TQ,POINT (-9.118749618530273 38.725521087646484)
6023_732,5074_20250801_107_0_3,107_0,0,38.70735168457031,-9.208620071411133,39,IN_TRANSIT_TO,2025-08-13 08:54:22,13106,6023,BF-03-BD,POINT (-9.208620071411133 38.70735168457031)
2613_722,4125_20250801_196_0_4,196_0,1,38.72480010986328,-9.150830268859863,32,IN_TRANSIT_TO,2025-08-13 08:54:00,1206,2613,66-VI-22,POINT (-9.150830268859863 38.72480010986328)
2601_749,6203_20250801_195_0_7,195_0,1,38.743228912353516,-9.149250030517578,16,IN_TRANSIT_TO,2025-08-13 08:54:05,50680,2601,04-VA-70,POINT (-9.149250030517578 38.743228912353516)
6036_732,5041_20250801_107_0_3,107_0,1,38.735801696777344,-9.14525032043457,38,IN_TRANSIT_TO,2025-08-13 08:54:23,1807,6036,BG-90-LX,POINT (-9.14525032043457 38.735801696777344)
6026_732,5042_20250801_107_0_4,107_0,1,38.70719909667969,-9.141369819641113,28,IN_TRANSIT_TO,2025-08-13 08:54:08,3803,6026,BF-39-BB,POINT (-9.141369819641113 38.70719909667969)
2706_713,3619_20250801_122_0_7,122_0,0,38.73320007324219,-9.154720306396484,7,IN_TRANSIT_TO,2025-08-13 08:54:28,1405,2706,92-XQ-46,POINT (-9.154720306396484 38.73320007324219)
2739_756,6714_20250801_175_0_7,175_0,1,38.738929748535156,-9.153169631958008,12,IN_TRANSIT_TO,2025-08-13 08:54:06,1504,2739,AG-31-EI,POINT (-9.153169631958008 38.738929748535156)
2653_714,3681_20250801_102_0_4,102_0,1,38.69755172729492,-9.193300247192383,23,IN_TRANSIT_TO,2025-08-13 08:54:24,4115,2653,05-VZ-52,POINT (-9.193300247192383 38.69755172729492)
4806_751,6494_20250801_109_0_11,109_0,0,38.70016860961914,-9.21090030670166,18,IN_TRANSIT_TO,2025-08-13 08:54:25,9614,4806,20-VQ-74,POINT (-9.21090030670166 38.70016860961914)
2749_720,4085_20250801_143_0_8,143_0,1,38.702571868896484,-9.187870025634766,0,IN_TRANSIT_TO,2025-08-13 08:54:28,,2749,AG-03-TH,POINT (-9.187870025634766 38.702571868896484)
2988_71B,45273_20250801_278_0_4,278_0,0,38.749298095703125,-9.2079496383667,19,IN_TRANSIT_TO,2025-08-13 08:53:59,2909,2988,29-VM-94,POINT (-9.2079496383667 38.749298095703125)
2743_756,6742_20250801_175_0_8,175_0,0,38.74108123779297,-9.148619651794434,11,IN_TRANSIT_TO,2025-08-13 08:54:14,1914,2743,AG-02-TH,POINT (-9.148619651794434 38.74108123779297)
4826_736,20127_20250801_199_0_5,199_0,0,38.71424865722656,-9.139129638671875,0,IN_TRANSIT_TO,2025-08-13 08:54:07,,4826,53-VR-05,POINT (-9.139129638671875 38.71424865722656)
2657_714,3691_20250801_102_0_6,102_0,1,38.728370666503906,-9.212120056152344,9,IN_TRANSIT_TO,2025-08-13 08:54:27,18111,2657,05-VZ-66,POINT (-9.212120056152344 38.728370666503906)
2637_759,6968_20250801_144_0_6,144_0,1,38.74171829223633,-9.112799644470215,26,IN_TRANSIT_TO,2025-08-13 08:54:25,3716,2637,87-VS-51,POINT (-9.112799644470215 38.74171829223633)
2617_744,5843_20250801_200_0_4,200_0,0,38.71567916870117,-9.141300201416016,0,IN_TRANSIT_TO,2025-08-13 08:54:18,,2617,66-VI-28,POINT (-9.141300201416016 38.71567916870117)
2633_759,6899_20250801_144_0_6,144_0,1,38.76837921142578,-9.098429679870605,2,IN_TRANSIT_TO,2025-08-13 08:54:20,7805,2633,52-VP-79,POINT (-9.098429679870605 38.76837921142578)
2648_714,3637_20250801_102_0_5,102_0,0,38.70634841918945,-9.14721965789795,2,IN_TRANSIT_TO,2025-08-13 08:54:16,3802,2648,75-VS-46,POINT (-9.14721965789795 38.70634841918945)
2619_781,7744_20250801_151_0_5,151_0,0,38.78593063354492,-9.123820304870605,28,IN_TRANSIT_TO,2025-08-13 08:54:16,16305,2619,66-VI-37,POINT (-9.123820304870605 38.78593063354492)
2716_727,4538_20250801_103_0_2,103_0,1,38.74687957763672,-9.140700340270996,46,IN_TRANSIT_TO,2025-08-13 08:54:21,202,2716,92-XQ-27,POINT (-9.140700340270996 38.74687957763672)
2991_702,3063_20250801_146_0_15,146_0,0,38.732330322265625,-9.172619819641113,12,IN_TRANSIT_TO,2025-08-13 08:54:21,50085,2991,29-VM-89,POINT (-9.172619819641113 38.732330322265625)
4820_751,6499_20250801_109_0_8,109_0,0,38.69831848144531,-9.18887996673584,12,IN_TRANSIT_TO,2025-08-13 08:54:00,9506,4820,20-VQ-62,POINT (-9.18887996673584 38.69831848144531)
2704_746,5992_20250801_108_0_7,108_0,0,38.7504997253418,-9.197179794311523,18,IN_TRANSIT_TO,2025-08-13 08:53:31,10802,2704,92-XQ-18,POINT (-9.197179794311523 38.7504997253418)
283_734,5138_20250801_205_0_6,205_0,0,38.71443176269531,-9.123080253601074,16,IN_TRANSIT_TO,2025-08-07 08:52:19,2110,283,AI-49-OJ,POINT (-9.123080253601074 38.71443176269531)
2826_753,19175_20250801_167_0_9,167_0,0,38.72962188720703,-9.143950462341309,1,IN_TRANSIT_TO,2025-08-13 08:54:22,1712,2826,BF-74-FZ,POINT (-9.143950462341309 38.72962188720703)
577_18E,12191_20250801_78_0_8,78_0,1,38.706268310546875,-9.145350456237793,19,IN_TRANSIT_TO,2025-08-13 08:54:20,7101,577,,POINT (-9.145350456237793 38.706268310546875)
2642_759,6924_20250801_144_0_5,144_0,0,38.764320373535156,-9.118829727172852,32,IN_TRANSIT_TO,2025-08-13 08:54:06,8403,2642,75-VS-51,POINT (-9.118829727172852 38.764320373535156)
573_28E,14989_20250801_75_0_5,75_0,1,38.71501922607422,-9.136770248413086,35,IN_TRANSIT_TO,2025-08-13 08:54:04,804,573,,POINT (-9.136770248413086 38.71501922607422)
2724_712,3533_20250801_189_0_5,189_0,0,38.72766876220703,-9.141679763793945,14,IN_TRANSIT_TO,2025-08-13 08:54:21,6905,2724,92-XQ-40,POINT (-9.141679763793945 38.72766876220703)
2609_718,3941_20250801_105_0_7,105_0,1,38.73627853393555,-9.103480339050293,19,IN_TRANSIT_TO,2025-08-13 08:54:25,12505,2609,66-VI-36,POINT (-9.103480339050293 38.73627853393555)
2611_781,7751_20250801_151_0_5,151_0,0,38.767398834228516,-9.110050201416016,19,IN_TRANSIT_TO,2025-08-13 08:54:14,7715,2611,66-VI-38,POINT (-9.110050201416016 38.767398834228516)
2326_708,3279_20250801_100_0_6,100_0,0,38.74317932128906,-9.132650375366211,9,IN_TRANSIT_TO,2025-08-13 08:54:12,411,2326,67-49-ZJ,POINT (-9.132650375366211 38.74317932128906)
2618_705,3197_20250801_176_0_6,176_0,0,38.77143096923828,-9.097550392150879,2,IN_TRANSIT_TO,2025-08-13 08:54:21,7805,2618,66-VI-42,POINT (-9.097550392150879 38.77143096923828)
548_12E,11030_20250801_77_0_5,77_0,1,38.71242141723633,-9.130570411682129,11,IN_TRANSIT_TO,2025-08-13 08:53:31,13811,548,,POINT (-9.130570411682129 38.71242141723633)
2643_722,4124_20250801_196_0_6,196_0,0,38.724430084228516,-9.149230003356934,2,IN_TRANSIT_TO,2025-08-13 08:54:10,1103,2643,75-VS-44,POINT (-9.149230003356934 38.724430084228516)
2733_742,5738_20250801_114_0_5,114_0,0,38.72856903076172,-9.109319686889648,5,IN_TRANSIT_TO,2025-08-13 08:54:02,8316,2733,AG-41-EI,POINT (-9.109319686889648 38.72856903076172)
2468_729,4811_20250801_104_0_6,104_0,0,38.759178161621094,-9.192770004272461,9,IN_TRANSIT_TO,2025-08-13 08:54:04,12821,2468,16-AZ-10,POINT (-9.192770004272461 38.759178161621094)
2664_723,18980_20250801_121_0_4,121_0,1,38.71554946899414,-9.214719772338867,10,IN_TRANSIT_TO,2025-08-13 08:54:03,12402,2664,05-VZ-68,POINT (-9.214719772338867 38.71554946899414)
2308_708,3323_20250801_100_0_5,100_0,1,38.76210021972656,-9.12975025177002,29,IN_TRANSIT_TO,2025-08-13 08:54:06,7514,2308,83-17-ZM,POINT (-9.12975025177002 38.76210021972656)
2640_722,4113_20250801_196_0_6,196_0,1,38.7712516784668,-9.121600151062012,12,IN_TRANSIT_TO,2025-08-13 08:54:27,12206,2640,75-VS-43,POINT (-9.121600151062012 38.7712516784668)
2654_714,3674_20250801_102_0_6,102_0,1,38.70452117919922,-9.166729927062988,31,IN_TRANSIT_TO,2025-08-13 08:54:14,10209,2654,05-VZ-69,POINT (-9.166729927062988 38.70452117919922)
541_28E,15041_20250801_75_0_4,75_0,1,38.71352005004883,-9.159520149230957,6,IN_TRANSIT_TO,2025-08-13 08:52:12,8111,541,,POINT (-9.159520149230957 38.71352005004883)
2707_754,6612_20250801_201_0_5,201_0,1,38.74250030517578,-9.211999893188477,12,IN_TRANSIT_TO,2025-08-13 08:54:18,18109,2707,92-XQ-39,POINT (-9.211999893188477 38.74250030517578)
2612_759,6975_20250801_144_0_3,144_0,1,38.76498031616211,-9.11935043334961,15,IN_TRANSIT_TO,2025-08-13 08:54:07,7702,2612,66-VI-29,POINT (-9.11935043334961 38.76498031616211)
2736_720,4078_20250801_143_0_8,143_0,1,38.71220016479492,-9.163249969482422,10,IN_TRANSIT_TO,2025-08-13 08:54:28,10103,2736,AG-47-EI,POINT (-9.163249969482422 38.71220016479492)
6042_760,7046_20250801_171_0_5,171_0,0,38.71451950073242,-9.137470245361328,8,IN_TRANSIT_TO,2025-08-13 08:54:13,815,6042,BG-97-LU,POINT (-9.137470245361328 38.71451950073242)
542_28E,15027_20250801_75_0_5,75_0,1,38.7093505859375,-9.138480186462402,18,IN_TRANSIT_TO,2025-08-13 08:53:13,50149,542,,POINT (-9.138480186462402 38.7093505859375)
574_28E,14898_20250801_75_0_4,75_0,0,38.714229583740234,-9.169520378112793,34,IN_TRANSIT_TO,2025-08-13 08:54:17,8017,574,,POINT (-9.169520378112793 38.714229583740234)
2713_713,3580_20250801_122_0_4,122_0,1,38.72317886352539,-9.161020278930664,25,IN_TRANSIT_TO,2025-08-13 08:54:11,8517,2713,92-XQ-34,POINT (-9.161020278930664 38.72317886352539)
2799_711,3451_20250801_101_0_4,101_0,0,38.731380462646484,-9.197919845581055,16,IN_TRANSIT_TO,2025-08-13 08:54:24,8707,2799,AJ-52-LI,POINT (-9.197919845581055 38.731380462646484)
2258_758,6856_20250801_150_0_5,150_0,0,38.7534294128418,-9.20946979522705,31,IN_TRANSIT_TO,2025-08-13 08:54:19,11006,2258,53-58-ZJ,POINT (-9.20946979522705 38.7534294128418)
2769_776,7480_20250801_193_0_20,193_0,0,38.69987106323242,-9.22754955291748,3,IN_TRANSIT_TO,2025-08-13 08:54:15,4217,2769,AH-19-ND,POINT (-9.22754955291748 38.69987106323242)
2636_781,7752_20250801_151_0_6,151_0,0,38.71607971191406,-9.119729995727539,5,IN_TRANSIT_TO,2025-08-13 08:54:09,2113,2636,87-VS-50,POINT (-9.119729995727539 38.71607971191406)
2626_722,4114_20250801_196_0_5,196_0,0,38.77132034301758,-9.120880126953125,24,IN_TRANSIT_TO,2025-08-13 08:54:12,12203,2626,52-VP-86,POINT (-9.120880126953125 38.77132034301758)
2620_705,3182_20250801_176_0_6,176_0,1,38.77838134765625,-9.127030372619629,13,IN_TRANSIT_TO,2025-08-13 08:53:56,50100,2620,66-VI-33,POINT (-9.127030372619629 38.77838134765625)
2622_759,6967_20250801_144_0_4,144_0,1,38.72597122192383,-9.112500190734863,36,IN_TRANSIT_TO,2025-08-13 08:54:28,8302,2622,66-VI-21,POINT (-9.112500190734863 38.72597122192383)
2603_759,6959_20250801_144_0_6,144_0,1,38.70867919921875,-9.130720138549805,43,IN_TRANSIT_TO,2025-08-13 08:36:48,8202,2603,16-VF-76,POINT (-9.130720138549805 38.70867919921875)
2649_742,5665_20250801_114_0_5,114_0,1,38.704830169677734,-9.197799682617188,12,IN_TRANSIT_TO,2025-08-13 08:54:04,13303,2649,75-VS-42,POINT (-9.197799682617188 38.704830169677734)
2975_45B,49566_20250801_277_0_5,277_0,0,38.76102828979492,-9.166780471801758,15,IN_TRANSIT_TO,2025-08-13 08:54:22,50005,2975,30-VM-11,POINT (-9.166780471801758 38.76102828979492)
2985_730,4971_20250801_198_0_6,198_0,1,38.72682189941406,-9.128520011901855,13,IN_TRANSIT_TO,2025-08-13 08:54:15,9102,2985,30-VM-14,POINT (-9.128520011901855 38.72682189941406)
2986_730,4954_20250801_198_0_6,198_0,0,38.721519470214844,-9.129619598388672,16,IN_TRANSIT_TO,2025-08-13 08:54:05,9105,2986,30-VM-12,POINT (-9.129619598388672 38.721519470214844)
2701_746,5987_20250801_108_0_8,108_0,1,38.748931884765625,-9.214249610900879,1,IN_TRANSIT_TO,2025-08-13 08:54:25,3005,2701,92-XQ-35,POINT (-9.214249610900879 38.748931884765625)
2982_72B,45258_20250801_279_0_5,279_0,0,38.75279998779297,-9.206399917602539,8,IN_TRANSIT_TO,2025-08-13 08:53:04,10927,2982,30-VM-23,POINT (-9.206399917602539 38.75279998779297)
2990_797,8176_20250801_163_0_9,163_0,0,38.73265075683594,-9.12992000579834,5,IN_TRANSIT_TO,2025-08-13 08:53:57,502,2990,30-VM-06,POINT (-9.12992000579834 38.73265075683594)
2976_774,7441_20250801_192_0_11,192_0,0,38.72037887573242,-9.16392993927002,5,IN_TRANSIT_TO,2025-08-13 08:53:35,8027,2976,30-VM-00,POINT (-9.16392993927002 38.72037887573242)
2616_759,6958_20250801_144_0_5,144_0,0,38.71052932739258,-9.138469696044922,3,IN_TRANSIT_TO,2025-08-13 08:54:10,5510,2616,66-VI-44,POINT (-9.138469696044922 38.71052932739258)
2604_718,3936_20250801_105_0_5,105_0,1,38.75326919555664,-9.110650062561035,26,IN_TRANSIT_TO,2025-08-13 08:54:24,24366,2604,66-VI-32,POINT (-9.110650062561035 38.75326919555664)
552_25E,14264_20250801_79_0_7,79_0,1,38.71427917480469,-9.169050216674805,6,IN_TRANSIT_TO,2025-08-13 08:54:19,8111,552,,POINT (-9.169050216674805 38.71427917480469)
2634_759,6903_20250801_144_0_5,144_0,0,38.767578125,-9.100130081176758,47,IN_TRANSIT_TO,2025-08-13 08:54:09,7825,2634,52-VP-85,POINT (-9.100130081176758 38.767578125)
2605_718,3974_20250801_105_0_6,105_0,0,38.74420166015625,-9.101479530334473,11,IN_TRANSIT_TO,2025-08-13 08:54:20,12524,2605,66-VI-35,POINT (-9.101479530334473 38.74420166015625)
2980_79B,18673_20250801_221_0_4,221_0,0,38.69681930541992,-9.214679718017578,36,IN_TRANSIT_TO,2025-08-13 08:54:22,50415,2980,29-VM-90,POINT (-9.214679718017578 38.69681930541992)
2663_714,3697_20240914_102_0_16,102_0,1,38.72127151489258,-9.221500396728516,4,IN_TRANSIT_TO,2024-10-22 20:26:58,18703,2663,05-VZ-62,POINT (-9.221500396728516 38.72127151489258)
581_25E,14251_20250801_79_0_6,79_0,0,38.713748931884766,-9.160849571228027,13,IN_TRANSIT_TO,2025-08-13 08:54:17,8112,581,,POINT (-9.160849571228027 38.713748931884766)
2615_759,6946_20250801_144_0_4,144_0,0,38.72774887084961,-9.11001968383789,14,IN_TRANSIT_TO,2025-08-13 08:54:27,8303,2615,66-VI-27,POINT (-9.11001968383789 38.72774887084961)
579_28E,14923_20250801_75_0_6,75_0,0,38.70804977416992,-9.140069961547852,17,IN_TRANSIT_TO,2025-08-13 08:53:10,5604,579,,POINT (-9.140069961547852 38.70804977416992)
6043_758,6872_20250801_150_0_3,150_0,0,38.73099899291992,-9.162500381469727,14,IN_TRANSIT_TO,2025-08-13 08:54:18,6121,6043,BG-93-LT,POINT (-9.162500381469727 38.73099899291992)
1714_783,7825_20250801_203_0_7,203_0,0,38.725650787353516,-9.149580001831055,3,IN_TRANSIT_TO,2025-08-13 08:54:04,50197,1714,69-AL-77,POINT (-9.149580001831055 38.725650787353516)
4804_751,6507_20250801_109_0_4,109_0,0,38.712249755859375,-9.175299644470215,6,IN_TRANSIT_TO,2025-08-13 08:54:02,9412,4804,53-VR-07,POINT (-9.175299644470215 38.712249755859375)
505_15E,11306_20250801_76_0_5,76_0,0,38.69858169555664,-9.187580108642578,12,IN_TRANSIT_TO,2025-08-13 08:54:23,9504,505,,POINT (-9.187580108642578 38.69858169555664)
2963_34B,19153_20250801_226_0_4,226_0,0,38.73377990722656,-9.107379913330078,23,IN_TRANSIT_TO,2025-08-13 08:54:12,50413,2963,29-VM-88,POINT (-9.107379913330078 38.73377990722656)
2687_746,5976_20250801_108_0_4,108_0,1,38.74052810668945,-9.167869567871094,16,IN_TRANSIT_TO,2025-08-13 08:54:25,1610,2687,93-XA-44,POINT (-9.167869567871094 38.74052810668945)
265_734,5146_20250801_205_0_7,205_0,1,38.714969635009766,-9.136650085449219,15,IN_TRANSIT_TO,2025-08-13 08:54:25,805,265,AG-40-OV,POINT (-9.136650085449219 38.714969635009766)
2696_727,4543_20250801_103_0_4,103_0,1,38.72882080078125,-9.147749900817871,38,IN_TRANSIT_TO,2025-08-13 08:54:19,1701,2696,90-XF-63,POINT (-9.147749900817871 38.72882080078125)
578_25E,14267_20250801_79_0_4,79_0,0,38.71437072753906,-9.169329643249512,18,IN_TRANSIT_TO,2025-08-13 08:53:41,8017,578,,POINT (-9.169329643249512 38.71437072753906)
2662_714,19170_20250801_102_0_3,102_0,0,38.69778060913086,-9.204480171203613,20,IN_TRANSIT_TO,2025-08-13 08:54:04,9604,2662,05-VZ-51,POINT (-9.204480171203613 38.69778060913086)
2977_702,3070_20250801_146_0_7,146_0,0,38.72732925415039,-9.1658296585083,5,IN_TRANSIT_TO,2025-08-13 08:54:02,6107,2977,30-VM-21,POINT (-9.1658296585083 38.72732925415039)
2427_703,3164_20250801_165_0_6,165_0,1,38.75872039794922,-9.180520057678223,12,IN_TRANSIT_TO,2025-08-13 08:54:19,12803,2427,29-AX-14,POINT (-9.180520057678223 38.75872039794922)
4808_728,4591_20250801_204_0_6,204_0,0,38.70867919921875,-9.135069847106934,21,IN_TRANSIT_TO,2025-08-13 08:54:03,5501,4808,20-VQ-73,POINT (-9.135069847106934 38.70867919921875)
6003_706,3245_20250801_147_0_3,147_0,1,38.71398162841797,-9.122170448303223,0,IN_TRANSIT_TO,2025-08-13 08:54:25,,6003,82-ZC-02,POINT (-9.122170448303223 38.71398162841797)
572_28E,14937_20250801_75_0_6,75_0,0,38.711769104003906,-9.130550384521484,13,IN_TRANSIT_TO,2025-08-13 08:46:33,13812,572,,POINT (-9.130550384521484 38.711769104003906)
264_61B,21524_20250801_241_0_6,241_0,0,38.724369049072266,-9.169919967651367,15,IN_TRANSIT_TO,2025-08-13 08:54:22,2712,264,AG-42-OV,POINT (-9.169919967651367 38.724369049072266)
4824_736,5301_20250801_199_0_6,199_0,1,38.720420837402344,-9.145899772644043,27,IN_TRANSIT_TO,2025-08-13 08:54:02,1102,4824,34-VR-19,POINT (-9.145899772644043 38.720420837402344)
2778_754,6599_20250801_201_0_4,201_0,1,38.74169921875,-9.167550086975098,29,IN_TRANSIT_TO,2025-08-13 08:54:17,1603,2778,AI-03-BT,POINT (-9.167550086975098 38.74169921875)
2641_759,6925_20250801_144_0_3,144_0,0,38.73202896118164,-9.114399909973145,17,IN_TRANSIT_TO,2025-08-13 08:54:23,17569,2641,75-VS-49,POINT (-9.114399909973145 38.73202896118164)
268_734,5135_20250801_205_0_7,205_0,0,38.7135009765625,-9.125049591064453,13,IN_TRANSIT_TO,2025-08-13 08:54:21,2122,268,AH-56-CZ,POINT (-9.125049591064453 38.7135009765625)
2974_737,5493_20250801_173_0_10,173_0,1,38.71215057373047,-9.132430076599121,0,IN_TRANSIT_TO,2025-08-13 08:54:29,,2974,30-VM-22,POINT (-9.132430076599121 38.71215057373047)
4817_751,6436_20250801_109_0_7,109_0,1,38.6986198425293,-9.22716999053955,11,IN_TRANSIT_TO,2025-08-13 08:54:28,4210,4817,00-VV-37,POINT (-9.22716999053955 38.6986198425293)
575_24E,17856_20250801_213_0_3,213_0,1,38.7163200378418,-9.147780418395996,7,IN_TRANSIT_TO,2025-08-13 08:54:01,10609,575,,POINT (-9.147780418395996 38.7163200378418)
2660_714,3703_20250801_102_0_7,102_0,0,38.72782897949219,-9.212329864501953,31,IN_TRANSIT_TO,2025-08-13 08:54:24,18102,2660,05-VZ-60,POINT (-9.212329864501953 38.72782897949219)
4807_728,4611_20250801_204_0_6,204_0,0,38.70349884033203,-9.164850234985352,15,IN_TRANSIT_TO,2025-08-13 08:54:26,10201,4807,20-VQ-69,POINT (-9.164850234985352 38.70349884033203)
2650_714,3630_20250801_102_0_7,102_0,0,38.70624923706055,-9.173399925231934,11,IN_TRANSIT_TO,2025-08-13 08:54:12,9417,2650,75-VS-50,POINT (-9.173399925231934 38.70624923706055)
2782_776,7493_20250801_193_0_15,193_0,1,38.70048141479492,-9.242070198059082,6,IN_TRANSIT_TO,2025-08-13 08:54:03,14903,2782,AI-99-BS,POINT (-9.242070198059082 38.70048141479492)
277_79B,18665_20250801_221_0_5,221_0,0,38.69512939453125,-9.212820053100586,7,IN_TRANSIT_TO,2025-08-13 08:54:23,50385,277,AH-13-TB,POINT (-9.212820053100586 38.69512939453125)
2984_774,7461_20250801_192_0_6,192_0,1,38.72256851196289,-9.149649620056152,5,IN_TRANSIT_TO,2025-08-13 08:53:30,1211,2984,30-VM-04,POINT (-9.149649620056152 38.72256851196289)
2630_744,5835_20250801_200_0_3,200_0,0,38.77450180053711,-9.097399711608887,25,IN_TRANSIT_TO,2025-08-13 08:54:06,7805,2630,52-VP-89,POINT (-9.097399711608887 38.77450180053711)
2744_742,5767_20250801_114_0_4,114_0,1,38.72032165527344,-9.16901969909668,26,IN_TRANSIT_TO,2025-08-13 08:54:18,9304,2744,AG-13-TH,POINT (-9.16901969909668 38.72032165527344)
2720_709,3390_20250801_148_0_11,148_0,1,38.71427917480469,-9.16172981262207,3,IN_TRANSIT_TO,2025-08-13 08:54:21,8001,2720,92-XQ-28,POINT (-9.16172981262207 38.71427917480469)
272_734,5138_20250801_205_0_7,205_0,1,38.71495056152344,-9.136480331420898,15,IN_TRANSIT_TO,2025-08-13 08:54:12,805,272,AH-26-IN,POINT (-9.136480331420898 38.71495056152344)
2645_708,3286_20250801_100_0_4,100_0,0,38.71514892578125,-9.13700008392334,2,IN_TRANSIT_TO,2025-08-13 08:54:17,818,2645,87-VS-49,POINT (-9.13700008392334 38.71514892578125)
2983_702,3059_20250801_146_0_10,146_0,1,38.73078155517578,-9.168569564819336,5,IN_TRANSIT_TO,2025-08-13 08:54:26,2704,2983,30-VM-08,POINT (-9.168569564819336 38.73078155517578)
262_734,5149_20250801_205_0_8,205_0,1,38.71670150756836,-9.120420455932617,2,IN_TRANSIT_TO,2025-08-13 08:54:23,2103,262,AF-49-ZD,POINT (-9.120420455932617 38.71670150756836)
2627_781,7741_20250801_151_0_6,151_0,1,38.778221130371094,-9.11929988861084,6,IN_TRANSIT_TO,2025-08-13 08:54:29,12604,2627,52-VP-83,POINT (-9.11929988861084 38.778221130371094)
4635_736,5418_20250801_199_0_7,199_0,0,38.7494010925293,-9.148150444030762,11,IN_TRANSIT_TO,2025-08-13 08:54:19,2011,4635,90-JI-95,POINT (-9.148150444030762 38.7494010925293)
2715_713,3604_20250801_122_0_7,122_0,0,38.70608139038086,-9.173069953918457,28,IN_TRANSIT_TO,2025-08-13 08:54:06,10208,2715,92-XQ-22,POINT (-9.173069953918457 38.70608139038086)
2608_718,3958_20250801_105_0_7,105_0,1,38.74052047729492,-9.133480072021484,3,IN_TRANSIT_TO,2025-08-13 08:53:58,404,2608,66-VI-39,POINT (-9.133480072021484 38.74052047729492)
2731_742,5758_20250801_114_0_6,114_0,1,38.73500061035156,-9.139780044555664,39,IN_TRANSIT_TO,2025-08-13 08:54:14,50069,2731,AG-49-EI,POINT (-9.139780044555664 38.73500061035156)
2719_711,3494_20250801_101_0_6,101_0,1,38.743621826171875,-9.217479705810547,0,IN_TRANSIT_TO,2025-08-13 08:54:23,,2719,92-XQ-17,POINT (-9.217479705810547 38.743621826171875)
2631_744,5810_20250801_200_0_6,200_0,1,38.74760055541992,-9.148429870605469,23,IN_TRANSIT_TO,2025-08-13 08:53:59,2002,2631,52-VP-80,POINT (-9.148429870605469 38.74760055541992)
2722_727,4487_20250801_103_0_4,103_0,0,38.70513153076172,-9.202320098876953,39,IN_TRANSIT_TO,2025-08-13 08:54:11,13310,2722,92-XQ-36,POINT (-9.202320098876953 38.70513153076172)
4632_783,7851_20250801_203_0_3,203_0,0,38.7888298034668,-9.124070167541504,30,IN_TRANSIT_TO,2025-08-13 08:53:26,16307,4632,98-JO-43,POINT (-9.124070167541504 38.7888298034668)
2735_735,5186_20250801_172_0_5,172_0,0,38.7170295715332,-9.120829582214355,7,IN_TRANSIT_TO,2025-08-13 08:54:00,2103,2735,AG-37-EI,POINT (-9.120829582214355 38.7170295715332)
2625_782,7772_20250801_152_0_5,152_0,0,38.77328109741211,-9.105600357055664,21,IN_TRANSIT_TO,2025-08-13 08:54:22,7908,2625,72-VP-79,POINT (-9.105600357055664 38.77328109741211)
2274_758,6828_20250801_150_0_6,150_0,1,38.74897003173828,-9.192720413208008,7,IN_TRANSIT_TO,2025-08-13 08:54:15,10801,2274,76-79-ZG,POINT (-9.192720413208008 38.74897003173828)
2247_758,6873_20250801_150_0_7,150_0,0,38.71794891357422,-9.151749610900879,7,IN_TRANSIT_TO,2025-08-13 08:54:14,10607,2247,22-34-ZB,POINT (-9.151749610900879 38.71794891357422)
2428_767,7290_20250801_112_0_4,112_0,1,38.74913024902344,-9.213150024414062,4,IN_TRANSIT_TO,2025-08-13 08:54:00,3018,2428,29-AX-13,POINT (-9.213150024414062 38.74913024902344)
2204_735,5255_20250801_172_0_6,172_0,1,38.73136901855469,-9.127750396728516,18,IN_TRANSIT_TO,2025-08-13 08:54:25,7004,2204,01-72-XO,POINT (-9.127750396728516 38.73136901855469)
2489_778,7536_20250801_179_0_6,179_0,1,38.7598991394043,-9.192020416259766,3,IN_TRANSIT_TO,2025-08-13 08:54:03,12822,2489,55-BH-05,POINT (-9.192020416259766 38.7598991394043)
6044_732,5083_20250801_107_0_4,107_0,0,38.70832061767578,-9.137669563293457,18,IN_TRANSIT_TO,2025-08-13 08:54:15,5508,6044,BG-87-LX,POINT (-9.137669563293457 38.70832061767578)
2780_727,4513_20250801_103_0_3,103_0,0,38.709129333496094,-9.153079986572266,21,IN_TRANSIT_TO,2025-08-13 08:54:13,7104,2780,AI-06-BT,POINT (-9.153079986572266 38.709129333496094)
2785_727,4443_20250801_103_0_4,103_0,1,38.706520080566406,-9.176369667053223,19,IN_TRANSIT_TO,2025-08-13 08:54:24,12105,2785,AI-05-BT,POINT (-9.176369667053223 38.706520080566406)
2471_703,3153_20250801_165_0_6,165_0,1,38.77983093261719,-9.159799575805664,28,IN_TRANSIT_TO,2025-08-13 08:54:17,5922,2471,74-BC-70,POINT (-9.159799575805664 38.77983093261719)
2404_747,6118_20250801_177_0_5,177_0,0,38.77098083496094,-9.188980102539062,16,IN_TRANSIT_TO,2025-08-13 08:54:22,14105,2404,50-AL-11,POINT (-9.188980102539062 38.77098083496094)
2246_758,6776_20250801_150_0_6,150_0,1,38.70804977416992,-9.143369674682617,33,IN_TRANSIT_TO,2025-08-13 08:53:58,10502,2246,22-38-ZB,POINT (-9.143369674682617 38.70804977416992)
2709_764,7133_20250801_168_0_7,168_0,0,38.7493782043457,-9.1912202835083,16,IN_TRANSIT_TO,2025-08-13 08:54:28,10804,2709,92-XQ-42,POINT (-9.1912202835083 38.7493782043457)
1708_783,7838_20250801_203_0_6,203_0,1,38.7246208190918,-9.159529685974121,29,IN_TRANSIT_TO,2025-08-13 08:54:20,1223,1708,69-AL-71,POINT (-9.159529685974121 38.7246208190918)
2244_758,6865_20250801_150_0_7,150_0,0,38.73596954345703,-9.166080474853516,16,IN_TRANSIT_TO,2025-08-13 08:54:00,2711,2244,22-44-ZB,POINT (-9.166080474853516 38.73596954345703)
2714_712,3531_20250801_189_0_7,189_0,0,38.72534942626953,-9.163020133972168,21,IN_TRANSIT_TO,2025-08-13 08:54:03,6113,2714,92-XQ-38,POINT (-9.163020133972168 38.72534942626953)
2822_728,4721_20250801_204_4_1,204_4,0,38.6976318359375,-9.204400062561035,13,IN_TRANSIT_TO,2025-08-13 08:54:08,4505,2822,BF-54-FZ,POINT (-9.204400062561035 38.6976318359375)
6013_760,7023_20250801_171_0_7,171_0,0,38.70378112792969,-9.162269592285156,14,IN_TRANSIT_TO,2025-08-13 08:54:15,3902,6013,68-ZF-53,POINT (-9.162269592285156 38.70378112792969)
2293_731,4993_20250801_190_0_5,190_0,0,38.76974868774414,-9.111720085144043,25,IN_TRANSIT_TO,2025-08-13 08:54:09,7705,2293,92-57-ZM,POINT (-9.111720085144043 38.76974868774414)
1727_708,3345_20250801_100_0_6,100_0,0,38.79576873779297,-9.09689998626709,39,IN_TRANSIT_TO,2025-08-13 08:54:01,50303,1727,25-AS-39,POINT (-9.09689998626709 38.79576873779297)
1778_717,3850_20250801_170_0_7,170_0,0,38.77389907836914,-9.161219596862793,20,IN_TRANSIT_TO,2025-08-13 08:54:10,5905,1778,63-HX-30,POINT (-9.161219596862793 38.77389907836914)
1751_796,8138_20250801_174_0_10,174_0,1,38.79262161254883,-9.15073013305664,1,IN_TRANSIT_TO,2025-08-13 08:54:22,11613,1751,34-HU-17,POINT (-9.15073013305664 38.79262161254883)
2496_735,5236_20250801_172_0_6,172_0,1,38.7135009765625,-9.122719764709473,30,IN_TRANSIT_TO,2025-08-13 08:54:14,2118,2496,88-BL-70,POINT (-9.122719764709473 38.7135009765625)
2814_725,4257_20250801_197_0_11,197_0,0,38.79018020629883,-9.123729705810547,14,IN_TRANSIT_TO,2025-08-13 08:53:24,16309,2814,90-II-54,POINT (-9.123729705810547 38.79018020629883)
4639_796,8142_20250801_174_0_11,174_0,0,38.79206848144531,-9.150349617004395,13,IN_TRANSIT_TO,2025-08-13 08:54:20,50276,4639,27-JO-13,POINT (-9.150349617004395 38.79206848144531)
1749_749,59034_20250801_195_0_3,195_0,0,38.748748779296875,-9.118680000305176,10,IN_TRANSIT_TO,2025-08-13 08:54:28,50228,1749,92-HR-06,POINT (-9.118680000305176 38.748748779296875)
1747_717,3804_20250801_170_0_6,170_0,1,38.77457809448242,-9.149470329284668,17,IN_TRANSIT_TO,2025-08-13 08:54:01,11505,1747,92-HR-04,POINT (-9.149470329284668 38.77457809448242)
2969_737,5504_20250801_173_0_5,173_0,0,38.71017074584961,-9.135749816894531,1,IN_TRANSIT_TO,2025-08-13 08:54:01,912,2969,30-VM-09,POINT (-9.135749816894531 38.71017074584961)
1746_755,6690_20250801_118_0_4,118_0,0,38.7535285949707,-9.126850128173828,27,IN_TRANSIT_TO,2025-08-13 08:54:20,50229,1746,92-HR-03,POINT (-9.126850128173828 38.7535285949707)
4802_751,6480_20250801_109_0_7,109_0,0,38.69969940185547,-9.212730407714844,18,IN_TRANSIT_TO,2025-08-13 08:54:02,9614,4802,77-VP-17,POINT (-9.212730407714844 38.69969940185547)
4812_751,20108_20250801_109_0_3,109_0,1,38.70132827758789,-9.181500434875488,23,IN_TRANSIT_TO,2025-08-13 08:54:24,9503,4812,20-VQ-70,POINT (-9.181500434875488 38.70132827758789)
2804_725,4238_20250801_197_0_12,197_0,1,38.766998291015625,-9.098270416259766,14,IN_TRANSIT_TO,2025-08-13 08:54:03,7822,2804,01-IH-93,POINT (-9.098270416259766 38.766998291015625)
4831_736,5410_20250801_199_0_5,199_0,0,38.76089859008789,-9.157170295715332,16,IN_TRANSIT_TO,2025-08-13 08:53:45,5807,4831,20-VQ-61,POINT (-9.157170295715332 38.76089859008789)
1750_755,6695_20250801_118_0_5,118_0,0,38.750030517578125,-9.104080200195312,5,IN_TRANSIT_TO,2025-08-13 08:54:26,50228,1750,92-HR-07,POINT (-9.104080200195312 38.750030517578125)
2810_782,7782_20250801_152_0_6,152_0,0,38.70724868774414,-9.141200065612793,2,IN_TRANSIT_TO,2025-08-13 08:54:06,3824,2810,01-IH-99,POINT (-9.141200065612793 38.70724868774414)
1755_742,5770_20250801_114_0_6,114_0,1,38.70301818847656,-9.17982006072998,19,IN_TRANSIT_TO,2025-08-13 08:54:19,12107,1755,34-HU-21,POINT (-9.17982006072998 38.70301818847656)
1752_742,5686_20250801_114_0_5,114_0,0,38.70233154296875,-9.180680274963379,40,IN_TRANSIT_TO,2025-08-13 08:54:04,12121,1752,34-HU-18,POINT (-9.180680274963379 38.70233154296875)
231_49B,22227_20250801_251_0_3,251_0,0,38.73822021484375,-9.12594985961914,10,IN_TRANSIT_TO,2025-08-13 08:54:18,9002,231,84-47-XQ,POINT (-9.12594985961914 38.73822021484375)
2455_716,3735_20250801_164_0_9,164_0,0,38.73752975463867,-9.133549690246582,1,IN_TRANSIT_TO,2025-08-13 08:54:25,50469,2455,16-AZ-12,POINT (-9.133549690246582 38.73752975463867)
2279_799,8215_20250801_120_0_26,120_0,1,38.73952102661133,-9.221630096435547,0,IN_TRANSIT_TO,2025-08-12 17:32:27,,2279,67-38-ZJ,POINT (-9.221630096435547 38.73952102661133)
2700_727,4546_20250801_103_0_4,103_0,1,38.71162033081055,-9.15353012084961,30,IN_TRANSIT_TO,2025-08-13 08:54:04,6701,2700,92-XQ-26,POINT (-9.15353012084961 38.71162033081055)
2311_742,5752_20250801_114_0_3,114_0,1,38.72706985473633,-9.119099617004395,47,IN_TRANSIT_TO,2025-08-13 08:54:18,11704,2311,72-23-XN,POINT (-9.119099617004395 38.72706985473633)
2667_723,4146_20250801_121_0_5,121_0,0,38.71622848510742,-9.214719772338867,21,IN_TRANSIT_TO,2025-08-13 08:54:27,10402,2667,87-XB-45,POINT (-9.214719772338867 38.71622848510742)
2410_703,3160_20250801_165_0_5,165_0,1,38.779869079589844,-9.148369789123535,33,IN_TRANSIT_TO,2025-08-13 08:53:59,6018,2410,92-AO-46,POINT (-9.148369789123535 38.779869079589844)
2280_778,7532_20250801_179_0_8,179_0,1,38.760520935058594,-9.167099952697754,21,IN_TRANSIT_TO,2025-08-13 08:54:06,50006,2280,67-40-ZJ,POINT (-9.167099952697754 38.760520935058594)
4608_728,4713_20250801_204_0_4,204_0,0,38.768470764160156,-9.10420036315918,43,IN_TRANSIT_TO,2025-08-13 08:54:12,7825,4608,96-GL-85,POINT (-9.10420036315918 38.768470764160156)
2762_711,3503_20250801_101_0_4,101_0,0,38.75339889526367,-9.208470344543457,25,IN_TRANSIT_TO,2025-08-13 08:54:21,11006,2762,AH-38-ND,POINT (-9.208470344543457 38.75339889526367)
219_37B,18843_20250801_224_0_7,224_0,0,38.7338981628418,-9.124930381774902,17,IN_TRANSIT_TO,2025-08-13 08:53:57,8911,219,11-12-XO,POINT (-9.124930381774902 38.7338981628418)
302_744,5836_20250801_200_0_5,200_0,0,38.757049560546875,-9.139100074768066,14,IN_TRANSIT_TO,2025-08-13 08:53:57,11315,302,22-SP-89,POINT (-9.139100074768066 38.757049560546875)
2710_751,6455_20250801_109_0_10,109_0,1,38.7156982421875,-9.235300064086914,0,IN_TRANSIT_TO,2025-08-13 08:54:08,,2710,92-XQ-19,POINT (-9.235300064086914 38.7156982421875)
2278_747,6102_20250801_177_0_7,177_0,1,38.760799407958984,-9.170680046081543,14,IN_TRANSIT_TO,2025-08-13 08:54:03,50010,2278,67-41-ZJ,POINT (-9.170680046081543 38.760799407958984)
2734_720,4088_20250801_143_0_7,143_0,0,38.7036018371582,-9.17039966583252,24,IN_TRANSIT_TO,2025-08-13 08:54:08,10204,2734,AG-50-EI,POINT (-9.17039966583252 38.7036018371582)
215_41B,19387_20250801_232_0_8,232_0,1,38.785518646240234,-9.164270401000977,1,IN_TRANSIT_TO,2025-08-13 08:54:02,50439,215,44-42-XM,POINT (-9.164270401000977 38.785518646240234)
2450_716,3737_20250801_164_0_10,164_0,1,38.738868713378906,-9.150030136108398,18,IN_TRANSIT_TO,2025-08-13 08:54:06,33101,2450,44-BC-36,POINT (-9.150030136108398 38.738868713378906)
301_744,5811_20250801_200_0_6,200_0,1,38.76905059814453,-9.11715030670166,10,IN_TRANSIT_TO,2025-08-13 08:54:22,7708,301,74-SM-62,POINT (-9.11715030670166 38.76905059814453)
2483_726,4263_20250801_116_0_4,116_0,1,38.73509979248047,-9.146300315856934,25,IN_TRANSIT_TO,2025-08-13 08:54:23,1806,2483,74-BC-66,POINT (-9.146300315856934 38.73509979248047)
1711_735,5246_20250801_172_1_5,172_1,0,38.7277717590332,-9.128230094909668,15,IN_TRANSIT_TO,2025-08-13 08:54:16,7009,1711,69-AL-74,POINT (-9.128230094909668 38.7277717590332)
2499_735,5273_20250801_172_0_3,172_0,0,38.74232864379883,-9.134429931640625,22,IN_TRANSIT_TO,2025-08-13 08:54:16,319,2499,03-BM-58,POINT (-9.134429931640625 38.74232864379883)
2300_717,3799_20250801_170_0_3,170_0,1,38.754600524902344,-9.152999877929688,26,IN_TRANSIT_TO,2025-08-13 08:54:28,5806,2300,83-13-ZM,POINT (-9.152999877929688 38.754600524902344)
1775_794,8060_20250801_115_0_6,115_0,0,38.757850646972656,-9.122980117797852,24,IN_TRANSIT_TO,2025-08-13 08:54:19,14704,1775,53-HX-08,POINT (-9.122980117797852 38.757850646972656)
2797_727,4452_20250801_103_0_4,103_0,1,38.70774841308594,-9.202630043029785,7,IN_TRANSIT_TO,2025-08-13 08:54:26,12915,2797,AJ-57-LI,POINT (-9.202630043029785 38.70774841308594)
2759_727,4504_20250801_103_0_4,103_0,0,38.70492935180664,-9.177229881286621,29,IN_TRANSIT_TO,2025-08-13 08:53:45,12110,2759,AH-21-ND,POINT (-9.177229881286621 38.70492935180664)
2284_716,3722_20250801_164_0_7,164_0,0,38.73957061767578,-9.150019645690918,6,IN_TRANSIT_TO,2025-08-13 08:54:02,1407,2284,67-36-ZJ,POINT (-9.150019645690918 38.73957061767578)
2745_749,59035_20250801_195_0_5,195_0,1,38.75712966918945,-9.112380027770996,29,IN_TRANSIT_TO,2025-08-13 08:45:42,24370,2745,AG-06-TH,POINT (-9.112380027770996 38.75712966918945)
4628_783,7848_20250801_203_0_6,203_0,1,38.77014923095703,-9.127079963684082,10,IN_TRANSIT_TO,2025-08-13 08:54:01,12202,4628,27-JO-10,POINT (-9.127079963684082 38.77014923095703)
1770_717,3857_20250801_170_0_3,170_0,0,38.75809860229492,-9.140769958496094,11,IN_TRANSIT_TO,2025-08-13 08:53:59,11307,1770,63-HX-17,POINT (-9.140769958496094 38.75809860229492)
2480_726,4335_20250801_116_0_5,116_0,0,38.73693084716797,-9.14721965789795,11,IN_TRANSIT_TO,2025-08-13 08:53:58,1811,2480,91-BE-75,POINT (-9.14721965789795 38.73693084716797)
2252_758,6881_20250801_150_0_4,150_0,1,38.706478118896484,-9.143750190734863,34,IN_TRANSIT_TO,2025-08-13 08:54:19,3826,2252,80-40-ZE,POINT (-9.143750190734863 38.706478118896484)
2413_767,7183_20250801_112_0_5,112_0,0,38.759300231933594,-9.180700302124023,26,IN_TRANSIT_TO,2025-08-13 08:54:26,12828,2413,92-AO-50,POINT (-9.180700302124023 38.759300231933594)
403_67B,28224_20250801_253_0_5,253_0,0,38.7065315246582,-9.173399925231934,8,IN_TRANSIT_TO,2025-08-13 08:54:26,50527,403,BF-84-TA,POINT (-9.173399925231934 38.7065315246582)
2801_782,7789_20250801_152_0_4,152_0,1,38.7098503112793,-9.128680229187012,18,IN_TRANSIT_TO,2025-08-13 08:52:03,2114,2801,38-HU-27,POINT (-9.128680229187012 38.7098503112793)
1780_717,3777_20250801_170_0_6,170_0,1,38.73429870605469,-9.135149955749512,39,IN_TRANSIT_TO,2025-08-13 08:52:01,410,1780,63-HX-18,POINT (-9.135149955749512 38.73429870605469)
1767_794,8080_20250801_115_0_6,115_0,1,38.725318908691406,-9.112279891967773,32,IN_TRANSIT_TO,2025-08-13 08:54:17,8320,1767,63-HX-29,POINT (-9.112279891967773 38.725318908691406)
1768_708,3330_20250801_100_0_3,100_0,1,38.767478942871094,-9.102129936218262,15,IN_TRANSIT_TO,2025-08-13 08:54:09,7825,1768,63-HX-23,POINT (-9.102129936218262 38.767478942871094)
2768_727,4530_20250801_103_0_4,103_0,0,38.74607849121094,-9.133000373840332,0,IN_TRANSIT_TO,2025-08-13 08:54:15,,2768,AH-25-ND,POINT (-9.133000373840332 38.74607849121094)
2666_723,4139_20250801_121_0_5,121_0,0,38.698978424072266,-9.226300239562988,30,IN_TRANSIT_TO,2025-08-13 08:44:14,4208,2666,87-XB-39,POINT (-9.226300239562988 38.698978424072266)
1722_717,3821_20250801_170_0_7,170_0,1,38.78792953491211,-9.145469665527344,8,IN_TRANSIT_TO,2025-08-13 08:54:14,6003,1722,25-AS-34,POINT (-9.145469665527344 38.78792953491211)
1759_794,8061_20250801_115_0_5,115_0,0,38.731449127197266,-9.11693000793457,8,IN_TRANSIT_TO,2025-08-13 08:54:27,8321,1759,34-HU-25,POINT (-9.11693000793457 38.731449127197266)
1756_742,5721_20250801_114_0_6,114_0,0,38.73606872558594,-9.15231990814209,24,IN_TRANSIT_TO,2025-08-13 08:54:24,1409,1756,34-HU-22,POINT (-9.15231990814209 38.73606872558594)
2487_729,4756_20250801_104_0_4,104_0,1,38.71369934082031,-9.197330474853516,17,IN_TRANSIT_TO,2025-08-13 08:54:16,12928,2487,54-BH-97,POINT (-9.197330474853516 38.71369934082031)
2470_726,4340_20250801_116_0_5,116_0,0,38.72145080566406,-9.130020141601562,2,IN_TRANSIT_TO,2025-08-13 08:53:58,9105,2470,74-BC-71,POINT (-9.130020141601562 38.72145080566406)
2433_703,3104_20250801_165_0_6,165_0,1,38.75008010864258,-9.197429656982422,6,IN_TRANSIT_TO,2025-08-13 08:54:18,10907,2433,44-BC-28,POINT (-9.197429656982422 38.75008010864258)
2239_758,6806_20250801_150_0_6,150_0,1,38.740848541259766,-9.168149948120117,15,IN_TRANSIT_TO,2025-08-13 08:54:18,1610,2239,06-30-XX,POINT (-9.168149948120117 38.740848541259766)
2771_764,7146_20250801_168_0_6,168_0,1,38.74906921386719,-9.164449691772461,31,IN_TRANSIT_TO,2025-08-13 08:54:24,12705,2771,AH-20-ND,POINT (-9.164449691772461 38.74906921386719)
2412_767,7249_20250801_112_0_4,112_0,1,38.750221252441406,-9.142550468444824,33,IN_TRANSIT_TO,2025-08-13 08:54:18,102,2412,92-AO-48,POINT (-9.142550468444824 38.750221252441406)
2469_767,7246_20250801_112_0_4,112_0,1,38.735328674316406,-9.141630172729492,38,IN_TRANSIT_TO,2025-08-13 08:54:04,11109,2469,16-AZ-09,POINT (-9.141630172729492 38.735328674316406)
2447_767,7268_20250801_112_0_4,112_0,1,38.75960159301758,-9.179670333862305,21,IN_TRANSIT_TO,2025-08-13 08:54:04,12827,2447,44-BC-33,POINT (-9.179670333862305 38.75960159301758)
4613_750,6370_20250801_106_0_3,106_0,0,38.74330139160156,-9.205949783325195,28,IN_TRANSIT_TO,2025-08-13 08:30:34,8814,4613,22-GP-48,POINT (-9.205949783325195 38.74330139160156)
1725_742,5708_20250801_114_0_3,114_0,0,38.72557067871094,-9.162579536437988,29,IN_TRANSIT_TO,2025-08-13 08:54:28,6113,1725,25-AS-37,POINT (-9.162579536437988 38.72557067871094)
1774_720,4043_20250801_143_0_4,143_0,0,38.73830032348633,-9.124670028686523,3,IN_TRANSIT_TO,2025-08-13 08:54:05,8905,1774,53-HX-07,POINT (-9.124670028686523 38.73830032348633)
2467_767,7282_20250801_112_0_4,112_0,1,38.755218505859375,-9.204919815063477,8,IN_TRANSIT_TO,2025-08-13 08:54:08,10926,2467,16-AZ-14,POINT (-9.204919815063477 38.755218505859375)
2752_742,5746_20250801_114_0_2,114_0,1,38.730770111083984,-9.109399795532227,54,IN_TRANSIT_TO,2025-08-13 08:53:29,8317,2752,AG-18-TH,POINT (-9.109399795532227 38.730770111083984)
2473_767,7301_20250801_112_0_5,112_0,0,38.76007843017578,-9.185029983520508,27,IN_TRANSIT_TO,2025-08-13 08:54:03,12804,2473,74-BC-68,POINT (-9.185029983520508 38.76007843017578)
1758_717,3843_20250801_170_0_4,170_0,0,38.78739929199219,-9.14484977722168,33,IN_TRANSIT_TO,2025-08-13 08:54:11,6008,1758,34-HU-24,POINT (-9.14484977722168 38.78739929199219)
2461_778,18646_20250801_179_0_6,179_0,0,38.75938034057617,-9.157469749450684,0,IN_TRANSIT_TO,2025-08-13 08:54:02,,2461,55-BH-04,POINT (-9.157469749450684 38.75938034057617)
2422_767,7298_20250801_112_0_3,112_0,0,38.75434875488281,-9.197070121765137,34,IN_TRANSIT_TO,2025-08-13 08:54:03,10912,2422,29-AU-17,POINT (-9.197070121765137 38.75434875488281)
2775_764,7155_20250801_168_0_7,168_0,1,38.7447509765625,-9.199179649353027,15,IN_TRANSIT_TO,2025-08-13 08:54:10,2811,2775,AH-31-ND,POINT (-9.199179649353027 38.7447509765625)
2449_799,8224_20250801_120_0_7,120_0,1,38.7418212890625,-9.205550193786621,14,IN_TRANSIT_TO,2025-08-13 08:53:55,50240,2449,44-BC-35,POINT (-9.205550193786621 38.7418212890625)
2967_45B,45293_20250801_277_0_4,277_0,1,38.75947189331055,-9.161299705505371,12,IN_TRANSIT_TO,2025-08-13 08:54:24,50014,2967,30-VM-05,POINT (-9.161299705505371 38.75947189331055)
1719_701,2975_20250801_123_0_4,123_0,0,38.74311828613281,-9.166999816894531,18,IN_TRANSIT_TO,2025-08-13 08:53:58,12708,1719,25-AS-31,POINT (-9.166999816894531 38.74311828613281)
2437_771,39067_20250801_248_0_6,248_0,0,38.72618103027344,-9.193719863891602,11,IN_TRANSIT_TO,2025-08-13 08:54:03,8607,2437,29-AX-09,POINT (-9.193719863891602 38.72618103027344)
2423_767,21197_20250801_112_1_4,112_1,1,38.759971618652344,-9.179630279541016,21,IN_TRANSIT_TO,2025-08-13 08:54:11,12827,2423,29-AU-18,POINT (-9.179630279541016 38.759971618652344)
2269_799,8213_20250801_120_0_8,120_0,0,38.73902893066406,-9.224349975585938,22,IN_TRANSIT_TO,2025-08-13 08:54:10,18124,2269,76-88-ZG,POINT (-9.224349975585938 38.73902893066406)
2758_712,3553_20250801_189_0_7,189_0,1,38.727378845214844,-9.146180152893066,16,IN_TRANSIT_TO,2025-08-13 08:54:17,1201,2758,AH-36-ND,POINT (-9.146180152893066 38.727378845214844)
1766_755,6683_20250801_118_0_6,118_0,0,38.748199462890625,-9.165369987487793,38,IN_TRANSIT_TO,2025-08-13 08:54:16,13508,1766,63-HX-33,POINT (-9.165369987487793 38.748199462890625)
2465_726,4307_20250801_116_0_5,116_0,0,38.76668167114258,-9.202879905700684,31,IN_TRANSIT_TO,2025-08-13 08:52:29,13902,2465,55-BH-00,POINT (-9.202879905700684 38.76668167114258)
1715_701,2957_20250801_123_0_6,123_0,1,38.734169006347656,-9.164380073547363,9,IN_TRANSIT_TO,2025-08-13 08:54:12,6123,1715,69-AL-78,POINT (-9.164380073547363 38.734169006347656)
4603_750,6399_20250801_106_0_5,106_0,0,38.74530029296875,-9.203980445861816,27,IN_TRANSIT_TO,2025-08-13 08:53:59,8816,4603,96-GL-81,POINT (-9.203980445861816 38.74530029296875)
4605_728,4705_20250801_204_0_5,204_0,1,38.78107833862305,-9.112070083618164,2,IN_TRANSIT_TO,2025-08-13 08:54:15,12615,4605,31-GN-72,POINT (-9.112070083618164 38.78107833862305)
2306_749,59033_20250801_195_0_3,195_0,0,38.747718811035156,-9.148449897766113,15,IN_TRANSIT_TO,2025-08-13 08:54:02,2002,2306,83-19-ZM,POINT (-9.148449897766113 38.747718811035156)
2477_729,4800_20250801_104_0_6,104_0,0,38.74491882324219,-9.199799537658691,17,IN_TRANSIT_TO,2025-08-13 08:53:59,50614,2477,91-BE-73,POINT (-9.199799537658691 38.74491882324219)
1712_701,2950_20250801_123_0_9,123_0,1,38.75600051879883,-9.17593002319336,17,IN_TRANSIT_TO,2025-08-13 08:54:16,50144,1712,69-AL-75,POINT (-9.17593002319336 38.75600051879883)
6011_706,3230_20250801_147_0_7,147_0,1,38.727481842041016,-9.137849807739258,17,IN_TRANSIT_TO,2025-08-13 08:54:20,613,6011,65-ZF-82,POINT (-9.137849807739258 38.727481842041016)
2484_726,4274_20250801_116_0_4,116_0,1,38.743621826171875,-9.16742992401123,14,IN_TRANSIT_TO,2025-08-13 08:53:57,12708,2484,91-BE-76,POINT (-9.16742992401123 38.743621826171875)
225_773,7377_20250801_124_0_8,124_0,1,38.71028137207031,-9.16195011138916,14,IN_TRANSIT_TO,2025-08-13 08:54:22,10011,225,84-37-XQ,POINT (-9.16195011138916 38.71028137207031)
2403_767,7205_20250801_112_0_5,112_0,0,38.7351188659668,-9.141030311584473,6,IN_TRANSIT_TO,2025-08-13 08:54:14,11102,2403,50-AL-12,POINT (-9.141030311584473 38.7351188659668)
2791_727,4474_20250801_103_0_2,103_0,0,38.70793151855469,-9.20265007019043,41,IN_TRANSIT_TO,2025-08-13 08:54:12,13112,2791,AJ-61-LI,POINT (-9.20265007019043 38.70793151855469)
2786_709,3391_20250801_148_0_12,148_0,0,38.71836853027344,-9.156820297241211,7,IN_TRANSIT_TO,2025-08-13 08:54:12,6810,2786,AI-52-TL,POINT (-9.156820297241211 38.71836853027344)
2838_728,4571_20250801_204_0_4,204_0,0,38.7612190246582,-9.09611988067627,40,IN_TRANSIT_TO,2025-08-13 08:54:14,2404,2838,BF-59-FZ,POINT (-9.09611988067627 38.7612190246582)
408_19B,21691_20250801_245_0_6,245_0,0,38.71997833251953,-9.15530014038086,7,IN_TRANSIT_TO,2025-08-13 08:54:22,6810,408,BF-24-TS,POINT (-9.15530014038086 38.71997833251953)
2401_729,4789_20250801_104_0_3,104_0,0,38.70426940917969,-9.19944953918457,31,IN_TRANSIT_TO,2025-08-13 08:54:14,10301,2401,50-AL-14,POINT (-9.19944953918457 38.70426940917969)
2485_703,3128_20250801_165_0_6,165_0,0,38.75971984863281,-9.18513011932373,31,IN_TRANSIT_TO,2025-08-13 08:54:15,12824,2485,91-BE-77,POINT (-9.18513011932373 38.75971984863281)
2408_771,21934_20250801_248_0_7,248_0,1,38.722049713134766,-9.161749839782715,16,IN_TRANSIT_TO,2025-08-13 08:54:19,8608,2408,50-AL-08,POINT (-9.161749839782715 38.722049713134766)
2334_783,7822_20250801_203_0_5,203_0,0,38.75962829589844,-9.136580467224121,16,IN_TRANSIT_TO,2025-08-13 08:54:09,11303,2334,53-53-ZJ,POINT (-9.136580467224121 38.75962829589844)
2776_723,4174_20250801_121_0_6,121_0,1,38.724220275878906,-9.18019962310791,22,IN_TRANSIT_TO,2025-08-13 08:54:05,8714,2776,AI-07-BT,POINT (-9.18019962310791 38.724220275878906)
228_773,7410_20250801_124_0_10,124_0,1,38.72010040283203,-9.154129981994629,24,IN_TRANSIT_TO,2025-08-13 08:54:11,10607,228,84-39-XQ,POINT (-9.154129981994629 38.72010040283203)
2474_726,4285_20250801_116_0_6,116_0,1,38.76676940917969,-9.201580047607422,0,IN_TRANSIT_TO,2025-08-13 08:52:10,,2474,74-BC-67,POINT (-9.201580047607422 38.76676940917969)
606_15E,11215_20250801_76_0_6,76_0,1,38.70627975463867,-9.14501953125,20,IN_TRANSIT_TO,2025-08-13 08:54:13,3803,606,,POINT (-9.14501953125 38.70627975463867)
2748_742,5699_20250801_114_0_4,114_0,0,38.70322036743164,-9.17965030670166,40,IN_TRANSIT_TO,2025-08-13 08:54:12,12121,2748,AG-96-TG,POINT (-9.17965030670166 38.70322036743164)
2283_731,5011_20250801_190_0_5,190_0,0,38.74277114868164,-9.157079696655273,5,IN_TRANSIT_TO,2025-08-13 08:54:24,3301,2283,67-39-ZJ,POINT (-9.157079696655273 38.74277114868164)
4840_736,5341_20250801_199_0_6,199_0,1,38.765380859375,-9.157320022583008,13,IN_TRANSIT_TO,2025-08-13 08:54:16,5814,4840,45-VX-93,POINT (-9.157320022583008 38.765380859375)
609_15E,11189_20250801_76_0_5,76_0,0,38.70940017700195,-9.135430335998535,1,IN_TRANSIT_TO,2025-08-13 08:53:40,50620,609,,POINT (-9.135430335998535 38.70940017700195)
4609_728,4660_20250801_204_0_3,204_0,1,38.70323181152344,-9.172619819641113,39,IN_TRANSIT_TO,2025-08-13 08:54:21,10202,4609,96-GL-86,POINT (-9.172619819641113 38.70323181152344)
2406_729,4821_20250801_104_0_3,104_0,1,38.76044845581055,-9.193650245666504,33,IN_TRANSIT_TO,2025-08-13 08:54:23,12822,2406,50-AL-09,POINT (-9.193650245666504 38.76044845581055)
1724_742,5677_20250801_114_0_3,114_0,0,38.70981979370117,-9.19124984741211,53,IN_TRANSIT_TO,2025-08-13 08:54:16,50232,1724,25-AS-36,POINT (-9.19124984741211 38.70981979370117)
2753_720,4093_20250801_143_0_5,143_0,0,38.73017883300781,-9.14367961883545,11,IN_TRANSIT_TO,2025-08-13 08:54:21,6501,2753,AG-08-TH,POINT (-9.14367961883545 38.73017883300781)
2941_765,7175_20250801_110_0_16,110_0,1,38.75469970703125,-9.20557975769043,4,IN_TRANSIT_TO,2025-08-13 08:53:59,10926,2941,51-GL-81,POINT (-9.20557975769043 38.75469970703125)
2451_729,4767_20250801_104_0_5,104_0,1,38.696128845214844,-9.20967960357666,5,IN_TRANSIT_TO,2025-08-13 08:54:28,13209,2451,75-AQ-16,POINT (-9.20967960357666 38.696128845214844)
2434_771,21930_20250801_248_0_7,248_0,0,38.74201965332031,-9.168450355529785,0,IN_TRANSIT_TO,2025-08-13 08:54:16,,2434,29-AU-24,POINT (-9.168450355529785 38.74201965332031)
2800_748,6157_20250801_169_0_6,169_0,1,38.7247314453125,-9.160820007324219,8,IN_TRANSIT_TO,2025-08-13 08:54:03,8502,2800,AJ-54-LI,POINT (-9.160820007324219 38.7247314453125)
223_773,7401_20250801_124_0_11,124_0,0,38.706581115722656,-9.172030448913574,23,IN_TRANSIT_TO,2025-08-13 08:54:16,9419,223,84-38-XQ,POINT (-9.172030448913574 38.706581115722656)
4610_750,6324_20250801_106_0_4,106_0,1,38.751468658447266,-9.187800407409668,18,IN_TRANSIT_TO,2025-08-13 08:54:01,10805,4610,96-GL-87,POINT (-9.187800407409668 38.751468658447266)
2840_753,6542_20250801_167_0_10,167_0,1,38.66790008544922,-9.164270401000977,0,IN_TRANSIT_TO,2025-08-13 08:52:58,,2840,BF-75-FZ,POINT (-9.164270401000977 38.66790008544922)
6012_706,3263_20250801_147_0_6,147_0,0,38.70587921142578,-9.143950462341309,0,IN_TRANSIT_TO,2025-08-13 08:54:12,,6012,67-ZF-26,POINT (-9.143950462341309 38.70587921142578)
2798_738,5531_20250801_117_0_4,117_0,1,38.749778747558594,-9.148249626159668,25,IN_TRANSIT_TO,2025-08-13 08:54:15,2003,2798,AJ-56-LI,POINT (-9.148249626159668 38.749778747558594)
4838_736,5361_20250801_199_0_6,199_0,1,38.78635025024414,-9.171199798583984,5,IN_TRANSIT_TO,2025-08-13 08:54:16,50083,4838,34-VR-22,POINT (-9.171199798583984 38.78635025024414)
2751_708,3356_20250801_100_0_3,100_0,0,38.76543045043945,-9.114130020141602,22,IN_TRANSIT_TO,2025-08-13 08:54:07,8443,2751,AG-12-TH,POINT (-9.114130020141602 38.76543045043945)
2249_763,46425_20250801_282_0_7,282_0,0,38.78038024902344,-9.172300338745117,9,IN_TRANSIT_TO,2025-08-13 08:53:58,7201,2249,22-32-ZB,POINT (-9.172300338745117 38.78038024902344)
2438_767,7202_20250801_112_0_3,112_0,0,38.74502944946289,-9.13955020904541,11,IN_TRANSIT_TO,2025-08-13 08:54:05,307,2438,44-BC-29,POINT (-9.13955020904541 38.74502944946289)
2825_728,4580_20250801_204_0_6,204_0,0,38.741451263427734,-9.102529525756836,32,IN_TRANSIT_TO,2025-08-13 08:54:09,12509,2825,BF-53-FZ,POINT (-9.102529525756836 38.741451263427734)
1709_701,2936_20250801_123_0_9,123_0,1,38.75468063354492,-9.150970458984375,27,IN_TRANSIT_TO,2025-08-13 08:54:11,2017,1709,69-AL-72,POINT (-9.150970458984375 38.75468063354492)
2418_767,7293_20250801_112_0_3,112_0,0,38.75651931762695,-9.20343017578125,37,IN_TRANSIT_TO,2025-08-13 08:54:19,13704,2418,92-AO-54,POINT (-9.20343017578125 38.75651931762695)
2466_729,4824_20250801_104_0_5,104_0,1,38.74974822998047,-9.194279670715332,28,IN_TRANSIT_TO,2025-08-13 08:54:23,10907,2466,16-AZ-16,POINT (-9.194279670715332 38.74974822998047)
2668_723,4171_20250801_121_0_6,121_0,1,38.72557830810547,-9.148229598999023,29,IN_TRANSIT_TO,2025-08-13 08:54:00,1212,2668,87-XB-36,POINT (-9.148229598999023 38.72557830810547)
2956_798,8196_20250801_194_0_10,194_0,1,38.77151870727539,-9.15386962890625,15,IN_TRANSIT_TO,2025-08-13 08:54:04,11513,2956,27-GU-71,POINT (-9.15386962890625 38.77151870727539)
4834_736,5310_20250801_199_0_6,199_0,1,38.72357940673828,-9.148599624633789,26,IN_TRANSIT_TO,2025-08-13 08:54:02,1206,4834,20-VQ-71,POINT (-9.148599624633789 38.72357940673828)
2296_724,4192_20250801_178_0_9,178_0,0,38.74457931518555,-9.194129943847656,15,IN_TRANSIT_TO,2025-08-13 08:54:06,2809,2296,92-51-ZM,POINT (-9.194129943847656 38.74457931518555)
209_46B,21511_20250801_239_0_4,239_0,0,38.75592041015625,-9.148719787597656,19,IN_TRANSIT_TO,2025-08-13 08:54:12,11310,209,33-46-XH,POINT (-9.148719787597656 38.75592041015625)
2235_768,7318_20250801_111_0_8,111_0,1,38.75954818725586,-9.181879997253418,9,IN_TRANSIT_TO,2025-08-13 08:54:28,12803,2235,06-32-XX,POINT (-9.181879997253418 38.75954818725586)
2789_754,6598_20250801_201_0_5,201_0,0,38.74855041503906,-9.148550033569336,5,IN_TRANSIT_TO,2025-08-13 08:54:22,2001,2789,AI-53-TL,POINT (-9.148550033569336 38.74855041503906)
2217_717,3826_20250801_170_0_6,170_0,0,38.797428131103516,-9.141119956970215,40,IN_TRANSIT_TO,2025-08-13 08:54:03,16002,2217,07-99-XS,POINT (-9.141119956970215 38.797428131103516)
2214_742,5730_20250801_114_0_4,114_0,0,38.7335205078125,-9.133620262145996,17,IN_TRANSIT_TO,2025-08-13 08:54:26,503,2214,08-02-XS,POINT (-9.133620262145996 38.7335205078125)
2213_793,7971_20250801_145_0_8,145_0,1,38.74073028564453,-9.11205005645752,18,IN_TRANSIT_TO,2025-08-13 08:54:04,3702,2213,08-04-XS,POINT (-9.11205005645752 38.74073028564453)
2215_793,7992_20250801_145_0_8,145_0,0,38.74822998046875,-9.11316967010498,20,IN_TRANSIT_TO,2025-08-13 08:54:25,3713,2215,08-01-XS,POINT (-9.11316967010498 38.74822998046875)
614_15E,11241_20250801_76_0_4,76_0,1,38.697200775146484,-9.204970359802246,6,IN_TRANSIT_TO,2025-08-13 08:54:03,13209,614,,POINT (-9.204970359802246 38.697200775146484)
2781_748,6146_20250801_169_0_7,169_0,0,38.724998474121094,-9.156020164489746,3,IN_TRANSIT_TO,2025-08-13 08:54:25,1223,2781,AI-00-BT,POINT (-9.156020164489746 38.724998474121094)
2203_749,59036_20250801_195_0_4,195_0,1,38.75558090209961,-9.113320350646973,29,IN_TRANSIT_TO,2025-08-13 08:54:28,24370,2203,72-19-XN,POINT (-9.113320350646973 38.75558090209961)
2208_735,5265_20250801_172_0_6,172_0,1,38.7540283203125,-9.144599914550781,6,IN_TRANSIT_TO,2025-08-13 08:54:20,104,2208,01-69-XO,POINT (-9.144599914550781 38.7540283203125)
2216_735,5269_20250801_172_0_5,172_0,0,38.754398345947266,-9.144530296325684,28,IN_TRANSIT_TO,2025-08-13 08:54:09,103,2216,08-00-XS,POINT (-9.144530296325684 38.754398345947266)
2218_708,3339_20250801_100_0_7,100_0,1,38.794151306152344,-9.103679656982422,1,IN_TRANSIT_TO,2025-08-13 08:54:05,50449,2218,07-98-XS,POINT (-9.103679656982422 38.794151306152344)
2712_713,3595_20250801_122_0_8,122_0,1,38.731380462646484,-9.168549537658691,0,IN_TRANSIT_TO,2025-08-13 08:54:03,,2712,92-XQ-33,POINT (-9.168549537658691 38.731380462646484)
2223_717,3782_20250801_170_0_6,170_0,1,38.74311828613281,-9.132920265197754,37,IN_TRANSIT_TO,2025-08-13 08:54:12,308,2223,08-16-XS,POINT (-9.132920265197754 38.74311828613281)
229_13B,21595_20250801_243_0_6,243_0,0,38.71879959106445,-9.12322998046875,18,IN_TRANSIT_TO,2025-08-13 08:54:13,50602,229,97-24-XT,POINT (-9.12322998046875 38.71879959106445)
2221_794,8038_20250801_115_0_4,115_0,1,38.76647186279297,-9.104330062866211,2,IN_TRANSIT_TO,2025-08-13 08:53:58,2324,2221,07-95-XS,POINT (-9.104330062866211 38.76647186279297)
6028_732,5082_20250801_107_0_3,107_0,0,38.70402908325195,-9.207019805908203,38,IN_TRANSIT_TO,2025-08-13 08:53:57,13108,6028,BF-68-AX,POINT (-9.207019805908203 38.70402908325195)
561_18E,12181_20250801_78_0_9,78_0,0,38.705570220947266,-9.185099601745605,9,IN_TRANSIT_TO,2025-08-13 08:54:14,12014,561,,POINT (-9.185099601745605 38.705570220947266)
566_25E,14256_20250801_79_0_8,79_0,0,38.708099365234375,-9.137579917907715,2,IN_TRANSIT_TO,2025-08-13 08:54:13,5515,566,,POINT (-9.137579917907715 38.708099365234375)
568_28E,15015_20250801_75_0_3,75_0,1,38.71002960205078,-9.135379791259766,18,IN_TRANSIT_TO,2025-08-13 08:54:12,50149,568,,POINT (-9.135379791259766 38.71002960205078)
2836_753,6565_20250801_167_0_9,167_0,0,38.72460174560547,-9.159770011901855,5,IN_TRANSIT_TO,2025-08-13 08:54:10,1223,2836,BF-70-FZ,POINT (-9.159770011901855 38.72460174560547)
560_28E,15001_20250801_75_0_2,75_0,1,38.70817184448242,-9.139920234680176,17,IN_TRANSIT_TO,2025-08-13 08:53:25,10521,560,,POINT (-9.139920234680176 38.70817184448242)
565_28E,15053_20250801_75_0_5,75_0,1,38.715450286865234,-9.164250373840332,3,IN_TRANSIT_TO,2025-08-13 08:54:09,8001,565,,POINT (-9.164250373840332 38.715450286865234)
2233_758,6880_20250801_150_0_7,150_0,0,38.70615005493164,-9.143219947814941,0,IN_TRANSIT_TO,2025-08-13 08:53:57,,2233,06-38-XX,POINT (-9.143219947814941 38.70615005493164)
2232_724,4203_20250801_178_0_5,178_0,0,38.70661926269531,-9.178879737854004,0,IN_TRANSIT_TO,2025-08-13 08:54:00,,2232,06-23-XX,POINT (-9.178879737854004 38.70661926269531)
230_773,7407_20250801_124_0_4,124_0,1,38.71487045288086,-9.150270462036133,22,IN_TRANSIT_TO,2025-08-13 08:54:03,6715,230,13-33-XZ,POINT (-9.150270462036133 38.71487045288086)
6004_706,3208_20250801_147_0_5,147_0,1,38.72003173828125,-9.155150413513184,24,IN_TRANSIT_TO,2025-08-13 08:53:33,6810,6004,82-ZC-35,POINT (-9.155150413513184 38.72003173828125)
2234_768,7329_20250801_111_0_7,111_0,0,38.76163101196289,-9.197369575500488,19,IN_TRANSIT_TO,2025-08-13 08:54:15,12812,2234,06-26-XX,POINT (-9.197369575500488 38.76163101196289)
615_15E,11295_20250801_76_0_7,76_0,0,38.695030212402344,-9.214550018310547,19,IN_TRANSIT_TO,2025-08-13 08:54:18,13206,615,,POINT (-9.214550018310547 38.695030212402344)
2262_708,3308_20250801_100_0_4,100_0,1,38.723018646240234,-9.13523006439209,40,IN_TRANSIT_TO,2025-08-13 08:54:00,608,2262,80-48-ZE,POINT (-9.13523006439209 38.723018646240234)
2287_724,4221_20250801_178_0_8,178_0,1,38.751399993896484,-9.197330474853516,9,IN_TRANSIT_TO,2025-08-13 08:54:22,10913,2287,92-58-ZM,POINT (-9.197330474853516 38.751399993896484)
2265_768,7334_20250801_111_0_8,111_0,0,38.75590133666992,-9.177069664001465,13,IN_TRANSIT_TO,2025-08-13 08:54:21,13612,2265,76-91-ZG,POINT (-9.177069664001465 38.75590133666992)
2261_750,39037_20250801_106_4_7,106_4,0,38.74277877807617,-9.204779624938965,3,IN_TRANSIT_TO,2025-08-13 08:54:28,8814,2261,80-49-ZE,POINT (-9.204779624938965 38.74277877807617)
2266_768,7342_20250801_111_0_5,111_0,0,38.75012969970703,-9.164730072021484,2,IN_TRANSIT_TO,2025-08-13 08:54:27,13508,2266,76-92-ZG,POINT (-9.164730072021484 38.75012969970703)
