id,trip_id,route_id,direction_id,latitude,longitude,current_stop_sequence,current_status,timestamp,stop_id,vehicle_id,license_plate,geometry
6032_760,7061_20250901_171_0_10,171_0,1,38.70309829711914,-9.194100379943848,18,IN_TRANSIT_TO,2025-09-19 14:57:06,13401,6032,BF-93-BC,POINT (-9.194100379943848 38.70309829711914)
557_28E,14972_20250901_75_0_11,75_0,1,38.712650299072266,-9.156720161437988,7,IN_TRANSIT_TO,2025-09-19 14:56:49,50671,557,,POINT (-9.156720161437988 38.712650299072266)
2302_742,5769_20250901_114_0_8,114_0,0,38.70964813232422,-9.191300392150879,53,IN_TRANSIT_TO,2025-09-19 14:56:43,50232,2302,83-08-ZM,POINT (-9.191300392150879 38.70964813232422)
2253_760,7044_20250901_171_0_6,171_0,1,38.70634841918945,-9.148719787597656,28,IN_TRANSIT_TO,2025-09-19 14:56:43,3901,2253,80-52-ZE,POINT (-9.148719787597656 38.70634841918945)
611_15E,11228_20250901_76_0_13,76_0,0,38.70787811279297,-9.138680458068848,2,IN_TRANSIT_TO,2025-09-19 14:56:49,5515,611,,POINT (-9.138680458068848 38.70787811279297)
4607_728,4661_20250901_204_0_7,204_0,1,38.707271575927734,-9.14126968383789,34,IN_TRANSIT_TO,2025-09-19 14:56:39,3820,4607,96-GL-84,POINT (-9.14126968383789 38.707271575927734)
304_722,4121_20250901_196_0_11,196_0,1,38.77272033691406,-9.119219779968262,12,IN_TRANSIT_TO,2025-09-19 14:56:55,12206,304,22-SP-91,POINT (-9.119219779968262 38.77272033691406)
2254_758,6770_20250901_150_0_12,150_0,1,38.714599609375,-9.144379615783691,30,IN_TRANSIT_TO,2025-09-19 14:57:06,10602,2254,80-51-ZE,POINT (-9.144379615783691 38.714599609375)
6022_732,5076_20250901_107_0_7,107_0,0,38.70212936401367,-9.180729866027832,26,IN_TRANSIT_TO,2025-09-19 14:57:08,12102,6022,BF-48-BB,POINT (-9.180729866027832 38.70212936401367)
2315_798,8190_20250901_194_0_21,194_0,0,38.77840042114258,-9.14877986907959,12,IN_TRANSIT_TO,2025-09-19 14:56:49,11509,2315,61-88-ZB,POINT (-9.14877986907959 38.77840042114258)
2440_778,18640_20250901_179_0_20,179_0,1,38.76504898071289,-9.17175006866455,18,IN_TRANSIT_TO,2025-09-19 14:56:40,50024,2440,29-AX-08,POINT (-9.17175006866455 38.76504898071289)
2448_703,3100_20250901_165_0_11,165_0,1,38.7746696472168,-9.165679931640625,24,IN_TRANSIT_TO,2025-09-19 14:56:40,5917,2448,44-BC-34,POINT (-9.165679931640625 38.7746696472168)
6010_760,7095_20250901_171_0_5,171_0,0,38.70502853393555,-9.187950134277344,22,IN_TRANSIT_TO,2025-09-19 14:56:30,12006,6010,81-ZC-09,POINT (-9.187950134277344 38.70502853393555)
2766_727,4485_20250901_103_0_9,103_0,1,38.700130462646484,-9.183600425720215,17,IN_TRANSIT_TO,2025-09-19 14:56:37,9503,2766,AH-40-ND,POINT (-9.183600425720215 38.700130462646484)
2250_731,19403_20240727_190_0_8,190_0,1,38.78303146362305,-9.114009857177734,3,IN_TRANSIT_TO,2024-08-10 10:41:27,12610,2250,80-41-ZE,POINT (-9.114009857177734 38.78303146362305)
4602_728,4589_20250901_204_0_10,204_0,0,38.71173095703125,-9.125,23,IN_TRANSIT_TO,2025-09-19 14:57:00,8201,4602,96-GL-80,POINT (-9.125 38.71173095703125)
6021_732,5080_20250901_107_0_7,107_0,0,38.710601806640625,-9.138529777526855,16,IN_TRANSIT_TO,2025-09-19 14:56:52,908,6021,BD-91-QG,POINT (-9.138529777526855 38.710601806640625)
2292_731,4996_20250901_190_0_9,190_0,0,38.78044891357422,-9.101829528808594,32,IN_TRANSIT_TO,2025-09-19 14:56:50,7902,2292,83-16-ZM,POINT (-9.101829528808594 38.78044891357422)
612_15E,11280_20250901_76_0_14,76_0,1,38.69847106933594,-9.188199996948242,10,IN_TRANSIT_TO,2025-09-19 14:56:56,9507,612,,POINT (-9.188199996948242 38.69847106933594)
2256_760,7110_20250901_171_0_2,171_0,1,38.721248626708984,-9.138930320739746,37,IN_TRANSIT_TO,2025-09-19 14:56:40,812,2256,80-53-ZE,POINT (-9.138930320739746 38.721248626708984)
2494_708,3365_20250901_100_0_12,100_0,0,38.74332809448242,-9.132530212402344,10,IN_TRANSIT_TO,2025-09-19 14:56:49,317,2494,88-BL-68,POINT (-9.132530212402344 38.74332809448242)
2830_753,6573_20250901_167_0_19,167_0,0,38.730098724365234,-9.144450187683105,1,IN_TRANSIT_TO,2025-09-19 14:56:52,1712,2830,BF-57-FZ,POINT (-9.144450187683105 38.730098724365234)
2346_724,4230_20250901_178_0_19,178_0,0,38.72446823120117,-9.193470001220703,7,IN_TRANSIT_TO,2025-09-19 14:56:56,21307,2346,62-93-ZG,POINT (-9.193470001220703 38.72446823120117)
6033_771,21942_20250901_248_0_17,248_0,1,38.73698043823242,-9.167400360107422,22,IN_TRANSIT_TO,2025-09-19 14:56:51,2711,6033,BF-92-AZ,POINT (-9.167400360107422 38.73698043823242)
4617_750,6262_20250901_106_0_10,106_0,1,38.756351470947266,-9.154199600219727,25,IN_TRANSIT_TO,2025-09-19 14:56:39,5804,4617,22-GP-51,POINT (-9.154199600219727 38.756351470947266)
2955_798,8198_20250901_194_0_20,194_0,1,38.768768310546875,-9.148980140686035,16,IN_TRANSIT_TO,2025-09-19 14:56:49,11504,2955,27-GU-70,POINT (-9.148980140686035 38.768768310546875)
2951_29B,17524_20250901_209_0_15,209_0,0,38.7690315246582,-9.117819786071777,25,IN_TRANSIT_TO,2025-09-19 14:56:53,7704,2951,62-GQ-53,POINT (-9.117819786071777 38.7690315246582)
2624_744,5805_20250901_200_0_10,200_0,1,38.76974868774414,-9.128029823303223,13,IN_TRANSIT_TO,2025-09-19 14:56:41,7604,2624,72-VP-82,POINT (-9.128029823303223 38.76974868774414)
4642_750,6335_20250901_106_0_9,106_0,0,38.73297882080078,-9.2081298828125,31,IN_TRANSIT_TO,2025-09-19 14:56:34,8804,4642,90-JI-99,POINT (-9.2081298828125 38.73297882080078)
4816_751,6481_20250901_109_0_15,109_0,0,38.69744873046875,-9.198570251464844,15,IN_TRANSIT_TO,2025-09-19 14:56:40,4112,4816,34-VR-17,POINT (-9.198570251464844 38.69744873046875)
4614_728,4706_20250901_204_0_9,204_0,1,38.772918701171875,-9.104920387268066,7,IN_TRANSIT_TO,2025-09-19 14:56:52,7811,4614,96-GL-90,POINT (-9.104920387268066 38.772918701171875)
2953_72B,45275_20250901_279_0_13,279_0,0,38.75469970703125,-9.198200225830078,4,IN_TRANSIT_TO,2025-09-19 14:56:40,10910,2953,62-GQ-55,POINT (-9.198200225830078 38.75469970703125)
4611_750,6290_20250901_106_0_10,106_0,1,38.72822189331055,-9.209269523620605,7,IN_TRANSIT_TO,2025-09-19 14:52:01,14005,4611,96-GL-88,POINT (-9.209269523620605 38.72822189331055)
2950_26B,17520_20250901_208_0_15,208_0,0,38.775299072265625,-9.097419738769531,9,IN_TRANSIT_TO,2025-09-19 14:56:44,50123,2950,62-GQ-51,POINT (-9.097419738769531 38.775299072265625)
4641_750,6421_20250901_106_0_10,106_0,1,38.757301330566406,-9.108349800109863,34,IN_TRANSIT_TO,2025-09-19 14:56:55,2301,4641,90-JI-98,POINT (-9.108349800109863 38.757301330566406)
4626_796,8127_20250901_174_0_27,174_0,0,38.76752853393555,-9.158129692077637,3,IN_TRANSIT_TO,2025-09-19 14:57:08,5901,4626,90-JI-93,POINT (-9.158129692077637 38.76752853393555)
4646_750,6401_20250901_106_0_10,106_0,0,38.76234817504883,-9.124670028686523,9,IN_TRANSIT_TO,2025-09-19 14:57:05,7506,4646,11-JM-79,POINT (-9.124670028686523 38.76234817504883)
4627_783,7857_20250901_203_0_11,203_0,0,38.72303009033203,-9.161029815673828,0,IN_TRANSIT_TO,2025-09-19 14:56:59,,4627,11-JM-76,POINT (-9.161029815673828 38.72303009033203)
2699_714,3709_20250901_102_0_11,102_0,0,38.706668853759766,-9.1560697555542,5,IN_TRANSIT_TO,2025-09-19 14:56:24,3912,2699,92-XQ-25,POINT (-9.1560697555542 38.706668853759766)
2692_764,7135_20250901_168_0_13,168_0,0,38.74382019042969,-9.205719947814941,21,IN_TRANSIT_TO,2025-09-19 14:56:52,8816,2692,90-XF-62,POINT (-9.205719947814941 38.74382019042969)
2690_738,5561_20250901_117_0_10,117_0,1,38.7181282043457,-9.15697956085205,13,IN_TRANSIT_TO,2025-09-19 14:57:08,6801,2690,99-XE-57,POINT (-9.15697956085205 38.7181282043457)
2694_746,5993_20250901_108_0_12,108_0,1,38.744380950927734,-9.178600311279297,12,IN_TRANSIT_TO,2025-09-19 14:56:44,10703,2694,90-XF-49,POINT (-9.178600311279297 38.744380950927734)
2695_713,3621_20250901_122_0_13,122_0,0,38.717350006103516,-9.157529830932617,15,IN_TRANSIT_TO,2025-09-19 14:56:44,6802,2695,90-XF-50,POINT (-9.157529830932617 38.717350006103516)
2705_713,3576_20250901_122_0_12,122_0,1,38.7351188659668,-9.149880409240723,32,IN_TRANSIT_TO,2025-09-19 14:57:07,1414,2705,92-XQ-29,POINT (-9.149880409240723 38.7351188659668)
2683_723,4182_20250901_121_0_10,121_0,0,38.695919036865234,-9.218649864196777,29,IN_TRANSIT_TO,2025-09-19 14:56:40,13204,2683,99-XE-55,POINT (-9.218649864196777 38.695919036865234)
6046_732,5085_20250901_107_0_10,107_0,0,38.730201721191406,-9.14367961883545,9,IN_TRANSIT_TO,2025-09-19 14:56:50,6506,6046,BH-73-IR,POINT (-9.14367961883545 38.730201721191406)
2947_32B,17548_20250901_211_0_15,211_0,0,38.75374984741211,-9.124369621276855,12,IN_TRANSIT_TO,2025-09-19 14:56:58,14713,2947,51-GL-84,POINT (-9.124369621276855 38.75374984741211)
2946_31B,17538_20250901_210_0_15,210_0,0,38.74787902832031,-9.114419937133789,20,IN_TRANSIT_TO,2025-09-19 14:57:04,3713,2946,75-GO-15,POINT (-9.114419937133789 38.74787902832031)
2948_29B,17534_20250901_209_0_14,209_0,0,38.761531829833984,-9.11050033569336,8,IN_TRANSIT_TO,2025-09-19 14:56:48,8442,2948,51-GL-85,POINT (-9.11050033569336 38.761531829833984)
4643_750,6372_20250901_106_0_9,106_0,0,38.72795104980469,-9.209269523620605,32,IN_TRANSIT_TO,2025-09-19 14:56:53,14008,4643,98-JO-45,POINT (-9.209269523620605 38.72795104980469)
2957_40B,17568_20250901_212_0_16,212_0,1,38.77397155761719,-9.161020278930664,2,IN_TRANSIT_TO,2025-09-19 14:56:44,5905,2957,27-GU-72,POINT (-9.161020278930664 38.77397155761719)
2677_754,6584_20250901_201_0_11,201_0,0,38.74153137207031,-9.14585018157959,2,IN_TRANSIT_TO,2025-09-19 14:56:51,1904,2677,87-XB-41,POINT (-9.14585018157959 38.74153137207031)
2680_711,3475_20250901_101_0_12,101_0,1,38.72296905517578,-9.175080299377441,25,IN_TRANSIT_TO,2025-09-19 14:57:09,50324,2680,93-XA-36,POINT (-9.175080299377441 38.72296905517578)
2681_714,3684_20250901_102_0_2,102_0,1,38.720218658447266,-9.21992015838623,4,IN_TRANSIT_TO,2025-09-19 14:56:49,18703,2681,93-XA-41,POINT (-9.21992015838623 38.720218658447266)
2672_711,3484_20250901_101_0_10,101_0,1,38.751529693603516,-9.209779739379883,6,IN_TRANSIT_TO,2025-09-19 14:57:00,3003,2672,87-XB-44,POINT (-9.209779739379883 38.751529693603516)
6001_767,7223_20250901_112_0_8,112_0,1,38.75312042236328,-9.19657039642334,12,IN_TRANSIT_TO,2025-09-19 14:57:02,10909,6001,99-XU-70,POINT (-9.19657039642334 38.75312042236328)
2962_730,4969_20250901_198_0_14,198_0,1,38.73027038574219,-9.1279296875,15,IN_TRANSIT_TO,2025-09-19 14:56:48,7003,2962,30-VM-07,POINT (-9.1279296875 38.73027038574219)
2961_730,4967_20250901_198_0_16,198_0,0,38.738128662109375,-9.127169609069824,8,IN_TRANSIT_TO,2025-09-19 14:56:47,8905,2961,26-VD-02,POINT (-9.127169609069824 38.738128662109375)
604_15E,11212_20250901_76_0_13,76_0,0,38.70581817626953,-9.156869888305664,6,IN_TRANSIT_TO,2025-09-19 14:56:50,3902,604,,POINT (-9.156869888305664 38.70581817626953)
547_28E,15064_20250901_75_0_7,75_0,0,38.71461868286133,-9.128580093383789,10,IN_TRANSIT_TO,2025-09-19 14:57:00,14802,547,,POINT (-9.128580093383789 38.71461868286133)
6014_760,7105_20250901_171_0_8,171_0,1,38.722721099853516,-9.13936996459961,38,IN_TRANSIT_TO,2025-09-19 14:57:02,9213,6014,67-ZF-30,POINT (-9.13936996459961 38.722721099853516)
6049_732,5089_20250901_107_0_7,107_0,1,38.70642852783203,-9.154569625854492,26,IN_TRANSIT_TO,2025-09-12 17:10:25,3901,6049,BH-47-IR,POINT (-9.154569625854492 38.70642852783203)
6050_760,7098_20250901_171_0_9,171_0,0,38.70627975463867,-9.155770301818848,14,IN_TRANSIT_TO,2025-09-19 14:56:41,3902,6050,BH-62-IR,POINT (-9.155770301818848 38.70627975463867)
2741_742,5687_20250901_114_0_10,114_0,1,38.7264518737793,-9.111700057983398,52,IN_TRANSIT_TO,2025-09-19 14:56:39,8301,2741,AG-99-TG,POINT (-9.111700057983398 38.7264518737793)
2479_729,4788_20250901_104_0_10,104_0,0,38.70616912841797,-9.199170112609863,31,IN_TRANSIT_TO,2025-09-19 14:56:39,10301,2479,91-BE-74,POINT (-9.199170112609863 38.70616912841797)
4634_783,7846_20250901_203_0_11,203_0,0,38.75967025756836,-9.136469841003418,17,IN_TRANSIT_TO,2025-09-19 14:56:51,11305,4634,11-JM-78,POINT (-9.136469841003418 38.75967025756836)
2493_735,5283_20250901_172_0_10,172_0,1,38.7181510925293,-9.12106990814209,24,IN_TRANSIT_TO,2025-09-19 14:55:57,2108,2493,88-BL-65,POINT (-9.12106990814209 38.7181510925293)
2414_716,3718_20250901_164_0_17,164_0,0,38.74497985839844,-9.185850143432617,24,IN_TRANSIT_TO,2025-09-19 14:57:01,10921,2414,92-AO-51,POINT (-9.185850143432617 38.74497985839844)
2763_727,4463_20250901_103_0_8,103_0,1,38.72426986694336,-9.150580406188965,36,IN_TRANSIT_TO,2025-09-19 14:56:55,1207,2763,AH-23-ND,POINT (-9.150580406188965 38.72426986694336)
2979_799,8222_20250901_120_0_12,120_0,0,38.736881256103516,-9.215499877929688,24,IN_TRANSIT_TO,2025-09-19 14:56:58,10819,2979,30-VM-17,POINT (-9.215499877929688 38.736881256103516)
2282_767,7206_20250901_112_0_2,112_0,1,38.75965118408203,-9.18198013305664,20,IN_TRANSIT_TO,2025-09-19 14:56:54,12803,2282,67-35-ZJ,POINT (-9.18198013305664 38.75965118408203)
2281_771,39065_20250901_248_0_15,248_0,1,38.723121643066406,-9.195599555969238,11,IN_TRANSIT_TO,2025-09-19 14:56:40,21302,2281,67-56-ZJ,POINT (-9.195599555969238 38.723121643066406)
2841_753,6577_20250901_167_0_18,167_0,1,38.67692184448242,-9.173870086669922,2,IN_TRANSIT_TO,2025-09-19 14:57:07,14602,2841,BF-55-FZ,POINT (-9.173870086669922 38.67692184448242)
281_76B,18630_20250901_219_0_19,219_0,0,38.714351654052734,-9.204270362854004,14,IN_TRANSIT_TO,2025-09-19 14:56:48,12907,281,AI-48-OJ,POINT (-9.204270362854004 38.714351654052734)
2301_793,8007_20250901_145_0_16,145_0,0,38.73427963256836,-9.112750053405762,5,IN_TRANSIT_TO,2025-09-19 14:56:51,12516,2301,83-12-ZM,POINT (-9.112750053405762 38.73427963256836)
2629_759,6970_20250901_144_0_9,144_0,0,38.75522994995117,-9.113519668579102,27,IN_TRANSIT_TO,2025-09-19 14:57:05,24370,2629,52-VP-81,POINT (-9.113519668579102 38.75522994995117)
4835_736,5408_20250901_199_0_11,199_0,0,38.741268157958984,-9.146499633789062,8,IN_TRANSIT_TO,2025-09-19 14:57:03,1809,4835,53-VR-06,POINT (-9.146499633789062 38.741268157958984)
4811_751,6510_20250901_109_0_13,109_0,0,38.73128128051758,-9.168519973754883,0,IN_TRANSIT_TO,2025-09-19 14:57:01,,4811,34-VR-20,POINT (-9.168519973754883 38.73128128051758)
306_744,5850_20250901_200_0_10,200_0,1,38.75957107543945,-9.136870384216309,15,IN_TRANSIT_TO,2025-09-19 14:56:53,7502,306,73-ST-81,POINT (-9.136870384216309 38.75957107543945)
307_722,4119_20250901_196_0_11,196_0,1,38.74237823486328,-9.135869979858398,24,IN_TRANSIT_TO,2025-09-19 14:57:01,50458,307,73-ST-82,POINT (-9.135869979858398 38.74237823486328)
6035_760,7022_20250901_171_0_9,171_0,1,38.71363067626953,-9.136549949645996,33,IN_TRANSIT_TO,2025-09-19 14:56:39,913,6035,BG-76-LX,POINT (-9.136549949645996 38.71363067626953)
2765_738,5553_20250901_117_0_10,117_0,1,38.74258041381836,-9.146679878234863,22,IN_TRANSIT_TO,2025-09-19 14:57:00,1903,2765,AH-37-ND,POINT (-9.146679878234863 38.74258041381836)
2783_727,4537_20250901_103_0_8,103_0,0,38.705101013183594,-9.161279678344727,24,IN_TRANSIT_TO,2025-09-19 14:56:58,3908,2783,AI-10-BT,POINT (-9.161279678344727 38.705101013183594)
2978_34B,19151_20250901_226_0_10,226_0,0,38.72827911376953,-9.109580039978027,27,IN_TRANSIT_TO,2025-09-19 14:56:44,8304,2978,29-VM-92,POINT (-9.109580039978027 38.72827911376953)
4633_796,8140_20250901_174_0_28,174_0,1,38.76408004760742,-9.156970024108887,15,IN_TRANSIT_TO,2025-09-19 14:56:54,5814,4633,90-JI-94,POINT (-9.156970024108887 38.76408004760742)
2270_724,4204_20250901_178_0_18,178_0,1,38.76287078857422,-9.197199821472168,1,IN_TRANSIT_TO,2025-09-19 14:56:47,13908,2270,76-82-ZG,POINT (-9.197199821472168 38.76287078857422)
2430_771,21940_20250901_248_0_16,248_0,0,38.74209976196289,-9.16825008392334,0,IN_TRANSIT_TO,2025-09-19 14:56:51,,2430,29-AX-12,POINT (-9.16825008392334 38.74209976196289)
2442_703,3135_20250901_165_0_11,165_0,0,38.747718811035156,-9.19773006439209,37,IN_TRANSIT_TO,2025-09-19 14:57:04,2804,2442,29-AX-06,POINT (-9.19773006439209 38.747718811035156)
2779_727,4553_20250901_103_0_8,103_0,1,38.745731353759766,-9.137749671936035,46,IN_TRANSIT_TO,2025-09-19 14:56:45,202,2779,AI-02-BT,POINT (-9.137749671936035 38.745731353759766)
2842_728,4601_20250901_204_0_8,204_0,0,38.706329345703125,-9.148469924926758,18,IN_TRANSIT_TO,2025-09-19 14:56:58,7101,2842,BF-56-FZ,POINT (-9.148469924926758 38.706329345703125)
251_37B,18839_20250901_224_0_18,224_0,0,38.723121643066406,-9.115469932556152,0,IN_TRANSIT_TO,2025-09-19 14:56:28,,251,AF-87-NU,POINT (-9.115469932556152 38.723121643066406)
4833_736,5331_20250901_199_0_10,199_0,1,38.78622055053711,-9.17057991027832,5,IN_TRANSIT_TO,2025-09-19 14:56:41,50083,4833,20-VQ-65,POINT (-9.17057991027832 38.78622055053711)
2272_760,7085_20250901_171_0_9,171_0,0,38.71342849731445,-9.195449829101562,30,IN_TRANSIT_TO,2025-09-19 14:57:05,50140,2272,76-80-ZG,POINT (-9.195449829101562 38.71342849731445)
2345_768,7335_20250901_111_0_16,111_0,1,38.7423210144043,-9.16681957244873,19,IN_TRANSIT_TO,2025-09-19 14:56:39,1603,2345,53-59-ZJ,POINT (-9.16681957244873 38.7423210144043)
2614_759,6921_20250901_144_0_10,144_0,1,38.73902893066406,-9.113180160522461,27,IN_TRANSIT_TO,2025-09-19 14:56:41,3702,2614,66-VI-24,POINT (-9.113180160522461 38.73902893066406)
275_79B,18671_20250901_221_0_11,221_0,0,38.697078704833984,-9.20557975769043,8,IN_TRANSIT_TO,2025-09-19 14:56:51,13209,275,AH-16-TB,POINT (-9.20557975769043 38.697078704833984)
2607_759,6987_20250901_144_0_11,144_0,0,38.708351135253906,-9.136619567871094,4,IN_TRANSIT_TO,2025-09-19 14:57:06,5501,2607,AA-95-TQ,POINT (-9.136619567871094 38.708351135253906)
4821_736,5299_20250901_199_0_10,199_0,1,38.739479064941406,-9.146300315856934,21,IN_TRANSIT_TO,2025-09-19 14:56:46,1902,4821,20-VQ-68,POINT (-9.146300315856934 38.739479064941406)
2824_728,4569_20250901_204_0_8,204_0,0,38.783729553222656,-9.112730026245117,52,IN_TRANSIT_TO,2025-09-19 14:56:57,12610,2824,BF-67-FZ,POINT (-9.112730026245117 38.783729553222656)
2697_727,4552_20250901_103_0_9,103_0,0,38.741920471191406,-9.146900177001953,8,IN_TRANSIT_TO,2025-09-19 14:57:00,1906,2697,90-XF-59,POINT (-9.146900177001953 38.741920471191406)
2601_705,3190_20250901_176_0_10,176_0,0,38.77056884765625,-9.128270149230957,17,IN_TRANSIT_TO,2025-09-19 14:56:59,7604,2601,04-VA-70,POINT (-9.128270149230957 38.77056884765625)
2706_714,3671_20250901_102_0_12,102_0,1,38.72312927246094,-9.215929985046387,6,IN_TRANSIT_TO,2025-09-19 14:56:59,18709,2706,92-XQ-46,POINT (-9.215929985046387 38.72312927246094)
2602_759,6928_20250901_144_0_8,144_0,1,38.739051818847656,-9.113149642944336,27,IN_TRANSIT_TO,2025-09-19 14:57:05,3702,2602,16-VF-81,POINT (-9.113149642944336 38.739051818847656)
2657_754,6592_20250901_201_0_12,201_0,1,38.74148178100586,-9.170450210571289,28,IN_TRANSIT_TO,2025-09-19 14:56:49,1615,2657,05-VZ-66,POINT (-9.170450210571289 38.74148178100586)
2637_705,3195_20250901_176_0_14,176_0,0,38.777000427246094,-9.116499900817871,9,IN_TRANSIT_TO,2025-09-19 14:56:42,12305,2637,87-VS-51,POINT (-9.116499900817871 38.777000427246094)
4830_783,7842_20250901_203_0_11,203_0,0,38.784400939941406,-9.1245698928833,28,IN_TRANSIT_TO,2025-09-19 14:56:47,16303,4830,20-VQ-63,POINT (-9.1245698928833 38.784400939941406)
2638_749,59015_20250901_195_5_17,195_5,1,38.75712966918945,-9.112380027770996,14,IN_TRANSIT_TO,2025-09-19 14:56:58,24370,2638,87-VS-48,POINT (-9.112380027770996 38.75712966918945)
6037_706,3241_20250901_147_0_12,147_0,0,38.71556854248047,-9.154520034790039,10,IN_TRANSIT_TO,2025-09-19 14:56:25,6705,6037,BG-37-LT,POINT (-9.154520034790039 38.71556854248047)
2617_705,3180_20250901_176_0_14,176_0,1,38.77492904663086,-9.097649574279785,22,IN_TRANSIT_TO,2025-09-19 14:56:51,7910,2617,66-VI-28,POINT (-9.097649574279785 38.77492904663086)
2633_742,5782_20250901_114_0_7,114_0,0,38.72911834716797,-9.159150123596191,28,IN_TRANSIT_TO,2025-09-19 14:56:56,6115,2633,52-VP-79,POINT (-9.159150123596191 38.72911834716797)
2619_781,7722_20250901_151_0_12,151_0,0,38.7652702331543,-9.109620094299316,17,IN_TRANSIT_TO,2025-09-19 14:56:55,8423,2619,66-VI-37,POINT (-9.109620094299316 38.7652702331543)
2698_746,5958_20250901_108_0_16,108_0,1,38.74961853027344,-9.193180084228516,7,IN_TRANSIT_TO,2025-09-19 14:56:47,10801,2698,92-XQ-20,POINT (-9.193180084228516 38.74961853027344)
6039_732,5057_20250901_107_0_8,107_0,1,38.70547866821289,-9.207730293273926,9,IN_TRANSIT_TO,2025-09-19 14:57:06,13105,6039,BG-96-LU,POINT (-9.207730293273926 38.70547866821289)
2716_713,3592_20250901_122_0_12,122_0,1,38.71969985961914,-9.155679702758789,22,IN_TRANSIT_TO,2025-09-19 14:56:53,6801,2716,92-XQ-27,POINT (-9.155679702758789 38.71969985961914)
6025_706,3260_20250901_147_0_11,147_0,1,38.71997833251953,-9.155320167541504,24,IN_TRANSIT_TO,2025-09-19 14:56:05,6810,6025,BF-92-AX,POINT (-9.155320167541504 38.71997833251953)
2704_754,6609_20250901_201_0_12,201_0,1,38.74116897583008,-9.21172046661377,13,IN_TRANSIT_TO,2025-09-19 14:56:50,8819,2704,92-XQ-18,POINT (-9.21172046661377 38.74116897583008)
283_734,5138_20250801_205_0_6,205_0,0,38.71443176269531,-9.123080253601074,16,IN_TRANSIT_TO,2025-08-07 08:52:19,2110,283,AI-49-OJ,POINT (-9.123080253601074 38.71443176269531)
2639_718,3962_20250901_105_0_12,105_0,0,38.730350494384766,-9.12483024597168,24,IN_TRANSIT_TO,2025-09-19 14:56:55,11701,2639,75-VS-47,POINT (-9.12483024597168 38.730350494384766)
2989_72B,45276_20250901_279_0_12,279_0,0,38.744300842285156,-9.194120407104492,20,IN_TRANSIT_TO,2025-09-19 14:56:06,10831,2989,29-VM-85,POINT (-9.194120407104492 38.744300842285156)
2642_708,3298_20250901_100_0_8,100_0,1,38.76314926147461,-9.12891960144043,28,IN_TRANSIT_TO,2025-09-19 14:56:19,7504,2642,75-VS-51,POINT (-9.12891960144043 38.76314926147461)
573_28E,14946_20250901_75_0_7,75_0,1,38.70996856689453,-9.133979797363281,19,IN_TRANSIT_TO,2025-09-19 14:56:06,5601,573,,POINT (-9.133979797363281 38.70996856689453)
2724_711,3501_20250901_101_0_11,101_0,0,38.74732971191406,-9.2162504196167,27,IN_TRANSIT_TO,2025-09-19 14:56:49,3007,2724,92-XQ-40,POINT (-9.2162504196167 38.74732971191406)
273_734,5150_20250901_205_0_22,205_0,0,38.723201751708984,-9.131999969482422,5,IN_TRANSIT_TO,2025-09-19 14:56:59,709,273,AH-15-TB,POINT (-9.131999969482422 38.723201751708984)
2737_755,6709_20250901_118_0_12,118_0,0,38.74304962158203,-9.166919708251953,41,IN_TRANSIT_TO,2025-09-19 14:56:57,12702,2737,AG-45-EI,POINT (-9.166919708251953 38.74304962158203)
2609_759,6973_20250901_144_0_11,144_0,0,38.75782012939453,-9.11223030090332,28,IN_TRANSIT_TO,2025-09-19 14:56:53,8416,2609,66-VI-36,POINT (-9.11223030090332 38.75782012939453)
2611_781,7756_20250901_151_0_12,151_0,1,38.71052169799805,-9.127679824829102,26,IN_TRANSIT_TO,2025-09-19 14:56:39,2114,2611,66-VI-38,POINT (-9.127679824829102 38.71052169799805)
2721_723,4136_20250901_121_0_13,121_0,0,38.72338104248047,-9.16592025756836,9,IN_TRANSIT_TO,2025-09-19 14:55:58,8501,2721,92-XQ-37,POINT (-9.16592025756836 38.72338104248047)
2326_708,3358_20250901_100_0_10,100_0,0,38.76298141479492,-9.1139497756958,20,IN_TRANSIT_TO,2025-09-19 14:56:44,8414,2326,67-49-ZJ,POINT (-9.1139497756958 38.76298141479492)
2632_722,4129_20250901_196_0_10,196_0,0,38.7216796875,-9.146769523620605,2,IN_TRANSIT_TO,2025-09-19 14:56:40,1103,2632,52-VP-88,POINT (-9.146769523620605 38.7216796875)
2981_45B,45280_20250901_277_0_14,277_0,0,38.76628112792969,-9.154170036315918,10,IN_TRANSIT_TO,2025-09-19 14:57:06,5835,2981,29-VM-86,POINT (-9.154170036315918 38.76628112792969)
6030_760,7103_20250901_171_0_12,171_0,0,38.71421813964844,-9.137450218200684,8,IN_TRANSIT_TO,2025-09-19 14:57:02,815,6030,BF-39-AU,POINT (-9.137450218200684 38.71421813964844)
548_28E,14986_20250901_75_0_11,75_0,1,38.7147216796875,-9.162400245666504,4,IN_TRANSIT_TO,2025-09-19 14:56:52,8107,548,,POINT (-9.162400245666504 38.7147216796875)
2643_744,5841_20250901_200_0_10,200_0,1,38.72623062133789,-9.149700164794922,30,IN_TRANSIT_TO,2025-09-19 14:56:56,1206,2643,75-VS-44,POINT (-9.149700164794922 38.72623062133789)
2646_755,6632_20250901_118_0_9,118_0,0,38.75923156738281,-9.124650001525879,21,IN_TRANSIT_TO,2025-09-19 14:57:00,14705,2646,75-VS-48,POINT (-9.124650001525879 38.75923156738281)
2993_52B,21661_20250901_244_0_14,244_0,0,38.73469924926758,-9.15293025970459,16,IN_TRANSIT_TO,2025-09-19 14:57:06,1413,2993,29-VM-93,POINT (-9.15293025970459 38.73469924926758)
2468_729,4801_20250901_104_0_10,104_0,0,38.7447509765625,-9.199150085449219,17,IN_TRANSIT_TO,2025-09-19 14:56:38,50614,2468,16-AZ-10,POINT (-9.199150085449219 38.7447509765625)
2664_720,4044_20250901_143_0_12,143_0,1,38.73588180541992,-9.136870384216309,23,IN_TRANSIT_TO,2025-09-19 14:57:04,11108,2664,05-VZ-68,POINT (-9.136870384216309 38.73588180541992)
2654_720,4100_20250901_143_0_13,143_0,0,38.73828125,-9.138429641723633,8,IN_TRANSIT_TO,2025-09-19 14:56:42,407,2654,05-VZ-69,POINT (-9.138429641723633 38.73828125)
2707_738,5550_20250901_117_0_11,117_0,0,38.75495147705078,-9.175919532775879,0,IN_TRANSIT_TO,2025-09-19 14:57:01,,2707,92-XQ-39,POINT (-9.175919532775879 38.75495147705078)
2612_759,6943_20250901_144_0_10,144_0,1,38.762168884277344,-9.116570472717285,17,IN_TRANSIT_TO,2025-09-19 14:56:43,8433,2612,66-VI-29,POINT (-9.116570472717285 38.762168884277344)
501_15E,11202_20250901_76_0_13,76_0,0,38.698570251464844,-9.18766975402832,12,IN_TRANSIT_TO,2025-09-19 14:56:46,9504,501,,POINT (-9.18766975402832 38.698570251464844)
2736_755,6702_20250901_118_0_13,118_0,1,38.74480056762695,-9.168519973754883,2,IN_TRANSIT_TO,2025-09-19 14:56:58,1603,2736,AG-47-EI,POINT (-9.168519973754883 38.74480056762695)
542_28E,14934_20250901_75_0_11,75_0,1,38.713951110839844,-9.128270149230957,25,IN_TRANSIT_TO,2025-09-19 14:56:49,50561,542,,POINT (-9.128270149230957 38.713951110839844)
574_28E,15038_20250901_75_0_9,75_0,0,38.70951843261719,-9.137680053710938,17,IN_TRANSIT_TO,2025-09-19 14:56:37,5604,574,,POINT (-9.137680053710938 38.70951843261719)
2713_714,3640_20250901_102_0_12,102_0,1,38.704620361328125,-9.178000450134277,27,IN_TRANSIT_TO,2025-09-19 14:56:44,12111,2713,92-XQ-34,POINT (-9.178000450134277 38.704620361328125)
2635_759,6896_20250901_144_0_8,144_0,1,38.724449157714844,-9.113719940185547,37,IN_TRANSIT_TO,2025-09-19 14:56:37,9808,2635,52-VP-90,POINT (-9.113719940185547 38.724449157714844)
2799_727,4454_20250901_103_0_7,103_0,1,38.72671890258789,-9.149049758911133,37,IN_TRANSIT_TO,2025-09-19 14:57:00,1205,2799,AJ-52-LI,POINT (-9.149049758911133 38.72671890258789)
2258_768,7319_20250901_111_0_17,111_0,0,38.7435188293457,-9.175250053405762,7,IN_TRANSIT_TO,2025-09-19 14:56:37,1616,2258,53-58-ZJ,POINT (-9.175250053405762 38.7435188293457)
544_18E,12182_20250901_78_0_20,78_0,1,38.70481872558594,-9.17846965789795,13,IN_TRANSIT_TO,2025-09-19 14:56:42,12119,544,,POINT (-9.17846965789795 38.70481872558594)
2996_774,7430_20250901_192_0_24,192_0,1,38.724918365478516,-9.146069526672363,4,IN_TRANSIT_TO,2025-09-19 14:56:41,1217,2996,30-VM-03,POINT (-9.146069526672363 38.724918365478516)
2769_727,4502_20250901_103_0_8,103_0,1,38.698421478271484,-9.188570022583008,15,IN_TRANSIT_TO,2025-09-19 14:56:48,9507,2769,AH-19-ND,POINT (-9.188570022583008 38.698421478271484)
556_24E,17842_20250901_213_0_25,213_0,1,38.72502899169922,-9.160019874572754,1,IN_TRANSIT_TO,2025-09-19 14:56:39,6130,556,,POINT (-9.160019874572754 38.72502899169922)
549_25E,14268_20250901_79_0_15,79_0,1,38.71382141113281,-9.16112995147705,5,IN_TRANSIT_TO,2025-09-19 14:57:02,8109,549,,POINT (-9.16112995147705 38.71382141113281)
582_24E,17852_20250901_213_0_18,213_0,0,38.717079162597656,-9.149129867553711,5,IN_TRANSIT_TO,2025-09-19 14:56:42,10605,582,,POINT (-9.149129867553711 38.717079162597656)
2652_723,4149_20250901_121_0_12,121_0,1,38.72105026245117,-9.13895034790039,34,IN_TRANSIT_TO,2025-09-19 14:57:08,9214,2652,05-VZ-61,POINT (-9.13895034790039 38.72105026245117)
2620_781,7737_20250901_151_0_12,151_0,0,38.7376708984375,-9.102999687194824,8,IN_TRANSIT_TO,2025-09-19 14:56:51,12513,2620,66-VI-33,POINT (-9.102999687194824 38.7376708984375)
2829_753,6564_20250901_167_0_19,167_0,0,38.72262954711914,-9.170419692993164,7,IN_TRANSIT_TO,2025-09-19 14:56:41,8607,2829,BF-58-FZ,POINT (-9.170419692993164 38.72262954711914)
503_15E,11238_20250901_76_0_10,76_0,1,38.70832061767578,-9.136280059814453,22,IN_TRANSIT_TO,2025-09-19 14:56:55,5512,503,,POINT (-9.136280059814453 38.70832061767578)
2622_759,6949_20250901_144_0_9,144_0,0,38.767578125,-9.100099563598633,47,IN_TRANSIT_TO,2025-09-19 14:57:03,7825,2622,66-VI-21,POINT (-9.100099563598633 38.767578125)
263_67B,28217_20250901_253_0_11,253_0,0,38.71247863769531,-9.155830383300781,24,IN_TRANSIT_TO,2025-09-19 14:43:32,6720,263,AG-26-NH,POINT (-9.155830383300781 38.71247863769531)
2975_774,7467_20250901_192_0_18,192_0,1,38.72023010253906,-9.154899597167969,7,IN_TRANSIT_TO,2025-09-19 14:56:10,6812,2975,30-VM-11,POINT (-9.154899597167969 38.72023010253906)
2985_797,8161_20250901_163_0_33,163_0,1,38.72547149658203,-9.129850387573242,2,IN_TRANSIT_TO,2025-09-19 14:56:49,9104,2985,30-VM-14,POINT (-9.129850387573242 38.72547149658203)
2986_774,7450_20250901_192_0_23,192_0,0,38.722251892089844,-9.157230377197266,7,IN_TRANSIT_TO,2025-09-19 14:56:47,8516,2986,30-VM-12,POINT (-9.157230377197266 38.722251892089844)
2701_713,20157_20250901_122_0_11,122_0,0,38.73701858520508,-9.147049903869629,4,IN_TRANSIT_TO,2025-09-19 14:56:52,1811,2701,92-XQ-35,POINT (-9.147049903869629 38.73701858520508)
551_28E,14960_20250901_75_0_9,75_0,1,38.7080192565918,-9.140250205993652,16,IN_TRANSIT_TO,2025-09-19 14:54:16,10519,551,,POINT (-9.140250205993652 38.7080192565918)
2990_45B,49562_20250901_277_0_14,277_0,1,38.76457977294922,-9.157099723815918,16,IN_TRANSIT_TO,2025-09-19 14:57:09,5811,2990,30-VM-06,POINT (-9.157099723815918 38.76457977294922)
2616_744,5819_20250901_200_0_11,200_0,1,38.77191925048828,-9.101420402526855,0,IN_TRANSIT_TO,2025-09-19 14:56:47,,2616,66-VI-44,POINT (-9.101420402526855 38.77191925048828)
2702_714,3689_20250901_102_0_9,102_0,0,38.72520065307617,-9.227569580078125,39,IN_TRANSIT_TO,2025-09-19 14:56:51,50298,2702,92-XQ-21,POINT (-9.227569580078125 38.72520065307617)
2604_759,6981_20250901_144_0_11,144_0,0,38.70914840698242,-9.137980461120605,3,IN_TRANSIT_TO,2025-09-19 14:55:27,5510,2604,66-VI-32,POINT (-9.137980461120605 38.70914840698242)
552_25E,14255_20250901_79_0_18,79_0,0,38.7076301574707,-9.139769554138184,2,IN_TRANSIT_TO,2025-09-19 14:56:20,5515,552,,POINT (-9.139769554138184 38.7076301574707)
2605_759,6956_20250901_144_0_2,144_0,1,38.76961898803711,-9.097550392150879,2,IN_TRANSIT_TO,2025-09-19 14:56:59,7805,2605,66-VI-35,POINT (-9.097550392150879 38.76961898803711)
2663_714,3697_20240914_102_0_16,102_0,1,38.72127151489258,-9.221500396728516,4,IN_TRANSIT_TO,2024-10-22 20:26:58,18703,2663,05-VZ-62,POINT (-9.221500396728516 38.72127151489258)
576_28E,15024_20250901_75_0_10,75_0,0,38.70998001098633,-9.135869979858398,16,IN_TRANSIT_TO,2025-09-19 14:57:03,13802,576,,POINT (-9.135869979858398 38.70998001098633)
581_28E,14998_20250901_75_0_6,75_0,1,38.71126937866211,-9.152770042419434,8,IN_TRANSIT_TO,2025-09-19 12:56:16,6721,581,,POINT (-9.152770042419434 38.71126937866211)
2685_738,5572_20250901_117_0_11,117_0,0,38.707149505615234,-9.16748046875,30,IN_TRANSIT_TO,2025-09-19 14:57:03,10206,2685,93-XA-46,POINT (-9.16748046875 38.707149505615234)
2615_744,5849_20250901_200_0_9,200_0,1,38.72751998901367,-9.14877986907959,29,IN_TRANSIT_TO,2025-09-19 14:57:01,1702,2615,66-VI-27,POINT (-9.14877986907959 38.72751998901367)
6043_706,3266_20250901_147_0_11,147_0,1,38.724220275878906,-9.146570205688477,21,IN_TRANSIT_TO,2025-09-19 14:57:06,1217,6043,BG-93-LT,POINT (-9.146570205688477 38.724220275878906)
1714_794,8091_20250901_115_0_12,115_0,1,38.75373077392578,-9.114219665527344,11,IN_TRANSIT_TO,2025-09-19 14:56:56,50070,1714,69-AL-77,POINT (-9.114219665527344 38.75373077392578)
2995_702,3053_20250901_146_0_29,146_0,0,38.72637939453125,-9.164830207824707,5,IN_TRANSIT_TO,2025-09-19 14:56:58,6107,2995,30-VM-15,POINT (-9.164830207824707 38.72637939453125)
2963_71B,45267_20250901_278_0_12,278_0,0,38.75,-9.195119857788086,2,IN_TRANSIT_TO,2025-09-19 14:56:41,10804,2963,29-VM-88,POINT (-9.195119857788086 38.75)
2687_738,5512_20250901_117_0_11,117_0,0,38.74205017089844,-9.146920204162598,15,IN_TRANSIT_TO,2025-09-19 14:56:31,2020,2687,93-XA-44,POINT (-9.146920204162598 38.74205017089844)
2696_754,6622_20250901_201_0_11,201_0,0,38.746429443359375,-9.181570053100586,13,IN_TRANSIT_TO,2025-09-19 14:56:51,10702,2696,90-XF-63,POINT (-9.181570053100586 38.746429443359375)
2644_718,3975_20250901_105_0_14,105_0,0,38.729068756103516,-9.108880043029785,16,IN_TRANSIT_TO,2025-09-19 14:57:05,8306,2644,87-VS-52,POINT (-9.108880043029785 38.729068756103516)
2662_746,5986_20250901_108_0_15,108_0,0,38.72903060913086,-9.149399757385254,2,IN_TRANSIT_TO,2025-09-19 14:56:58,1301,2662,05-VZ-51,POINT (-9.149399757385254 38.72903060913086)
507_15E,11186_20250901_76_0_11,76_0,0,38.6975212097168,-9.195420265197754,14,IN_TRANSIT_TO,2025-09-19 14:57:05,9508,507,,POINT (-9.195420265197754 38.6975212097168)
2977_797,8172_20250901_163_0_27,163_0,0,38.72560119628906,-9.129899978637695,8,IN_TRANSIT_TO,2025-09-19 14:56:46,9101,2977,30-VM-21,POINT (-9.129899978637695 38.72560119628906)
2427_767,7281_20250901_112_0_7,112_0,0,38.759769439697266,-9.15684986114502,19,IN_TRANSIT_TO,2025-09-19 14:56:43,5825,2427,29-AX-14,POINT (-9.15684986114502 38.759769439697266)
6003_760,7066_20250901_171_0_9,171_0,1,38.7150993347168,-9.205269813537598,5,IN_TRANSIT_TO,2025-09-19 14:57:04,12921,6003,82-ZC-02,POINT (-9.205269813537598 38.7150993347168)
572_28E,14920_20250901_75_0_11,75_0,1,38.71508026123047,-9.136799812316895,35,IN_TRANSIT_TO,2025-09-19 14:56:44,804,572,,POINT (-9.136799812316895 38.71508026123047)
4824_736,5319_20250901_199_0_12,199_0,1,38.76115036010742,-9.157369613647461,14,IN_TRANSIT_TO,2025-09-19 14:56:40,5808,4824,34-VR-19,POINT (-9.157369613647461 38.76115036010742)
2778_764,7151_20250901_168_0_12,168_0,0,38.75088119506836,-9.158869743347168,1,IN_TRANSIT_TO,2025-09-19 14:57:03,13504,2778,AI-03-BT,POINT (-9.158869743347168 38.75088119506836)
2641_705,3186_20250901_176_0_14,176_0,1,38.743370056152344,-9.132399559020996,2,IN_TRANSIT_TO,2025-09-19 14:56:51,317,2641,75-VS-49,POINT (-9.132399559020996 38.743370056152344)
555_28E,15050_20250901_75_0_10,75_0,0,38.71015167236328,-9.134570121765137,16,IN_TRANSIT_TO,2025-09-19 14:55:04,13802,555,,POINT (-9.134570121765137 38.71015167236328)
2974_737,5502_20250901_173_0_29,173_0,0,38.71028137207031,-9.134880065917969,2,IN_TRANSIT_TO,2025-09-19 14:57:03,5601,2974,30-VM-22,POINT (-9.134880065917969 38.71028137207031)
4817_751,6437_20250901_109_0_15,109_0,1,38.710731506347656,-9.226280212402344,6,IN_TRANSIT_TO,2025-09-19 14:56:37,14311,4817,00-VV-37,POINT (-9.226280212402344 38.710731506347656)
2987_52B,21671_20250901_244_0_14,244_0,0,38.74422073364258,-9.15958023071289,4,IN_TRANSIT_TO,2025-09-19 14:56:55,50540,2987,29-VM-99,POINT (-9.15958023071289 38.74422073364258)
2655_723,4177_20250901_121_0_10,121_0,1,38.714481353759766,-9.204529762268066,14,IN_TRANSIT_TO,2025-09-19 14:57:07,12905,2655,05-VZ-67,POINT (-9.204529762268066 38.714481353759766)
2650_713,3614_20250901_122_0_9,122_0,0,38.704551696777344,-9.166850090026855,26,IN_TRANSIT_TO,2025-09-19 14:56:45,10212,2650,75-VS-50,POINT (-9.166850090026855 38.704551696777344)
4644_750,6390_20250901_106_0_10,106_0,0,38.75777053833008,-9.174369812011719,18,IN_TRANSIT_TO,2025-09-19 14:56:40,50002,4644,27-JO-11,POINT (-9.174369812011719 38.75777053833008)
4805_751,6454_20250901_109_0_18,109_0,1,38.71588134765625,-9.235650062561035,0,IN_TRANSIT_TO,2025-09-19 14:57:07,,4805,20-VQ-66,POINT (-9.235650062561035 38.71588134765625)
2984_34B,19141_20250901_226_0_10,226_0,0,38.73884963989258,-9.120400428771973,45,IN_TRANSIT_TO,2025-09-19 14:56:28,8907,2984,30-VM-04,POINT (-9.120400428771973 38.73884963989258)
4803_751,6514_20250901_109_0_13,109_0,1,38.70225143432617,-9.180749893188477,23,IN_TRANSIT_TO,2025-09-19 14:56:39,9503,4803,77-VP-16,POINT (-9.180749893188477 38.70225143432617)
2720_709,3384_20250901_148_0_23,148_0,1,38.715579986572266,-9.16034984588623,4,IN_TRANSIT_TO,2025-09-19 14:57:03,8105,2720,92-XQ-28,POINT (-9.16034984588623 38.715579986572266)
2665_711,3454_20250901_101_0_11,101_0,1,38.71234893798828,-9.139200210571289,32,IN_TRANSIT_TO,2025-09-19 14:56:20,908,2665,87-XB-33,POINT (-9.139200210571289 38.71234893798828)
2645_718,3994_20250901_105_0_13,105_0,1,38.723480224609375,-9.11536979675293,12,IN_TRANSIT_TO,2025-09-19 14:55:54,9803,2645,87-VS-49,POINT (-9.11536979675293 38.723480224609375)
2627_781,7762_20250901_151_0_12,151_0,1,38.75577926635742,-9.103480339050293,17,IN_TRANSIT_TO,2025-09-19 14:56:47,50164,2627,52-VP-83,POINT (-9.103480339050293 38.75577926635742)
4635_783,7835_20250901_203_0_11,203_0,0,38.782169342041016,-9.121020317077637,0,IN_TRANSIT_TO,2025-09-19 14:56:54,,4635,90-JI-95,POINT (-9.121020317077637 38.782169342041016)
2725_711,3512_20250901_101_0_9,101_0,0,38.72256851196289,-9.147549629211426,6,IN_TRANSIT_TO,2025-09-19 14:56:46,1103,2725,92-XQ-30,POINT (-9.147549629211426 38.72256851196289)
2966_71B,45266_20250901_278_0_12,278_0,0,38.750099182128906,-9.206430435180664,20,IN_TRANSIT_TO,2025-09-19 14:57:02,50231,2966,30-VM-20,POINT (-9.206430435180664 38.750099182128906)
2731_720,4086_20250901_143_0_13,143_0,1,38.70452880859375,-9.184849739074707,2,IN_TRANSIT_TO,2025-09-19 14:56:59,12003,2731,AG-49-EI,POINT (-9.184849739074707 38.70452880859375)
2719_709,3412_20250901_148_0_20,148_0,0,38.715980529785156,-9.141599655151367,3,IN_TRANSIT_TO,2025-09-19 14:57:08,1003,2719,92-XQ-17,POINT (-9.141599655151367 38.715980529785156)
4632_796,8144_20250901_174_0_28,174_0,1,38.78165054321289,-9.163049697875977,9,IN_TRANSIT_TO,2025-09-19 14:57:01,7214,4632,98-JO-43,POINT (-9.163049697875977 38.78165054321289)
2735_708,3289_20250901_100_0_11,100_0,1,38.728328704833984,-9.134770393371582,39,IN_TRANSIT_TO,2025-09-19 14:56:40,610,2735,AG-37-EI,POINT (-9.134770393371582 38.728328704833984)
2972_79B,18661_20250901_221_0_11,221_0,0,38.69501876831055,-9.214550018310547,35,IN_TRANSIT_TO,2025-09-19 14:56:38,13206,2972,29-VM-96,POINT (-9.214550018310547 38.69501876831055)
6045_729,4828_20250901_104_0_9,104_0,1,38.74436950683594,-9.196200370788574,24,IN_TRANSIT_TO,2025-09-19 14:56:47,10831,6045,BH-32-IQ,POINT (-9.196200370788574 38.74436950683594)
2316_708,3311_20250901_100_0_11,100_0,1,38.768131256103516,-9.109299659729004,17,IN_TRANSIT_TO,2025-09-19 14:56:55,50330,2316,61-87-ZB,POINT (-9.109299659729004 38.768131256103516)
2428_747,6122_20250901_177_0_17,177_0,0,38.76018142700195,-9.155400276184082,2,IN_TRANSIT_TO,2025-09-19 14:56:49,5807,2428,29-AX-13,POINT (-9.155400276184082 38.76018142700195)
2489_726,4350_20250901_116_0_10,116_0,1,38.738121032714844,-9.159250259399414,19,IN_TRANSIT_TO,2025-09-19 14:57:04,1510,2489,55-BH-05,POINT (-9.159250259399414 38.738121032714844)
2402_767,7297_20250901_112_0_9,112_0,0,38.73563003540039,-9.137399673461914,7,IN_TRANSIT_TO,2025-09-19 14:57:08,11108,2402,50-AL-13,POINT (-9.137399673461914 38.73563003540039)
2443_703,3162_20250901_165_0_12,165_0,0,38.77627944946289,-9.1599702835083,14,IN_TRANSIT_TO,2025-09-19 14:56:50,5927,2443,29-AX-05,POINT (-9.1599702835083 38.77627944946289)
2490_720,4101_20250901_143_0_11,143_0,0,38.741580963134766,-9.128549575805664,5,IN_TRANSIT_TO,2025-09-19 14:56:53,9007,2490,55-BH-01,POINT (-9.128549575805664 38.741580963134766)
2341_726,4334_20250901_116_0_9,116_0,0,38.7264289855957,-9.135479927062988,5,IN_TRANSIT_TO,2025-09-19 14:57:00,605,2341,67-50-ZJ,POINT (-9.135479927062988 38.7264289855957)
2780_712,3565_20250901_189_0_12,189_0,1,38.71757888793945,-9.118269920349121,30,IN_TRANSIT_TO,2025-09-19 14:57:05,2131,2780,AI-06-BT,POINT (-9.118269920349121 38.71757888793945)
2471_758,6853_20250901_150_0_9,150_0,0,38.7484016418457,-9.192680358886719,26,IN_TRANSIT_TO,2025-09-19 14:57:01,10814,2471,74-BC-70,POINT (-9.192680358886719 38.7484016418457)
2404_703,3170_20250901_165_0_13,165_0,0,38.77267837524414,-9.170120239257812,19,IN_TRANSIT_TO,2025-09-19 14:56:53,50095,2404,50-AL-11,POINT (-9.170120239257812 38.77267837524414)
2246_731,5022_20250901_190_0_11,190_0,0,38.761131286621094,-9.121500015258789,20,IN_TRANSIT_TO,2025-09-19 14:56:57,7509,2246,22-38-ZB,POINT (-9.121500015258789 38.761131286621094)
2248_767,7228_20250901_112_0_8,112_0,1,38.75659942626953,-9.202269554138184,9,IN_TRANSIT_TO,2025-09-19 14:57:00,13712,2248,22-33-ZB,POINT (-9.202269554138184 38.75659942626953)
2709_713,3605_20250901_122_0_10,122_0,1,38.713321685791016,-9.175800323486328,5,IN_TRANSIT_TO,2025-09-19 14:57:03,11904,2709,92-XQ-42,POINT (-9.175800323486328 38.713321685791016)
2244_758,6869_20250901_150_0_13,150_0,0,38.74028015136719,-9.167329788208008,18,IN_TRANSIT_TO,2025-09-19 14:56:10,50472,2244,22-44-ZB,POINT (-9.167329788208008 38.74028015136719)
2714_712,3550_20250901_189_0_13,189_0,0,38.70695114135742,-9.173080444335938,29,IN_TRANSIT_TO,2025-09-19 14:57:09,9403,2714,92-XQ-38,POINT (-9.173080444335938 38.70695114135742)
2822_751,6498_20250901_109_0_15,109_0,1,38.706748962402344,-9.174650192260742,25,IN_TRANSIT_TO,2025-09-19 14:56:58,12105,2822,BF-54-FZ,POINT (-9.174650192260742 38.706748962402344)
2286_706,3235_20250901_147_0_6,147_0,0,38.73136901855469,-9.134380340576172,20,IN_TRANSIT_TO,2025-09-19 14:56:53,511,2286,67-42-ZJ,POINT (-9.134380340576172 38.73136901855469)
2760_712,3557_20250901_189_0_13,189_0,0,38.7264289855957,-9.135580062866211,12,IN_TRANSIT_TO,2025-09-19 14:56:57,605,2760,AH-35-ND,POINT (-9.135580062866211 38.7264289855957)
2299_793,7994_20250901_145_0_16,145_0,0,38.75,-9.116379737854004,20,IN_TRANSIT_TO,2025-09-19 14:56:48,3713,2299,83-14-ZM,POINT (-9.116379737854004 38.75)
6013_768,7347_20250901_111_0_14,111_0,1,38.76932144165039,-9.189200401306152,0,IN_TRANSIT_TO,2025-09-19 14:57:09,,6013,68-ZF-53,POINT (-9.189200401306152 38.76932144165039)
2478_729,4810_20250901_104_0_9,104_0,0,38.75014877319336,-9.195779800415039,12,IN_TRANSIT_TO,2025-09-19 14:57:08,10802,2478,91-BE-80,POINT (-9.195779800415039 38.75014877319336)
1751_701,2960_20250901_123_0_11,123_0,1,38.76029968261719,-9.15548038482666,29,IN_TRANSIT_TO,2025-09-19 14:57:06,5805,1751,34-HU-17,POINT (-9.15548038482666 38.76029968261719)
2496_735,5275_20250901_172_0_10,172_0,1,38.709781646728516,-9.128780364990234,31,IN_TRANSIT_TO,2025-09-19 14:57:04,8202,2496,88-BL-70,POINT (-9.128780364990234 38.709781646728516)
4621_736,5379_20250901_199_0_9,199_0,0,38.78688049316406,-9.171870231628418,28,IN_TRANSIT_TO,2025-09-19 14:57:06,50083,4621,90-JI-90,POINT (-9.171870231628418 38.78688049316406)
4639_755,6641_20250901_118_0_2,118_0,0,38.743080139160156,-9.112099647521973,10,IN_TRANSIT_TO,2025-09-19 14:56:41,3718,4639,27-JO-13,POINT (-9.112099647521973 38.743080139160156)
2970_770,7364_20250901_191_0_17,191_0,0,38.734901428222656,-9.171299934387207,14,IN_TRANSIT_TO,2025-09-19 14:56:59,2709,2970,29-VM-87,POINT (-9.171299934387207 38.734901428222656)
2813_725,4239_20250901_197_0_27,197_0,0,38.770050048828125,-9.09749984741211,2,IN_TRANSIT_TO,2025-09-19 14:57:07,7805,2813,90-II-53,POINT (-9.09749984741211 38.770050048828125)
1747_717,3825_20250901_170_0_9,170_0,1,38.78042984008789,-9.15114974975586,15,IN_TRANSIT_TO,2025-09-19 14:56:35,50344,1747,92-HR-04,POINT (-9.15114974975586 38.78042984008789)
2969_730,4947_20250901_198_0_15,198_0,1,38.72856903076172,-9.14441967010498,2,IN_TRANSIT_TO,2025-09-19 14:56:55,50299,2969,30-VM-09,POINT (-9.14441967010498 38.72856903076172)
4636_783,7817_20250901_203_0_12,203_0,1,38.76042938232422,-9.134300231933594,13,IN_TRANSIT_TO,2025-09-19 14:56:39,7502,4636,90-JI-97,POINT (-9.134300231933594 38.76042938232422)
2811_718,3978_20250901_105_0_14,105_0,0,38.75189971923828,-9.113880157470703,2,IN_TRANSIT_TO,2025-09-19 14:57:04,50070,2811,02-IH-00,POINT (-9.113880157470703 38.75189971923828)
4802_748,6188_20250901_169_0_11,169_0,1,38.72407150268555,-9.179530143737793,6,IN_TRANSIT_TO,2025-09-19 14:57:01,14311,4802,77-VP-17,POINT (-9.179530143737793 38.72407150268555)
2802_718,3959_20250901_105_0_14,105_0,0,38.743621826171875,-9.133930206298828,31,IN_TRANSIT_TO,2025-09-19 14:57:00,50109,2802,01-IH-91,POINT (-9.133930206298828 38.743621826171875)
2807_725,4255_20250901_197_0_26,197_0,1,38.79096984863281,-9.123479843139648,2,IN_TRANSIT_TO,2025-09-19 14:57:09,50182,2807,01-IH-96,POINT (-9.123479843139648 38.79096984863281)
2968_737,5489_20250901_173_0_34,173_0,1,38.712249755859375,-9.132399559020996,0,IN_TRANSIT_TO,2025-09-19 14:57:00,,2968,30-VM-24,POINT (-9.132399559020996 38.712249755859375)
1748_717,3803_20250901_170_0_12,170_0,1,38.75468063354492,-9.152950286865234,26,IN_TRANSIT_TO,2025-09-19 14:56:54,5806,1748,92-HR-05,POINT (-9.152950286865234 38.75468063354492)
2806_718,3937_20250901_105_0_15,105_0,1,38.74052047729492,-9.133480072021484,3,IN_TRANSIT_TO,2025-09-19 14:56:57,404,2806,01-IH-95,POINT (-9.133480072021484 38.74052047729492)
2960_40B,17558_20250901_212_0_15,212_0,1,38.79307174682617,-9.155500411987305,27,IN_TRANSIT_TO,2025-09-19 14:56:53,11607,2960,27-GU-75,POINT (-9.155500411987305 38.79307174682617)
2453_729,4757_20250901_104_0_11,104_0,1,38.69612121582031,-9.21957015991211,3,IN_TRANSIT_TO,2025-09-19 14:57:04,13203,2453,16-AZ-13,POINT (-9.21957015991211 38.69612121582031)
2459_726,4325_20250901_116_0_11,116_0,0,38.73868179321289,-9.154069900512695,14,IN_TRANSIT_TO,2025-09-19 14:56:54,1503,2459,74-BC-74,POINT (-9.154069900512695 38.73868179321289)
4640_736,5422_20250901_199_0_11,199_0,0,38.75476837158203,-9.151029586791992,13,IN_TRANSIT_TO,2025-09-19 14:56:58,2017,4640,02-JN-87,POINT (-9.151029586791992 38.75476837158203)
1753_735,5258_20250901_172_0_9,172_0,0,38.72489929199219,-9.128499984741211,14,IN_TRANSIT_TO,2025-09-19 14:56:42,9107,1753,34-HU-19,POINT (-9.128499984741211 38.72489929199219)
1750_717,3879_20250901_170_0_12,170_0,0,38.755619049072266,-9.151470184326172,14,IN_TRANSIT_TO,2025-09-19 14:56:54,5705,1750,92-HR-07,POINT (-9.151470184326172 38.755619049072266)
2761_727,4536_20250901_103_0_8,103_0,0,38.7069206237793,-9.173970222473145,28,IN_TRANSIT_TO,2025-09-19 14:56:46,9417,2761,AH-33-ND,POINT (-9.173970222473145 38.7069206237793)
2816_718,3991_20250901_105_0_12,105_0,1,38.73857116699219,-9.103280067443848,19,IN_TRANSIT_TO,2025-09-19 14:57:11,12505,2816,90-II-56,POINT (-9.103280067443848 38.73857116699219)
1752_717,3759_20250901_170_0_12,170_0,0,38.74885177612305,-9.13047981262207,5,IN_TRANSIT_TO,2025-09-19 14:56:54,313,1752,34-HU-18,POINT (-9.13047981262207 38.74885177612305)
2455_716,3744_20250901_164_0_15,164_0,0,38.744049072265625,-9.177330017089844,15,IN_TRANSIT_TO,2025-09-19 14:57:08,10706,2455,16-AZ-12,POINT (-9.177330017089844 38.744049072265625)
2700_746,5977_20250901_108_0_17,108_0,0,38.73706817626953,-9.1560697555542,5,IN_TRANSIT_TO,2025-09-19 14:57:09,1501,2700,92-XQ-26,POINT (-9.1560697555542 38.73706817626953)
2311_708,3333_20250901_100_0_10,100_0,1,38.780399322509766,-9.096349716186523,10,IN_TRANSIT_TO,2025-09-19 14:57:03,50127,2311,72-23-XN,POINT (-9.096349716186523 38.780399322509766)
2667_776,7476_20250901_193_0_41,193_0,1,38.70092010498047,-9.227049827575684,9,IN_TRANSIT_TO,2025-09-19 14:56:42,4207,2667,87-XB-45,POINT (-9.227049827575684 38.70092010498047)
2280_758,6793_20250901_150_0_12,150_0,1,38.71992111206055,-9.154950141906738,26,IN_TRANSIT_TO,2025-09-19 14:56:42,6807,2280,67-40-ZJ,POINT (-9.154950141906738 38.71992111206055)
2794_738,5566_20250901_117_0_11,117_0,1,38.71772003173828,-9.157449722290039,14,IN_TRANSIT_TO,2025-09-19 14:57:07,6805,2794,AJ-60-LI,POINT (-9.157449722290039 38.71772003173828)
2762_714,3627_20250901_102_0_13,102_0,0,38.705650329589844,-9.143899917602539,0,IN_TRANSIT_TO,2025-09-19 14:57:04,,2762,AH-38-ND,POINT (-9.143899917602539 38.705650329589844)
219_773,20155_20250901_124_0_21,124_0,0,38.718528747558594,-9.15233039855957,3,IN_TRANSIT_TO,2025-09-19 14:57:04,50146,219,11-12-XO,POINT (-9.15233039855957 38.718528747558594)
302_744,5830_20250901_200_0_9,200_0,0,38.76784896850586,-9.1287202835083,18,IN_TRANSIT_TO,2025-09-19 14:57:03,7601,302,22-SP-89,POINT (-9.1287202835083 38.76784896850586)
2425_726,4264_20250901_116_0_12,116_0,1,38.73517990112305,-9.146400451660156,25,IN_TRANSIT_TO,2025-09-19 14:56:56,1806,2425,29-AU-20,POINT (-9.146400451660156 38.73517990112305)
2710_776,7489_20250901_193_0_36,193_0,0,38.70100021362305,-9.249529838562012,6,IN_TRANSIT_TO,2025-09-19 14:56:51,4302,2710,92-XQ-19,POINT (-9.249529838562012 38.70100021362305)
2623_759,6961_20250901_144_0_9,144_0,0,38.77198028564453,-9.097550392150879,45,IN_TRANSIT_TO,2025-09-19 14:56:39,7824,2623,66-VI-26,POINT (-9.097550392150879 38.77198028564453)
2756_738,5535_20250901_117_0_10,117_0,0,38.75006866455078,-9.159199714660645,8,IN_TRANSIT_TO,2025-09-19 14:57:07,13509,2756,AH-27-ND,POINT (-9.159199714660645 38.75006866455078)
2450_778,7529_20250901_179_0_19,179_0,0,38.765621185302734,-9.171549797058105,8,IN_TRANSIT_TO,2025-09-19 14:56:14,50023,2450,44-BC-36,POINT (-9.171549797058105 38.765621185302734)
301_781,57699_20250901_151_0_12,151_0,1,38.78390121459961,-9.124730110168457,4,IN_TRANSIT_TO,2025-09-19 14:56:56,16304,301,74-SM-62,POINT (-9.124730110168457 38.78390121459961)
2483_726,4273_20250901_116_0_10,116_0,1,38.74205017089844,-9.168370246887207,15,IN_TRANSIT_TO,2025-09-19 14:56:56,1612,2483,74-BC-66,POINT (-9.168370246887207 38.74205017089844)
2499_742,5776_20250901_114_0_10,114_0,0,38.70764923095703,-9.196220397949219,50,IN_TRANSIT_TO,2025-09-19 14:57:04,10304,2499,03-BM-58,POINT (-9.196220397949219 38.70764923095703)
2300_793,7989_20250901_145_0_16,145_0,0,38.742698669433594,-9.133399963378906,27,IN_TRANSIT_TO,2025-09-19 14:57:00,301,2300,83-13-ZM,POINT (-9.133399963378906 38.742698669433594)
1775_742,5761_20250901_114_0_2,114_0,1,38.709171295166016,-9.191920280456543,7,IN_TRANSIT_TO,2025-09-19 14:56:44,10309,1775,53-HX-08,POINT (-9.191920280456543 38.709171295166016)
2284_731,4974_20250901_190_0_8,190_0,1,38.761478424072266,-9.121549606323242,19,IN_TRANSIT_TO,2025-09-19 14:56:53,8402,2284,67-36-ZJ,POINT (-9.121549606323242 38.761478424072266)
2745_755,6682_20250901_118_0_11,118_0,1,38.7463493347168,-9.112899780273438,31,IN_TRANSIT_TO,2025-09-19 14:57:00,3708,2745,AG-06-TH,POINT (-9.112899780273438 38.7463493347168)
2754_742,5747_20250901_114_0_10,114_0,1,38.702999114990234,-9.194720268249512,14,IN_TRANSIT_TO,2025-09-19 14:56:49,13401,2754,AG-01-TH,POINT (-9.194720268249512 38.702999114990234)
2784_727,4515_20250901_103_0_9,103_0,1,38.703399658203125,-9.20242977142334,9,IN_TRANSIT_TO,2025-09-19 14:56:39,13113,2784,AI-09-BT,POINT (-9.20242977142334 38.703399658203125)
2480_726,4295_20250901_116_0_9,116_0,0,38.760520935058594,-9.194000244140625,27,IN_TRANSIT_TO,2025-09-19 14:56:46,12814,2480,91-BE-75,POINT (-9.194000244140625 38.760520935058594)
2252_758,6889_20250901_150_0_12,150_0,1,38.70597839355469,-9.143919944763184,33,IN_TRANSIT_TO,2025-09-19 14:56:57,3826,2252,80-40-ZE,POINT (-9.143919944763184 38.70597839355469)
2767_727,4441_20250901_103_0_8,103_0,1,38.745731353759766,-9.140080451965332,46,IN_TRANSIT_TO,2025-09-19 14:56:45,202,2767,AH-34-ND,POINT (-9.140080451965332 38.745731353759766)
2482_767,7201_20250901_112_0_8,112_0,1,38.75532913208008,-9.150019645690918,30,IN_TRANSIT_TO,2025-09-19 14:56:57,5706,2482,55-BH-02,POINT (-9.150019645690918 38.75532913208008)
1769_735,5232_20250901_172_0_11,172_0,0,38.74259948730469,-9.138349533081055,22,IN_TRANSIT_TO,2025-09-19 14:57:07,319,1769,63-HX-24,POINT (-9.138349533081055 38.74259948730469)
1768_717,3863_20250901_170_0_11,170_0,0,38.787471771240234,-9.148420333862305,35,IN_TRANSIT_TO,2025-09-19 14:56:59,6002,1768,63-HX-23,POINT (-9.148420333862305 38.787471771240234)
2768_727,4528_20250901_103_0_8,103_0,0,38.697471618652344,-9.196800231933594,35,IN_TRANSIT_TO,2025-09-19 14:57:04,4114,2768,AH-25-ND,POINT (-9.196800231933594 38.697471618652344)
2666_709,3401_20250901_148_0_24,148_0,0,38.720001220703125,-9.155119895935059,7,IN_TRANSIT_TO,2025-09-19 14:56:23,6810,2666,87-XB-39,POINT (-9.155119895935059 38.720001220703125)
1722_701,2979_20250901_123_0_15,123_0,1,38.75600051879883,-9.175950050354004,17,IN_TRANSIT_TO,2025-09-19 14:56:54,50144,1722,25-AS-34,POINT (-9.175950050354004 38.75600051879883)
1759_717,3822_20250901_170_0_11,170_0,0,38.793701171875,-9.152000427246094,37,IN_TRANSIT_TO,2025-09-19 14:56:58,11608,1759,34-HU-25,POINT (-9.152000427246094 38.793701171875)
2487_726,4286_20250901_116_0_12,116_0,1,38.763248443603516,-9.197270393371582,3,IN_TRANSIT_TO,2025-09-19 14:56:42,13905,2487,54-BH-97,POINT (-9.197270393371582 38.763248443603516)
2433_703,3173_20250901_165_0_11,165_0,0,38.780029296875,-9.148420333862305,8,IN_TRANSIT_TO,2025-09-19 14:57:02,6022,2433,44-BC-28,POINT (-9.148420333862305 38.780029296875)
2344_758,6831_20250901_150_0_11,150_0,1,38.7445182800293,-9.179100036621094,10,IN_TRANSIT_TO,2025-09-19 14:56:40,10701,2344,53-60-ZJ,POINT (-9.179100036621094 38.7445182800293)
2322_708,3351_20250901_100_0_9,100_0,0,38.77989959716797,-9.09595012664795,32,IN_TRANSIT_TO,2025-09-19 14:57:00,50124,2322,67-46-ZJ,POINT (-9.09595012664795 38.77989959716797)
2412_747,6119_20250901_177_0_16,177_0,0,38.7670783996582,-9.185370445251465,13,IN_TRANSIT_TO,2025-09-19 14:56:51,50360,2412,92-AO-48,POINT (-9.185370445251465 38.7670783996582)
2447_726,4317_20250901_116_0_11,116_0,0,38.74776840209961,-9.171319961547852,20,IN_TRANSIT_TO,2025-09-19 14:56:54,12709,2447,44-BC-33,POINT (-9.171319961547852 38.74776840209961)
1771_735,5182_20250901_172_0_12,172_0,1,38.73447036743164,-9.133270263671875,14,IN_TRANSIT_TO,2025-09-19 14:56:59,402,1771,63-HX-27,POINT (-9.133270263671875 38.73447036743164)
4613_750,6283_20250901_106_0_2,106_0,1,38.748878479003906,-9.188179969787598,18,IN_TRANSIT_TO,2025-09-19 14:56:53,10805,4613,22-GP-48,POINT (-9.188179969787598 38.748878479003906)
2752_756,6748_20250901_175_0_17,175_0,1,38.710628509521484,-9.174349784851074,4,IN_TRANSIT_TO,2025-09-19 14:57:03,9415,2752,AG-18-TH,POINT (-9.174349784851074 38.710628509521484)
1760_720,4066_20250901_143_0_12,143_0,1,38.70981979370117,-9.166000366210938,9,IN_TRANSIT_TO,2025-09-19 14:41:41,10101,1760,34-HU-26,POINT (-9.166000366210938 38.70981979370117)
2823_728,4581_20250901_204_0_10,204_0,0,38.74018096923828,-9.102749824523926,32,IN_TRANSIT_TO,2025-09-19 14:57:02,12509,2823,BF-64-FZ,POINT (-9.102749824523926 38.74018096923828)
1758_735,5191_20250901_172_0_10,172_0,1,38.75600051879883,-9.145580291748047,5,IN_TRANSIT_TO,2025-09-19 14:57:05,11302,1758,34-HU-24,POINT (-9.145580291748047 38.75600051879883)
2497_755,6694_20250901_118_0_13,118_0,1,38.75442886352539,-9.131179809570312,15,IN_TRANSIT_TO,2025-09-19 14:56:55,7403,2497,88-BL-71,POINT (-9.131179809570312 38.75442886352539)
2422_767,7250_20250901_112_0_8,112_0,0,38.752349853515625,-9.189120292663574,30,IN_TRANSIT_TO,2025-09-19 14:56:39,10808,2422,29-AU-17,POINT (-9.189120292663574 38.752349853515625)
2775_712,3541_20250901_189_0_13,189_0,1,38.721168518066406,-9.167400360107422,8,IN_TRANSIT_TO,2025-09-19 14:56:42,8011,2775,AH-31-ND,POINT (-9.167400360107422 38.721168518066406)
2285_799,8211_20250901_120_0_19,120_0,1,38.744850158691406,-9.199780464172363,17,IN_TRANSIT_TO,2025-09-19 14:56:48,2812,2285,67-55-ZJ,POINT (-9.199780464172363 38.744850158691406)
2449_716,3753_20250901_164_0_16,164_0,1,38.739830017089844,-9.151080131530762,19,IN_TRANSIT_TO,2025-09-19 14:57:03,33101,2449,44-BC-35,POINT (-9.151080131530762 38.739830017089844)
1719_701,2947_20250901_123_0_13,123_0,0,38.75463104248047,-9.175629615783691,15,IN_TRANSIT_TO,2025-09-19 14:56:59,13618,1719,25-AS-31,POINT (-9.175629615783691 38.75463104248047)
2269_768,7341_20250901_111_0_17,111_0,1,38.761348724365234,-9.196619987487793,5,IN_TRANSIT_TO,2025-09-19 14:56:44,13907,2269,76-88-ZG,POINT (-9.196619987487793 38.761348724365234)
2758_714,3662_20250901_102_0_12,102_0,1,38.70537185668945,-9.207650184631348,18,IN_TRANSIT_TO,2025-09-19 14:57:07,13105,2758,AH-36-ND,POINT (-9.207650184631348 38.70537185668945)
2833_728,4724_20250901_204_4_9,204_4,1,38.70853042602539,-9.13599967956543,5,IN_TRANSIT_TO,2025-09-19 14:56:31,4502,2833,BF-65-FZ,POINT (-9.13599967956543 38.70853042602539)
2839_728,4722_20250901_204_4_6,204_4,1,38.71372985839844,-9.122269630432129,15,IN_TRANSIT_TO,2025-09-19 14:56:40,4102,2839,BF-69-FZ,POINT (-9.122269630432129 38.71372985839844)
1703_798,8202_20250901_194_0_22,194_0,1,38.79077911376953,-9.15071964263916,1,IN_TRANSIT_TO,2025-09-19 14:56:57,11608,1703,35-AL-13,POINT (-9.15071964263916 38.79077911376953)
4622_755,6711_20250901_118_0_12,118_0,0,38.74488067626953,-9.168499946594238,41,IN_TRANSIT_TO,2025-09-19 14:57:06,12702,4622,90-JI-91,POINT (-9.168499946594238 38.74488067626953)
1715_783,7809_20250901_203_0_12,203_0,1,38.733680725097656,-9.145079612731934,24,IN_TRANSIT_TO,2025-09-19 14:57:04,1812,1715,69-AL-78,POINT (-9.145079612731934 38.733680725097656)
1777_720,4094_20250901_143_0_13,143_0,0,38.720279693603516,-9.154000282287598,16,IN_TRANSIT_TO,2025-09-19 14:56:46,6806,1777,63-HX-31,POINT (-9.154000282287598 38.720279693603516)
2271_758,6877_20250901_150_0_11,150_0,0,38.71662902832031,-9.148200035095215,6,IN_TRANSIT_TO,2025-09-19 14:56:26,10605,2271,92-54-ZM,POINT (-9.148200035095215 38.71662902832031)
1765_794,8035_20250901_115_0_9,115_0,0,38.759151458740234,-9.123129844665527,23,IN_TRANSIT_TO,2025-09-19 14:56:57,14706,1765,63-HX-28,POINT (-9.123129844665527 38.759151458740234)
1761_717,3864_20250901_170_0_11,170_0,0,38.773521423339844,-9.16154956817627,19,IN_TRANSIT_TO,2025-09-19 14:56:59,5903,1761,63-HX-19,POINT (-9.16154956817627 38.773521423339844)
4605_728,4609_20250901_204_0_10,204_0,0,38.705379486083984,-9.157679557800293,16,IN_TRANSIT_TO,2025-09-19 14:56:38,3905,4605,31-GN-72,POINT (-9.157679557800293 38.705379486083984)
2306_794,8073_20250901_115_0_11,115_0,1,38.71009826660156,-9.128299713134766,37,IN_TRANSIT_TO,2025-09-19 14:56:54,8204,2306,83-19-ZM,POINT (-9.128299713134766 38.71009826660156)
2477_767,7294_20250901_112_0_9,112_0,0,38.747520446777344,-9.140850067138672,12,IN_TRANSIT_TO,2025-09-19 14:56:42,201,2477,91-BE-73,POINT (-9.140850067138672 38.747520446777344)
1712_794,8067_20250901_115_0_11,115_0,1,38.70785140991211,-9.132550239562988,38,IN_TRANSIT_TO,2025-09-19 14:56:47,8202,1712,69-AL-75,POINT (-9.132550239562988 38.70785140991211)
225_773,7378_20250901_124_0_22,124_0,1,38.71773147583008,-9.151399612426758,23,IN_TRANSIT_TO,2025-09-19 14:56:59,10605,225,84-37-XQ,POINT (-9.151399612426758 38.71773147583008)
601_15E,11288_20250901_76_0_14,76_0,1,38.69499969482422,-9.214900016784668,5,IN_TRANSIT_TO,2025-09-19 14:56:37,13205,601,,POINT (-9.214900016784668 38.69499969482422)
2240_703,3158_20250901_165_0_11,165_0,0,38.74993133544922,-9.197600364685059,35,IN_TRANSIT_TO,2025-09-19 14:56:44,10802,2240,06-31-XX,POINT (-9.197600364685059 38.74993133544922)
2403_767,7305_20250901_112_0_8,112_0,1,38.74047088623047,-9.137479782104492,37,IN_TRANSIT_TO,2025-09-19 14:56:48,6408,2403,50-AL-12,POINT (-9.137479782104492 38.74047088623047)
2838_728,4698_20250901_204_0_7,204_0,1,38.738670349121094,-9.103230476379395,21,IN_TRANSIT_TO,2025-09-19 14:57:01,12510,2838,BF-59-FZ,POINT (-9.103230476379395 38.738670349121094)
408_51E,1152_20250901_158_0_21,158_0,0,38.71315002441406,-9.143329620361328,5,IN_TRANSIT_TO,2025-09-19 14:56:42,10503,408,BF-24-TS,POINT (-9.143329620361328 38.71315002441406)
2401_747,6101_20250901_177_0_16,177_0,1,38.767730712890625,-9.18025016784668,11,IN_TRANSIT_TO,2025-09-19 14:57:00,12830,2401,50-AL-14,POINT (-9.18025016784668 38.767730712890625)
2408_703,3175_20250901_165_0_12,165_0,1,38.78042984008789,-9.153169631958008,31,IN_TRANSIT_TO,2025-09-19 14:56:50,6021,2408,50-AL-08,POINT (-9.153169631958008 38.78042984008789)
228_773,7408_20250901_124_0_22,124_0,1,38.70903015136719,-9.171469688415527,6,IN_TRANSIT_TO,2025-09-19 14:57:03,50081,228,84-39-XQ,POINT (-9.171469688415527 38.70903015136719)
2474_729,4825_20250901_104_0_8,104_0,1,38.77096939086914,-9.193499565124512,40,IN_TRANSIT_TO,2025-09-19 14:57:09,14102,2474,74-BC-67,POINT (-9.193499565124512 38.77096939086914)
606_15E,11264_20250901_76_0_13,76_0,1,38.70481872558594,-9.17728042602539,14,IN_TRANSIT_TO,2025-09-19 14:57:05,12115,606,,POINT (-9.17728042602539 38.70481872558594)
2748_756,6713_20250901_175_0_16,175_0,0,38.739898681640625,-9.15137004852295,12,IN_TRANSIT_TO,2025-09-19 14:57:03,33102,2748,AG-96-TG,POINT (-9.15137004852295 38.739898681640625)
2283_763,46422_20250901_282_0_15,282_0,0,38.763301849365234,-9.197549819946289,17,IN_TRANSIT_TO,2025-09-19 14:56:59,13909,2283,67-39-ZJ,POINT (-9.197549819946289 38.763301849365234)
4840_736,5399_20250901_199_0_11,199_0,0,38.77043151855469,-9.159799575805664,19,IN_TRANSIT_TO,2025-09-19 14:57:01,5903,4840,45-VX-93,POINT (-9.159799575805664 38.77043151855469)
2335_712,3525_20250901_189_0_10,189_0,1,38.72904968261719,-9.143670082092285,17,IN_TRANSIT_TO,2025-09-19 14:56:48,6601,2335,62-98-ZG,POINT (-9.143670082092285 38.72904968261719)
2481_716,3723_20250901_164_0_2,164_0,1,38.75008010864258,-9.195520401000977,4,IN_TRANSIT_TO,2025-09-19 14:56:45,10905,2481,54-BH-99,POINT (-9.195520401000977 38.75008010864258)
4609_728,4681_20250901_204_0_9,204_0,1,38.709678649902344,-9.12893009185791,31,IN_TRANSIT_TO,2025-09-19 14:57:00,8202,4609,96-GL-86,POINT (-9.12893009185791 38.709678649902344)
204_46B,21509_20250901_239_0_11,239_0,0,38.75130081176758,-9.147950172424316,22,IN_TRANSIT_TO,2025-09-19 14:56:49,107,204,89-71-XD,POINT (-9.147950172424316 38.75130081176758)
1720_798,8198_20250901_194_0_16,194_0,1,38.762821197509766,-9.153400421142578,20,IN_TRANSIT_TO,2025-09-16 12:50:16,5833,1720,25-AS-32,POINT (-9.153400421142578 38.762821197509766)
2406_747,6079_20250901_177_0_16,177_0,1,38.76525115966797,-9.157279968261719,20,IN_TRANSIT_TO,2025-09-19 14:56:55,5814,2406,50-AL-09,POINT (-9.157279968261719 38.76525115966797)
2289_758,6868_20250901_150_0_11,150_0,0,38.729148864746094,-9.162420272827148,13,IN_TRANSIT_TO,2025-09-19 14:56:52,6119,2289,92-60-ZM,POINT (-9.162420272827148 38.729148864746094)
2464_716,3747_20250901_164_0_17,164_0,0,38.73786926269531,-9.141830444335938,3,IN_TRANSIT_TO,2025-09-19 14:56:53,11109,2464,91-BE-71,POINT (-9.141830444335938 38.73786926269531)
1723_701,2987_20250901_123_0_17,123_0,1,38.728729248046875,-9.162429809570312,7,IN_TRANSIT_TO,2025-09-19 14:56:55,6104,1723,25-AS-35,POINT (-9.162429809570312 38.728729248046875)
2291_731,5018_20250901_190_0_8,190_0,0,38.758419036865234,-9.140199661254883,17,IN_TRANSIT_TO,2025-09-19 14:56:49,11303,2291,92-56-ZM,POINT (-9.140199661254883 38.758419036865234)
2610_744,5838_20250901_200_0_11,200_0,0,38.7493782043457,-9.137419700622559,10,IN_TRANSIT_TO,2025-09-19 14:57:03,2053,2610,66-VI-20,POINT (-9.137419700622559 38.7493782043457)
2290_724,4236_20250901_178_0_16,178_0,1,38.72726821899414,-9.20376968383789,19,IN_TRANSIT_TO,2025-09-19 14:56:52,50183,2290,92-55-ZM,POINT (-9.20376968383789 38.72726821899414)
6012_703,3149_20250901_165_0_10,165_0,1,38.74546813964844,-9.204019546508789,2,IN_TRANSIT_TO,2025-09-19 14:56:47,2907,6012,67-ZF-26,POINT (-9.204019546508789 38.74546813964844)
2249_706,3218_20250901_147_0_4,147_0,0,38.725101470947266,-9.122380256652832,26,IN_TRANSIT_TO,2025-09-19 14:56:37,11708,2249,22-32-ZB,POINT (-9.122380256652832 38.725101470947266)
2438_767,7308_20250901_112_0_8,112_0,1,38.72761917114258,-9.140569686889648,41,IN_TRANSIT_TO,2025-09-19 14:56:43,6903,2438,44-BC-29,POINT (-9.140569686889648 38.72761917114258)
1709_783,7854_20250901_203_0_13,203_0,0,38.73408126831055,-9.144769668579102,7,IN_TRANSIT_TO,2025-09-19 14:56:47,1807,1709,69-AL-72,POINT (-9.144769668579102 38.73408126831055)
6029_732,5093_20250901_107_0_7,107_0,1,38.725868225097656,-9.147930145263672,34,IN_TRANSIT_TO,2025-09-19 14:57:00,1103,6029,BF-52-AX,POINT (-9.147930145263672 38.725868225097656)
2276_729,4779_20250901_104_0_8,104_0,0,38.701271057128906,-9.199799537658691,33,IN_TRANSIT_TO,2025-09-19 14:56:38,4106,2276,53-57-ZJ,POINT (-9.199799537658691 38.701271057128906)
2418_767,7272_20250901_112_0_9,112_0,0,38.75687026977539,-9.2012300491333,36,IN_TRANSIT_TO,2025-09-19 14:57:02,13706,2418,92-AO-54,POINT (-9.2012300491333 38.75687026977539)
2944_26B,17510_20250901_208_0_16,208_0,1,38.767601013183594,-9.103569984436035,7,IN_TRANSIT_TO,2025-09-19 14:56:51,7825,2944,75-GO-13,POINT (-9.103569984436035 38.767601013183594)
2245_765,18944_20250901_110_0_37,110_0,0,38.756431579589844,-9.20382022857666,6,IN_TRANSIT_TO,2025-09-19 14:56:48,13704,2245,22-35-ZB,POINT (-9.20382022857666 38.756431579589844)
2466_729,4817_20250901_104_0_9,104_0,1,38.76993179321289,-9.194700241088867,39,IN_TRANSIT_TO,2025-09-19 14:56:44,14110,2466,16-AZ-16,POINT (-9.194700241088867 38.76993179321289)
4829_736,5351_20250901_199_0_12,199_0,1,38.78710174560547,-9.172650337219238,4,IN_TRANSIT_TO,2025-09-19 14:56:57,15107,4829,34-VR-21,POINT (-9.172650337219238 38.78710174560547)
2956_40B,19262_20250901_212_0_15,212_0,0,38.78139877319336,-9.14840030670166,17,IN_TRANSIT_TO,2025-09-19 14:57:03,6018,2956,27-GU-71,POINT (-9.14840030670166 38.78139877319336)
4834_736,18817_20250901_199_0_12,199_0,1,38.73772048950195,-9.145819664001465,22,IN_TRANSIT_TO,2025-09-19 14:56:41,1814,4834,20-VQ-71,POINT (-9.145819664001465 38.73772048950195)
2843_753,6541_20250901_167_0_19,167_0,0,38.722469329833984,-9.174030303955078,7,IN_TRANSIT_TO,2025-09-19 14:57:04,8607,2843,BF-63-FZ,POINT (-9.174030303955078 38.722469329833984)
2296_724,4222_20250901_178_0_17,178_0,0,38.75006866455078,-9.197500228881836,19,IN_TRANSIT_TO,2025-09-19 14:56:55,10907,2296,92-51-ZM,POINT (-9.197500228881836 38.75006866455078)
2770_754,6615_20250901_201_0_11,201_0,0,38.73820114135742,-9.209019660949707,35,IN_TRANSIT_TO,2025-09-19 14:56:46,50252,2770,AH-30-ND,POINT (-9.209019660949707 38.73820114135742)
2209_742,5737_20250901_114_0_8,114_0,1,38.72467041015625,-9.164620399475098,28,IN_TRANSIT_TO,2025-09-19 14:56:50,8610,2209,01-68-XO,POINT (-9.164620399475098 38.72467041015625)
2235_758,6885_20250901_150_0_13,150_0,0,38.711280822753906,-9.142999649047852,3,IN_TRANSIT_TO,2025-09-19 14:56:55,10501,2235,06-32-XX,POINT (-9.142999649047852 38.711280822753906)
2210_742,5731_20250901_114_0_9,114_0,1,38.72837829589844,-9.159979820251465,31,IN_TRANSIT_TO,2025-09-19 14:56:38,6106,2210,01-66-XO,POINT (-9.159979820251465 38.72837829589844)
2214_793,8019_20250901_145_0_15,145_0,1,38.73627853393555,-9.11322021484375,24,IN_TRANSIT_TO,2025-09-19 14:56:37,17580,2214,08-02-XS,POINT (-9.11322021484375 38.73627853393555)
2213_742,5720_20250901_114_0_10,114_0,1,38.73332977294922,-9.154520034790039,34,IN_TRANSIT_TO,2025-09-19 14:57:03,1406,2213,08-04-XS,POINT (-9.154520034790039 38.73332977294922)
2834_728,4621_20250901_204_0_10,204_0,0,38.700950622558594,-9.207119941711426,8,IN_TRANSIT_TO,2025-09-19 14:57:07,9605,2834,BF-76-FZ,POINT (-9.207119941711426 38.700950622558594)
2781_714,3705_20250901_102_0_11,102_0,0,38.697479248046875,-9.193719863891602,17,IN_TRANSIT_TO,2025-09-19 14:57:05,9508,2781,AI-00-BT,POINT (-9.193719863891602 38.697479248046875)
2205_701,2978_20250901_123_0_15,123_0,1,38.759769439697266,-9.155119895935059,29,IN_TRANSIT_TO,2025-09-19 14:56:56,5805,2205,01-71-XO,POINT (-9.155119895935059 38.759769439697266)
2203_742,5676_20250901_114_0_8,114_0,0,38.73741912841797,-9.112919807434082,1,IN_TRANSIT_TO,2025-09-19 14:56:53,17574,2203,72-19-XN,POINT (-9.112919807434082 38.73741912841797)
2216_742,5698_20250901_114_0_9,114_0,1,38.73323059082031,-9.132479667663574,42,IN_TRANSIT_TO,2025-09-19 14:57:06,522,2216,08-00-XS,POINT (-9.132479667663574 38.73323059082031)
6002_732,5096_20250901_107_0_6,107_0,1,38.71876907348633,-9.14424991607666,33,IN_TRANSIT_TO,2025-09-19 14:56:51,1010,6002,98-XU-85,POINT (-9.14424991607666 38.71876907348633)
229_773,7398_20250901_124_0_19,124_0,1,38.70936965942383,-9.16217041015625,15,IN_TRANSIT_TO,2025-09-19 14:56:08,10013,229,97-24-XT,POINT (-9.16217041015625 38.70936965942383)
234_49B,22225_20250901_251_0_15,251_0,0,38.74544906616211,-9.135069847106934,0,IN_TRANSIT_TO,2025-09-19 14:56:57,,234,13-31-XZ,POINT (-9.135069847106934 38.74544906616211)
561_28E,15012_20250901_75_0_8,75_0,0,38.71437072753906,-9.169380187988281,34,IN_TRANSIT_TO,2025-09-19 14:56:48,8017,561,,POINT (-9.169380187988281 38.71437072753906)
412_51E,62225_20250901_158_0_2,158_0,0,38.7222785949707,-9.14739990234375,1,IN_TRANSIT_TO,2025-09-19 14:56:51,50685,412,BF-65-TC,POINT (-9.14739990234375 38.7222785949707)
2226_742,5788_20250901_114_0_8,114_0,0,38.73759841918945,-9.14330005645752,22,IN_TRANSIT_TO,2025-09-19 14:57:05,11118,2226,06-35-XX,POINT (-9.14330005645752 38.73759841918945)
2230_763,49570_20250901_282_0_18,282_0,1,38.76068115234375,-9.19497013092041,4,IN_TRANSIT_TO,2025-09-19 14:56:55,12812,2230,06-36-XX,POINT (-9.19497013092041 38.76068115234375)
562_25E,14263_20250901_79_0_16,79_0,0,38.713680267333984,-9.160050392150879,12,IN_TRANSIT_TO,2025-09-19 14:54:54,10012,562,,POINT (-9.160050392150879 38.713680267333984)
413_67B,28216_20250901_253_0_12,253_0,0,38.70595169067383,-9.172699928283691,12,IN_TRANSIT_TO,2025-09-19 14:56:38,9418,413,BF-41-TS,POINT (-9.172699928283691 38.70595169067383)
560_25E,14260_20250901_79_0_17,79_0,1,38.7065315246582,-9.157320022583008,13,IN_TRANSIT_TO,2025-09-19 14:55:21,3915,560,,POINT (-9.157320022583008 38.7065315246582)
565_24E,17832_20250901_213_0_23,213_0,1,38.71575164794922,-9.146220207214355,7,IN_TRANSIT_TO,2025-09-19 14:56:46,10609,565,,POINT (-9.146220207214355 38.71575164794922)
2233_758,6815_20250901_150_0_12,150_0,1,38.728981018066406,-9.16238021850586,19,IN_TRANSIT_TO,2025-09-19 14:56:59,6122,2233,06-38-XX,POINT (-9.16238021850586 38.728981018066406)
2231_758,6848_20250901_150_0_11,150_0,0,38.75077819824219,-9.198929786682129,28,IN_TRANSIT_TO,2025-09-19 14:57:07,10906,2231,06-28-XX,POINT (-9.198929786682129 38.75077819824219)
2232_731,41474_20250901_190_0_10,190_0,1,38.75270080566406,-9.159799575805664,26,IN_TRANSIT_TO,2025-09-19 14:56:42,5701,2232,06-23-XX,POINT (-9.159799575805664 38.75270080566406)
2237_731,4989_20250901_190_0_10,190_0,1,38.78105163574219,-9.112919807434082,6,IN_TRANSIT_TO,2025-09-19 14:57:00,12613,2237,06-27-XX,POINT (-9.112919807434082 38.78105163574219)
2201_742,5777_20250901_114_0_8,114_0,0,38.725318908691406,-9.163649559020996,30,IN_TRANSIT_TO,2025-09-19 14:56:52,8507,2201,72-15-XN,POINT (-9.163649559020996 38.725318908691406)
230_773,7423_20250901_124_0_16,124_0,0,38.71329879760742,-9.159379959106445,14,IN_TRANSIT_TO,2025-09-19 14:56:45,10012,230,13-33-XZ,POINT (-9.159379959106445 38.71329879760742)
6004_706,3267_20250901_147_0_13,147_0,1,38.72574996948242,-9.122429847717285,8,IN_TRANSIT_TO,2025-09-19 14:56:50,11707,6004,82-ZC-35,POINT (-9.122429847717285 38.72574996948242)
414_19B,21687_20250901_245_0_10,245_0,0,38.72294998168945,-9.149129867553711,5,IN_TRANSIT_TO,2025-09-19 14:56:40,1211,414,BF-95-TP,POINT (-9.149129867553711 38.72294998168945)
6027_732,5038_20250901_107_0_7,107_0,1,38.706329345703125,-9.147470474243164,27,IN_TRANSIT_TO,2025-09-19 14:57:04,7101,6027,BF-66-BA,POINT (-9.147470474243164 38.706329345703125)
615_15E,11318_20250901_76_0_13,76_0,0,38.699798583984375,-9.227569580078125,21,IN_TRANSIT_TO,2025-09-19 14:56:53,4208,615,,POINT (-9.227569580078125 38.699798583984375)
613_15E,11254_20250901_76_0_12,76_0,1,38.703521728515625,-9.164329528808594,16,IN_TRANSIT_TO,2025-09-19 14:57:03,10201,613,,POINT (-9.164329528808594 38.703521728515625)
2241_758,6860_20250901_150_0_11,150_0,0,38.74462127685547,-9.179269790649414,22,IN_TRANSIT_TO,2025-09-19 14:56:46,10704,2241,22-37-ZB,POINT (-9.179269790649414 38.74462127685547)
2287_765,7176_20250901_110_0_37,110_0,0,38.752830505371094,-9.189620018005371,0,IN_TRANSIT_TO,2025-09-19 14:56:43,,2287,92-58-ZM,POINT (-9.189620018005371 38.752830505371094)
2273_731,5007_20250901_190_0_9,190_0,0,38.78044891357422,-9.10398006439209,32,IN_TRANSIT_TO,2025-09-19 14:57:08,7902,2273,76-81-ZG,POINT (-9.10398006439209 38.78044891357422)
303_722,4127_20250901_196_0_11,196_0,0,38.758148193359375,-9.129929542541504,19,IN_TRANSIT_TO,2025-09-19 14:56:53,7507,303,22-SP-90,POINT (-9.129929542541504 38.758148193359375)
2266_758,6890_20250901_150_0_2,150_0,1,38.71445083618164,-9.144269943237305,30,IN_TRANSIT_TO,2025-09-19 14:56:43,10602,2266,76-92-ZG,POINT (-9.144269943237305 38.71445083618164)
