id,trip_id,route_id,direction_id,latitude,longitude,current_stop_sequence,current_status,timestamp,stop_id,vehicle_id,license_plate,geometry
2801_727,4548_20260606_103_0_8,103_0,1,38.747371673583984,-9.140970230102539,45,IN_TRANSIT_TO,2026-07-08 06:16:28,202,2801,38-HU-27,POINT (-9.140970230102539 38.747371673583984)
2783_727,4555_20260606_103_0_2,103_0,1,38.70867919921875,-9.15291976928711,27,IN_TRANSIT_TO,2026-07-08 06:16:35,3922,2783,AI-10-BT,POINT (-9.15291976928711 38.70867919921875)
2781_727,4445_20260606_103_0_2,103_0,1,38.70227813720703,-9.180700302124023,18,IN_TRANSIT_TO,2026-07-08 06:16:27,12111,2781,AI-00-BT,POINT (-9.180700302124023 38.70227813720703)
2794_727,4467_20260606_103_0_2,103_0,1,38.70552062988281,-9.202349662780762,9,IN_TRANSIT_TO,2026-07-08 06:16:33,13113,2794,AJ-60-LI,POINT (-9.202349662780762 38.70552062988281)
2989_797,8158_20260606_163_0_7,163_0,1,38.73041915893555,-9.127869606018066,7,IN_TRANSIT_TO,2026-07-08 06:16:32,7003,2989,29-VM-85,POINT (-9.127869606018066 38.73041915893555)
2675_717,3854_20260606_170_0_4,170_0,1,38.73604965209961,-9.133999824523926,39,IN_TRANSIT_TO,2026-07-08 06:15:50,410,2675,87-XB-35,POINT (-9.133999824523926 38.73604965209961)
2762_717,3790_20260606_170_0_4,170_0,1,38.78792190551758,-9.145750045776367,7,IN_TRANSIT_TO,2026-07-08 06:16:32,6001,2762,AH-38-ND,POINT (-9.145750045776367 38.78792190551758)
2670_717,3769_20260606_170_0_4,170_0,1,38.7794189453125,-9.150819778442383,13,IN_TRANSIT_TO,2026-07-08 06:16:26,11509,2670,87-XB-32,POINT (-9.150819778442383 38.7794189453125)
2671_717,3768_20260606_170_0_4,170_0,1,38.771881103515625,-9.160750389099121,21,IN_TRANSIT_TO,2026-07-08 06:16:30,5906,2671,87-XB-43,POINT (-9.160750389099121 38.771881103515625)
2731_717,3861_20260606_170_0_4,170_0,1,38.74298095703125,-9.132969856262207,37,IN_TRANSIT_TO,2026-07-08 06:16:36,308,2731,AG-49-EI,POINT (-9.132969856262207 38.74298095703125)
1776_717,3869_20260606_170_0_1,170_0,1,38.753780364990234,-9.138520240783691,31,IN_TRANSIT_TO,2026-07-08 06:16:15,7411,1776,53-HX-09,POINT (-9.138520240783691 38.753780364990234)
547_28E,14931_20260606_75_0_3,75_0,1,38.72325134277344,-9.13523006439209,33,IN_TRANSIT_TO,2026-07-08 06:16:33,706,547,,POINT (-9.13523006439209 38.72325134277344)
579_28E,14969_20260606_75_0_3,75_0,1,38.707969665527344,-9.141770362854004,16,IN_TRANSIT_TO,2026-07-08 06:16:23,10519,579,,POINT (-9.141770362854004 38.707969665527344)
2303_708,3302_20260606_100_0_2,100_0,1,38.729881286621094,-9.134599685668945,38,IN_TRANSIT_TO,2026-07-08 06:16:31,506,2303,83-11-ZM,POINT (-9.134599685668945 38.729881286621094)
4832_736,5302_20260606_199_0_2,199_0,1,38.7486686706543,-9.148819923400879,18,IN_TRANSIT_TO,2026-07-08 06:16:34,2006,4832,68-VQ-51,POINT (-9.148819923400879 38.7486686706543)
4646_736,42809_20260606_199_0_4,199_0,1,38.726280212402344,-9.149649620056152,26,IN_TRANSIT_TO,2026-07-08 06:16:17,1206,4646,11-JM-79,POINT (-9.149649620056152 38.726280212402344)
4836_736,5342_20260606_199_0_4,199_0,1,38.78644943237305,-9.171870231628418,4,IN_TRANSIT_TO,2026-07-08 06:16:35,15107,4836,34-VR-23,POINT (-9.171870231628418 38.78644943237305)
4640_736,5326_20260606_199_0_2,199_0,1,38.77817916870117,-9.16427993774414,8,IN_TRANSIT_TO,2026-07-08 06:16:14,5910,4640,02-JN-87,POINT (-9.16427993774414 38.77817916870117)
4635_736,5362_20260606_199_0_4,199_0,1,38.78622055053711,-9.18317985534668,0,IN_TRANSIT_TO,2026-07-08 06:16:24,,4635,90-JI-95,POINT (-9.18317985534668 38.78622055053711)
2792_709,3404_20260606_148_0_1,148_0,1,38.71955108642578,-9.156000137329102,6,IN_TRANSIT_TO,2026-07-08 06:16:37,6803,2792,AJ-53-LI,POINT (-9.156000137329102 38.71955108642578)
2964_737,21948_20260606_173_0_5,173_0,1,38.711021423339844,-9.13545036315918,0,IN_TRANSIT_TO,2026-07-08 06:16:16,,2964,30-VM-19,POINT (-9.13545036315918 38.711021423339844)
2632_744,5845_20260606_200_0_1,200_0,1,38.73262023925781,-9.145600318908691,27,IN_TRANSIT_TO,2026-07-08 06:16:24,1812,2632,52-VP-88,POINT (-9.145600318908691 38.73262023925781)
2721_744,17811_20260606_200_0_2,200_0,1,38.749271392822266,-9.137519836425781,20,IN_TRANSIT_TO,2026-07-08 06:16:35,11202,2721,92-XQ-37,POINT (-9.137519836425781 38.749271392822266)
2625_759,6962_20260606_144_0_4,144_0,1,38.72977066040039,-9.108550071716309,34,IN_TRANSIT_TO,2026-07-08 06:16:25,8316,2625,72-VP-79,POINT (-9.108550071716309 38.72977066040039)
2605_759,6951_20260606_144_0_2,144_0,1,38.71445083618164,-9.139249801635742,46,IN_TRANSIT_TO,2026-07-08 06:16:30,919,2605,66-VI-35,POINT (-9.139249801635742 38.71445083618164)
2628_759,6953_20260606_144_0_2,144_0,1,38.71432113647461,-9.139180183410645,46,IN_TRANSIT_TO,2026-07-08 06:16:28,919,2628,52-VP-82,POINT (-9.139180183410645 38.71432113647461)
2722_759,6964_20260606_144_0_2,144_0,1,38.7622184753418,-9.116570472717285,17,IN_TRANSIT_TO,2026-07-08 06:16:29,8433,2722,92-XQ-36,POINT (-9.116570472717285 38.7622184753418)
2642_759,6971_20260606_144_0_4,144_0,1,38.774600982666016,-9.111319541931152,7,IN_TRANSIT_TO,2026-07-08 06:16:33,12309,2642,75-VS-51,POINT (-9.111319541931152 38.774600982666016)
2658_722,4115_20260606_196_0_3,196_0,1,38.773529052734375,-9.118650436401367,12,IN_TRANSIT_TO,2026-07-08 06:16:35,12206,2658,05-VZ-71,POINT (-9.118650436401367 38.773529052734375)
2624_722,4109_20260606_196_0_2,196_0,1,38.73683166503906,-9.14568042755127,28,IN_TRANSIT_TO,2026-07-08 06:16:13,11118,2624,72-VP-82,POINT (-9.14568042755127 38.73683166503906)
5217_746,5961_20260606_108_0_4,108_0,1,38.7507209777832,-9.20145034790039,5,IN_TRANSIT_TO,2026-07-08 06:16:28,10903,5217,CB-87-RU,POINT (-9.20145034790039 38.7507209777832)
2774_748,6150_20260606_169_0_2,169_0,1,38.725250244140625,-9.19237995147705,6,IN_TRANSIT_TO,2026-07-08 06:16:24,14311,2774,AH-22-ND,POINT (-9.19237995147705 38.725250244140625)
2242_771,21927_20260606_248_0_3,248_0,1,38.704769134521484,-9.19871997833252,3,IN_TRANSIT_TO,2026-07-08 06:16:26,13306,2242,22-42-ZB,POINT (-9.19871997833252 38.704769134521484)
2245_771,21939_20260606_248_0_2,248_0,1,38.72328186035156,-9.165379524230957,16,IN_TRANSIT_TO,2026-07-08 06:16:32,8608,2245,22-35-ZB,POINT (-9.165379524230957 38.72328186035156)
218_58B,19290_20260606_227_0_2,227_0,0,38.74287033081055,-9.179479598999023,17,IN_TRANSIT_TO,2026-07-08 06:16:13,10720,218,11-13-XO,POINT (-9.179479598999023 38.74287033081055)
2826_753,18784_20260606_167_0_4,167_0,1,38.67388153076172,-9.173399925231934,1,IN_TRANSIT_TO,2026-07-08 06:16:32,19001,2826,BF-74-FZ,POINT (-9.173399925231934 38.67388153076172)
2830_753,74897_20260606_167_0_6,167_0,1,38.671321868896484,-9.172800064086914,1,IN_TRANSIT_TO,2026-07-08 06:16:24,19001,2830,BF-57-FZ,POINT (-9.172800064086914 38.671321868896484)
2835_753,6574_20260606_167_0_4,167_0,1,38.72460174560547,-9.150750160217285,6,IN_TRANSIT_TO,2026-07-08 06:16:26,1212,2835,BF-62-FZ,POINT (-9.150750160217285 38.72460174560547)
2840_753,18783_20260606_167_0_2,167_0,1,38.717018127441406,-9.176329612731934,2,IN_TRANSIT_TO,2026-07-08 06:16:27,14602,2840,BF-75-FZ,POINT (-9.176329612731934 38.717018127441406)
2335_754,6600_20260606_201_0_2,201_0,1,38.74742126464844,-9.148369789123535,32,IN_TRANSIT_TO,2026-07-08 06:16:34,2004,2335,62-98-ZG,POINT (-9.148369789123535 38.74742126464844)
2773_754,6611_20260606_201_0_2,201_0,1,38.744449615478516,-9.19771957397461,18,IN_TRANSIT_TO,2026-07-08 06:16:35,2811,2773,AH-39-ND,POINT (-9.19771957397461 38.744449615478516)
2604_749,6200_20260606_195_5_4,195_5,0,38.753631591796875,-9.1141996383667,2,IN_TRANSIT_TO,2026-07-08 06:16:35,50070,2604,66-VI-32,POINT (-9.1141996383667 38.753631591796875)
2332_712,3560_20260606_189_0_4,189_0,1,38.727149963378906,-9.146380424499512,16,IN_TRANSIT_TO,2026-07-08 06:16:15,1201,2332,53-55-ZJ,POINT (-9.146380424499512 38.727149963378906)
2322_712,3552_20260606_189_0_4,189_0,1,38.71807861328125,-9.127400398254395,26,IN_TRANSIT_TO,2026-07-08 06:16:19,9122,2322,67-46-ZJ,POINT (-9.127400398254395 38.71807861328125)
6007_706,3216_20260606_147_0_4,147_0,0,38.71342849731445,-9.153169631958008,8,IN_TRANSIT_TO,2026-07-08 06:16:13,6703,6007,80-ZC-62,POINT (-9.153169631958008 38.71342849731445)
6021_706,3229_20260606_147_3_2,147_3,0,38.70637130737305,-9.142919540405273,4,IN_TRANSIT_TO,2026-07-08 06:16:29,3820,6021,BD-91-QG,POINT (-9.142919540405273 38.70637130737305)
6041_706,3207_20260606_147_3_2,147_3,0,38.71689987182617,-9.11907958984375,32,IN_TRANSIT_TO,2026-07-08 06:16:37,9825,6041,BG-20-LV,POINT (-9.11907958984375 38.71689987182617)
4811_751,6519_20260606_109_0_2,109_0,1,38.70003128051758,-9.20592975616455,16,IN_TRANSIT_TO,2026-07-08 06:16:24,9613,4811,34-VR-20,POINT (-9.20592975616455 38.70003128051758)
4817_751,6450_20260606_109_0_3,109_0,1,38.70043182373047,-9.182820320129395,23,IN_TRANSIT_TO,2026-07-08 06:16:31,9503,4817,00-VV-37,POINT (-9.182820320129395 38.70043182373047)
4827_751,6482_20260606_109_0_2,109_0,1,38.71472930908203,-9.231180191040039,2,IN_TRANSIT_TO,2026-07-08 06:16:32,50066,4827,34-VR-15,POINT (-9.231180191040039 38.71472930908203)
4828_751,6472_20260606_109_0_6,109_0,1,38.69942092895508,-9.224920272827148,12,IN_TRANSIT_TO,2026-07-08 06:16:30,4204,4828,20-VQ-64,POINT (-9.224920272827148 38.69942092895508)
2776_713,3582_20260606_122_0_3,122_0,0,38.72211837768555,-9.157050132751465,12,IN_TRANSIT_TO,2026-07-08 06:16:30,8516,2776,AI-07-BT,POINT (-9.157050132751465 38.72211837768555)
5223_713,3571_20260606_122_0_3,122_0,0,38.704750061035156,-9.167900085449219,27,IN_TRANSIT_TO,2026-07-08 06:16:31,10210,5223,CE-56-ML,POINT (-9.167900085449219 38.704750061035156)
2408_703,3106_20260606_165_0_2,165_0,0,38.76322937011719,-9.1806001663208,27,IN_TRANSIT_TO,2026-07-08 06:16:29,12808,2408,50-AL-08,POINT (-9.1806001663208 38.76322937011719)
2465_703,3121_20260606_165_0_3,165_0,0,38.77513122558594,-9.161219596862793,15,IN_TRANSIT_TO,2026-07-08 06:16:36,5925,2465,55-BH-00,POINT (-9.161219596862793 38.77513122558594)
2260_703,3099_20260606_165_0_3,165_0,0,38.74745178222656,-9.206600189208984,40,IN_TRANSIT_TO,2026-07-08 06:16:23,2908,2260,67-47-ZJ,POINT (-9.206600189208984 38.74745178222656)
2700_764,7141_20260606_168_0_4,168_0,0,38.7476692199707,-9.166830062866211,4,IN_TRANSIT_TO,2026-07-08 06:16:33,12706,2700,92-XQ-26,POINT (-9.166830062866211 38.7476692199707)
2685_764,7134_20260606_168_0_3,168_0,0,38.74449920654297,-9.196800231933594,19,IN_TRANSIT_TO,2026-07-08 06:16:36,10818,2685,93-XA-46,POINT (-9.196800231933594 38.74449920654297)
5224_711,3488_20260606_101_0_3,101_0,0,38.72407150268555,-9.161979675292969,9,IN_TRANSIT_TO,2026-07-08 06:16:15,8501,5224,CE-58-ML,POINT (-9.161979675292969 38.72407150268555)
2683_711,3491_20260606_101_0_3,101_0,0,38.70722961425781,-9.133469581604004,0,IN_TRANSIT_TO,2026-07-08 06:16:35,,2683,99-XE-55,POINT (-9.133469581604004 38.70722961425781)
2797_711,3448_20260606_101_0_3,101_0,0,38.753379821777344,-9.209529876708984,25,IN_TRANSIT_TO,2026-07-08 06:16:32,11006,2797,AJ-57-LI,POINT (-9.209529876708984 38.753379821777344)
2813_746,5983_20260606_108_0_3,108_0,0,38.73883056640625,-9.164719581604004,7,IN_TRANSIT_TO,2026-07-08 06:16:17,1507,2813,90-II-53,POINT (-9.164719581604004 38.73883056640625)
2755_735,5203_20260606_172_0_2,172_0,1,38.736900329589844,-9.133970260620117,14,IN_TRANSIT_TO,2026-07-08 06:16:32,402,2755,AG-95-TG,POINT (-9.133970260620117 38.736900329589844)
2739_735,5181_20260606_172_0_2,172_0,1,38.7100715637207,-9.12833023071289,30,IN_TRANSIT_TO,2026-07-08 06:16:24,8204,2739,AG-31-EI,POINT (-9.12833023071289 38.7100715637207)
1771_735,5188_20260606_172_1_1,172_1,1,38.72113037109375,-9.127030372619629,8,IN_TRANSIT_TO,2026-07-08 06:16:11,9112,1771,63-HX-27,POINT (-9.127030372619629 38.72113037109375)
555_18E,12180_20260606_78_0_4,78_0,1,38.706329345703125,-9.148880004882812,18,IN_TRANSIT_TO,2026-07-08 06:16:13,3901,555,,POINT (-9.148880004882812 38.706329345703125)
6003_706,3262_20260606_147_0_3,147_0,1,38.7150993347168,-9.12201976776123,2,IN_TRANSIT_TO,2026-07-08 06:16:36,2101,6003,82-ZC-02,POINT (-9.12201976776123 38.7150993347168)
6002_706,3254_20260606_147_0_3,147_0,1,38.7286491394043,-9.137450218200684,16,IN_TRANSIT_TO,2026-07-08 06:16:23,6503,6002,98-XU-85,POINT (-9.137450218200684 38.7286491394043)
6050_706,3244_20260606_147_0_3,147_0,1,38.71120071411133,-9.153630256652832,28,IN_TRANSIT_TO,2026-07-08 06:16:24,6702,6050,BH-62-IR,POINT (-9.153630256652832 38.71120071411133)
2401_758,6858_20260606_150_0_2,150_0,1,38.72018051147461,-9.155550003051758,25,IN_TRANSIT_TO,2026-07-08 06:16:11,6813,2401,50-AL-14,POINT (-9.155550003051758 38.72018051147461)
2246_758,6866_20260606_150_0_4,150_0,1,38.72637176513672,-9.161250114440918,20,IN_TRANSIT_TO,2026-07-08 06:16:24,6102,2246,22-38-ZB,POINT (-9.161250114440918 38.72637176513672)
2257_758,6874_20260606_150_0_4,150_0,1,38.740718841552734,-9.167969703674316,14,IN_TRANSIT_TO,2026-07-08 06:16:25,1610,2257,80-50-ZE,POINT (-9.167969703674316 38.740718841552734)
2244_758,6879_20260606_150_0_4,150_0,1,38.7435188293457,-9.175370216369629,12,IN_TRANSIT_TO,2026-07-08 06:15:38,10705,2244,22-44-ZB,POINT (-9.175370216369629 38.7435188293457)
2712_781,7745_20260606_151_0_3,151_0,1,38.76232147216797,-9.109769821166992,13,IN_TRANSIT_TO,2026-07-08 06:16:25,7718,2712,92-XQ-33,POINT (-9.109769821166992 38.76232147216797)
2617_781,7740_20260606_151_0_2,151_0,1,38.73857116699219,-9.103249549865723,22,IN_TRANSIT_TO,2026-07-08 06:16:30,12512,2617,66-VI-28,POINT (-9.103249549865723 38.73857116699219)
2633_781,7735_20260606_151_0_2,151_0,1,38.7064208984375,-9.1427001953125,29,IN_TRANSIT_TO,2026-07-08 06:16:30,3820,2633,52-VP-79,POINT (-9.1427001953125 38.7064208984375)
2720_782,7783_20260606_152_0_2,152_0,1,38.747100830078125,-9.104920387268066,12,IN_TRANSIT_TO,2026-07-08 06:16:37,2207,2720,92-XQ-28,POINT (-9.104920387268066 38.747100830078125)
2716_782,7788_20260606_152_0_2,152_0,1,38.774681091308594,-9.102270126342773,1,IN_TRANSIT_TO,2026-07-08 06:16:26,7917,2716,92-XQ-27,POINT (-9.102270126342773 38.774681091308594)
2778_714,3634_20260606_102_0_4,102_0,1,38.70552062988281,-9.171250343322754,29,IN_TRANSIT_TO,2026-07-08 06:16:22,9418,2778,AI-03-BT,POINT (-9.171250343322754 38.70552062988281)
2311_714,3653_20260606_102_0_2,102_0,1,38.69738006591797,-9.203749656677246,20,IN_TRANSIT_TO,2026-07-08 06:16:07,9607,2311,72-23-XN,POINT (-9.203749656677246 38.69738006591797)
2815_714,3656_20260606_102_0_4,102_0,1,38.726768493652344,-9.208829879760742,8,IN_TRANSIT_TO,2026-07-08 06:16:07,14008,2815,90-II-55,POINT (-9.208829879760742 38.726768493652344)
2663_714,3697_10101_102_0_16,102_0,1,38.72127151489258,-9.221500396728516,4,IN_TRANSIT_TO,2024-10-22 20:26:58,18703,2663,05-VZ-62,POINT (-9.221500396728516 38.72127151489258)
2321_712,20100_20260606_189_0_3,189_0,0,38.70335006713867,-9.17477035522461,31,IN_TRANSIT_TO,2026-07-08 06:16:30,50203,2321,04-47-ZF,POINT (-9.17477035522461 38.70335006713867)
2814_712,3532_20260606_189_0_3,189_0,0,38.725250244140625,-9.153180122375488,18,IN_TRANSIT_TO,2026-07-08 06:16:33,1209,2814,90-II-54,POINT (-9.153180122375488 38.725250244140625)
2333_712,3544_20260606_189_0_4,189_0,0,38.72697830200195,-9.136770248413086,12,IN_TRANSIT_TO,2026-07-08 06:16:21,605,2333,62-97-ZG,POINT (-9.136770248413086 38.72697830200195)
4604_750,6349_20260606_106_0_2,106_0,0,38.69892883300781,-9.227470397949219,40,IN_TRANSIT_TO,2026-07-08 06:16:12,4213,4604,96-GL-82,POINT (-9.227470397949219 38.69892883300781)
4605_750,6266_20260606_106_0_4,106_0,0,38.76142883300781,-9.103779792785645,3,IN_TRANSIT_TO,2026-07-08 06:16:25,2322,4605,31-GN-72,POINT (-9.103779792785645 38.76142883300781)
4610_750,6402_20260606_106_0_3,106_0,0,38.75027847290039,-9.19629955291748,24,IN_TRANSIT_TO,2026-07-08 06:15:38,10802,4610,96-GL-87,POINT (-9.19629955291748 38.75027847290039)
4618_750,6403_20260606_106_0_3,106_0,0,38.76108169555664,-9.120220184326172,8,IN_TRANSIT_TO,2026-07-08 06:16:30,8408,4618,22-GP-52,POINT (-9.120220184326172 38.76108169555664)
4614_750,6375_20260606_106_0_3,106_0,0,38.72679901123047,-9.209870338439941,33,IN_TRANSIT_TO,2026-07-08 06:16:21,14008,4614,96-GL-90,POINT (-9.209870338439941 38.72679901123047)
5212_723,4172_20260606_121_0_3,121_0,0,38.69557189941406,-9.21780014038086,28,IN_TRANSIT_TO,2026-07-08 06:16:22,50385,5212,CA-71-XH,POINT (-9.21780014038086 38.69557189941406)
2315_723,4180_20260606_121_0_3,121_0,0,38.72589874267578,-9.149299621582031,6,IN_TRANSIT_TO,2026-07-08 06:16:27,1202,2315,61-88-ZB,POINT (-9.149299621582031 38.72589874267578)
5215_723,4179_20260606_121_0_3,121_0,0,38.71189880371094,-9.211000442504883,19,IN_TRANSIT_TO,2026-07-08 06:16:31,12922,5215,CB-84-RU,POINT (-9.211000442504883 38.71189880371094)
2468_729,4781_20260606_104_0_1,104_0,0,38.76123046875,-9.196599960327148,7,IN_TRANSIT_TO,2026-07-08 06:16:36,13911,2468,16-AZ-10,POINT (-9.196599960327148 38.76123046875)
2495_729,4762_20260606_104_0_2,104_0,0,38.713600158691406,-9.195819854736328,26,IN_TRANSIT_TO,2026-07-08 06:16:30,10315,2495,88-BL-69,POINT (-9.195819854736328 38.713600158691406)
2455_729,4759_20260606_104_0_1,104_0,0,38.713951110839844,-9.196980476379395,26,IN_TRANSIT_TO,2026-07-08 06:16:12,10315,2455,16-AZ-12,POINT (-9.196980476379395 38.713951110839844)
607_15E,11209_20260606_76_0_3,76_0,0,38.699249267578125,-9.23034954071045,22,IN_TRANSIT_TO,2026-07-08 06:16:24,4218,607,IA-30-13,POINT (-9.23034954071045 38.699249267578125)
613_15E,11225_20260606_76_0_3,76_0,0,38.70212173461914,-9.180800437927246,10,IN_TRANSIT_TO,2026-07-08 06:16:23,12116,613,,POINT (-9.180800437927246 38.70212173461914)
610_15E,11251_20260606_76_0_3,76_0,0,38.706321716308594,-9.144700050354004,3,IN_TRANSIT_TO,2026-07-08 06:16:31,3820,610,,POINT (-9.144700050354004 38.706321716308594)
604_15E,11261_20260606_76_0_4,76_0,0,38.71342849731445,-9.137129783630371,0,IN_TRANSIT_TO,2026-07-08 06:16:29,,604,,POINT (-9.137129783630371 38.71342849731445)
1723_794,8032_20260606_115_0_4,115_0,1,38.7559814453125,-9.10319995880127,4,IN_TRANSIT_TO,2026-07-08 06:16:35,2320,1723,25-AS-35,POINT (-9.10319995880127 38.7559814453125)
1720_794,8098_20260606_115_0_4,115_0,1,38.748268127441406,-9.118650436401367,24,IN_TRANSIT_TO,2026-07-08 06:16:29,3605,1720,25-AS-32,POINT (-9.118650436401367 38.748268127441406)
2272_778,7528_20260606_179_0_4,179_0,1,38.76639938354492,-9.183879852294922,5,IN_TRANSIT_TO,2026-07-08 06:16:30,50365,2272,76-80-ZG,POINT (-9.183879852294922 38.76639938354492)
2300_796,8126_20260606_174_0_6,174_0,1,38.79045104980469,-9.150779724121094,16,IN_TRANSIT_TO,2026-07-08 06:16:13,5808,2300,83-13-ZM,POINT (-9.150779724121094 38.79045104980469)
4632_796,8134_20260606_174_0_2,174_0,1,38.765281677246094,-9.157230377197266,14,IN_TRANSIT_TO,2026-07-08 06:16:22,5902,4632,98-JO-43,POINT (-9.157230377197266 38.765281677246094)
2430_747,6116_20260606_177_0_2,177_0,1,38.76945114135742,-9.189929962158203,3,IN_TRANSIT_TO,2026-07-08 06:16:34,14110,2430,29-AX-12,POINT (-9.189929962158203 38.76945114135742)
2420_747,6107_20260606_177_0_3,177_0,1,38.760501861572266,-9.169480323791504,14,IN_TRANSIT_TO,2026-07-08 06:16:34,50010,2420,29-AU-15,POINT (-9.169480323791504 38.760501861572266)
6039_747,6086_20260606_177_0_2,177_0,1,38.762718200683594,-9.156700134277344,20,IN_TRANSIT_TO,2026-07-08 06:16:20,5814,6039,BG-96-LU,POINT (-9.156700134277344 38.762718200683594)
2667_701,2969_20260606_123_0_2,123_0,1,38.753570556640625,-9.174519538879395,15,IN_TRANSIT_TO,2026-07-08 06:16:38,12711,2667,87-XB-45,POINT (-9.174519538879395 38.753570556640625)
1715_798,8197_20260606_194_0_4,194_0,1,38.76499938964844,-9.15386962890625,18,IN_TRANSIT_TO,2026-07-08 06:16:10,5835,1715,69-AL-78,POINT (-9.15386962890625 38.76499938964844)
2971_45B,45291_20260606_277_0_2,277_0,0,38.76163101196289,-9.166430473327637,14,IN_TRANSIT_TO,2026-07-08 06:16:25,50013,2971,29-VM-98,POINT (-9.166430473327637 38.76163101196289)
2474_703,3146_20260606_165_0_2,165_0,1,38.78213119506836,-9.158679962158203,29,IN_TRANSIT_TO,2026-07-08 06:16:09,5926,2474,74-BC-67,POINT (-9.158679962158203 38.78213119506836)
2419_703,3157_20260606_165_0_3,165_0,1,38.766849517822266,-9.18179988861084,16,IN_TRANSIT_TO,2026-07-08 06:16:26,50359,2419,92-AO-55,POINT (-9.18179988861084 38.766849517822266)
2414_703,3161_20260606_165_0_4,165_0,1,38.750301361083984,-9.196419715881348,6,IN_TRANSIT_TO,2026-07-08 06:15:33,10907,2414,92-AO-51,POINT (-9.196419715881348 38.750301361083984)
2467_703,3165_20260606_165_0_2,165_0,1,38.7476692199707,-9.20697021484375,0,IN_TRANSIT_TO,2026-07-08 06:16:08,,2467,16-AZ-14,POINT (-9.20697021484375 38.7476692199707)
560_24E,17832_10101_213_0_24,213_0,0,38.72684860229492,-9.162300109863281,11,IN_TRANSIT_TO,2026-04-16 15:34:41,6129,560,,POINT (-9.162300109863281 38.72684860229492)
209_773,7412_20260606_124_0_6,124_0,1,38.705928802490234,-9.172699928283691,2,IN_TRANSIT_TO,2026-07-08 06:16:26,9418,209,33-46-XH,POINT (-9.172699928283691 38.705928802490234)
2988_774,7436_20260606_192_0_5,192_0,0,38.71982955932617,-9.164019584655762,4,IN_TRANSIT_TO,2026-07-08 06:16:34,8003,2988,29-VM-94,POINT (-9.164019584655762 38.71982955932617)
6036_760,7021_20260606_171_3_2,171_3,1,38.706321716308594,-9.146920204162598,29,IN_TRANSIT_TO,2026-07-08 06:16:21,7101,6036,BG-90-LX,POINT (-9.146920204162598 38.706321716308594)
6024_760,7107_20260606_171_3_4,171_3,1,38.7216796875,-9.139019966125488,38,IN_TRANSIT_TO,2026-07-08 06:16:26,9213,6024,BF-69-BA,POINT (-9.139019966125488 38.7216796875)
6015_760,7042_20260606_171_0_2,171_0,1,38.714149475097656,-9.204079627990723,6,IN_TRANSIT_TO,2026-07-08 06:16:34,12905,6015,69-ZF-01,POINT (-9.204079627990723 38.714149475097656)
6044_760,7041_20260606_171_0_4,171_0,1,38.70492172241211,-9.187450408935547,20,IN_TRANSIT_TO,2026-07-08 06:16:29,12007,6044,BG-87-LX,POINT (-9.187450408935547 38.70492172241211)
2644_725,4241_20260606_197_0_6,197_0,1,38.77479934692383,-9.101980209350586,12,IN_TRANSIT_TO,2026-07-08 06:16:36,7910,2644,87-VS-52,POINT (-9.101980209350586 38.77479934692383)
4824_750,6332_20260606_106_0_2,106_0,1,38.70600128173828,-9.222479820251465,5,IN_TRANSIT_TO,2026-07-08 06:16:28,18402,4824,34-VR-19,POINT (-9.222479820251465 38.70600128173828)
4616_750,6288_20260606_106_0_2,106_0,1,38.759578704833984,-9.115900039672852,32,IN_TRANSIT_TO,2026-07-08 06:16:36,8407,4616,22-GP-50,POINT (-9.115900039672852 38.759578704833984)
4602_750,6306_20260606_106_0_3,106_0,1,38.75463104248047,-9.152999877929688,25,IN_TRANSIT_TO,2026-07-08 06:16:30,5804,4602,96-GL-80,POINT (-9.152999877929688 38.75463104248047)
4611_750,6310_20260606_106_0_3,106_0,1,38.7475700378418,-9.190369606018066,17,IN_TRANSIT_TO,2026-07-08 06:16:24,10803,4611,96-GL-88,POINT (-9.190369606018066 38.7475700378418)
1747_794,8064_20260606_115_0_4,115_0,0,38.7484016418457,-9.118550300598145,16,IN_TRANSIT_TO,2026-07-08 06:16:33,3606,1747,92-HR-04,POINT (-9.118550300598145 38.7484016418457)
1753_794,8044_20260606_115_0_4,115_0,0,38.76847839355469,-9.104129791259766,37,IN_TRANSIT_TO,2026-07-08 06:16:23,2315,1753,34-HU-19,POINT (-9.104129791259766 38.76847839355469)
2621_705,3185_20260606_176_0_2,176_0,1,38.77595138549805,-9.126350402832031,12,IN_TRANSIT_TO,2026-07-08 06:16:35,7607,2621,66-VI-45,POINT (-9.126350402832031 38.77595138549805)
2645_759,6972_20260606_144_0_3,144_0,0,38.767601013183594,-9.100150108337402,47,IN_TRANSIT_TO,2026-07-08 06:16:31,7825,2645,87-VS-49,POINT (-9.100150108337402 38.767601013183594)
2629_759,6911_20260606_144_0_3,144_0,0,38.771400451660156,-9.10789966583252,42,IN_TRANSIT_TO,2026-07-08 06:16:35,7809,2629,52-VP-81,POINT (-9.10789966583252 38.771400451660156)
2656_759,6914_20260606_144_0_3,144_0,0,38.73134994506836,-9.110369682312012,15,IN_TRANSIT_TO,2026-07-08 06:16:35,8317,2656,05-VZ-53,POINT (-9.110369682312012 38.73134994506836)
2725_759,6936_20260606_144_0_3,144_0,0,38.712100982666016,-9.124380111694336,6,IN_TRANSIT_TO,2026-07-08 06:16:33,8201,2725,92-XQ-30,POINT (-9.124380111694336 38.712100982666016)
2639_744,5834_20260606_200_0_3,200_0,0,38.749271392822266,-9.141380310058594,10,IN_TRANSIT_TO,2026-07-08 06:16:35,2053,2639,75-VS-47,POINT (-9.141380310058594 38.749271392822266)
2653_744,5820_20260606_200_0_3,200_0,0,38.767669677734375,-9.10534954071045,24,IN_TRANSIT_TO,2026-07-08 06:16:24,7711,2653,05-VZ-52,POINT (-9.10534954071045 38.767669677734375)
2761_782,7768_20260606_152_0_2,152_0,0,38.73606872558594,-9.103569984436035,8,IN_TRANSIT_TO,2026-07-08 06:16:37,12513,2761,AH-33-ND,POINT (-9.103569984436035 38.73606872558594)
1704_701,2954_20260606_123_0_3,123_0,0,38.754600524902344,-9.152979850769043,2,IN_TRANSIT_TO,2026-07-08 06:16:12,5806,1704,35-AL-14,POINT (-9.152979850769043 38.754600524902344)
2666_701,2951_20260606_123_0_6,123_0,0,38.7535285949707,-9.168499946594238,11,IN_TRANSIT_TO,2026-07-08 06:16:28,13619,2666,87-XB-39,POINT (-9.168499946594238 38.7535285949707)
2664_701,2933_20260606_123_0_6,123_0,0,38.726318359375,-9.162280082702637,26,IN_TRANSIT_TO,2026-07-08 06:16:30,6113,2664,05-VZ-68,POINT (-9.162280082702637 38.726318359375)
2995_774,7449_20260606_192_0_4,192_0,1,38.721099853515625,-9.164119720458984,10,IN_TRANSIT_TO,2026-07-08 06:16:33,8519,2995,30-VM-15,POINT (-9.164119720458984 38.721099853515625)
5226_709,3392_20260606_148_0_6,148_0,0,38.722171783447266,-9.147250175476074,4,IN_TRANSIT_TO,2026-07-08 06:16:30,1103,5226,CE-59-ML,POINT (-9.147250175476074 38.722171783447266)
2334_754,6580_20260606_201_0_2,201_0,0,38.7475700378418,-9.153829574584961,7,IN_TRANSIT_TO,2026-07-08 06:16:19,2009,2334,53-53-ZJ,POINT (-9.153829574584961 38.7475700378418)
2972_730,4939_20260606_198_0_3,198_0,1,38.73350143432617,-9.12833023071289,14,IN_TRANSIT_TO,2026-07-08 06:16:37,7003,2972,29-VM-96,POINT (-9.12833023071289 38.73350143432617)
2736_720,4090_20260606_143_0_2,143_0,1,38.71147918701172,-9.164050102233887,9,IN_TRANSIT_TO,2026-07-08 06:16:13,10101,2736,AG-47-EI,POINT (-9.164050102233887 38.71147918701172)
2734_720,4080_20260606_143_0_4,143_0,1,38.73543167114258,-9.138150215148926,23,IN_TRANSIT_TO,2026-07-08 06:16:08,11108,2734,AG-50-EI,POINT (-9.138150215148926 38.73543167114258)
1757_720,4061_20260606_143_0_4,143_0,1,38.74197006225586,-9.131719589233398,27,IN_TRANSIT_TO,2026-07-08 06:16:11,312,1757,34-HU-23,POINT (-9.131719589233398 38.74197006225586)
2767_756,6736_20260606_175_0_3,175_0,1,38.74074935913086,-9.149169921875,13,IN_TRANSIT_TO,2026-07-08 06:16:34,33101,2767,AH-34-ND,POINT (-9.149169921875 38.74074935913086)
2750_756,6737_20260606_175_0_5,175_0,1,38.706748962402344,-9.174619674682617,3,IN_TRANSIT_TO,2026-07-08 06:16:32,12105,2750,AG-10-TH,POINT (-9.174619674682617 38.706748962402344)
2438_767,7186_20260606_112_0_2,112_0,1,38.75617980957031,-9.204429626464844,8,IN_TRANSIT_TO,2026-07-08 06:16:23,10926,2438,44-BC-29,POINT (-9.204429626464844 38.75617980957031)
2441_767,7197_20260606_112_0_2,112_0,1,38.74987030029297,-9.22113037109375,0,IN_TRANSIT_TO,2026-07-08 06:16:14,,2441,29-AX-07,POINT (-9.22113037109375 38.74987030029297)
2405_767,7287_20260606_112_0_2,112_0,1,38.73672103881836,-9.141949653625488,38,IN_TRANSIT_TO,2026-07-08 06:06:42,11109,2405,50-AL-10,POINT (-9.141949653625488 38.73672103881836)
6040_767,7303_20260606_112_0_2,112_0,1,38.75994873046875,-9.17965030670166,21,IN_TRANSIT_TO,2026-07-08 06:16:29,12827,6040,BG-46-LT,POINT (-9.17965030670166 38.75994873046875)
2417_767,7295_20260606_112_0_2,112_0,1,38.749549865722656,-9.142200469970703,34,IN_TRANSIT_TO,2026-07-08 06:16:24,204,2417,50-AL-06,POINT (-9.142200469970703 38.749549865722656)
2413_767,7296_20260606_112_0_2,112_0,1,38.75960159301758,-9.156820297241211,28,IN_TRANSIT_TO,2026-07-08 06:16:25,5808,2413,92-AO-50,POINT (-9.156820297241211 38.75960159301758)
5222_723,4162_20260606_121_0_2,121_0,1,38.699798583984375,-9.214300155639648,6,IN_TRANSIT_TO,2026-07-08 06:16:36,9714,5222,CE-61-ML,POINT (-9.214300155639648 38.699798583984375)
5207_723,4143_20260606_121_0_2,121_0,1,38.72227096557617,-9.196749687194824,21,IN_TRANSIT_TO,2026-07-08 06:16:31,21302,5207,CA-74-BZ,POINT (-9.196749687194824 38.72227096557617)
2759_756,6720_20260606_175_0_2,175_0,0,38.73862075805664,-9.125699996948242,3,IN_TRANSIT_TO,2026-07-08 06:16:33,8905,2759,AH-21-ND,POINT (-9.125699996948242 38.73862075805664)
2665_756,6744_20260606_175_0_3,175_0,0,38.702518463134766,-9.180419921875,24,IN_TRANSIT_TO,2026-07-08 06:16:34,12122,2665,87-XB-33,POINT (-9.180419921875 38.702518463134766)
2765_756,6745_20260606_175_0_4,175_0,0,38.741268157958984,-9.147649765014648,11,IN_TRANSIT_TO,2026-07-08 06:16:34,1914,2765,AH-37-ND,POINT (-9.147649765014648 38.741268157958984)
2677_742,5679_20260606_114_0_2,114_0,0,38.7100715637207,-9.194979667663574,56,IN_TRANSIT_TO,2026-07-08 06:16:30,10314,2677,87-XB-41,POINT (-9.194979667663574 38.7100715637207)
2229_742,5754_20260606_114_0_2,114_0,0,38.729881286621094,-9.108650207519531,5,IN_TRANSIT_TO,2026-07-08 06:16:15,8316,2229,06-37-XX,POINT (-9.108650207519531 38.729881286621094)
2231_742,5723_20260606_114_0_2,114_0,0,38.72172164916992,-9.167180061340332,31,IN_TRANSIT_TO,2026-07-08 06:16:12,8609,2231,06-28-XX,POINT (-9.167180061340332 38.72172164916992)
2743_742,5740_20260606_114_0_4,114_0,0,38.72908020019531,-9.122480392456055,12,IN_TRANSIT_TO,2026-07-08 06:16:24,11703,2743,AG-02-TH,POINT (-9.122480392456055 38.72908020019531)
6004_732,5086_20260606_107_0_2,107_0,0,38.70384979248047,-9.179120063781738,26,IN_TRANSIT_TO,2026-07-08 06:16:26,12102,6004,82-ZC-35,POINT (-9.179120063781738 38.70384979248047)
6029_732,21190_20260606_107_0_2,107_0,0,38.749271392822266,-9.197600364685059,0,IN_TRANSIT_TO,2026-07-08 06:16:24,,6029,BF-52-AX,POINT (-9.197600364685059 38.749271392822266)
6046_732,5094_20260606_107_0_2,107_0,0,38.72452926635742,-9.14976978302002,13,IN_TRANSIT_TO,2026-07-08 06:16:36,1212,6046,BH-73-IR,POINT (-9.14976978302002 38.72452926635742)
6035_732,5095_20260606_107_0_2,107_0,0,38.74721908569336,-9.156880378723145,1,IN_TRANSIT_TO,2026-07-08 06:16:35,13506,6035,BG-76-LX,POINT (-9.156880378723145 38.74721908569336)
2276_799,8214_20260606_120_0_3,120_0,1,38.73693084716797,-9.222249984741211,4,IN_TRANSIT_TO,2026-07-08 06:16:08,18123,2276,53-57-ZJ,POINT (-9.222249984741211 38.73693084716797)
2254_763,46419_20260606_282_0_3,282_0,0,38.77901840209961,-9.168270111083984,7,IN_TRANSIT_TO,2026-07-08 06:16:20,50643,2254,80-51-ZE,POINT (-9.168270111083984 38.77901840209961)
2271_763,46417_20260606_282_0_3,282_0,0,38.76100158691406,-9.194649696350098,0,IN_TRANSIT_TO,2026-07-08 06:16:37,,2271,92-54-ZM,POINT (-9.194649696350098 38.76100158691406)
2281_778,18639_20260606_179_0_5,179_0,0,38.76808166503906,-9.169679641723633,10,IN_TRANSIT_TO,2026-07-08 06:16:09,50027,2281,67-56-ZJ,POINT (-9.169679641723633 38.76808166503906)
2950_765,7177_20260606_110_0_6,110_0,1,38.75642013549805,-9.203700065612793,5,IN_TRANSIT_TO,2026-07-08 06:16:06,13701,2950,62-GQ-51,POINT (-9.203700065612793 38.75642013549805)
2406_716,3721_20260606_164_0_3,164_0,0,38.7418212890625,-9.168769836425781,12,IN_TRANSIT_TO,2026-07-08 06:16:21,50472,2406,50-AL-09,POINT (-9.168769836425781 38.7418212890625)
2479_716,3742_20260606_164_0_5,164_0,0,38.73701858520508,-9.147049903869629,5,IN_TRANSIT_TO,2026-07-08 06:16:19,1811,2479,91-BE-74,POINT (-9.147049903869629 38.73701858520508)
2280_758,6855_20260606_150_0_3,150_0,0,38.70555114746094,-9.143099784851074,0,IN_TRANSIT_TO,2026-07-08 06:16:33,,2280,67-40-ZJ,POINT (-9.143099784851074 38.70555114746094)
2249_758,6842_20260606_150_0_3,150_0,0,38.716529846191406,-9.148019790649414,6,IN_TRANSIT_TO,2026-07-08 06:15:23,10605,2249,22-32-ZB,POINT (-9.148019790649414 38.716529846191406)
2264_758,6829_20260606_150_0_2,150_0,0,38.730499267578125,-9.162280082702637,14,IN_TRANSIT_TO,2026-07-08 06:16:30,6121,2264,76-90-ZG,POINT (-9.162280082702637 38.730499267578125)
2267_758,6807_20260606_150_0_3,150_0,0,38.74480056762695,-9.179929733276367,22,IN_TRANSIT_TO,2026-07-08 06:16:11,10704,2267,76-86-ZG,POINT (-9.179929733276367 38.74480056762695)
2970_45B,45289_20260606_277_0_2,277_0,1,38.76673126220703,-9.153779983520508,19,IN_TRANSIT_TO,2026-07-08 06:16:19,5838,2970,29-VM-87,POINT (-9.153779983520508 38.76673126220703)
2956_798,8193_20260606_194_0_5,194_0,0,38.76675033569336,-9.151849746704102,6,IN_TRANSIT_TO,2026-07-08 06:16:12,5838,2956,27-GU-71,POINT (-9.151849746704102 38.76675033569336)
1719_798,8189_20260606_194_3_5,194_3,0,38.788028717041016,-9.1456298828125,28,IN_TRANSIT_TO,2026-07-08 06:16:26,6010,1719,25-AS-31,POINT (-9.1456298828125 38.788028717041016)
2707_738,5520_20260606_117_0_3,117_0,0,38.75114822387695,-9.150500297546387,12,IN_TRANSIT_TO,2026-07-08 06:16:26,2008,2707,92-XQ-39,POINT (-9.150500297546387 38.75114822387695)
2687_738,5509_20260606_117_0_2,117_0,0,38.71577072143555,-9.159449577331543,26,IN_TRANSIT_TO,2026-07-08 06:16:38,8104,2687,93-XA-44,POINT (-9.159449577331543 38.71577072143555)
2232_724,4227_20260606_178_0_6,178_0,1,38.763919830322266,-9.198780059814453,1,IN_TRANSIT_TO,2026-07-08 06:16:08,13908,2232,06-23-XX,POINT (-9.198780059814453 38.763919830322266)
2274_724,4220_20260606_178_0_4,178_0,1,38.754398345947266,-9.195929527282715,7,IN_TRANSIT_TO,2026-07-08 06:16:19,10909,2274,76-79-ZG,POINT (-9.195929527282715 38.754398345947266)
2253_724,4219_20260606_178_0_2,178_0,1,38.72447967529297,-9.192819595336914,21,IN_TRANSIT_TO,2026-07-08 06:16:10,8702,2253,80-52-ZE,POINT (-9.192819595336914 38.72447967529297)
4617_728,4672_20260606_204_0_3,204_0,1,38.706298828125,-9.145330429077148,34,IN_TRANSIT_TO,2026-07-08 06:16:20,3820,4617,22-GP-51,POINT (-9.145330429077148 38.706298828125)
4804_728,4676_20260606_204_0_3,204_0,1,38.70989990234375,-9.128600120544434,30,IN_TRANSIT_TO,2026-07-08 06:16:35,8204,4804,53-VR-07,POINT (-9.128600120544434 38.70989990234375)
4816_728,4704_20260606_204_0_3,204_0,1,38.76850128173828,-9.098369598388672,9,IN_TRANSIT_TO,2026-07-08 06:16:24,7805,4816,34-VR-17,POINT (-9.098369598388672 38.76850128173828)
4606_728,4703_20260606_204_0_3,204_0,1,38.75093078613281,-9.09611988067627,15,IN_TRANSIT_TO,2026-07-08 06:16:18,2307,4606,96-GL-83,POINT (-9.09611988067627 38.75093078613281)
2800_727,4533_20260606_103_0_2,103_0,0,38.749271392822266,-9.142729759216309,4,IN_TRANSIT_TO,2026-07-08 06:16:33,205,2800,AJ-54-LI,POINT (-9.142729759216309 38.749271392822266)
2346_727,4525_20260606_103_0_2,103_0,0,38.72652053833008,-9.149430274963379,12,IN_TRANSIT_TO,2026-07-08 06:16:38,1702,2346,62-93-ZG,POINT (-9.149430274963379 38.72652053833008)
2785_727,4489_20260606_103_0_2,103_0,0,38.69768142700195,-9.20438003540039,37,IN_TRANSIT_TO,2026-07-08 06:16:30,4112,2785,AI-05-BT,POINT (-9.20438003540039 38.69768142700195)
2775_727,4509_20260606_103_0_2,103_0,0,38.70444869995117,-9.166230201721191,26,IN_TRANSIT_TO,2026-07-08 06:16:26,10212,2775,AH-31-ND,POINT (-9.166230201721191 38.70444869995117)
2735_755,6656_20260606_118_0_5,118_0,1,38.741798400878906,-9.167630195617676,2,IN_TRANSIT_TO,2026-07-08 06:16:33,1603,2735,AG-37-EI,POINT (-9.167630195617676 38.741798400878906)
2764_755,6678_20260606_118_0_2,118_0,1,38.741878509521484,-9.168680191040039,0,IN_TRANSIT_TO,2026-07-08 06:16:25,,2764,AH-29-ND,POINT (-9.168680191040039 38.741878509521484)
1749_755,6634_20260606_118_0_3,118_0,1,38.74436950683594,-9.102219581604004,38,IN_TRANSIT_TO,2026-07-08 06:16:19,2213,1749,92-HR-06,POINT (-9.102219581604004 38.74436950683594)
1741_755,6637_20260606_118_0_2,118_0,1,38.75120162963867,-9.124899864196777,17,IN_TRANSIT_TO,2026-07-08 06:16:36,14725,1741,08-HN-24,POINT (-9.124899864196777 38.75120162963867)
2647_793,7975_20260606_145_0_4,145_0,1,38.73619842529297,-9.11322021484375,24,IN_TRANSIT_TO,2026-07-08 06:16:32,17580,2647,75-VS-45,POINT (-9.11322021484375 38.73619842529297)
2643_793,7985_20260606_145_0_5,145_0,1,38.73923110961914,-9.127530097961426,4,IN_TRANSIT_TO,2026-07-08 06:16:30,9008,2643,75-VS-44,POINT (-9.127530097961426 38.73923110961914)
4810_728,4616_20260606_204_0_4,204_0,0,38.696250915527344,-9.19832992553711,12,IN_TRANSIT_TO,2026-07-08 06:16:22,4101,4810,20-VQ-60,POINT (-9.19832992553711 38.696250915527344)
4808_728,4612_20260606_204_0_4,204_0,0,38.70637130737305,-9.150050163269043,17,IN_TRANSIT_TO,2026-07-08 06:16:29,3901,4808,20-VQ-73,POINT (-9.150050163269043 38.70637130737305)
4820_728,4596_20260606_204_0_2,204_0,0,38.710670471191406,-9.127229690551758,23,IN_TRANSIT_TO,2026-07-08 06:16:28,8201,4820,20-VQ-62,POINT (-9.127229690551758 38.710670471191406)
2842_728,4572_20260606_204_0_2,204_0,0,38.78382110595703,-9.112369537353516,52,IN_TRANSIT_TO,2026-07-08 06:16:31,12610,2842,BF-56-FZ,POINT (-9.112369537353516 38.78382110595703)
4809_728,4576_20260606_204_0_4,204_0,0,38.77280044555664,-9.104619979858398,44,IN_TRANSIT_TO,2026-07-08 06:16:28,7803,4809,20-VQ-67,POINT (-9.104619979858398 38.77280044555664)
4806_728,4592_20260606_204_0_4,204_0,0,38.742618560791016,-9.102029800415039,32,IN_TRANSIT_TO,2026-07-08 06:16:34,12509,4806,20-VQ-74,POINT (-9.102029800415039 38.742618560791016)
2634_722,4123_20260606_196_0_2,196_0,0,38.77579879760742,-9.110300064086914,30,IN_TRANSIT_TO,2026-07-08 06:16:34,12301,2634,52-VP-85,POINT (-9.110300064086914 38.77579879760742)
2638_722,4126_20260606_196_0_3,196_0,0,38.734901428222656,-9.14503002166748,6,IN_TRANSIT_TO,2026-07-08 06:16:31,1807,2638,87-VS-48,POINT (-9.14503002166748 38.734901428222656)
2703_764,7150_20260606_168_0_3,168_0,1,38.759971618652344,-9.182570457458496,22,IN_TRANSIT_TO,2026-07-08 06:16:24,12823,2703,92-XQ-24,POINT (-9.182570457458496 38.759971618652344)
2704_764,7157_20260606_168_0_4,168_0,1,38.7441291809082,-9.211020469665527,8,IN_TRANSIT_TO,2026-07-08 06:16:37,3017,2704,92-XQ-18,POINT (-9.211020469665527 38.7441291809082)
2692_764,7161_20260606_168_0_2,168_0,1,38.74686813354492,-9.220230102539062,0,IN_TRANSIT_TO,2026-07-08 06:16:35,,2692,90-XF-62,POINT (-9.220230102539062 38.74686813354492)
2286_768,7321_20260606_111_0_4,111_0,1,38.75027084350586,-9.180049896240234,13,IN_TRANSIT_TO,2026-07-08 06:16:36,13613,2286,67-42-ZJ,POINT (-9.180049896240234 38.75027084350586)
6001_732,5045_20260606_107_0_2,107_0,1,38.723148345947266,-9.148070335388184,34,IN_TRANSIT_TO,2026-07-08 06:16:28,1103,6001,99-XU-70,POINT (-9.148070335388184 38.723148345947266)
6023_732,5056_20260606_107_0_2,107_0,1,38.70627975463867,-9.14501953125,28,IN_TRANSIT_TO,2026-07-08 06:16:27,3803,6023,BF-03-BD,POINT (-9.14501953125 38.70627975463867)
6048_732,5077_20260606_107_0_2,107_0,1,38.714500427246094,-9.214579582214355,2,IN_TRANSIT_TO,2026-07-08 06:16:25,10403,6048,BH-46-IR,POINT (-9.214579582214355 38.714500427246094)
6025_732,5063_20260606_107_0_2,107_0,1,38.69805145263672,-9.19124984741211,17,IN_TRANSIT_TO,2026-07-08 06:16:26,9509,6025,BF-92-AX,POINT (-9.19124984741211 38.69805145263672)
2758_735,5262_20260606_172_0_3,172_0,0,38.73278045654297,-9.130470275878906,18,IN_TRANSIT_TO,2026-07-08 06:16:13,501,2758,AH-36-ND,POINT (-9.130470275878906 38.73278045654297)
2754_735,5250_20260606_172_0_3,172_0,0,38.75144958496094,-9.159130096435547,31,IN_TRANSIT_TO,2026-07-08 06:16:20,5701,2754,AG-01-TH,POINT (-9.159130096435547 38.75144958496094)
2482_726,4288_20260606_116_0_3,116_0,0,38.75722122192383,-9.17827033996582,23,IN_TRANSIT_TO,2026-07-08 06:16:09,13606,2482,55-BH-02,POINT (-9.17827033996582 38.75722122192383)
2466_726,4310_20260606_116_0_3,116_0,0,38.72154998779297,-9.129630088806152,2,IN_TRANSIT_TO,2026-07-08 06:16:20,9105,2466,16-AZ-16,POINT (-9.129630088806152 38.72154998779297)
6034_726,4291_20260606_116_0_3,116_0,0,38.73802947998047,-9.149999618530273,12,IN_TRANSIT_TO,2026-07-08 06:16:23,1407,6034,BF-61-AX,POINT (-9.149999618530273 38.73802947998047)
2233_724,4197_20260606_178_0_5,178_0,0,38.726200103759766,-9.195420265197754,8,IN_TRANSIT_TO,2026-07-08 06:16:18,8713,2233,06-38-XX,POINT (-9.195420265197754 38.726200103759766)
6038_724,4228_20260606_178_0_3,178_0,0,38.75463104248047,-9.198129653930664,22,IN_TRANSIT_TO,2026-07-08 06:16:35,10910,6038,BG-46-LV,POINT (-9.198129653930664 38.75463104248047)
2410_747,6123_20260606_177_0_3,177_0,0,38.7670783996582,-9.181670188903809,12,IN_TRANSIT_TO,2026-07-08 06:16:29,12810,2410,92-AO-46,POINT (-9.181670188903809 38.7670783996582)
2451_729,4806_20260606_104_0_3,104_0,1,38.760528564453125,-9.194250106811523,35,IN_TRANSIT_TO,2026-07-08 06:16:34,12822,2451,75-AQ-16,POINT (-9.194250106811523 38.760528564453125)
2483_729,4818_20260606_104_0_3,104_0,1,38.728050231933594,-9.197099685668945,21,IN_TRANSIT_TO,2026-07-08 06:16:13,8713,2483,74-BC-66,POINT (-9.197099685668945 38.728050231933594)
2477_729,4826_20260606_104_0_3,104_0,1,38.695030212402344,-9.215869903564453,3,IN_TRANSIT_TO,2026-07-08 06:16:14,13203,2477,91-BE-73,POINT (-9.215869903564453 38.695030212402344)
2243_768,7336_20260606_111_0_4,111_0,0,38.748199462890625,-9.165630340576172,3,IN_TRANSIT_TO,2026-07-08 06:16:25,12706,2243,22-36-ZB,POINT (-9.165630340576172 38.748199462890625)
2256_768,7327_20260606_111_0_3,111_0,0,38.76974868774414,-9.190899848937988,24,IN_TRANSIT_TO,2026-07-08 06:16:23,50512,2256,80-53-ZE,POINT (-9.190899848937988 38.76974868774414)
4645_736,5403_20260606_199_0_3,199_0,0,38.76097106933594,-9.157119750976562,16,IN_TRANSIT_TO,2026-07-08 06:16:37,5807,4645,98-JO-46,POINT (-9.157119750976562 38.76097106933594)
4634_736,5386_20260606_199_0_3,199_0,0,38.78837966918945,-9.169130325317383,25,IN_TRANSIT_TO,2026-07-08 06:16:32,7207,4634,11-JM-78,POINT (-9.169130325317383 38.78837966918945)
4636_736,5411_20260606_199_0_3,199_0,0,38.74549865722656,-9.147419929504395,10,IN_TRANSIT_TO,2026-07-08 06:16:32,2021,4636,90-JI-97,POINT (-9.147419929504395 38.74549865722656)
4831_736,5420_20260606_199_0_5,199_0,0,38.73278045654297,-9.145770072937012,6,IN_TRANSIT_TO,2026-07-08 06:16:21,1703,4831,20-VQ-61,POINT (-9.145770072937012 38.73278045654297)
2672_717,3791_20260606_170_0_3,170_0,0,38.784671783447266,-9.142919540405273,31,IN_TRANSIT_TO,2026-07-08 06:16:21,6014,2672,87-XB-44,POINT (-9.142919540405273 38.784671783447266)
2673_717,3813_20260606_170_0_3,170_0,0,38.774620056152344,-9.147419929504395,24,IN_TRANSIT_TO,2026-07-08 06:16:28,11501,2673,87-XB-37,POINT (-9.147419929504395 38.774620056152344)
1745_717,3835_20260606_170_0_4,170_0,0,38.74922180175781,-9.129730224609375,5,IN_TRANSIT_TO,2026-07-08 06:16:11,313,1745,92-HR-02,POINT (-9.129730224609375 38.74922180175781)
2674_717,3834_20260606_170_0_4,170_0,0,38.76036834716797,-9.15697956085205,15,IN_TRANSIT_TO,2026-07-08 06:16:20,5805,2674,87-XB-38,POINT (-9.15697956085205 38.76036834716797)
2612_781,7753_20260606_151_0_2,151_0,0,38.781829833984375,-9.120499610900879,26,IN_TRANSIT_TO,2026-07-08 06:16:37,12601,2612,66-VI-29,POINT (-9.120499610900879 38.781829833984375)
2626_781,7758_20260606_151_0_2,151_0,0,38.76192855834961,-9.110150337219238,16,IN_TRANSIT_TO,2026-07-08 06:16:30,8414,2626,52-VP-86,POINT (-9.110150337219238 38.76192855834961)
2661_781,7719_20260606_151_0_3,151_0,0,38.711978912353516,-9.124529838562012,4,IN_TRANSIT_TO,2026-07-08 06:16:24,4505,2661,05-VZ-58,POINT (-9.124529838562012 38.711978912353516)
2640_781,7724_20260606_151_0_3,151_0,0,38.70587921142578,-9.14307975769043,0,IN_TRANSIT_TO,2026-07-08 06:16:30,,2640,75-VS-43,POINT (-9.14307975769043 38.70587921142578)
2206_783,7804_20260606_203_0_3,203_0,0,38.738800048828125,-9.145970344543457,8,IN_TRANSIT_TO,2026-07-08 06:16:14,1809,2206,01-67-XO,POINT (-9.145970344543457 38.738800048828125)
4623_783,7850_20260606_203_0_3,203_0,0,38.767818450927734,-9.128700256347656,19,IN_TRANSIT_TO,2026-07-08 06:16:26,7601,4623,27-JO-12,POINT (-9.128700256347656 38.767818450927734)
1724_783,7840_20260606_203_3_3,203_3,0,38.74620056152344,-9.14762020111084,13,IN_TRANSIT_TO,2026-07-08 06:16:37,2021,1724,25-AS-36,POINT (-9.14762020111084 38.74620056152344)
2679_742,5772_20260606_114_0_4,114_0,1,38.70785140991211,-9.172249794006348,21,IN_TRANSIT_TO,2026-07-08 06:16:21,9402,2679,93-XA-34,POINT (-9.172249794006348 38.70785140991211)
2221_742,5773_20260606_114_0_3,114_0,1,38.711181640625,-9.17240047454834,22,IN_TRANSIT_TO,2026-07-08 06:16:35,9404,2221,07-95-XS,POINT (-9.17240047454834 38.711181640625)
2748_742,5779_20260606_114_0_2,114_0,1,38.70344924926758,-9.191619873046875,15,IN_TRANSIT_TO,2026-07-08 06:16:32,13405,2748,AG-96-TG,POINT (-9.191619873046875 38.70344924926758)
2745_742,5764_20260606_114_0_2,114_0,1,38.725669860839844,-9.118780136108398,48,IN_TRANSIT_TO,2026-07-08 06:16:29,9801,2745,AG-06-TH,POINT (-9.118780136108398 38.725669860839844)
2262_742,5661_20260606_114_0_4,114_0,1,38.71062088012695,-9.193699836730957,4,IN_TRANSIT_TO,2026-07-08 06:16:08,50139,2262,80-48-ZE,POINT (-9.193699836730957 38.71062088012695)
2273_799,8221_20260606_120_0_3,120_0,0,38.737518310546875,-9.216400146484375,15,IN_TRANSIT_TO,2026-07-08 06:16:33,50052,2273,76-81-ZG,POINT (-9.216400146484375 38.737518310546875)
5208_714,3694_20260606_102_0_3,102_0,0,38.728721618652344,-9.211930274963379,31,IN_TRANSIT_TO,2026-07-08 06:16:37,18102,5208,CA-73-BZ,POINT (-9.211930274963379 38.728721618652344)
2316_714,3675_20260606_102_0_3,102_0,0,38.72064971923828,-9.219320297241211,34,IN_TRANSIT_TO,2026-07-08 06:16:25,18708,2316,61-87-ZB,POINT (-9.219320297241211 38.72064971923828)
5204_714,17756_20260606_102_0_3,102_0,0,38.703819274902344,-9.161999702453613,4,IN_TRANSIT_TO,2026-07-08 06:16:31,3926,5204,CA-76-BZ,POINT (-9.161999702453613 38.703819274902344)
5211_714,3702_20260606_102_0_3,102_0,0,38.706180572509766,-9.175600051879883,12,IN_TRANSIT_TO,2026-07-08 06:16:22,12110,5211,CA-72-XH,POINT (-9.175600051879883 38.706180572509766)
2821_753,6551_20260606_167_0_3,167_0,0,38.72555160522461,-9.151049613952637,3,IN_TRANSIT_TO,2026-07-08 06:16:23,1202,2821,BF-71-FZ,POINT (-9.151049613952637 38.72555160522461)
2827_753,6550_20260606_167_0_5,167_0,0,38.72431945800781,-9.16100025177002,6,IN_TRANSIT_TO,2026-07-08 06:16:28,8501,2827,BF-61-FZ,POINT (-9.16100025177002 38.72431945800781)
2829_753,6562_20260606_167_0_5,167_0,0,38.72697830200195,-9.14622974395752,2,IN_TRANSIT_TO,2026-07-08 06:16:32,6602,2829,BF-58-FZ,POINT (-9.14622974395752 38.72697830200195)
2832_753,6539_20260606_167_0_5,167_0,0,38.68233108520508,-9.175569534301758,7,IN_TRANSIT_TO,2026-07-08 06:16:24,8607,2832,BF-68-FZ,POINT (-9.175569534301758 38.68233108520508)
2623_718,3965_20260606_105_0_3,105_0,1,38.73683166503906,-9.133970260620117,4,IN_TRANSIT_TO,2026-07-08 06:16:18,402,2623,66-VI-26,POINT (-9.133970260620117 38.73683166503906)
2607_718,3954_20260606_105_0_3,105_0,1,38.744571685791016,-9.102100372314453,22,IN_TRANSIT_TO,2026-07-08 06:16:24,12523,2607,AA-95-TQ,POINT (-9.102100372314453 38.744571685791016)
2760_749,59005_20260606_195_5_3,195_5,1,38.747718811035156,-9.147979736328125,3,IN_TRANSIT_TO,2026-07-08 06:16:24,2022,2760,AH-35-ND,POINT (-9.147979736328125 38.747718811035156)
2681_748,6159_20260606_169_0_5,169_0,0,38.72840118408203,-9.211230278015137,6,IN_TRANSIT_TO,2026-07-08 06:16:34,18102,2681,93-XA-41,POINT (-9.211230278015137 38.72840118408203)
5221_748,6131_20260606_169_0_3,169_0,0,38.72515106201172,-9.153420448303223,2,IN_TRANSIT_TO,2026-07-08 06:16:28,1209,5221,CE-54-ML,POINT (-9.153420448303223 38.72515106201172)
4830_751,6504_20260606_109_0_3,109_0,0,38.73133087158203,-9.16847038269043,0,IN_TRANSIT_TO,2026-07-08 06:16:31,,4830,20-VQ-63,POINT (-9.16847038269043 38.73133087158203)
4821_751,6461_20260606_109_0_2,109_0,0,38.70227813720703,-9.180700302124023,9,IN_TRANSIT_TO,2026-07-08 06:16:33,12121,4821,20-VQ-68,POINT (-9.180700302124023 38.70227813720703)
4823_751,6489_20260606_109_0_4,109_0,0,38.71836853027344,-9.175029754638672,4,IN_TRANSIT_TO,2026-07-08 06:16:30,11902,4823,53-VR-09,POINT (-9.175029754638672 38.71836853027344)
2844_751,6439_20260606_109_0_5,109_0,0,38.70029830932617,-9.210479736328125,18,IN_TRANSIT_TO,2026-07-08 06:16:32,9614,2844,BF-73-FZ,POINT (-9.210479736328125 38.70029830932617)
2291_731,4995_20260606_190_0_2,190_0,1,38.75846862792969,-9.14050006866455,22,IN_TRANSIT_TO,2026-07-08 06:16:23,11308,2291,92-56-ZM,POINT (-9.14050006866455 38.75846862792969)
2290_731,5013_20260606_190_0_4,190_0,1,38.7747688293457,-9.108650207519531,12,IN_TRANSIT_TO,2026-07-08 06:16:12,7810,2290,92-55-ZM,POINT (-9.108650207519531 38.7747688293457)
2250_731,19403_10101_190_0_8,190_0,1,38.78303146362305,-9.114009857177734,3,IN_TRANSIT_TO,2024-08-10 10:41:27,12610,2250,80-41-ZE,POINT (-9.114009857177734 38.78303146362305)
269_61B,21519_20260606_241_0_2,241_0,0,38.73685073852539,-9.169219970703125,15,IN_TRANSIT_TO,2026-07-08 06:16:36,2712,269,AG-25-NH,POINT (-9.169219970703125 38.73685073852539)
2978_702,3058_20260606_146_0_5,146_0,0,38.72563171386719,-9.157230377197266,1,IN_TRANSIT_TO,2026-07-08 06:16:17,50188,2978,29-VM-92,POINT (-9.157230377197266 38.72563171386719)
2615_705,3194_20260606_176_0_2,176_0,0,38.781978607177734,-9.12073040008545,11,IN_TRANSIT_TO,2026-07-08 06:16:31,12601,2615,66-VI-27,POINT (-9.12073040008545 38.781978607177734)
2648_793,7996_20260606_145_0_4,145_0,0,38.742401123046875,-9.118880271911621,23,IN_TRANSIT_TO,2026-07-08 06:16:31,3609,2648,75-VS-46,POINT (-9.118880271911621 38.742401123046875)
2655_793,8006_20260606_145_0_4,145_0,0,38.73627853393555,-9.113149642944336,6,IN_TRANSIT_TO,2026-07-08 06:16:30,17572,2655,05-VZ-67,POINT (-9.113149642944336 38.73627853393555)
6047_760,7092_20260606_171_3_4,171_3,0,38.70642852783203,-9.152179718017578,13,IN_TRANSIT_TO,2026-07-08 06:16:28,7102,6047,BH-20-IP,POINT (-9.152179718017578 38.70642852783203)
2954_40B,17557_20260606_212_0_2,212_0,0,38.78852081298828,-9.161629676818848,1,IN_TRANSIT_TO,2026-07-08 06:16:16,50103,2954,62-GQ-56,POINT (-9.161629676818848 38.78852081298828)
2652_725,4251_20260606_197_0_5,197_0,0,38.781429290771484,-9.119600296020508,10,IN_TRANSIT_TO,2026-07-08 06:16:33,12601,2652,05-VZ-61,POINT (-9.119600296020508 38.781429290771484)
2944_702,3071_20260606_146_0_2,146_0,1,38.73257827758789,-9.171770095825195,2,IN_TRANSIT_TO,2026-07-08 06:16:08,2709,2944,75-GO-13,POINT (-9.171770095825195 38.73257827758789)
2979_702,3064_20260606_146_0_10,146_0,1,38.727699279785156,-9.16077995300293,10,IN_TRANSIT_TO,2026-07-08 06:16:26,6101,2979,30-VM-17,POINT (-9.16077995300293 38.727699279785156)
277_73B,18772_20260606_220_0_2,220_0,0,38.69865036010742,-9.187350273132324,2,IN_TRANSIT_TO,2026-07-08 06:16:28,9504,277,AH-13-TB,POINT (-9.187350273132324 38.69865036010742)
2799_711,3504_20260606_101_0_1,101_0,1,38.72352981567383,-9.14857006072998,29,IN_TRANSIT_TO,2026-07-08 06:16:27,50197,2799,AJ-52-LI,POINT (-9.14857006072998 38.72352981567383)
2701_711,3506_20260606_101_0_3,101_0,1,38.72642135620117,-9.19402027130127,19,IN_TRANSIT_TO,2026-07-08 06:16:27,8704,2701,92-XQ-35,POINT (-9.19402027130127 38.72642135620117)
2798_711,3514_20260606_101_0_4,101_0,1,38.7504997253418,-9.211119651794434,6,IN_TRANSIT_TO,2026-07-08 06:16:29,3003,2798,AJ-56-LI,POINT (-9.211119651794434 38.7504997253418)
2708_713,3610_20260606_122_0_4,122_0,1,38.712398529052734,-9.156229972839355,18,IN_TRANSIT_TO,2026-07-08 06:16:34,6708,2708,92-XQ-32,POINT (-9.156229972839355 38.712398529052734)
5219_713,3616_20260606_122_0_4,122_0,1,38.717681884765625,-9.175180435180664,4,IN_TRANSIT_TO,2026-07-08 06:16:11,11902,5219,CA-79-BZ,POINT (-9.175180435180664 38.717681884765625)
2786_713,3609_20260606_122_0_4,122_0,1,38.734779357910156,-9.152429580688477,32,IN_TRANSIT_TO,2026-07-08 06:16:07,1414,2786,AI-52-TL,POINT (-9.152429580688477 38.734779357910156)
2490_726,4343_20260606_116_0_2,116_0,1,38.73789978027344,-9.155380249023438,21,IN_TRANSIT_TO,2026-07-08 06:16:35,1504,2490,55-BH-01,POINT (-9.155380249023438 38.73789978027344)
2473_726,4330_20260606_116_0_2,116_0,1,38.72608184814453,-9.134300231933594,30,IN_TRANSIT_TO,2026-07-08 06:16:35,604,2473,74-BC-68,POINT (-9.134300231933594 38.72608184814453)
2459_726,4346_20260606_116_0_4,116_0,1,38.75828170776367,-9.179949760437012,9,IN_TRANSIT_TO,2026-07-08 06:16:24,13607,2459,74-BC-74,POINT (-9.179949760437012 38.75828170776367)
2618_26B,17509_20260606_208_0_2,208_0,1,38.77497863769531,-9.09922981262207,15,IN_TRANSIT_TO,2026-07-08 06:16:27,7910,2618,66-VI-42,POINT (-9.09922981262207 38.77497863769531)
4625_783,7839_20260606_203_0_2,203_0,1,38.768680572509766,-9.127779960632324,12,IN_TRANSIT_TO,2026-07-08 06:16:36,7602,4625,90-JI-92,POINT (-9.127779960632324 38.768680572509766)
1714_783,7824_20260606_203_0_4,203_0,1,38.74348068237305,-9.147299766540527,21,IN_TRANSIT_TO,2026-07-08 06:16:26,2019,1714,69-AL-77,POINT (-9.147299766540527 38.74348068237305)
2763_783,7823_20260606_203_0_2,203_0,1,38.72600173950195,-9.15054988861084,27,IN_TRANSIT_TO,2026-07-08 06:16:27,1206,2763,AH-23-ND,POINT (-9.15054988861084 38.72600173950195)
2443_767,7265_20260606_112_0_3,112_0,0,38.760501861572266,-9.1560697555542,19,IN_TRANSIT_TO,2026-07-08 06:16:35,5825,2443,29-AX-05,POINT (-9.1560697555542 38.760501861572266)
2437_767,7273_20260606_112_0_3,112_0,0,38.73400115966797,-9.141400337219238,5,IN_TRANSIT_TO,2026-07-08 06:16:19,6502,2437,29-AX-09,POINT (-9.141400337219238 38.73400115966797)
2951_32B,17547_20260606_211_0_2,211_0,0,38.746620178222656,-9.10789966583252,23,IN_TRANSIT_TO,2026-07-08 06:16:15,2210,2951,62-GQ-53,POINT (-9.10789966583252 38.746620178222656)
2733_720,4058_20260606_143_0_2,143_0,0,38.7392692565918,-9.13362979888916,7,IN_TRANSIT_TO,2026-07-08 06:16:33,404,2733,AG-41-EI,POINT (-9.13362979888916 38.7392692565918)
1763_720,4039_20260606_143_0_5,143_0,0,38.725799560546875,-9.149230003356934,14,IN_TRANSIT_TO,2026-07-08 06:16:23,1202,1763,63-HX-25,POINT (-9.149230003356934 38.725799560546875)
2738_720,4097_20260606_143_0_4,143_0,0,38.715721130371094,-9.15958023071289,19,IN_TRANSIT_TO,2026-07-08 06:16:34,8104,2738,AG-46-EI,POINT (-9.15958023071289 38.715721130371094)
225_773,7403_20260606_124_0_7,124_0,0,38.72037887573242,-9.153630256652832,0,IN_TRANSIT_TO,2026-07-08 06:16:12,,225,84-37-XQ,POINT (-9.153630256652832 38.72037887573242)
415_773,7384_20260606_124_0_5,124_0,0,38.71337890625,-9.153249740600586,8,IN_TRANSIT_TO,2026-07-08 06:16:31,6704,415,CH-54-FD,POINT (-9.153249740600586 38.71337890625)
208_773,7373_20260606_124_0_3,124_0,0,38.70872116088867,-9.17140007019043,22,IN_TRANSIT_TO,2026-07-08 06:16:35,50080,208,33-47-XH,POINT (-9.17140007019043 38.70872116088867)
278_76B,18629_20260606_219_0_2,219_0,0,38.7076301574707,-9.19612979888916,10,IN_TRANSIT_TO,2026-07-08 06:16:28,10303,278,AI-39-FG,POINT (-9.19612979888916 38.7076301574707)
417_37B,18838_20260606_224_0_2,224_0,0,38.73746871948242,-9.127579689025879,16,IN_TRANSIT_TO,2026-07-08 06:14:57,9002,417,CH-51-FE,POINT (-9.127579689025879 38.73746871948242)
265_776,7475_20260606_193_0_10,193_0,0,38.70117950439453,-9.250399589538574,6,IN_TRANSIT_TO,2026-07-08 06:06:56,50717,265,AG-40-OV,POINT (-9.250399589538574 38.70117950439453)
263_776,7488_20260606_193_0_6,193_0,0,38.698150634765625,-9.227080345153809,1,IN_TRANSIT_TO,2026-07-08 06:16:21,4220,263,AG-26-NH,POINT (-9.227080345153809 38.698150634765625)
2986_34B,19140_20260606_226_0_2,226_0,0,38.7318000793457,-9.113849639892578,15,IN_TRANSIT_TO,2026-07-08 06:16:38,17567,2986,30-VM-12,POINT (-9.113849639892578 38.7318000793457)
2742_708,3305_20260606_100_0_3,100_0,0,38.76498031616211,-9.116169929504395,39,IN_TRANSIT_TO,2026-07-08 06:16:29,50303,2742,AG-94-TG,POINT (-9.116169929504395 38.76498031616211)
2220_708,3343_20260606_100_0_4,100_0,0,38.78321838378906,-9.094050407409668,35,IN_TRANSIT_TO,2026-07-08 06:16:25,50130,2220,07-96-XS,POINT (-9.094050407409668 38.78321838378906)
1765_708,3354_20260606_100_0_4,100_0,0,38.75822830200195,-9.111800193786621,19,IN_TRANSIT_TO,2026-07-08 06:16:23,8409,1765,63-HX-28,POINT (-9.111800193786621 38.75822830200195)
2304_708,3280_20260606_100_0_4,100_0,0,38.72589874267578,-9.135180473327637,5,IN_TRANSIT_TO,2026-07-08 06:16:30,607,2304,83-10-ZM,POINT (-9.135180473327637 38.72589874267578)
2259_771,21935_20260606_248_0_2,248_0,0,38.739200592041016,-9.168219566345215,3,IN_TRANSIT_TO,2026-07-08 06:16:06,2712,2259,67-44-ZJ,POINT (-9.168219566345215 38.739200592041016)
2258_771,21931_20260606_248_0_4,248_0,0,38.72576904296875,-9.160530090332031,9,IN_TRANSIT_TO,2026-07-08 06:16:31,6120,2258,53-58-ZJ,POINT (-9.160530090332031 38.72576904296875)
2496_716,3749_20260606_164_0_4,164_0,1,38.73625183105469,-9.149470329284668,21,IN_TRANSIT_TO,2026-07-08 06:16:23,1412,2496,88-BL-70,POINT (-9.149470329284668 38.73625183105469)
2422_716,3750_20260606_164_0_6,164_0,1,38.73979949951172,-9.151200294494629,19,IN_TRANSIT_TO,2026-07-08 06:16:25,33101,2422,29-AU-17,POINT (-9.151200294494629 38.73979949951172)
2690_738,5551_20260606_117_0_2,117_0,1,38.71076965332031,-9.16493034362793,9,IN_TRANSIT_TO,2026-07-08 06:16:16,10101,2690,99-XE-57,POINT (-9.16493034362793 38.71076965332031)
2696_738,5536_20260606_117_0_2,117_0,1,38.72854995727539,-9.147979736328125,17,IN_TRANSIT_TO,2026-07-08 06:16:24,1205,2696,90-XF-63,POINT (-9.147979736328125 38.72854995727539)
2684_738,5525_20260606_117_0_2,117_0,1,38.75014877319336,-9.159330368041992,29,IN_TRANSIT_TO,2026-07-08 06:16:27,13507,2684,99-XE-59,POINT (-9.159330368041992 38.75014877319336)
2611_718,3932_20260606_105_0_2,105_0,0,38.736419677734375,-9.103429794311523,13,IN_TRANSIT_TO,2026-07-08 06:16:39,12510,2611,66-VI-38,POINT (-9.103429794311523 38.736419677734375)
2620_718,3970_20260606_105_0_2,105_0,0,38.74300003051758,-9.133620262145996,30,IN_TRANSIT_TO,2026-07-08 06:16:37,411,2620,66-VI-33,POINT (-9.133620262145996 38.74300003051758)
2976_730,4955_20260606_198_0_2,198_0,0,38.72962188720703,-9.14346981048584,24,IN_TRANSIT_TO,2026-07-08 06:16:28,1707,2976,30-VM-00,POINT (-9.14346981048584 38.72962188720703)
2969_730,4959_20260606_198_0_4,198_0,0,38.73817825317383,-9.12578010559082,8,IN_TRANSIT_TO,2026-07-08 06:16:24,8905,2969,30-VM-09,POINT (-9.12578010559082 38.73817825317383)
282_64B,42865_20260606_238_0_2,238_0,0,38.71794891357422,-9.17455005645752,8,IN_TRANSIT_TO,2026-07-08 06:16:36,50487,282,AI-47-OJ,POINT (-9.17455005645752 38.71794891357422)
280_61B,21529_20260606_241_0_2,241_0,1,38.73147964477539,-9.162529945373535,9,IN_TRANSIT_TO,2026-07-08 06:16:37,6124,280,AI-46-OJ,POINT (-9.162529945373535 38.73147964477539)
2965_55B,21533_20260606_240_0_2,240_0,0,38.760780334472656,-9.184229850769043,17,IN_TRANSIT_TO,2026-07-08 06:16:37,50690,2965,29-VM-97,POINT (-9.184229850769043 38.760780334472656)
1705_755,6692_20260606_118_0_4,118_0,0,38.75434875488281,-9.13010025024414,27,IN_TRANSIT_TO,2026-07-08 06:16:32,50229,1705,69-AL-68,POINT (-9.13010025024414 38.75434875488281)
1773_755,6693_20260606_118_0_4,118_0,0,38.74787902832031,-9.11240005493164,12,IN_TRANSIT_TO,2026-07-08 06:16:27,3705,1773,53-HX-06,POINT (-9.11240005493164 38.74787902832031)
206_49B,22212_20260606_251_0_2,251_0,0,38.73925018310547,-9.126370429992676,11,IN_TRANSIT_TO,2026-07-08 06:16:35,8910,206,33-49-XH,POINT (-9.126370429992676 38.73925018310547)
2296_731,5021_20260606_190_0_3,190_0,0,38.76266860961914,-9.119400024414062,21,IN_TRANSIT_TO,2026-07-08 06:16:19,8401,2296,92-51-ZM,POINT (-9.119400024414062 38.76266860961914)
2288_731,4973_20260606_190_0_3,190_0,0,38.74250030517578,-9.156829833984375,5,IN_TRANSIT_TO,2026-07-08 06:16:12,3301,2288,92-59-ZM,POINT (-9.156829833984375 38.74250030517578)
608_15E,11277_20260606_76_0_4,76_0,1,38.71002960205078,-9.136529922485352,22,IN_TRANSIT_TO,2026-07-08 06:16:25,5512,608,,POINT (-9.136529922485352 38.71002960205078)
606_15E,11287_20260606_76_0_4,76_0,1,38.70375061035156,-9.172030448913574,15,IN_TRANSIT_TO,2026-07-08 06:16:28,4001,606,,POINT (-9.172030448913574 38.70375061035156)
602_15E,11312_20260606_76_0_4,76_0,1,38.69504928588867,-9.215450286865234,5,IN_TRANSIT_TO,2026-07-08 06:16:23,13205,602,,POINT (-9.215450286865234 38.69504928588867)
615_15E,11185_20260606_76_0_2,76_0,1,38.69929885864258,-9.231249809265137,0,IN_TRANSIT_TO,2026-07-08 06:16:05,,615,,POINT (-9.231249809265137 38.69929885864258)
611_15E,11300_20260606_76_0_2,76_0,1,38.704429626464844,-9.175200462341309,14,IN_TRANSIT_TO,2026-07-08 06:16:34,12115,611,,POINT (-9.175200462341309 38.704429626464844)
557_25E,14254_20260606_79_0_3,79_0,1,38.70817184448242,-9.13677978515625,19,IN_TRANSIT_TO,2026-07-08 06:16:29,3824,557,,POINT (-9.13677978515625 38.70817184448242)
2997_72B,45263_20260606_279_0_2,279_0,0,38.74317169189453,-9.205780029296875,14,IN_TRANSIT_TO,2026-07-08 06:16:26,8814,2997,34-VN-03,POINT (-9.205780029296875 38.74317169189453)
2983_763,46416_20260606_282_0_2,282_0,1,38.75714874267578,-9.19402027130127,2,IN_TRANSIT_TO,2026-07-08 06:16:38,50242,2983,30-VM-08,POINT (-9.19402027130127 38.75714874267578)
2266_763,49568_20260606_282_0_4,282_0,1,38.77885055541992,-9.164819717407227,16,IN_TRANSIT_TO,2026-07-08 06:16:19,50644,2266,76-92-ZG,POINT (-9.164819717407227 38.77885055541992)
2953_31B,17537_20260606_210_0_2,210_0,0,38.740779876708984,-9.111949920654297,16,IN_TRANSIT_TO,2026-07-08 06:16:19,3701,2953,62-GQ-55,POINT (-9.111949920654297 38.740779876708984)
941_55E,71600_20260606_284_0_5,284_0,0,38.71672821044922,-9.132229804992676,0,IN_TRANSIT_TO,2026-07-08 06:16:30,,941,,POINT (-9.132229804992676 38.71672821044922)
552_25E,14262_20260606_79_0_2,79_0,0,38.70705032348633,-9.155119895935059,7,IN_TRANSIT_TO,2026-07-08 06:16:27,50225,552,,POINT (-9.155119895935059 38.70705032348633)
577_25E,14261_20260606_79_0_2,79_0,0,38.70690155029297,-9.155380249023438,7,IN_TRANSIT_TO,2026-07-08 06:16:11,50225,577,,POINT (-9.155380249023438 38.70690155029297)
551_28E,15072_20260606_75_0_2,75_0,0,38.713600158691406,-9.128600120544434,10,IN_TRANSIT_TO,2026-07-08 06:16:35,14802,551,,POINT (-9.128600120544434 38.713600158691406)
578_28E,15047_20260606_75_0_2,75_0,0,38.70817184448242,-9.14192008972168,19,IN_TRANSIT_TO,2026-07-08 06:16:17,10516,578,,POINT (-9.14192008972168 38.70817184448242)
581_28E,15035_20260606_75_0_2,75_0,0,38.71371841430664,-9.16012954711914,29,IN_TRANSIT_TO,2026-07-08 06:15:44,8112,581,,POINT (-9.16012954711914 38.71371841430664)
