id,trip_id,route_id,direction_id,latitude,longitude,current_stop_sequence,current_status,timestamp,stop_id,vehicle_id,license_plate,geometry
4645_750,6389_20250601_106_0_5,106_0,1,38.75603103637695,-9.104129791259766,34,IN_TRANSIT_TO,2025-06-17 09:38:58,2301,4645,98-JO-46,POINT (-9.104129791259766 38.75603103637695)
4648_750,6347_20250601_106_0_6,106_0,0,38.758079528808594,-9.161629676818848,16,IN_TRANSIT_TO,2025-06-17 09:39:02,5810,4648,98-JO-47,POINT (-9.161629676818848 38.758079528808594)
2793_712,3559_20250601_189_0_6,189_0,1,38.71636962890625,-9.172530174255371,6,IN_TRANSIT_TO,2025-06-17 09:38:54,9302,2793,AJ-58-LI,POINT (-9.172530174255371 38.71636962890625)
2302_742,5771_20250601_114_0_5,114_0,0,38.71992111206055,-9.169870376586914,32,IN_TRANSIT_TO,2025-06-17 09:38:57,8010,2302,83-08-ZM,POINT (-9.169870376586914 38.71992111206055)
2253_767,7283_20250601_112_0_3,112_0,0,38.7570686340332,-9.185569763183594,28,IN_TRANSIT_TO,2025-06-17 09:38:51,12824,2253,80-52-ZE,POINT (-9.185569763183594 38.7570686340332)
304_722,4128_20250601_196_0_6,196_0,1,38.72639846801758,-9.149580001831055,32,IN_TRANSIT_TO,2025-06-17 09:39:10,1206,304,22-SP-91,POINT (-9.149580001831055 38.72639846801758)
2992_52B,21672_20250601_244_0_6,244_0,0,38.74568176269531,-9.156279563903809,6,IN_TRANSIT_TO,2025-06-17 09:38:53,50542,2992,29-VM-95,POINT (-9.156279563903809 38.74568176269531)
558_25E,14266_20250601_79_0_3,79_0,1,38.70627975463867,-9.146149635314941,15,IN_TRANSIT_TO,2025-06-17 09:39:09,7101,558,,POINT (-9.146149635314941 38.70627975463867)
603_15E,11289_20250601_76_0_8,76_0,1,38.69738006591797,-9.199179649353027,7,IN_TRANSIT_TO,2025-06-17 09:39:09,9609,603,,POINT (-9.199179649353027 38.69738006591797)
2766_714,3660_20250601_102_0_7,102_0,0,38.69839859008789,-9.188420295715332,16,IN_TRANSIT_TO,2025-06-17 09:38:59,9506,2766,AH-40-ND,POINT (-9.188420295715332 38.69839859008789)
2250_731,19403_20240727_190_0_8,190_0,1,38.78303146362305,-9.114009857177734,3,IN_TRANSIT_TO,2024-08-10 10:41:27,12610,2250,80-41-ZE,POINT (-9.114009857177734 38.78303146362305)
4602_753,6563_20250601_167_0_10,167_0,1,38.727149963378906,-9.146369934082031,7,IN_TRANSIT_TO,2025-06-17 09:38:56,1201,4602,96-GL-80,POINT (-9.146369934082031 38.727149963378906)
6021_760,7078_20250601_171_0_7,171_0,0,38.707820892333984,-9.139129638671875,10,IN_TRANSIT_TO,2025-06-17 09:38:36,5502,6021,BD-91-QG,POINT (-9.139129638671875 38.707820892333984)
2292_724,4190_20250601_178_0_10,178_0,1,38.75791931152344,-9.204480171203613,2,IN_TRANSIT_TO,2025-06-17 09:39:08,13911,2292,83-16-ZM,POINT (-9.204480171203613 38.75791931152344)
612_15E,11250_20250601_76_0_6,76_0,1,38.70949935913086,-9.136380195617676,22,IN_TRANSIT_TO,2025-06-17 09:39:10,5512,612,,POINT (-9.136380195617676 38.70949935913086)
2256_716,3748_20250601_164_0_5,164_0,0,38.75014877319336,-9.195719718933105,21,IN_TRANSIT_TO,2025-06-17 09:39:10,10802,2256,80-53-ZE,POINT (-9.195719718933105 38.75014877319336)
2795_712,3548_20250601_189_0_6,189_0,1,38.71807098388672,-9.122819900512695,34,IN_TRANSIT_TO,2025-06-17 09:38:59,2126,2795,AJ-55-LI,POINT (-9.122819900512695 38.71807098388672)
2494_708,3278_20250601_100_0_7,100_0,1,38.76123046875,-9.120369911193848,27,IN_TRANSIT_TO,2025-06-17 09:39:06,8408,2494,88-BL-68,POINT (-9.120369911193848 38.76123046875)
2346_724,4224_20250601_178_0_11,178_0,0,38.723751068115234,-9.187479972839355,7,IN_TRANSIT_TO,2025-06-17 09:39:02,21307,2346,62-93-ZG,POINT (-9.187479972839355 38.723751068115234)
4617_728,4701_20250601_204_0_5,204_0,1,38.706268310546875,-9.145330429077148,34,IN_TRANSIT_TO,2025-06-17 09:39:10,3820,4617,22-GP-51,POINT (-9.145330429077148 38.706268310546875)
4620_750,6325_20250601_106_0_5,106_0,0,38.758731842041016,-9.15962028503418,16,IN_TRANSIT_TO,2025-06-17 09:39:02,5810,4620,22-GP-54,POINT (-9.15962028503418 38.758731842041016)
2955_40B,17569_20250601_212_0_7,212_0,0,38.775428771972656,-9.159500122070312,24,IN_TRANSIT_TO,2025-06-17 09:39:04,5920,2955,27-GU-70,POINT (-9.159500122070312 38.775428771972656)
2954_40B,17561_20250601_212_0_6,212_0,0,38.77082061767578,-9.161979675292969,28,IN_TRANSIT_TO,2025-06-17 09:38:58,5940,2954,62-GQ-56,POINT (-9.161979675292969 38.77082061767578)
4642_750,6371_20250601_106_0_5,106_0,0,38.758148193359375,-9.141449928283691,11,IN_TRANSIT_TO,2025-06-17 09:39:02,11308,4642,90-JI-99,POINT (-9.141449928283691 38.758148193359375)
4616_728,4662_20250601_204_0_4,204_0,0,38.69715118408203,-9.200770378112793,11,IN_TRANSIT_TO,2025-06-17 09:39:16,4109,4616,22-GP-50,POINT (-9.200770378112793 38.69715118408203)
2953_72B,45271_20250601_279_0_5,279_0,0,38.74822998046875,-9.192099571228027,26,IN_TRANSIT_TO,2025-06-17 09:38:47,10803,2953,62-GQ-55,POINT (-9.192099571228027 38.74822998046875)
4641_750,6409_20250601_106_0_6,106_0,1,38.75831985473633,-9.140480041503906,28,IN_TRANSIT_TO,2025-06-17 09:39:11,11303,4641,90-JI-98,POINT (-9.140480041503906 38.75831985473633)
2945_31B,17541_20250601_210_0_7,210_0,0,38.74964904785156,-9.119099617004395,22,IN_TRANSIT_TO,2025-06-17 09:38:51,3606,2945,75-GO-14,POINT (-9.119099617004395 38.74964904785156)
4626_783,7858_20250601_203_0_5,203_0,0,38.75490188598633,-9.151029586791992,13,IN_TRANSIT_TO,2025-06-17 09:39:06,2017,4626,90-JI-93,POINT (-9.151029586791992 38.75490188598633)
4646_750,6400_20250601_106_0_3,106_0,1,38.762481689453125,-9.103619575500488,36,IN_TRANSIT_TO,2025-06-17 09:39:02,2311,4646,11-JM-79,POINT (-9.103619575500488 38.762481689453125)
4631_755,6652_20250601_118_0_6,118_0,0,38.756649017333984,-9.126930236816406,22,IN_TRANSIT_TO,2025-06-17 09:39:16,14707,4631,02-JN-86,POINT (-9.126930236816406 38.756649017333984)
2973_737,5503_20250601_173_0_8,173_0,1,38.709781646728516,-9.133779525756836,4,IN_TRANSIT_TO,2025-06-17 09:39:16,13804,2973,30-VM-13,POINT (-9.133779525756836 38.709781646728516)
2688_713,3590_20250601_122_0_3,122_0,0,38.71907043457031,-9.156270027160645,14,IN_TRANSIT_TO,2025-06-17 09:38:53,50191,2688,93-XA-35,POINT (-9.156270027160645 38.71907043457031)
2699_723,4138_20250601_121_0_6,121_0,1,38.72401809692383,-9.180130004882812,25,IN_TRANSIT_TO,2025-06-17 09:38:58,50324,2699,92-XQ-25,POINT (-9.180130004882812 38.72401809692383)
2691_764,7159_20250601_168_0_8,168_0,0,38.75017166137695,-9.161620140075684,3,IN_TRANSIT_TO,2025-06-17 09:38:59,13508,2691,90-XF-45,POINT (-9.161620140075684 38.75017166137695)
2690_723,4178_20250601_121_0_7,121_0,0,38.722381591796875,-9.140250205993652,2,IN_TRANSIT_TO,2025-06-17 09:39:17,9203,2690,99-XE-57,POINT (-9.140250205993652 38.722381591796875)
2693_746,5991_20250601_108_0_5,108_0,0,38.74388122558594,-9.1768798828125,12,IN_TRANSIT_TO,2025-06-17 09:39:09,10706,2693,90-XF-46,POINT (-9.1768798828125 38.74388122558594)
2694_711,3495_20250601_101_0_6,101_0,1,38.725101470947266,-9.151880264282227,29,IN_TRANSIT_TO,2025-06-17 09:39:01,50197,2694,90-XF-49,POINT (-9.151880264282227 38.725101470947266)
2669_723,4170_20250601_121_0_5,121_0,0,38.725399017333984,-9.151280403137207,6,IN_TRANSIT_TO,2025-06-17 09:37:36,1202,2669,87-XB-34,POINT (-9.151280403137207 38.725399017333984)
2684_746,5956_20250601_108_0_9,108_0,0,38.728919982910156,-9.149279594421387,2,IN_TRANSIT_TO,2025-06-17 09:39:01,1301,2684,99-XE-59,POINT (-9.149279594421387 38.728919982910156)
2682_714,3651_20250601_102_0_5,102_0,0,38.70615005493164,-9.21245002746582,25,IN_TRANSIT_TO,2025-06-17 09:39:15,13120,2682,93-XA-42,POINT (-9.21245002746582 38.70615005493164)
6047_760,7106_20250601_171_0_4,171_0,1,38.704898834228516,-9.196330070495605,17,IN_TRANSIT_TO,2025-06-17 09:39:10,13305,6047,BH-20-IP,POINT (-9.196330070495605 38.704898834228516)
2946_32B,17551_20250601_211_0_7,211_0,0,38.75537109375,-9.126319885253906,11,IN_TRANSIT_TO,2025-06-17 09:38:56,14720,2946,75-GO-15,POINT (-9.126319885253906 38.75537109375)
2948_29B,17535_20250601_209_0_5,209_0,0,38.763031005859375,-9.117799758911133,31,IN_TRANSIT_TO,2025-06-17 09:30:38,8404,2948,51-GL-85,POINT (-9.117799758911133 38.763031005859375)
2958_798,8199_20250601_194_0_11,194_0,0,38.77191925048828,-9.153599739074707,8,IN_TRANSIT_TO,2025-06-17 09:38:52,11503,2958,27-GU-73,POINT (-9.153599739074707 38.77191925048828)
2677_738,5554_20250601_117_0_5,117_0,0,38.75394821166992,-9.153779983520508,10,IN_TRANSIT_TO,2025-06-17 09:39:10,5702,2677,87-XB-41,POINT (-9.153779983520508 38.75394821166992)
2671_754,6610_20250601_201_0_6,201_0,1,38.73432922363281,-9.220430374145508,9,IN_TRANSIT_TO,2025-06-17 09:38:56,50329,2671,87-XB-43,POINT (-9.220430374145508 38.73432922363281)
2681_746,5966_20250601_108_0_8,108_0,1,38.72800064086914,-9.148550033569336,23,IN_TRANSIT_TO,2025-06-17 09:39:14,1302,2681,93-XA-41,POINT (-9.148550033569336 38.72800064086914)
2673_727,4547_20250601_103_0_11,103_0,0,38.73093032836914,-9.14663028717041,11,IN_TRANSIT_TO,2025-06-17 09:39:06,1704,2673,87-XB-37,POINT (-9.14663028717041 38.73093032836914)
2679_727,4512_20250601_103_0_4,103_0,0,38.706451416015625,-9.212900161743164,37,IN_TRANSIT_TO,2025-06-17 09:39:01,9604,2679,93-XA-34,POINT (-9.212900161743164 38.706451416015625)
2672_709,3413_20250601_148_0_8,148_0,0,38.72481918334961,-9.149979591369629,4,IN_TRANSIT_TO,2025-06-17 09:39:00,1103,2672,87-XB-44,POINT (-9.149979591369629 38.72481918334961)
2670_746,5988_20250601_108_0_8,108_0,1,38.75053024291992,-9.211830139160156,2,IN_TRANSIT_TO,2025-06-17 09:39:02,3003,2670,87-XB-32,POINT (-9.211830139160156 38.75053024291992)
6001_706,3243_20250601_147_0_6,147_0,0,38.70647048950195,-9.154230117797852,3,IN_TRANSIT_TO,2025-06-17 09:39:12,7102,6001,99-XU-70,POINT (-9.154230117797852 38.70647048950195)
2674_764,7167_20250601_168_0_7,168_0,1,38.74515151977539,-9.201749801635742,14,IN_TRANSIT_TO,2025-06-17 09:39:12,8813,2674,87-XB-38,POINT (-9.201749801635742 38.74515151977539)
2675_714,3710_20250601_102_0_6,102_0,1,38.709129333496094,-9.215229988098145,14,IN_TRANSIT_TO,2025-06-17 09:38:55,12407,2675,87-XB-35,POINT (-9.215229988098145 38.709129333496094)
2962_774,7460_20250601_192_0_12,192_0,1,38.72146987915039,-9.151880264282227,6,IN_TRANSIT_TO,2025-06-17 09:39:06,6820,2962,30-VM-07,POINT (-9.151880264282227 38.72146987915039)
604_15E,11198_20250601_76_0_7,76_0,0,38.69715118408203,-9.205320358276367,17,IN_TRANSIT_TO,2025-06-17 09:39:17,9610,604,,POINT (-9.205320358276367 38.69715118408203)
6049_760,7104_20250601_171_0_7,171_0,1,38.70452117919922,-9.1764497756958,24,IN_TRANSIT_TO,2025-06-17 09:38:57,12101,6049,BH-47-IR,POINT (-9.1764497756958 38.70452117919922)
2741_742,5722_20250601_114_0_6,114_0,1,38.70478057861328,-9.186869621276855,16,IN_TRANSIT_TO,2025-06-17 09:39:12,12007,2741,AG-99-TG,POINT (-9.186869621276855 38.70478057861328)
2479_716,3715_20250601_164_0_11,164_0,0,38.73664855957031,-9.13341999053955,0,IN_TRANSIT_TO,2025-06-17 09:39:11,,2479,91-BE-74,POINT (-9.13341999053955 38.73664855957031)
4634_736,5300_20250601_199_0_7,199_0,0,38.790199279785156,-9.175820350646973,28,IN_TRANSIT_TO,2025-06-17 09:39:03,50083,4634,11-JM-78,POINT (-9.175820350646973 38.790199279785156)
2493_708,3362_20250601_100_0_3,100_0,1,38.723018646240234,-9.135199546813965,40,IN_TRANSIT_TO,2025-06-17 09:39:14,608,2493,88-BL-65,POINT (-9.135199546813965 38.723018646240234)
2414_729,4830_20250601_104_0_6,104_0,0,38.72312927246094,-9.195199966430664,21,IN_TRANSIT_TO,2025-06-17 09:39:02,8702,2414,92-AO-51,POINT (-9.195199966430664 38.72312927246094)
2844_751,6500_20250601_109_0_9,109_0,1,38.698448181152344,-9.227479934692383,11,IN_TRANSIT_TO,2025-06-17 09:39:15,4210,2844,BF-73-FZ,POINT (-9.227479934692383 38.698448181152344)
2288_758,6847_20250601_150_0_6,150_0,1,38.72682189941406,-9.161999702453613,20,IN_TRANSIT_TO,2025-06-17 09:39:09,6102,2288,92-59-ZM,POINT (-9.161999702453613 38.72682189941406)
608_15E,11245_20250601_76_0_5,76_0,0,38.706451416015625,-9.14253044128418,3,IN_TRANSIT_TO,2025-06-17 09:39:12,3820,608,,POINT (-9.14253044128418 38.706451416015625)
2979_702,3034_20250601_146_0_12,146_0,1,38.73080062866211,-9.168600082397461,5,IN_TRANSIT_TO,2025-06-17 09:38:50,2704,2979,30-VM-17,POINT (-9.168600082397461 38.73080062866211)
610_15E,11219_20250601_76_0_7,76_0,0,38.704368591308594,-9.174150466918945,9,IN_TRANSIT_TO,2025-06-17 09:38:51,4004,610,,POINT (-9.174150466918945 38.704368591308594)
2257_771,21937_20250601_248_0_7,248_0,1,38.71397018432617,-9.196869850158691,8,IN_TRANSIT_TO,2025-06-17 09:39:01,50140,2257,80-50-ZE,POINT (-9.196869850158691 38.71397018432617)
2282_771,21941_20250601_248_0_8,248_0,0,38.713680267333984,-9.197330474853516,16,IN_TRANSIT_TO,2025-06-17 09:39:00,12928,2282,67-35-ZJ,POINT (-9.197330474853516 38.713680267333984)
2281_731,4992_20250601_190_0_6,190_0,1,38.76313018798828,-9.128499984741211,18,IN_TRANSIT_TO,2025-06-17 09:38:57,7506,2281,67-56-ZJ,POINT (-9.128499984741211 38.76313018798828)
255_55B,21537_20250601_240_0_9,240_0,0,38.76166915893555,-9.196680068969727,5,IN_TRANSIT_TO,2025-06-17 09:39:10,13904,255,AF-58-RM,POINT (-9.196680068969727 38.76166915893555)
2841_748,6181_20250601_169_0_2,169_0,0,38.7239990234375,-9.162529945373535,4,IN_TRANSIT_TO,2025-06-17 09:39:18,8501,2841,BF-55-FZ,POINT (-9.162529945373535 38.7239990234375)
2301_723,4160_20250601_121_0_8,121_0,1,38.70227813720703,-9.21798038482666,1,IN_TRANSIT_TO,2025-06-17 09:39:01,4206,2301,83-12-ZM,POINT (-9.21798038482666 38.70227813720703)
4624_755,6674_20250601_118_0_8,118_0,0,38.743099212646484,-9.111920356750488,9,IN_TRANSIT_TO,2025-06-17 09:38:45,3720,4624,11-JM-75,POINT (-9.111920356750488 38.743099212646484)
4811_751,6501_20250601_109_0_6,109_0,0,38.71492004394531,-9.230380058288574,32,IN_TRANSIT_TO,2025-06-17 09:39:16,50059,4811,34-VR-20,POINT (-9.230380058288574 38.71492004394531)
6034_760,7069_20250601_171_0_4,171_0,0,38.70402908325195,-9.173830032348633,17,IN_TRANSIT_TO,2025-06-17 09:39:02,4004,6034,BF-61-AX,POINT (-9.173830032348633 38.70402908325195)
306_722,4108_20250601_196_0_5,196_0,0,38.778221130371094,-9.110600471496582,31,IN_TRANSIT_TO,2025-06-17 09:39:15,12622,306,73-ST-81,POINT (-9.110600471496582 38.778221130371094)
6007_706,3253_20250601_147_0_5,147_0,1,38.7215690612793,-9.151729583740234,23,IN_TRANSIT_TO,2025-06-17 09:38:54,6820,6007,80-ZC-62,POINT (-9.151729583740234 38.7215690612793)
6035_760,7088_20250601_171_0_5,171_0,0,38.7244987487793,-9.14009952545166,3,IN_TRANSIT_TO,2025-06-17 09:39:08,6901,6035,BG-76-LX,POINT (-9.14009952545166 38.7244987487793)
2978_730,4950_20250601_198_0_7,198_0,1,38.72642135620117,-9.135780334472656,0,IN_TRANSIT_TO,2025-06-17 09:39:02,,2978,29-VM-92,POINT (-9.135780334472656 38.72642135620117)
2259_799,8223_20250601_120_0_6,120_0,0,38.74871826171875,-9.197620391845703,5,IN_TRANSIT_TO,2025-06-17 09:39:13,10908,2259,67-44-ZJ,POINT (-9.197620391845703 38.74871826171875)
2270_767,7182_20250601_112_0_4,112_0,1,38.755531311035156,-9.149230003356934,30,IN_TRANSIT_TO,2025-06-17 09:38:54,5706,2270,76-82-ZG,POINT (-9.149230003356934 38.755531311035156)
6038_706,3217_20250601_147_0_6,147_0,0,38.72760009765625,-9.141169548034668,15,IN_TRANSIT_TO,2025-06-17 09:39:10,6609,6038,BG-46-LV,POINT (-9.141169548034668 38.72760009765625)
251_13B,21594_20250601_243_0_7,243_0,0,38.71084976196289,-9.126850128173828,15,IN_TRANSIT_TO,2025-06-17 09:39:10,2110,251,AF-87-NU,POINT (-9.126850128173828 38.71084976196289)
4833_736,5409_20250601_199_0_6,199_0,1,38.723548889160156,-9.148579597473145,26,IN_TRANSIT_TO,2025-06-17 09:39:02,1206,4833,20-VQ-65,POINT (-9.148579597473145 38.723548889160156)
4839_736,5332_20250601_199_0_6,199_0,1,38.742000579833984,-9.14657974243164,25,IN_TRANSIT_TO,2025-06-17 09:39:05,1702,4839,53-VR-08,POINT (-9.14657974243164 38.742000579833984)
2272_731,5010_20250601_190_0_6,190_0,1,38.78007125854492,-9.104780197143555,6,IN_TRANSIT_TO,2025-06-17 09:38:50,12619,2272,76-80-ZG,POINT (-9.104780197143555 38.78007125854492)
2796_712,3543_20250601_189_0_7,189_0,0,38.715518951416016,-9.121580123901367,2,IN_TRANSIT_TO,2025-06-17 09:39:03,2101,2796,AJ-59-LI,POINT (-9.121580123901367 38.715518951416016)
2345_771,21933_20250601_248_0_9,248_0,1,38.727928161621094,-9.173629760742188,15,IN_TRANSIT_TO,2025-06-17 09:39:10,50324,2345,53-59-ZJ,POINT (-9.173629760742188 38.727928161621094)
2614_718,3957_20250601_105_0_8,105_0,0,38.74079895019531,-9.102700233459473,12,IN_TRANSIT_TO,2025-06-17 09:38:51,12512,2614,66-VI-24,POINT (-9.102700233459473 38.74079895019531)
2997_45B,45284_20250601_277_0_6,277_0,0,38.76847839355469,-9.167030334472656,22,IN_TRANSIT_TO,2025-06-17 09:39:08,50280,2997,34-VN-03,POINT (-9.167030334472656 38.76847839355469)
2607_705,3181_20250601_176_0_6,176_0,1,38.777400970458984,-9.117919921875,17,IN_TRANSIT_TO,2025-06-17 09:38:52,12604,2607,AA-95-TQ,POINT (-9.117919921875 38.777400970458984)
6023_732,5040_20250601_107_0_4,107_0,0,38.73357009887695,-9.1451997756958,8,IN_TRANSIT_TO,2025-06-17 09:39:04,1803,6023,BF-03-BD,POINT (-9.1451997756958 38.73357009887695)
4815_751,6479_20250601_109_0_8,109_0,1,38.70677185058594,-9.175399780273438,25,IN_TRANSIT_TO,2025-06-17 09:39:17,12105,4815,34-VR-24,POINT (-9.175399780273438 38.70677185058594)
4821_736,5360_20250601_199_0_7,199_0,0,38.728328704833984,-9.148579597473145,4,IN_TRANSIT_TO,2025-06-17 09:38:55,1205,4821,20-VQ-68,POINT (-9.148579597473145 38.728328704833984)
4827_736,18835_20250601_199_0_6,199_0,1,38.7775993347168,-9.164299964904785,8,IN_TRANSIT_TO,2025-06-17 09:39:14,5910,4827,34-VR-15,POINT (-9.164299964904785 38.7775993347168)
2697_713,3581_20250601_122_0_7,122_0,0,38.72298049926758,-9.161149978637695,11,IN_TRANSIT_TO,2025-06-17 09:39:01,8512,2697,90-XF-59,POINT (-9.161149978637695 38.72298049926758)
2601_744,5847_20250601_200_0_6,200_0,1,38.723751068115234,-9.14877986907959,31,IN_TRANSIT_TO,2025-06-17 09:38:58,1212,2601,04-VA-70,POINT (-9.14877986907959 38.723751068115234)
2264_771,21929_20250601_248_0_8,248_0,0,38.73588180541992,-9.166230201721191,4,IN_TRANSIT_TO,2025-06-17 09:38:57,2718,2264,76-90-ZG,POINT (-9.166230201721191 38.73588180541992)
6036_732,5058_20250601_107_0_4,107_0,1,38.73833084106445,-9.145830154418945,39,IN_TRANSIT_TO,2025-06-17 09:38:55,1809,6036,BG-90-LX,POINT (-9.145830154418945 38.73833084106445)
6026_732,5089_20250601_107_0_2,107_0,0,38.704978942871094,-9.196419715881348,33,IN_TRANSIT_TO,2025-06-17 09:39:12,13410,6026,BF-39-BB,POINT (-9.196419715881348 38.704978942871094)
2653_759,6945_20250601_144_0_5,144_0,0,38.772918701171875,-9.113129615783691,38,IN_TRANSIT_TO,2025-06-17 09:38:54,7721,2653,05-VZ-52,POINT (-9.113129615783691 38.772918701171875)
4806_728,4582_20250601_204_0_7,204_0,1,38.78129959106445,-9.10669994354248,3,IN_TRANSIT_TO,2025-06-17 09:39:08,12619,4806,20-VQ-74,POINT (-9.10669994354248 38.78129959106445)
2988_72B,45270_20250601_279_0_6,279_0,0,38.751319885253906,-9.206219673156738,9,IN_TRANSIT_TO,2025-06-17 09:39:04,50386,2988,29-VM-94,POINT (-9.206219673156738 38.751319885253906)
2743_742,5685_20250601_114_0_4,114_0,1,38.73516845703125,-9.1425199508667,38,IN_TRANSIT_TO,2025-06-17 09:39:01,11101,2743,AG-02-TH,POINT (-9.1425199508667 38.73516845703125)
4837_736,5417_20250601_199_0_6,199_0,1,38.747581481933594,-9.148420333862305,19,IN_TRANSIT_TO,2025-06-17 09:38:45,2002,4837,34-VR-18,POINT (-9.148420333862305 38.747581481933594)
4826_736,18837_20250601_199_0_5,199_0,0,38.787269592285156,-9.17982006072998,30,IN_TRANSIT_TO,2025-06-17 09:39:07,15102,4826,53-VR-05,POINT (-9.17982006072998 38.787269592285156)
2637_705,3196_20250601_176_0_6,176_0,0,38.76435089111328,-9.129520416259766,18,IN_TRANSIT_TO,2025-06-17 09:38:51,7602,2637,87-VS-51,POINT (-9.129520416259766 38.76435089111328)
4830_736,5432_20250601_199_0_6,199_0,1,38.75516891479492,-9.153470039367676,15,IN_TRANSIT_TO,2025-06-17 09:39:13,5806,4830,20-VQ-63,POINT (-9.153470039367676 38.75516891479492)
2638_781,7746_20250601_151_0_6,151_0,1,38.732818603515625,-9.104630470275879,23,IN_TRANSIT_TO,2025-06-17 09:39:08,12514,2638,87-VS-48,POINT (-9.104630470275879 38.732818603515625)
6037_732,5061_20250601_107_0_4,107_0,1,38.70957946777344,-9.135519981384277,30,IN_TRANSIT_TO,2025-06-17 09:38:55,5519,6037,BG-37-LT,POINT (-9.135519981384277 38.70957946777344)
2617_744,5839_20250601_200_0_7,200_0,0,38.733829498291016,-9.144720077514648,6,IN_TRANSIT_TO,2025-06-17 09:38:01,1807,2617,66-VI-28,POINT (-9.144720077514648 38.733829498291016)
2633_718,3935_20250601_105_0_5,105_0,0,38.73051834106445,-9.125200271606445,24,IN_TRANSIT_TO,2025-06-17 09:39:15,11701,2633,52-VP-79,POINT (-9.125200271606445 38.73051834106445)
2648_742,5757_20250601_114_0_4,114_0,1,38.71392059326172,-9.199419975280762,1,IN_TRANSIT_TO,2025-06-17 09:38:55,10315,2648,75-VS-46,POINT (-9.199419975280762 38.71392059326172)
2698_709,3388_20250601_148_0_11,148_0,1,38.71644973754883,-9.142419815063477,9,IN_TRANSIT_TO,2025-06-17 09:38:50,1102,2698,92-XQ-20,POINT (-9.142419815063477 38.71644973754883)
6039_706,3206_20250601_147_0_7,147_0,1,38.71398162841797,-9.122220039367676,4,IN_TRANSIT_TO,2025-06-17 09:38:57,2131,6039,BG-96-LU,POINT (-9.122220039367676 38.71398162841797)
2716_738,5565_20250601_117_0_3,117_0,1,38.74760055541992,-9.148170471191406,24,IN_TRANSIT_TO,2025-06-17 09:39:16,2001,2716,92-XQ-27,POINT (-9.148170471191406 38.74760055541992)
6025_760,7024_20250601_171_0_5,171_0,1,38.71522903442383,-9.205430030822754,5,IN_TRANSIT_TO,2025-06-17 09:39:17,12921,6025,BF-92-AX,POINT (-9.205430030822754 38.71522903442383)
4820_751,6435_20250601_109_0_8,109_0,0,38.728919982910156,-9.1696195602417,2,IN_TRANSIT_TO,2025-06-17 09:39:02,2704,4820,20-VQ-62,POINT (-9.1696195602417 38.728919982910156)
2704_756,6715_20250601_175_0_8,175_0,0,38.736148834228516,-9.160730361938477,15,IN_TRANSIT_TO,2025-06-17 09:39:16,1514,2704,92-XQ-18,POINT (-9.160730361938477 38.736148834228516)
6041_732,5084_20250601_107_0_4,107_0,0,38.71699905395508,-9.213080406188965,0,IN_TRANSIT_TO,2025-06-17 09:39:12,,6041,BG-20-LV,POINT (-9.213080406188965 38.71699905395508)
2647_781,7760_20250601_151_0_6,151_0,0,38.77857971191406,-9.119429588317871,24,IN_TRANSIT_TO,2025-06-17 09:39:06,12305,2647,75-VS-45,POINT (-9.119429588317871 38.77857971191406)
2826_753,6578_20250601_167_0_9,167_0,0,38.67372131347656,-9.173879623413086,8,IN_TRANSIT_TO,2025-06-17 09:39:12,14601,2826,BF-74-FZ,POINT (-9.173879623413086 38.67372131347656)
577_25E,14257_20250601_79_0_8,79_0,0,38.714271545410156,-9.169449806213379,18,IN_TRANSIT_TO,2025-06-17 09:38:55,8017,577,,POINT (-9.169449806213379 38.714271545410156)
573_28E,15019_20250601_75_0_5,75_0,1,38.70996856689453,-9.15132999420166,10,IN_TRANSIT_TO,2025-06-17 09:39:03,7111,573,,POINT (-9.15132999420166 38.70996856689453)
2721_711,3508_20250601_101_0_6,101_0,1,38.71780014038086,-9.180569648742676,24,IN_TRANSIT_TO,2025-06-17 09:38:57,11804,2721,92-XQ-37,POINT (-9.180569648742676 38.71780014038086)
2326_712,3564_20250601_189_0_6,189_0,0,38.71548080444336,-9.172920227050781,32,IN_TRANSIT_TO,2025-06-17 09:38:55,9301,2326,67-49-ZJ,POINT (-9.172920227050781 38.71548080444336)
2618_718,3964_20250601_105_0_7,105_0,1,38.737850189208984,-9.103219985961914,19,IN_TRANSIT_TO,2025-06-17 09:39:17,12505,2618,66-VI-42,POINT (-9.103219985961914 38.737850189208984)
548_28E,14893_20250601_75_0_4,75_0,0,38.71451950073242,-9.162150382995605,24,IN_TRANSIT_TO,2025-06-17 09:39:19,8110,548,,POINT (-9.162150382995605 38.71451950073242)
2646_705,3187_20250601_176_0_6,176_0,1,38.75627899169922,-9.13010025024414,6,IN_TRANSIT_TO,2025-06-17 09:38:53,7401,2646,75-VS-48,POINT (-9.13010025024414 38.75627899169922)
2468_703,3112_20250601_165_0_7,165_0,0,38.766029357910156,-9.182629585266113,25,IN_TRANSIT_TO,2025-06-17 09:39:07,12810,2468,16-AZ-10,POINT (-9.182629585266113 38.766029357910156)
2664_727,4550_20250601_103_0_5,103_0,0,38.74578094482422,-9.137029647827148,2,IN_TRANSIT_TO,2025-06-17 09:39:14,11211,2664,05-VZ-68,POINT (-9.137029647827148 38.74578094482422)
2640_781,7754_20250601_151_0_7,151_0,1,38.78071975708008,-9.119999885559082,5,IN_TRANSIT_TO,2025-06-17 09:38:20,12602,2640,75-VS-43,POINT (-9.119999885559082 38.78071975708008)
2654_713,3611_20250601_122_0_4,122_0,1,38.715328216552734,-9.160619735717773,20,IN_TRANSIT_TO,2025-06-17 09:39:05,8114,2654,05-VZ-69,POINT (-9.160619735717773 38.715328216552734)
2707_711,3516_20250601_101_0_6,101_0,0,38.75196838378906,-9.205920219421387,24,IN_TRANSIT_TO,2025-06-17 09:39:03,50170,2707,92-XQ-39,POINT (-9.205920219421387 38.75196838378906)
2736_735,5194_20250601_172_0_5,172_0,0,38.720130920410156,-9.123680114746094,10,IN_TRANSIT_TO,2025-06-17 09:39:08,9115,2736,AG-47-EI,POINT (-9.123680114746094 38.720130920410156)
6042_760,7097_20250601_171_0_4,171_0,1,38.708831787109375,-9.136099815368652,32,IN_TRANSIT_TO,2025-06-17 09:39:11,5519,6042,BG-97-LU,POINT (-9.136099815368652 38.708831787109375)
2713_714,3629_20250601_102_0_7,102_0,0,38.724578857421875,-9.214150428771973,32,IN_TRANSIT_TO,2025-06-17 09:39:13,14006,2713,92-XQ-34,POINT (-9.214150428771973 38.724578857421875)
2635_718,3973_20250601_105_0_5,105_0,1,38.73014831542969,-9.107950210571289,17,IN_TRANSIT_TO,2025-06-17 09:38:14,8305,2635,52-VP-90,POINT (-9.107950210571289 38.73014831542969)
6040_732,5097_20250601_107_0_3,107_0,0,38.72357940673828,-9.148599624633789,13,IN_TRANSIT_TO,2025-06-17 09:38:50,1212,6040,BG-46-LT,POINT (-9.148599624633789 38.72357940673828)
2258_731,4977_20250601_190_0_4,190_0,1,38.74216842651367,-9.157549858093262,27,IN_TRANSIT_TO,2025-06-17 09:38:59,3304,2258,53-58-ZJ,POINT (-9.157549858093262 38.74216842651367)
544_24E,17835_20250601_213_0_10,213_0,0,38.71086883544922,-9.143019676208496,0,IN_TRANSIT_TO,2025-06-17 09:38:49,,544,,POINT (-9.143019676208496 38.71086883544922)
2996_45B,49564_20250601_277_0_6,277_0,1,38.76470184326172,-9.153829574584961,16,IN_TRANSIT_TO,2025-06-17 09:39:03,5836,2996,30-VM-03,POINT (-9.153829574584961 38.76470184326172)
2769_727,4451_20250601_103_0_3,103_0,1,38.72447967529297,-9.150150299072266,36,IN_TRANSIT_TO,2025-06-17 09:39:07,1207,2769,AH-19-ND,POINT (-9.150150299072266 38.72447967529297)
2636_759,6969_20250601_144_0_6,144_0,1,38.71352005004883,-9.138879776000977,45,IN_TRANSIT_TO,2025-06-17 09:39:08,913,2636,87-VS-50,POINT (-9.138879776000977 38.71352005004883)
571_12E,11029_20250601_77_0_4,77_0,0,38.710350036621094,-9.131629943847656,10,IN_TRANSIT_TO,2025-06-17 09:39:14,5602,571,,POINT (-9.131629943847656 38.710350036621094)
2652_714,3638_20250601_102_0_7,102_0,0,38.72795104980469,-9.209280014038086,32,IN_TRANSIT_TO,2025-06-17 09:39:03,14006,2652,05-VZ-61,POINT (-9.209280014038086 38.72795104980469)
2626_744,5832_20250601_200_0_5,200_0,0,38.75642013549805,-9.112330436706543,0,IN_TRANSIT_TO,2025-06-17 09:39:00,,2626,52-VP-86,POINT (-9.112330436706543 38.75642013549805)
2620_759,6904_20250601_144_0_6,144_0,1,38.76552963256836,-9.119620323181152,15,IN_TRANSIT_TO,2025-06-17 09:38:52,7702,2620,66-VI-33,POINT (-9.119620323181152 38.76552963256836)
2621_718,3980_20250601_105_0_7,105_0,1,38.732749938964844,-9.13051986694336,6,IN_TRANSIT_TO,2025-06-17 09:39:17,502,2621,66-VI-45,POINT (-9.13051986694336 38.732749938964844)
2603_722,4120_20250601_196_0_5,196_0,1,38.73643112182617,-9.145580291748047,28,IN_TRANSIT_TO,2025-06-17 08:49:36,11118,2603,16-VF-76,POINT (-9.145580291748047 38.73643112182617)
2649_738,5533_20250601_117_0_5,117_0,0,38.7263298034668,-9.149680137634277,21,IN_TRANSIT_TO,2025-06-17 09:39:02,1206,2649,75-VS-42,POINT (-9.149680137634277 38.7263298034668)
2975_34B,19152_20250601_226_0_5,226_0,0,38.73902130126953,-9.123270034790039,0,IN_TRANSIT_TO,2025-06-17 09:39:15,,2975,30-VM-11,POINT (-9.123270034790039 38.73902130126953)
2985_770,7366_20250601_191_0_8,191_0,0,38.7399787902832,-9.185779571533203,9,IN_TRANSIT_TO,2025-06-17 09:38:53,10723,2985,30-VM-14,POINT (-9.185779571533203 38.7399787902832)
2701_714,3696_20250601_102_0_6,102_0,1,38.7044792175293,-9.166430473327637,31,IN_TRANSIT_TO,2025-06-17 09:39:07,10209,2701,92-XQ-35,POINT (-9.166430473327637 38.7044792175293)
551_28E,14915_20250601_75_0_6,75_0,0,38.709598541259766,-9.137399673461914,11,IN_TRANSIT_TO,2025-06-17 09:38:55,5604,551,,POINT (-9.137399673461914 38.709598541259766)
2982_71B,45265_20250601_278_0_5,278_0,0,38.747718811035156,-9.19773006439209,4,IN_TRANSIT_TO,2025-06-17 09:38:55,10908,2982,30-VM-23,POINT (-9.19773006439209 38.747718811035156)
2990_774,7440_20250601_192_0_13,192_0,0,38.721519470214844,-9.156599998474121,8,IN_TRANSIT_TO,2025-06-17 09:39:06,6823,2990,30-VM-06,POINT (-9.156599998474121 38.721519470214844)
2711_727,4534_20250601_103_0_4,103_0,0,38.70656967163086,-9.158329963684082,22,IN_TRANSIT_TO,2025-06-17 09:38:42,50593,2711,92-XQ-44,POINT (-9.158329963684082 38.70656967163086)
2976_730,4970_20250601_198_0_7,198_0,0,38.7333984375,-9.13290023803711,16,IN_TRANSIT_TO,2025-06-17 09:39:18,503,2976,30-VM-00,POINT (-9.13290023803711 38.7333984375)
552_28E,14916_20250601_75_0_6,75_0,0,38.71255111694336,-9.13070011138916,5,IN_TRANSIT_TO,2025-06-17 09:38:59,13809,552,,POINT (-9.13070011138916 38.71255111694336)
2634_759,6898_20250601_144_0_4,144_0,1,38.75714874267578,-9.112899780273438,19,IN_TRANSIT_TO,2025-06-17 09:38:51,8413,2634,52-VP-85,POINT (-9.112899780273438 38.75714874267578)
2605_744,5818_20250601_200_0_4,200_0,0,38.772071838378906,-9.101070404052734,29,IN_TRANSIT_TO,2025-06-17 09:38:56,7912,2605,66-VI-35,POINT (-9.101070404052734 38.772071838378906)
2980_71B,45262_20250601_278_0_5,278_0,0,38.74443054199219,-9.205180168151855,16,IN_TRANSIT_TO,2025-06-17 09:38:59,8811,2980,29-VM-90,POINT (-9.205180168151855 38.74443054199219)
2663_714,3697_20240914_102_0_16,102_0,1,38.72127151489258,-9.221500396728516,4,IN_TRANSIT_TO,2024-10-22 20:26:58,18703,2663,05-VZ-62,POINT (-9.221500396728516 38.72127151489258)
576_18E,12197_20250601_78_0_7,78_0,0,38.703521728515625,-9.167320251464844,4,IN_TRANSIT_TO,2025-06-17 09:39:14,3906,576,,POINT (-9.167320251464844 38.703521728515625)
2615_759,6957_20250601_144_0_7,144_0,0,38.7338981628418,-9.112629890441895,17,IN_TRANSIT_TO,2025-06-17 09:39:16,17569,2615,66-VI-27,POINT (-9.112629890441895 38.7338981628418)
1714_755,6704_20250601_118_0_4,118_0,1,38.755619049072266,-9.14894962310791,8,IN_TRANSIT_TO,2025-06-17 09:39:06,5712,1714,69-AL-77,POINT (-9.14894962310791 38.755619049072266)
545_28E,15045_20250601_75_0_2,75_0,0,38.71342849731445,-9.15999984741211,22,IN_TRANSIT_TO,2025-06-17 09:38:56,6718,545,,POINT (-9.15999984741211 38.71342849731445)
2995_702,3057_20250601_146_0_17,146_0,0,38.73466873168945,-9.170120239257812,10,IN_TRANSIT_TO,2025-06-17 09:38:57,2705,2995,30-VM-15,POINT (-9.170120239257812 38.73466873168945)
580_18E,12179_20250601_78_0_10,78_0,1,38.70547866821289,-9.15742015838623,17,IN_TRANSIT_TO,2025-06-17 09:39:15,3905,580,,POINT (-9.15742015838623 38.70547866821289)
543_28E,14994_20250601_75_0_5,75_0,1,38.710731506347656,-9.14447021484375,12,IN_TRANSIT_TO,2025-06-17 09:37:45,10511,543,,POINT (-9.14447021484375 38.710731506347656)
4804_728,4622_20250601_204_0_6,204_0,0,38.76716995239258,-9.100879669189453,43,IN_TRANSIT_TO,2025-06-17 09:38:54,7825,4804,53-VR-07,POINT (-9.100879669189453 38.76716995239258)
2687_754,6616_20250601_201_0_5,201_0,0,38.74502944946289,-9.199819564819336,19,IN_TRANSIT_TO,2025-06-17 09:38:57,2806,2687,93-XA-44,POINT (-9.199819564819336 38.74502944946289)
404_28E,48757_20250601_75_8_11,75_8,1,38.71894836425781,-9.135729789733887,10,IN_TRANSIT_TO,2025-06-17 09:39:16,804,404,BF-14-TQ,POINT (-9.135729789733887 38.71894836425781)
2708_776,7492_20250601_193_0_18,193_0,0,38.69942092895508,-9.22776985168457,0,IN_TRANSIT_TO,2025-06-17 09:39:19,,2708,92-XQ-32,POINT (-9.22776985168457 38.69942092895508)
4813_751,6515_20250601_109_0_6,109_0,0,38.71189880371094,-9.225549697875977,28,IN_TRANSIT_TO,2025-06-17 09:38:57,14312,4813,68-VQ-50,POINT (-9.225549697875977 38.71189880371094)
2828_728,4570_20250601_204_0_5,204_0,1,38.768150329589844,-9.097479820251465,9,IN_TRANSIT_TO,2025-06-17 09:39:17,7805,2828,BF-60-FZ,POINT (-9.097479820251465 38.768150329589844)
2644_781,7720_20250601_151_0_7,151_0,0,38.73762130737305,-9.10297966003418,24,IN_TRANSIT_TO,2025-06-17 09:39:15,12305,2644,87-VS-52,POINT (-9.10297966003418 38.73762130737305)
578_28E,15038_20250601_75_0_4,75_0,0,38.71670150756836,-9.13545036315918,1,IN_TRANSIT_TO,2025-06-06 13:01:53,819,578,,POINT (-9.13545036315918 38.71670150756836)
2662_781,7736_20250601_151_0_6,151_0,1,38.70814895629883,-9.131930351257324,26,IN_TRANSIT_TO,2025-06-17 09:38:50,2114,2662,05-VZ-51,POINT (-9.131930351257324 38.70814895629883)
2977_79B,18672_20250601_221_0_5,221_0,0,38.70233154296875,-9.202420234680176,11,IN_TRANSIT_TO,2025-06-17 09:39:09,13310,2977,30-VM-21,POINT (-9.202420234680176 38.70233154296875)
2427_747,6120_20250601_177_0_8,177_0,0,38.76029968261719,-9.15548038482666,2,IN_TRANSIT_TO,2025-06-17 09:39:11,5807,2427,29-AX-14,POINT (-9.15548038482666 38.76029968261719)
4808_751,6509_20250601_109_0_5,109_0,0,38.71453094482422,-9.227629661560059,30,IN_TRANSIT_TO,2025-06-17 09:39:19,14308,4808,20-VQ-73,POINT (-9.227629661560059 38.71453094482422)
264_61B,21523_20250601_241_0_9,241_0,1,38.73606872558594,-9.166250228881836,7,IN_TRANSIT_TO,2025-06-17 09:39:16,2718,264,AG-42-OV,POINT (-9.166250228881836 38.73606872558594)
4824_783,7843_20250601_203_0_6,203_0,1,38.759578704833984,-9.13700008392334,14,IN_TRANSIT_TO,2025-06-17 09:39:13,11308,4824,34-VR-19,POINT (-9.13700008392334 38.759578704833984)
2778_714,3704_20250601_102_0_6,102_0,1,38.69832992553711,-9.188730239868164,24,IN_TRANSIT_TO,2025-06-17 09:39:06,9507,2778,AI-03-BT,POINT (-9.188730239868164 38.69832992553711)
2641_759,6960_20250601_144_0_5,144_0,0,38.7227783203125,-9.115429878234863,10,IN_TRANSIT_TO,2025-06-17 09:39:09,9813,2641,75-VS-49,POINT (-9.115429878234863 38.7227783203125)
268_28E,44756_20250601_75_8_21,75_8,1,38.7252197265625,-9.130769729614258,4,IN_TRANSIT_TO,2025-06-17 09:39:01,9107,268,AH-56-CZ,POINT (-9.130769729614258 38.7252197265625)
2987_730,4948_20250601_198_0_8,198_0,0,38.738548278808594,-9.122679710388184,6,IN_TRANSIT_TO,2025-06-17 09:39:10,8907,2987,29-VM-99,POINT (-9.122679710388184 38.738548278808594)
269_61B,21531_20250601_241_0_9,241_0,0,38.72718048095703,-9.163780212402344,6,IN_TRANSIT_TO,2025-06-17 09:38:53,6131,269,AG-25-NH,POINT (-9.163780212402344 38.72718048095703)
2650_738,5562_20250601_117_0_5,117_0,1,38.753318786621094,-9.157970428466797,28,IN_TRANSIT_TO,2025-06-17 09:38:51,5701,2650,75-VS-50,POINT (-9.157970428466797 38.753318786621094)
2782_713,3574_20250601_122_0_7,122_0,0,38.70513153076172,-9.161230087280273,25,IN_TRANSIT_TO,2025-06-17 09:39:05,3908,2782,AI-99-BS,POINT (-9.161230087280273 38.70513153076172)
4644_750,6378_20250601_106_0_6,106_0,0,38.758148193359375,-9.110819816589355,6,IN_TRANSIT_TO,2025-06-17 09:39:12,2302,4644,27-JO-11,POINT (-9.110819816589355 38.758148193359375)
2740_742,5678_20250601_114_0_3,114_0,1,38.73207092285156,-9.12833023071289,43,IN_TRANSIT_TO,2025-06-17 09:39:08,502,2740,AG-43-EI,POINT (-9.12833023071289 38.73207092285156)
2651_713,3608_20250601_122_0_7,122_0,0,38.73503112792969,-9.149430274963379,30,IN_TRANSIT_TO,2025-06-17 09:38:38,9415,2651,05-VZ-54,POINT (-9.149430274963379 38.73503112792969)
2720_727,4466_20250601_103_0_4,103_0,1,38.719329833984375,-9.155670166015625,33,IN_TRANSIT_TO,2025-06-17 09:39:18,6817,2720,92-XQ-28,POINT (-9.155670166015625 38.719329833984375)
272_734,5167_20250601_205_4_11,205_4,1,38.71902847290039,-9.135600090026855,9,IN_TRANSIT_TO,2025-06-17 09:39:02,804,272,AH-26-IN,POINT (-9.135600090026855 38.71902847290039)
2645_759,6926_20250601_144_0_5,144_0,0,38.772499084472656,-9.113900184631348,37,IN_TRANSIT_TO,2025-06-17 09:38:50,12207,2645,87-VS-49,POINT (-9.113900184631348 38.772499084472656)
2983_797,8164_20250601_163_0_17,163_0,1,38.72880172729492,-9.128450393676758,6,IN_TRANSIT_TO,2025-06-17 09:38:56,7007,2983,30-VM-08,POINT (-9.128450393676758 38.72880172729492)
262_65B,22208_20250601_250_0_5,250_0,0,38.72241973876953,-9.161219596862793,7,IN_TRANSIT_TO,2025-06-17 09:38:44,8520,262,AF-49-ZD,POINT (-9.161219596862793 38.72241973876953)
2627_759,6982_20250601_144_0_6,144_0,1,38.725868225097656,-9.112629890441895,36,IN_TRANSIT_TO,2025-06-17 09:39:11,8302,2627,52-VP-83,POINT (-9.112629890441895 38.725868225097656)
274_64B,21492_20250601_238_0_7,238_0,0,38.71723175048828,-9.169679641723633,14,IN_TRANSIT_TO,2025-06-17 09:17:38,8007,274,AH-14-TB,POINT (-9.169679641723633 38.71723175048828)
2742_742,5745_20250601_114_0_4,114_0,0,38.70402908325195,-9.185680389404297,43,IN_TRANSIT_TO,2025-06-17 09:38:59,12002,2742,AG-94-TG,POINT (-9.185680389404297 38.70402908325195)
256_58B,19294_20250601_227_0_8,227_0,0,38.750728607177734,-9.172550201416016,6,IN_TRANSIT_TO,2025-06-17 09:38:49,50651,256,AF-57-RM,POINT (-9.172550201416016 38.750728607177734)
2715_711,3464_20250601_101_0_7,101_0,0,38.722679138183594,-9.173319816589355,10,IN_TRANSIT_TO,2025-06-17 09:39:03,8607,2715,92-XQ-22,POINT (-9.173319816589355 38.722679138183594)
2966_774,7453_20250601_192_0_13,192_0,0,38.71467971801758,-9.170069694519043,0,IN_TRANSIT_TO,2025-06-17 09:39:05,,2966,30-VM-20,POINT (-9.170069694519043 38.71467971801758)
2631_722,4130_20250601_196_0_5,196_0,1,38.76293182373047,-9.130000114440918,16,IN_TRANSIT_TO,2025-06-17 09:38:56,7602,2631,52-VP-80,POINT (-9.130000114440918 38.76293182373047)
2722_727,4444_20250601_103_0_4,103_0,1,38.733978271484375,-9.144820213317871,40,IN_TRANSIT_TO,2025-06-17 09:39:02,1801,2722,92-XQ-36,POINT (-9.144820213317871 38.733978271484375)
2735_756,6746_20250601_175_0_9,175_0,1,38.74156951904297,-9.144220352172852,14,IN_TRANSIT_TO,2025-06-17 09:38:55,1908,2735,AG-37-EI,POINT (-9.144220352172852 38.74156951904297)
2972_702,3069_20250601_146_0_12,146_0,1,38.72520065307617,-9.156929969787598,11,IN_TRANSIT_TO,2025-06-17 09:38:52,6128,2972,29-VM-96,POINT (-9.156929969787598 38.72520065307617)
2274_758,6819_20250601_150_0_6,150_0,1,38.70528030395508,-9.14330005645752,33,IN_TRANSIT_TO,2025-06-17 09:39:10,3826,2274,76-79-ZG,POINT (-9.14330005645752 38.70528030395508)
2247_758,6888_20250601_150_0_7,150_0,0,38.740379333496094,-9.167369842529297,18,IN_TRANSIT_TO,2025-06-17 09:39:16,50472,2247,22-34-ZB,POINT (-9.167369842529297 38.740379333496094)
2260_758,6878_20250601_150_0_5,150_0,0,38.753421783447266,-9.208499908447266,31,IN_TRANSIT_TO,2025-06-17 09:38:39,11006,2260,67-47-ZJ,POINT (-9.208499908447266 38.753421783447266)
2402_767,7306_20250601_112_0_4,112_0,1,38.73318099975586,-9.14115047454834,39,IN_TRANSIT_TO,2025-06-17 09:38:57,11105,2402,50-AL-13,POINT (-9.14115047454834 38.73318099975586)
2443_767,7299_20250601_112_0_5,112_0,0,38.73527145385742,-9.14072036743164,6,IN_TRANSIT_TO,2025-06-17 09:39:08,11102,2443,29-AX-05,POINT (-9.14072036743164 38.73527145385742)
6044_732,5092_20250601_107_0_4,107_0,0,38.706329345703125,-9.142930030822754,19,IN_TRANSIT_TO,2025-06-17 09:39:07,3820,6044,BG-87-LX,POINT (-9.142930030822754 38.706329345703125)
2341_724,4211_20250601_178_0_9,178_0,0,38.75136947631836,-9.197349548339844,20,IN_TRANSIT_TO,2025-06-17 09:38:46,10914,2341,67-50-ZJ,POINT (-9.197349548339844 38.75136947631836)
2785_746,5960_20250601_108_0_19,108_0,0,38.72587966918945,-9.149550437927246,0,IN_TRANSIT_TO,2025-06-13 15:29:56,,2785,AI-05-BT,POINT (-9.149550437927246 38.72587966918945)
2994_52B,21664_20250601_244_0_6,244_0,0,38.734928131103516,-9.152199745178223,15,IN_TRANSIT_TO,2025-06-17 09:38:55,1409,2994,29-VM-91,POINT (-9.152199745178223 38.734928131103516)
2471_703,3152_20250601_165_0_6,165_0,1,38.774871826171875,-9.161080360412598,26,IN_TRANSIT_TO,2025-06-17 09:38:43,5905,2471,74-BC-70,POINT (-9.161080360412598 38.774871826171875)
2709_764,7154_20250601_168_0_7,168_0,0,38.757080078125,-9.185580253601074,14,IN_TRANSIT_TO,2025-06-17 09:38:55,12802,2709,92-XQ-42,POINT (-9.185580253601074 38.757080078125)
1708_708,3300_20250601_100_0_4,100_0,1,38.79602813720703,-9.099020004272461,3,IN_TRANSIT_TO,2025-06-17 09:39:01,50451,1708,69-AL-71,POINT (-9.099020004272461 38.79602813720703)
2822_753,6540_20250601_167_0_11,167_0,0,38.725250244140625,-9.152400016784668,4,IN_TRANSIT_TO,2025-06-17 09:39:05,1209,2822,BF-54-FZ,POINT (-9.152400016784668 38.725250244140625)
2286_758,6870_20250601_150_0_8,150_0,1,38.752601623535156,-9.20751953125,2,IN_TRANSIT_TO,2025-06-17 09:39:07,11001,2286,67-42-ZJ,POINT (-9.20751953125 38.752601623535156)
2478_729,4831_20250601_104_0_5,104_0,0,38.76755142211914,-9.19713020324707,5,IN_TRANSIT_TO,2025-06-17 09:39:06,14111,2478,91-BE-80,POINT (-9.19713020324707 38.76755142211914)
1751_708,3346_20250601_100_0_4,100_0,0,38.761199951171875,-9.121700286865234,17,IN_TRANSIT_TO,2025-06-17 09:39:02,7509,1751,34-HU-17,POINT (-9.121700286865234 38.761199951171875)
2496_708,3322_20250601_100_0_3,100_0,0,38.78602981567383,-9.096529960632324,36,IN_TRANSIT_TO,2025-06-17 09:38:52,50300,2496,88-BL-70,POINT (-9.096529960632324 38.78602981567383)
2813_782,7795_20250601_152_0_4,152_0,0,38.757568359375,-9.111129760742188,21,IN_TRANSIT_TO,2025-06-17 09:34:24,7908,2813,90-II-53,POINT (-9.111129760742188 38.757568359375)
1747_794,8106_20250601_115_0_7,115_0,1,38.720970153808594,-9.115050315856934,34,IN_TRANSIT_TO,2025-06-17 09:39:10,9812,1747,92-HR-04,POINT (-9.115050315856934 38.720970153808594)
1746_717,3798_20250601_170_0_7,170_0,0,38.79254913330078,-9.150300025939941,37,IN_TRANSIT_TO,2025-06-17 09:38:51,11608,1746,92-HR-03,POINT (-9.150300025939941 38.79254913330078)
2971_34B,19144_20250601_226_0_5,226_0,0,38.731380462646484,-9.112019538879395,35,IN_TRANSIT_TO,2025-06-17 09:39:18,3602,2971,29-VM-98,POINT (-9.112019538879395 38.731380462646484)
4636_783,7818_20250601_203_0_7,203_0,0,38.722801208496094,-9.161179542541504,0,IN_TRANSIT_TO,2025-06-17 09:39:07,,4636,90-JI-97,POINT (-9.161179542541504 38.722801208496094)
2811_749,6206_20250601_195_0_9,195_0,1,38.7570686340332,-9.11242961883545,14,IN_TRANSIT_TO,2025-06-17 09:38:48,24370,2811,02-IH-00,POINT (-9.11242961883545 38.7570686340332)
4812_728,4642_20250601_204_0_6,204_0,0,38.70349884033203,-9.166720390319824,15,IN_TRANSIT_TO,2025-06-17 09:39:00,10201,4812,20-VQ-70,POINT (-9.166720390319824 38.70349884033203)
2802_725,4240_20250601_197_0_14,197_0,1,38.778900146484375,-9.115920066833496,8,IN_TRANSIT_TO,2025-06-17 09:39:08,12320,2802,01-IH-91,POINT (-9.115920066833496 38.778900146484375)
2968_730,4968_20250601_198_0_8,198_0,0,38.72243118286133,-9.138999938964844,20,IN_TRANSIT_TO,2025-06-17 09:39:04,9201,2968,30-VM-24,POINT (-9.138999938964844 38.72243118286133)
1748_717,3878_20250601_170_0_7,170_0,1,38.77280044555664,-9.161250114440918,21,IN_TRANSIT_TO,2025-06-17 09:38:36,5906,1748,92-HR-05,POINT (-9.161250114440918 38.77280044555664)
2453_729,4812_20250601_104_0_3,104_0,0,38.69504928588867,-9.213780403137207,36,IN_TRANSIT_TO,2025-06-17 09:38:56,13210,2453,16-AZ-13,POINT (-9.213780403137207 38.69504928588867)
2459_726,4319_20250601_116_0_6,116_0,1,38.756900787353516,-9.178000450134277,9,IN_TRANSIT_TO,2025-06-17 09:38:51,13607,2459,74-BC-74,POINT (-9.178000450134277 38.756900787353516)
401_28E,48756_20250601_75_8_21,75_8,1,38.72072982788086,-9.129329681396484,2,IN_TRANSIT_TO,2025-06-17 09:38:50,9130,401,BF-60-TR,POINT (-9.129329681396484 38.72072982788086)
4640_783,7847_20250601_203_0_6,203_0,1,38.782798767089844,-9.12427043914795,4,IN_TRANSIT_TO,2025-06-17 09:35:17,16304,4640,02-JN-87,POINT (-9.12427043914795 38.782798767089844)
1753_717,3862_20250601_170_0_6,170_0,1,38.748748779296875,-9.132780075073242,33,IN_TRANSIT_TO,2025-06-17 09:38:59,11204,1753,34-HU-19,POINT (-9.132780075073242 38.748748779296875)
1750_717,3761_20250601_170_0_7,170_0,1,38.782230377197266,-9.141799926757812,11,IN_TRANSIT_TO,2025-06-17 09:39:14,6011,1750,92-HR-07,POINT (-9.141799926757812 38.782230377197266)
2761_712,3529_20250601_189_0_6,189_0,0,38.72832107543945,-9.144820213317871,21,IN_TRANSIT_TO,2025-06-17 09:38:58,6608,2761,AH-33-ND,POINT (-9.144820213317871 38.72832107543945)
231_41B,19378_20250601_232_0_9,232_0,1,38.775970458984375,-9.163350105285645,6,IN_TRANSIT_TO,2025-06-17 09:38:51,5908,231,84-47-XQ,POINT (-9.163350105285645 38.775970458984375)
2700_754,6593_20250601_201_0_6,201_0,1,38.745601654052734,-9.181730270385742,24,IN_TRANSIT_TO,2025-06-17 09:39:08,10707,2700,92-XQ-26,POINT (-9.181730270385742 38.745601654052734)
2667_727,4539_20250601_103_0_4,103_0,0,38.707069396972656,-9.157469749450684,22,IN_TRANSIT_TO,2025-06-17 09:39:17,50593,2667,87-XB-45,POINT (-9.157469749450684 38.707069396972656)
2251_758,6786_20250601_150_0_5,150_0,0,38.71229934692383,-9.14307975769043,3,IN_TRANSIT_TO,2025-06-17 09:38:54,10501,2251,22-31-ZB,POINT (-9.14307975769043 38.71229934692383)
2280_729,4799_20250601_104_0_7,104_0,1,38.69728088378906,-9.202719688415527,6,IN_TRANSIT_TO,2025-06-17 09:39:17,9603,2280,67-40-ZJ,POINT (-9.202719688415527 38.69728088378906)
2794_712,3551_20250601_189_0_4,189_0,1,38.72697830200195,-9.136870384216309,20,IN_TRANSIT_TO,2025-06-17 09:38:52,615,2794,AJ-60-LI,POINT (-9.136870384216309 38.72697830200195)
4608_728,4699_20250601_204_0_3,204_0,1,38.6973991394043,-9.20359992980957,42,IN_TRANSIT_TO,2025-06-17 09:38:59,4102,4608,96-GL-85,POINT (-9.20359992980957 38.6973991394043)
2777_754,6623_20250601_201_0_5,201_0,0,38.74814987182617,-9.180529594421387,13,IN_TRANSIT_TO,2025-06-17 09:38:52,10702,2777,AI-01-BT,POINT (-9.180529594421387 38.74814987182617)
2710_711,3486_20250601_101_0_7,101_0,0,38.72536849975586,-9.151670455932617,6,IN_TRANSIT_TO,2025-06-17 09:39:03,1103,2710,92-XQ-19,POINT (-9.151670455932617 38.72536849975586)
2623_759,6977_20250601_144_0_6,144_0,1,38.71308135986328,-9.138319969177246,45,IN_TRANSIT_TO,2025-06-17 09:38:55,913,2623,66-VI-26,POINT (-9.138319969177246 38.71308135986328)
2734_742,5766_20250601_114_0_4,114_0,0,38.70512008666992,-9.18397045135498,42,IN_TRANSIT_TO,2025-06-17 09:39:12,12004,2734,AG-50-EI,POINT (-9.18397045135498 38.70512008666992)
2790_712,3534_20250601_189_0_5,189_0,0,38.73152160644531,-9.127269744873047,12,IN_TRANSIT_TO,2025-06-17 09:38:42,7003,2790,AI-54-TL,POINT (-9.127269744873047 38.73152160644531)
2450_716,3727_20250601_164_0_5,164_0,0,38.73509979248047,-9.146349906921387,21,IN_TRANSIT_TO,2025-06-17 09:38:38,10802,2450,44-BC-36,POINT (-9.146349906921387 38.73509979248047)
301_744,5817_20250601_200_0_6,200_0,1,38.76771926879883,-9.105600357055664,6,IN_TRANSIT_TO,2025-06-17 09:38:49,7825,301,74-SM-62,POINT (-9.105600357055664 38.76771926879883)
2746_735,5268_20250601_172_0_6,172_0,1,38.75191879272461,-9.14342975616455,7,IN_TRANSIT_TO,2025-06-17 09:39:05,102,2746,AG-97-TG,POINT (-9.14342975616455 38.75191879272461)
1711_783,7810_20250601_203_0_7,203_0,0,38.741729736328125,-9.146550178527832,8,IN_TRANSIT_TO,2025-06-17 09:39:08,1809,1711,69-AL-74,POINT (-9.146550178527832 38.741729736328125)
2818_725,4256_20250601_197_0_13,197_0,0,38.78150177001953,-9.119850158691406,10,IN_TRANSIT_TO,2025-06-17 09:38:54,12601,2818,90-II-58,POINT (-9.119850158691406 38.78150177001953)
2300_723,4175_20250601_121_0_7,121_0,0,38.71659851074219,-9.200480461120605,13,IN_TRANSIT_TO,2025-06-17 09:38:59,21303,2300,83-13-ZM,POINT (-9.200480461120605 38.71659851074219)
1721_701,2937_20250601_123_0_10,123_0,0,38.750179290771484,-9.161450386047363,9,IN_TRANSIT_TO,2025-06-17 09:38:58,13503,1721,25-AS-33,POINT (-9.161450386047363 38.750179290771484)
1775_717,3805_20250601_170_0_7,170_0,0,38.777130126953125,-9.146220207214355,24,IN_TRANSIT_TO,2025-06-17 09:39:06,11501,1775,53-HX-08,POINT (-9.146220207214355 38.777130126953125)
2797_738,5514_20250601_117_0_6,117_0,1,38.71564865112305,-9.15956974029541,12,IN_TRANSIT_TO,2025-06-17 09:39:06,8103,2797,AJ-57-LI,POINT (-9.15956974029541 38.71564865112305)
1773_717,3783_20250601_170_0_4,170_0,0,38.79804992675781,-9.145150184631348,40,IN_TRANSIT_TO,2025-06-17 09:38:49,16002,1773,53-HX-06,POINT (-9.145150184631348 38.79804992675781)
2759_727,4542_20250601_103_0_2,103_0,0,38.72863006591797,-9.147879600524902,12,IN_TRANSIT_TO,2025-06-17 09:39:04,1702,2759,AH-21-ND,POINT (-9.147879600524902 38.72863006591797)
2284_763,49572_20250601_282_0_9,282_0,0,38.77560043334961,-9.178669929504395,11,IN_TRANSIT_TO,2025-06-17 09:38:49,14118,2284,67-36-ZJ,POINT (-9.178669929504395 38.77560043334961)
1705_720,4042_20250601_143_0_4,143_0,1,38.70392990112305,-9.167980194091797,6,IN_TRANSIT_TO,2025-06-17 09:39:11,4001,1705,69-AL-68,POINT (-9.167980194091797 38.70392990112305)
2754_720,4064_20250601_143_0_5,143_0,0,38.71683120727539,-9.157950401306152,18,IN_TRANSIT_TO,2025-06-17 09:38:40,6802,2754,AG-01-TH,POINT (-9.157950401306152 38.71683120727539)
1706_701,2990_20250601_123_0_10,123_0,0,38.75041961669922,-9.17300033569336,15,IN_TRANSIT_TO,2025-06-17 09:38:49,13618,1706,69-AL-69,POINT (-9.17300033569336 38.75041961669922)
4628_755,6696_20250601_118_0_7,118_0,1,38.75455093383789,-9.124979972839355,19,IN_TRANSIT_TO,2025-06-17 09:39:13,14712,4628,27-JO-10,POINT (-9.124979972839355 38.75455093383789)
2480_726,4323_20250601_116_0_6,116_0,1,38.76166915893555,-9.196829795837402,4,IN_TRANSIT_TO,2025-06-17 09:39:02,13907,2480,91-BE-75,POINT (-9.196829795837402 38.76166915893555)
2252_731,5019_20250601_190_0_4,190_0,0,38.758480072021484,-9.13998031616211,17,IN_TRANSIT_TO,2025-06-17 09:39:15,11303,2252,80-40-ZE,POINT (-9.13998031616211 38.758480072021484)
217_773,7396_20250601_124_0_8,124_0,1,38.71179962158203,-9.154000282287598,18,IN_TRANSIT_TO,2025-06-17 09:38:29,6708,217,29-98-XM,POINT (-9.154000282287598 38.71179962158203)
2767_727,4488_20250601_103_0_5,103_0,1,38.70518112182617,-9.17057991027832,20,IN_TRANSIT_TO,2025-06-17 09:39:10,9418,2767,AH-34-ND,POINT (-9.17057991027832 38.70518112182617)
2454_729,4790_20250601_104_0_4,104_0,1,38.736549377441406,-9.201620101928711,21,IN_TRANSIT_TO,2025-06-17 09:38:49,8713,2454,16-AZ-18,POINT (-9.201620101928711 38.736549377441406)
1780_742,5664_20250601_114_0_5,114_0,1,38.72800064086914,-9.109869956970215,53,IN_TRANSIT_TO,2025-06-17 09:38:09,8303,1780,63-HX-18,POINT (-9.109869956970215 38.72800064086914)
1769_796,8130_20250601_174_0_16,174_0,1,38.792930603027344,-9.15565013885498,4,IN_TRANSIT_TO,2025-06-17 09:39:06,11607,1769,63-HX-24,POINT (-9.15565013885498 38.792930603027344)
1767_735,5185_20250601_172_0_7,172_0,0,38.72922897338867,-9.128129959106445,15,IN_TRANSIT_TO,2025-06-17 09:37:32,7009,1767,63-HX-29,POINT (-9.128129959106445 38.72922897338867)
2768_727,4526_20250601_103_0_4,103_0,0,38.70233154296875,-9.202400207519531,39,IN_TRANSIT_TO,2025-06-17 09:38:50,13310,2768,AH-25-ND,POINT (-9.202400207519531 38.70233154296875)
2666_727,4531_20250601_103_0_3,103_0,0,38.704551696777344,-9.163979530334473,25,IN_TRANSIT_TO,2025-06-17 09:38:59,10212,2666,87-XB-39,POINT (-9.163979530334473 38.704551696777344)
1759_720,4099_20250601_143_0_8,143_0,1,38.720970153808594,-9.152629852294922,14,IN_TRANSIT_TO,2025-06-17 09:38:51,6805,1759,34-HU-25,POINT (-9.152629852294922 38.720970153808594)
1756_717,3842_20250601_170_0_7,170_0,0,38.73748016357422,-9.133720397949219,2,IN_TRANSIT_TO,2025-06-17 09:39:04,414,1756,34-HU-22,POINT (-9.133720397949219 38.73748016357422)
2470_716,3730_20250601_164_0_9,164_0,0,38.73501968383789,-9.14762020111084,11,IN_TRANSIT_TO,2025-06-17 09:39:03,1601,2470,74-BC-71,POINT (-9.14762020111084 38.73501968383789)
2433_747,6096_20250601_177_0_5,177_0,0,38.76158142089844,-9.196700096130371,21,IN_TRANSIT_TO,2025-06-17 09:38:50,13907,2433,44-BC-28,POINT (-9.196700096130371 38.76158142089844)
2771_776,7479_20250601_193_0_22,193_0,0,38.70191955566406,-9.25137996673584,9,IN_TRANSIT_TO,2025-06-17 09:30:55,4304,2771,AH-20-ND,POINT (-9.25137996673584 38.70191955566406)
2412_729,4822_20250601_104_0_6,104_0,0,38.74497985839844,-9.198749542236328,12,IN_TRANSIT_TO,2025-06-17 09:38:52,10802,2412,92-AO-48,POINT (-9.198749542236328 38.74497985839844)
2774_738,5549_20250601_117_0_4,117_0,0,38.73963165283203,-9.146329879760742,16,IN_TRANSIT_TO,2025-06-17 09:39:08,1906,2774,AH-22-ND,POINT (-9.146329879760742 38.73963165283203)
405_22B,19423_20250601_236_0_9,236_0,0,38.71083068847656,-9.145279884338379,5,IN_TRANSIT_TO,2025-06-17 09:39:03,10510,405,BF-14-TU,POINT (-9.145279884338379 38.71083068847656)
2469_726,4262_20250601_116_0_7,116_0,0,38.73738098144531,-9.149530410766602,11,IN_TRANSIT_TO,2025-06-17 09:38:50,1407,2469,16-AZ-09,POINT (-9.149530410766602 38.73738098144531)
2747_735,5235_20250601_172_0_6,172_0,1,38.731170654296875,-9.127829551696777,18,IN_TRANSIT_TO,2025-06-17 09:39:13,7004,2747,AG-09-TH,POINT (-9.127829551696777 38.731170654296875)
2447_767,7307_20250601_112_0_4,112_0,1,38.73197937011719,-9.140379905700684,40,IN_TRANSIT_TO,2025-06-17 09:38:55,6501,2447,44-BC-33,POINT (-9.140379905700684 38.73197937011719)
1725_720,4084_20250601_143_0_7,143_0,0,38.73173141479492,-9.14091968536377,11,IN_TRANSIT_TO,2025-06-17 09:39:06,6501,1725,25-AS-37,POINT (-9.14091968536377 38.73173141479492)
1774_794,8078_20250601_115_0_6,115_0,0,38.75246810913086,-9.114130020141602,27,IN_TRANSIT_TO,2025-06-17 09:39:16,24378,1774,53-HX-07,POINT (-9.114130020141602 38.75246810913086)
2467_703,3163_20250601_165_0_6,165_0,1,38.756778717041016,-9.18554973602295,9,IN_TRANSIT_TO,2025-06-17 09:38:52,10813,2467,16-AZ-14,POINT (-9.18554973602295 38.756778717041016)
1760_717,3865_20250601_170_0_6,170_0,1,38.76675033569336,-9.15779972076416,23,IN_TRANSIT_TO,2025-06-17 09:39:08,5902,1760,34-HU-26,POINT (-9.15779972076416 38.76675033569336)
2757_723,18953_20250601_121_0_6,121_0,1,38.69554901123047,-9.21774959564209,3,IN_TRANSIT_TO,2025-06-17 09:38:58,13203,2757,AH-32-ND,POINT (-9.21774959564209 38.69554901123047)
2473_703,3103_20250601_165_0_7,165_0,0,38.76337814331055,-9.180769920349121,26,IN_TRANSIT_TO,2025-06-17 09:38:52,12807,2473,74-BC-68,POINT (-9.180769920349121 38.76337814331055)
1758_794,8040_20250601_115_0_7,115_0,1,38.75617980957031,-9.103219985961914,4,IN_TRANSIT_TO,2025-06-17 09:39:07,2320,1758,34-HU-24,POINT (-9.103219985961914 38.75617980957031)
2333_735,5276_20250601_172_0_5,172_0,0,38.756378173828125,-9.146880149841309,29,IN_TRANSIT_TO,2025-06-17 09:39:13,11321,2333,62-97-ZG,POINT (-9.146880149841309 38.756378173828125)
406_19B,21690_20250601_245_0_7,245_0,0,38.71678161621094,-9.145899772644043,15,IN_TRANSIT_TO,2025-06-17 09:38:50,50532,406,BF-93-TB,POINT (-9.145899772644043 38.71678161621094)
2461_726,4297_20250601_116_0_4,116_0,1,38.73662185668945,-9.149519920349121,23,IN_TRANSIT_TO,2025-06-17 09:39:13,1408,2461,55-BH-04,POINT (-9.149519920349121 38.73662185668945)
2775_713,3620_20250601_122_0_7,122_0,0,38.7045783996582,-9.163570404052734,26,IN_TRANSIT_TO,2025-06-17 09:39:13,10212,2775,AH-31-ND,POINT (-9.163570404052734 38.7045783996582)
2336_708,3287_20250601_100_0_7,100_0,1,38.773048400878906,-9.097550392150879,13,IN_TRANSIT_TO,2025-06-17 09:38:55,7824,2336,53-63-ZJ,POINT (-9.097550392150879 38.773048400878906)
2449_767,7270_20250601_112_0_5,112_0,0,38.753868103027344,-9.187350273132324,29,IN_TRANSIT_TO,2025-06-17 09:39:12,12802,2449,44-BC-35,POINT (-9.187350273132324 38.753868103027344)
1719_701,2985_20250601_123_0_8,123_0,0,38.726871490478516,-9.162369728088379,26,IN_TRANSIT_TO,2025-06-17 09:39:15,6113,1719,25-AS-31,POINT (-9.162369728088379 38.726871490478516)
2445_767,7203_20250601_112_0_4,112_0,1,38.760528564453125,-9.16707992553711,25,IN_TRANSIT_TO,2025-06-17 09:38:51,50006,2445,44-BC-31,POINT (-9.16707992553711 38.760528564453125)
2437_767,7182_20250601_112_0_13,112_0,0,38.75257110595703,-9.143569946289062,14,IN_TRANSIT_TO,2025-06-16 20:48:26,101,2437,29-AX-09,POINT (-9.143569946289062 38.75257110595703)
2758_727,4505_20250601_103_0_4,103_0,1,38.697330474853516,-9.203450202941895,12,IN_TRANSIT_TO,2025-06-17 09:39:18,9603,2758,AH-36-ND,POINT (-9.203450202941895 38.697330474853516)
2833_728,4725_20250601_204_4_1,204_4,1,38.69757080078125,-9.204230308532715,15,IN_TRANSIT_TO,2025-06-17 09:38:58,4102,2833,BF-65-FZ,POINT (-9.204230308532715 38.69757080078125)
2839_748,6183_20250601_169_0_1,169_0,1,38.71405029296875,-9.22681999206543,4,IN_TRANSIT_TO,2025-06-17 09:39:16,14307,2839,BF-69-FZ,POINT (-9.22681999206543 38.71405029296875)
1703_794,8094_20250601_115_0_7,115_0,0,38.74652099609375,-9.119319915771484,15,IN_TRANSIT_TO,2025-06-17 09:39:15,3608,1703,35-AL-13,POINT (-9.119319915771484 38.74652099609375)
4622_796,8141_20250601_174_0_13,174_0,0,38.77294921875,-9.161399841308594,4,IN_TRANSIT_TO,2025-06-17 09:39:06,5903,4622,90-JI-91,POINT (-9.161399841308594 38.77294921875)
1766_717,3827_20250601_170_0_4,170_0,0,38.75019836425781,-9.137350082397461,8,IN_TRANSIT_TO,2025-06-17 09:38:49,11205,1766,63-HX-33,POINT (-9.137350082397461 38.75019836425781)
2271_731,5023_20250601_190_0_7,190_0,0,38.74380111694336,-9.152179718017578,9,IN_TRANSIT_TO,2025-06-17 09:39:00,3309,2271,92-54-ZM,POINT (-9.152179718017578 38.74380111694336)
2305_742,5778_20250601_114_0_5,114_0,0,38.73347091674805,-9.133219718933105,17,IN_TRANSIT_TO,2025-06-17 09:38:57,503,2305,83-18-ZM,POINT (-9.133219718933105 38.73347091674805)
2498_720,4096_20250601_143_0_8,143_0,1,38.73775100708008,-9.133769989013672,25,IN_TRANSIT_TO,2025-06-17 09:39:12,414,2498,03-BM-57,POINT (-9.133769989013672 38.73775100708008)
1763_794,8037_20250601_115_0_4,115_0,1,38.756649017333984,-9.126919746398926,18,IN_TRANSIT_TO,2025-06-17 09:38:53,14707,1763,63-HX-25,POINT (-9.126919746398926 38.756649017333984)
4612_728,4715_20250601_204_0_5,204_0,1,38.73772048950195,-9.103079795837402,21,IN_TRANSIT_TO,2025-06-17 09:39:13,12510,4612,96-GL-89,POINT (-9.103079795837402 38.73772048950195)
4603_753,6572_20250601_167_0_10,167_0,1,38.71078109741211,-9.177630424499512,2,IN_TRANSIT_TO,2025-06-17 09:39:00,14602,4603,96-GL-81,POINT (-9.177630424499512 38.71078109741211)
4605_728,4709_20250601_204_0_3,204_0,1,38.70977020263672,-9.128769874572754,30,IN_TRANSIT_TO,2025-06-17 09:38:59,8204,4605,31-GN-72,POINT (-9.128769874572754 38.70977020263672)
2477_703,3167_20250601_165_0_6,165_0,1,38.75014877319336,-9.197449684143066,6,IN_TRANSIT_TO,2025-06-17 09:39:17,10907,2477,91-BE-73,POINT (-9.197449684143066 38.75014877319336)
1712_756,6750_20250601_175_0_5,175_0,1,38.74121856689453,-9.147100448608398,13,IN_TRANSIT_TO,2025-06-17 09:38:57,1915,1712,69-AL-75,POINT (-9.147100448608398 38.74121856689453)
601_15E,11271_20250601_76_0_7,76_0,1,38.70914840698242,-9.13623046875,22,IN_TRANSIT_TO,2025-06-17 09:39:04,5512,601,,POINT (-9.13623046875 38.70914840698242)
2240_726,4284_20250601_116_0_6,116_0,1,38.729469299316406,-9.13759994506836,28,IN_TRANSIT_TO,2025-06-17 09:38:51,6503,2240,06-31-XX,POINT (-9.13759994506836 38.729469299316406)
2403_729,4755_20250601_104_0_5,104_0,1,38.76165008544922,-9.196649551391602,36,IN_TRANSIT_TO,2025-06-17 09:38:49,12812,2403,50-AL-12,POINT (-9.196649551391602 38.76165008544922)
2426_767,7284_20250601_112_0_5,112_0,0,38.76033020019531,-9.183950424194336,28,IN_TRANSIT_TO,2025-06-17 09:38:53,12824,2426,29-AU-21,POINT (-9.183950424194336 38.76033020019531)
408_67B,28220_20250601_253_0_5,253_0,0,38.71379852294922,-9.160329818725586,25,IN_TRANSIT_TO,2025-06-17 09:38:35,6718,408,BF-24-TS,POINT (-9.160329818725586 38.71379852294922)
2485_703,3127_20250601_165_0_5,165_0,0,38.78178024291992,-9.156920433044434,12,IN_TRANSIT_TO,2025-06-17 09:35:32,5933,2485,91-BE-77,POINT (-9.156920433044434 38.78178024291992)
2408_778,18641_20250601_179_0_11,179_0,0,38.75938034057617,-9.157469749450684,0,IN_TRANSIT_TO,2025-06-17 09:38:26,,2408,50-AL-08,POINT (-9.157469749450684 38.75938034057617)
2776_714,3673_20250601_102_0_7,102_0,0,38.70465087890625,-9.163000106811523,7,IN_TRANSIT_TO,2025-06-17 09:39:02,3908,2776,AI-07-BT,POINT (-9.163000106811523 38.70465087890625)
2474_726,4275_20250601_116_0_4,116_0,1,38.72726821899414,-9.134849548339844,30,IN_TRANSIT_TO,2025-06-17 09:39:13,50657,2474,74-BC-67,POINT (-9.134849548339844 38.72726821899414)
2942_29B,17527_20250601_209_0_7,209_0,0,38.779449462890625,-9.12024974822998,19,IN_TRANSIT_TO,2025-06-17 09:39:07,12603,2942,51-GL-82,POINT (-9.12024974822998 38.779449462890625)
606_15E,11310_20250601_76_0_6,76_0,1,38.696651458740234,-9.207130432128906,6,IN_TRANSIT_TO,2025-06-17 09:38:51,13209,606,,POINT (-9.207130432128906 38.696651458740234)
2748_742,5774_20250601_114_0_3,114_0,0,38.737281799316406,-9.145230293273926,22,IN_TRANSIT_TO,2025-06-17 09:39:17,11118,2748,AG-96-TG,POINT (-9.145230293273926 38.737281799316406)
2283_768,7317_20250601_111_0_9,111_0,0,38.744598388671875,-9.168580055236816,5,IN_TRANSIT_TO,2025-06-17 09:39:11,12702,2283,67-39-ZJ,POINT (-9.168580055236816 38.744598388671875)
2335_735,5260_20250601_172_0_4,172_0,1,38.73276901245117,-9.13053035736084,17,IN_TRANSIT_TO,2025-06-17 09:38:52,502,2335,62-98-ZG,POINT (-9.13053035736084 38.73276901245117)
2481_703,3138_20250601_165_0_6,165_0,0,38.785850524902344,-9.142499923706055,1,IN_TRANSIT_TO,2025-06-17 09:38:51,6007,2481,54-BH-99,POINT (-9.142499923706055 38.785850524902344)
609_15E,11224_20250601_76_0_7,76_0,0,38.70349884033203,-9.170450210571289,8,IN_TRANSIT_TO,2025-06-17 09:39:14,10202,609,,POINT (-9.170450210571289 38.70349884033203)
2406_767,7292_20250601_112_0_5,112_0,0,38.7601318359375,-9.155369758605957,18,IN_TRANSIT_TO,2025-06-17 09:38:51,5805,2406,50-AL-09,POINT (-9.155369758605957 38.7601318359375)
1724_798,8191_20250601_194_0_12,194_0,1,38.77867889404297,-9.142919540405273,7,IN_TRANSIT_TO,2025-06-17 09:38:50,6011,1724,25-AS-36,POINT (-9.142919540405273 38.77867889404297)
2941_79B,18664_20250601_221_0_5,221_0,0,38.709171295166016,-9.210829734802246,27,IN_TRANSIT_TO,2025-06-17 09:38:39,12405,2941,51-GL-81,POINT (-9.210829734802246 38.709171295166016)
2451_729,4777_20250601_104_0_4,104_0,1,38.74856948852539,-9.200699806213379,26,IN_TRANSIT_TO,2025-06-17 09:38:53,2808,2451,75-AQ-16,POINT (-9.200699806213379 38.74856948852539)
2405_768,7333_20250601_111_0_8,111_0,1,38.742881774902344,-9.173680305480957,17,IN_TRANSIT_TO,2025-06-17 09:39:11,10705,2405,50-AL-10,POINT (-9.173680305480957 38.742881774902344)
2792_727,4554_20250601_103_0_4,103_0,1,38.748748779296875,-9.13290023803711,48,IN_TRANSIT_TO,2025-06-17 09:39:08,11208,2792,AJ-53-LI,POINT (-9.13290023803711 38.748748779296875)
2434_747,6112_20250601_177_0_8,177_0,0,38.76337814331055,-9.171449661254883,9,IN_TRANSIT_TO,2025-06-17 09:39:01,50007,2434,29-AU-24,POINT (-9.171449661254883 38.76337814331055)
223_773,7422_20250601_124_0_13,124_0,0,38.71472930908203,-9.149820327758789,5,IN_TRANSIT_TO,2025-06-17 09:34:37,50075,223,84-38-XQ,POINT (-9.149820327758789 38.71472930908203)
206_17B,21714_20250601_247_0_5,247_0,0,38.72248077392578,-9.13932991027832,10,IN_TRANSIT_TO,2025-06-17 09:39:12,9211,206,33-49-XH,POINT (-9.13932991027832 38.72248077392578)
260_734,5165_20250601_205_4_15,205_4,1,38.726829528808594,-9.130220413208008,3,IN_TRANSIT_TO,2025-06-17 09:38:55,9107,260,AG-79-EF,POINT (-9.130220413208008 38.726829528808594)
4610_728,4610_20250601_204_0_6,204_0,0,38.7401008605957,-9.10278034210205,32,IN_TRANSIT_TO,2025-06-17 09:39:03,12509,4610,96-GL-87,POINT (-9.10278034210205 38.7401008605957)
2840_751,6508_20250601_109_0_4,109_0,0,38.71553039550781,-9.234350204467773,32,IN_TRANSIT_TO,2025-06-17 09:39:11,50059,2840,BF-75-FZ,POINT (-9.234350204467773 38.71553039550781)
2773_764,7145_20250601_168_0_5,168_0,0,38.74702072143555,-9.215880393981934,27,IN_TRANSIT_TO,2025-06-17 09:37:40,3016,2773,AH-39-ND,POINT (-9.215880393981934 38.74702072143555)
6012_706,3265_20250601_147_0_7,147_0,1,38.732421875,-9.134349822998047,14,IN_TRANSIT_TO,2025-06-17 09:38:55,506,6012,67-ZF-26,POINT (-9.134349822998047 38.732421875)
4838_736,5320_20250601_199_0_7,199_0,0,38.77429962158203,-9.162030220031738,20,IN_TRANSIT_TO,2025-06-17 09:39:17,5907,4838,34-VR-22,POINT (-9.162030220031738 38.77429962158203)
2751_735,5284_20250601_172_0_5,172_0,0,38.75502014160156,-9.144949913024902,28,IN_TRANSIT_TO,2025-06-17 09:38:58,103,2751,AG-12-TH,POINT (-9.144949913024902 38.75502014160156)
2438_747,6097_20250601_177_0_7,177_0,0,38.76462173461914,-9.199469566345215,20,IN_TRANSIT_TO,2025-06-17 09:39:01,13909,2438,44-BC-29,POINT (-9.199469566345215 38.76462173461914)
6029_732,5081_20250601_107_0_4,107_0,1,38.705379486083984,-9.202520370483398,11,IN_TRANSIT_TO,2025-06-17 09:39:03,13109,6029,BF-52-AX,POINT (-9.202520370483398 38.705379486083984)
2276_768,7345_20250601_111_0_5,111_0,0,38.76166915893555,-9.196599960327148,20,IN_TRANSIT_TO,2025-06-17 09:39:11,13904,2276,53-57-ZJ,POINT (-9.196599960327148 38.76166915893555)
2245_767,7225_20250601_112_0_4,112_0,1,38.75502014160156,-9.186169624328613,17,IN_TRANSIT_TO,2025-06-17 09:39:09,10813,2245,22-35-ZB,POINT (-9.186169624328613 38.75502014160156)
2466_726,4352_20250601_116_0_5,116_0,0,38.738800048828125,-9.157400131225586,13,IN_TRANSIT_TO,2025-06-17 09:38:57,1503,2466,16-AZ-16,POINT (-9.157400131225586 38.738800048828125)
2668_723,4184_20250601_121_0_5,121_0,1,38.72679901123047,-9.145719528198242,31,IN_TRANSIT_TO,2025-06-17 09:39:18,6606,2668,87-XB-36,POINT (-9.145719528198242 38.72679901123047)
208_41B,19386_20250601_232_0_4,232_0,1,38.78403091430664,-9.163450241088867,7,IN_TRANSIT_TO,2025-06-09 10:47:59,5905,208,33-47-XH,POINT (-9.163450241088867 38.78403091430664)
4834_736,5340_20250601_199_0_7,199_0,0,38.74217987060547,-9.14663028717041,8,IN_TRANSIT_TO,2025-06-17 09:39:00,1809,4834,20-VQ-71,POINT (-9.14663028717041 38.74217987060547)
2843_728,4682_20250601_204_0_5,204_0,1,38.69768142700195,-9.187170028686523,41,IN_TRANSIT_TO,2025-06-17 09:38:55,9502,2843,BF-63-FZ,POINT (-9.187170028686523 38.69768142700195)
2770_746,5975_20250601_108_0_10,108_0,1,38.74372863769531,-9.176070213317871,13,IN_TRANSIT_TO,2025-06-17 09:38:47,10705,2770,AH-30-ND,POINT (-9.176070213317871 38.74372863769531)
213_773,7406_20250601_124_0_12,124_0,1,38.71120071411133,-9.169930458068848,7,IN_TRANSIT_TO,2025-06-17 09:39:09,9422,213,44-10-XL,POINT (-9.169930458068848 38.71120071411133)
2209_708,3366_20250601_100_0_7,100_0,1,38.727928161621094,-9.134819984436035,39,IN_TRANSIT_TO,2025-06-17 09:38:48,610,2209,01-68-XO,POINT (-9.134819984436035 38.727928161621094)
409_10B,21752_20250601_242_0_8,242_0,0,38.71604919433594,-9.230850219726562,0,IN_TRANSIT_TO,2025-06-17 09:38:57,,409,BF-73-TQ,POINT (-9.230850219726562 38.71604919433594)
2210_794,8103_20250601_115_0_7,115_0,0,38.70743179321289,-9.133049964904785,0,IN_TRANSIT_TO,2025-06-17 09:39:06,,2210,01-66-XO,POINT (-9.133049964904785 38.70743179321289)
2217_793,7972_20250601_145_0_9,145_0,1,38.73992156982422,-9.123680114746094,7,IN_TRANSIT_TO,2025-06-17 09:39:16,8913,2217,07-99-XS,POINT (-9.123680114746094 38.73992156982422)
2212_742,5763_20250601_114_0_6,114_0,0,38.7038688659668,-9.18595027923584,43,IN_TRANSIT_TO,2025-06-17 09:39:18,12002,2212,08-05-XS,POINT (-9.18595027923584 38.7038688659668)
2781_764,7163_20250601_168_0_5,168_0,1,38.74769973754883,-9.171099662780762,28,IN_TRANSIT_TO,2025-06-17 09:39:10,12710,2781,AI-00-BT,POINT (-9.171099662780762 38.74769973754883)
2203_742,5781_20250601_114_0_4,114_0,0,38.7370491027832,-9.147170066833496,23,IN_TRANSIT_TO,2025-06-17 09:39:00,1811,2203,72-19-XN,POINT (-9.147170066833496 38.7370491027832)
2223_793,7990_20250601_145_0_9,145_0,1,38.74522018432617,-9.13479995727539,0,IN_TRANSIT_TO,2025-06-17 09:39:13,,2223,08-16-XS,POINT (-9.13479995727539 38.74522018432617)
2221_742,5700_20250601_114_0_6,114_0,1,38.73514938354492,-9.146329879760742,37,IN_TRANSIT_TO,2025-06-17 09:39:07,1806,2221,07-95-XS,POINT (-9.146329879760742 38.73514938354492)
234_41B,19386_20250601_232_0_9,232_0,0,38.7747688293457,-9.147150039672852,9,IN_TRANSIT_TO,2025-06-17 09:38:51,11511,234,13-31-XZ,POINT (-9.147150039672852 38.7747688293457)
561_25E,14250_20250601_79_0_7,79_0,1,38.7087516784668,-9.136130332946777,18,IN_TRANSIT_TO,2025-06-17 09:38:55,5512,561,,POINT (-9.136130332946777 38.7087516784668)
412_67B,28219_20250601_253_0_6,253_0,0,38.71192932128906,-9.16366958618164,3,IN_TRANSIT_TO,2025-06-17 09:39:04,10109,412,BF-65-TC,POINT (-9.16366958618164 38.71192932128906)
566_28E,14968_20250601_75_0_7,75_0,1,38.71704864501953,-9.129579544067383,35,IN_TRANSIT_TO,2025-06-17 09:39:17,5602,566,,POINT (-9.129579544067383 38.71704864501953)
568_24E,17845_20250601_213_0_11,213_0,1,38.71976852416992,-9.15410041809082,5,IN_TRANSIT_TO,2025-06-17 09:39:06,6808,568,,POINT (-9.15410041809082 38.71976852416992)
567_28E,14967_20250601_75_0_5,75_0,1,38.713470458984375,-9.128649711608887,35,IN_TRANSIT_TO,2025-06-17 09:38:59,5602,567,,POINT (-9.128649711608887 38.713470458984375)
2228_735,5280_20250601_172_1_5,172_1,0,38.73828125,-9.13362979888916,20,IN_TRANSIT_TO,2025-06-17 09:38:35,409,2228,06-24-XX,POINT (-9.13362979888916 38.73828125)
2230_758,6797_20250601_150_0_7,150_0,0,38.709781646728516,-9.143250465393066,2,IN_TRANSIT_TO,2025-06-17 09:38:29,3825,2230,06-36-XX,POINT (-9.143250465393066 38.709781646728516)
562_18E,12194_20250601_78_0_10,78_0,1,38.70473098754883,-9.198800086975098,5,IN_TRANSIT_TO,2025-06-17 09:39:06,13303,562,,POINT (-9.198800086975098 38.70473098754883)
4615_728,4707_20250601_204_0_5,204_0,1,38.709999084472656,-9.128430366516113,30,IN_TRANSIT_TO,2025-06-17 09:38:26,8204,4615,22-GP-49,POINT (-9.128430366516113 38.709999084472656)
560_12E,11034_20250601_77_0_7,77_0,0,38.713680267333984,-9.130620002746582,4,IN_TRANSIT_TO,2025-06-17 09:38:51,13822,560,,POINT (-9.130620002746582 38.713680267333984)
2229_708,3331_20250601_100_0_5,100_0,0,38.76837158203125,-9.098999977111816,28,IN_TRANSIT_TO,2025-06-17 09:39:00,7805,2229,06-37-XX,POINT (-9.098999977111816 38.76837158203125)
2233_778,18645_20250601_179_0_7,179_0,1,38.769771575927734,-9.177969932556152,7,IN_TRANSIT_TO,2025-06-17 09:39:01,5935,2233,06-38-XX,POINT (-9.177969932556152 38.769771575927734)
2231_758,6854_20250601_150_0_4,150_0,1,38.74137878417969,-9.170370101928711,13,IN_TRANSIT_TO,2025-06-17 09:38:54,1615,2231,06-28-XX,POINT (-9.170370101928711 38.74137878417969)
2237_758,6830_20250601_150_0_5,150_0,1,38.720001220703125,-9.154450416564941,26,IN_TRANSIT_TO,2025-06-17 09:39:19,6807,2237,06-27-XX,POINT (-9.154450416564941 38.720001220703125)
6008_726,4339_20250601_116_0_5,116_0,0,38.7557487487793,-9.176619529724121,21,IN_TRANSIT_TO,2025-06-17 09:38:21,13617,6008,81-ZC-08,POINT (-9.176619529724121 38.7557487487793)
2238_758,6886_20250601_150_0_7,150_0,0,38.7435188293457,-9.17549991607666,21,IN_TRANSIT_TO,2025-06-17 09:38:54,10706,2238,06-29-XX,POINT (-9.17549991607666 38.7435188293457)
2835_751,6456_20250601_109_0_10,109_0,1,38.72846984863281,-9.169899940490723,29,IN_TRANSIT_TO,2025-06-17 09:39:00,8601,2835,BF-62-FZ,POINT (-9.169899940490723 38.72846984863281)
6027_732,5075_20250601_107_0_4,107_0,1,38.69915008544922,-9.192179679870605,17,IN_TRANSIT_TO,2025-06-17 09:38:58,9509,6027,BF-66-BA,POINT (-9.192179679870605 38.69915008544922)
615_15E,11276_20250601_76_0_8,76_0,1,38.703468322753906,-9.16808032989502,15,IN_TRANSIT_TO,2025-06-17 09:39:06,4001,615,,POINT (-9.16808032989502 38.703468322753906)
613_15E,11191_20250601_76_0_5,76_0,0,38.69517135620117,-9.216629981994629,19,IN_TRANSIT_TO,2025-06-17 09:38:58,13206,613,,POINT (-9.216629981994629 38.69517135620117)
2241_758,6867_20250601_150_0_6,150_0,1,38.74673080444336,-9.184499740600586,9,IN_TRANSIT_TO,2025-06-17 09:38:58,10829,2241,22-37-ZB,POINT (-9.184499740600586 38.74673080444336)
2287_763,46418_20250601_282_0_6,282_0,1,38.7741813659668,-9.159770011901855,19,IN_TRANSIT_TO,2025-06-17 09:38:57,50162,2287,92-58-ZM,POINT (-9.159770011901855 38.7741813659668)
2265_758,6859_20250601_150_0_6,150_0,1,38.74087142944336,-9.16808032989502,14,IN_TRANSIT_TO,2025-06-17 09:39:06,1610,2265,76-91-ZG,POINT (-9.16808032989502 38.74087142944336)
2273_758,6774_20250601_150_0_7,150_0,0,38.72761917114258,-9.162150382995605,13,IN_TRANSIT_TO,2025-06-17 09:38:51,6119,2273,76-81-ZG,POINT (-9.162150382995605 38.72761917114258)
2261_750,39040_20250601_106_4_9,106_4,0,38.700870513916016,-9.227919578552246,14,IN_TRANSIT_TO,2025-06-17 09:39:08,4213,2261,80-49-ZE,POINT (-9.227919578552246 38.700870513916016)
2832_728,4723_20250601_204_4_2,204_4,1,38.71207046508789,-9.124600410461426,2,IN_TRANSIT_TO,2025-06-17 09:39:17,2114,2832,BF-68-FZ,POINT (-9.124600410461426 38.71207046508789)
303_744,5840_20250601_200_0_5,200_0,1,38.73107147216797,-9.146380424499512,27,IN_TRANSIT_TO,2025-06-17 09:38:30,1812,303,22-SP-90,POINT (-9.146380424499512 38.73107147216797)
2267_799,8212_20250601_120_0_9,120_0,1,38.739830017089844,-9.214179992675781,11,IN_TRANSIT_TO,2025-06-17 09:39:09,18109,2267,76-86-ZG,POINT (-9.214179992675781 38.739830017089844)
