id,trip_id,route_id,direction_id,latitude,longitude,current_stop_sequence,current_status,timestamp,stop_id,vehicle_id,license_plate,geometry
2689_746,6003_20250801_108_0_2,108_0,1,38.726219177246094,-9.149649620056152,25,IN_TRANSIT_TO,2025-08-12 15:38:48,1206,2689,93-XA-45,POINT (-9.149649620056152 38.726219177246094)
2793_712,3531_20250801_189_0_15,189_0,0,38.726478576660156,-9.136030197143555,12,IN_TRANSIT_TO,2025-08-12 15:38:40,605,2793,AJ-58-LI,POINT (-9.136030197143555 38.726478576660156)
557_24E,17846_20250801_213_0_26,213_0,0,38.72687911987305,-9.162280082702637,11,IN_TRANSIT_TO,2025-08-12 15:38:54,6129,557,,POINT (-9.162280082702637 38.72687911987305)
611_15E,11332_20250801_76_0_2,76_0,1,38.704471588134766,-9.174850463867188,14,IN_TRANSIT_TO,2025-08-12 15:38:46,12115,611,,POINT (-9.174850463867188 38.704471588134766)
4607_750,6260_20250801_106_0_12,106_0,0,38.75202178955078,-9.187870025634766,21,IN_TRANSIT_TO,2025-08-12 15:39:00,10816,4607,96-GL-84,POINT (-9.187870025634766 38.75202178955078)
304_744,5836_20250801_200_0_12,200_0,1,38.771400451660156,-9.097700119018555,5,IN_TRANSIT_TO,2025-08-12 15:38:34,7822,304,22-SP-91,POINT (-9.097700119018555 38.771400451660156)
4606_728,4600_20250801_204_0_8,204_0,0,38.76757049560547,-9.103320121765137,43,IN_TRANSIT_TO,2025-08-12 15:39:04,7825,4606,96-GL-83,POINT (-9.103320121765137 38.76757049560547)
2315_756,6752_20250801_175_0_16,175_0,0,38.73929977416992,-9.12654972076416,4,IN_TRANSIT_TO,2025-08-12 15:38:45,8910,2315,61-88-ZB,POINT (-9.12654972076416 38.73929977416992)
2992_730,4943_20250801_198_0_15,198_0,1,38.728248596191406,-9.128219604492188,14,IN_TRANSIT_TO,2025-08-12 15:10:20,7009,2992,29-VM-95,POINT (-9.128219604492188 38.728248596191406)
2448_799,8213_20250801_120_0_22,120_0,0,38.75273132324219,-9.18947982788086,0,IN_TRANSIT_TO,2025-08-12 15:38:42,,2448,44-BC-34,POINT (-9.18947982788086 38.75273132324219)
603_15E,11315_20250801_76_0_14,76_0,1,38.703651428222656,-9.162799835205078,16,IN_TRANSIT_TO,2025-08-12 15:39:03,10201,603,,POINT (-9.162799835205078 38.703651428222656)
2766_712,3547_20250801_189_0_10,189_0,1,38.726680755615234,-9.147069931030273,16,IN_TRANSIT_TO,2025-08-12 15:38:46,1201,2766,AH-40-ND,POINT (-9.147069931030273 38.726680755615234)
2250_731,19403_20240727_190_0_8,190_0,1,38.78303146362305,-9.114009857177734,3,IN_TRANSIT_TO,2024-08-10 10:41:27,12610,2250,80-41-ZE,POINT (-9.114009857177734 38.78303146362305)
2292_731,5020_20250801_190_0_12,190_0,1,38.74197006225586,-9.168399810791016,33,IN_TRANSIT_TO,2025-08-12 15:39:03,1612,2292,83-16-ZM,POINT (-9.168399810791016 38.74197006225586)
612_15E,11257_20250801_76_0_13,76_0,0,38.704429626464844,-9.178400039672852,10,IN_TRANSIT_TO,2025-08-12 15:38:51,12116,612,,POINT (-9.178400039672852 38.704429626464844)
2321_793,7992_20250801_145_0_18,145_0,0,38.73482894897461,-9.111029624938965,5,IN_TRANSIT_TO,2025-08-12 15:38:41,12516,2321,04-47-ZF,POINT (-9.111029624938965 38.73482894897461)
2256_729,4789_20250801_104_0_10,104_0,1,38.695098876953125,-9.216429710388184,3,IN_TRANSIT_TO,2025-08-12 15:38:47,13203,2256,80-53-ZE,POINT (-9.216429710388184 38.695098876953125)
2795_723,18980_20250801_121_0_12,121_0,1,38.6963005065918,-9.214799880981445,4,IN_TRANSIT_TO,2025-08-12 15:38:55,13205,2795,AJ-55-LI,POINT (-9.214799880981445 38.6963005065918)
2494_742,5758_20250801_114_0_12,114_0,1,38.71397018432617,-9.195670127868652,2,IN_TRANSIT_TO,2025-08-12 15:39:01,12928,2494,88-BL-68,POINT (-9.195670127868652 38.71397018432617)
2346_731,5016_20250801_190_0_13,190_0,0,38.74169921875,-9.167900085449219,2,IN_TRANSIT_TO,2025-08-12 15:38:38,1621,2346,62-93-ZG,POINT (-9.167900085449219 38.74169921875)
6033_732,5098_20250801_107_0_7,107_0,0,38.7481803894043,-9.149069786071777,3,IN_TRANSIT_TO,2025-08-12 15:38:55,2010,6033,BF-92-AZ,POINT (-9.149069786071777 38.7481803894043)
4620_728,4721_20250801_204_4_10,204_4,1,38.69771957397461,-9.204480171203613,15,IN_TRANSIT_TO,2025-08-12 15:38:57,4102,4620,22-GP-54,POINT (-9.204480171203613 38.69771957397461)
2955_793,7971_20250801_145_0_18,145_0,1,38.74325180053711,-9.132780075073242,2,IN_TRANSIT_TO,2025-08-12 15:38:58,308,2955,27-GU-70,POINT (-9.132780075073242 38.74325180053711)
2954_765,7175_20250801_110_0_41,110_0,0,38.756229400634766,-9.20479965209961,7,IN_TRANSIT_TO,2025-08-12 15:39:01,13702,2954,62-GQ-56,POINT (-9.20479965209961 38.756229400634766)
4642_750,6370_20250801_106_0_8,106_0,1,38.701229095458984,-9.227580070495605,2,IN_TRANSIT_TO,2025-08-12 15:31:10,4202,4642,90-JI-99,POINT (-9.227580070495605 38.701229095458984)
4614_750,6346_20250801_106_0_11,106_0,1,38.746131896972656,-9.197930335998535,13,IN_TRANSIT_TO,2025-08-12 15:38:41,2812,4614,96-GL-90,POINT (-9.197930335998535 38.746131896972656)
4616_750,6399_20250801_106_0_11,106_0,0,38.75053024291992,-9.197319984436035,23,IN_TRANSIT_TO,2025-08-12 15:38:41,10802,4616,22-GP-50,POINT (-9.197319984436035 38.75053024291992)
2950_29B,17536_20250801_209_0_15,209_0,0,38.77027130126953,-9.108920097351074,11,IN_TRANSIT_TO,2025-08-12 15:38:40,7715,2950,62-GQ-51,POINT (-9.108920097351074 38.77027130126953)
4641_750,6337_20250801_106_0_2,106_0,1,38.75878143310547,-9.156999588012695,24,IN_TRANSIT_TO,2025-08-12 15:38:47,5801,4641,90-JI-98,POINT (-9.156999588012695 38.75878143310547)
2945_26B,17514_20250801_208_0_17,208_0,0,38.77482986450195,-9.10558032989502,10,IN_TRANSIT_TO,2025-08-12 15:38:38,7908,2945,75-GO-14,POINT (-9.10558032989502 38.77482986450195)
2949_32B,17552_20250801_211_0_17,211_0,0,38.750301361083984,-9.119270324707031,14,IN_TRANSIT_TO,2025-08-12 15:38:49,14729,2949,62-GQ-52,POINT (-9.119270324707031 38.750301361083984)
4646_750,6292_20250801_106_0_12,106_0,0,38.767578125,-9.099900245666504,0,IN_TRANSIT_TO,2025-08-12 15:39:01,,4646,11-JM-79,POINT (-9.099900245666504 38.767578125)
4629_796,8138_20250801_174_0_15,174_0,0,38.790321350097656,-9.157580375671387,10,IN_TRANSIT_TO,2025-08-12 15:38:47,11618,4629,11-JM-77,POINT (-9.157580375671387 38.790321350097656)
4631_783,7850_20250601_203_0_12,203_0,1,38.770118713378906,-9.126720428466797,10,IN_TRANSIT_TO,2025-06-30 15:27:01,12202,4631,02-JN-86,POINT (-9.126720428466797 38.770118713378906)
2688_713,3595_20250801_122_0_15,122_0,0,38.72209930419922,-9.156999588012695,12,IN_TRANSIT_TO,2025-08-12 15:38:58,8516,2688,93-XA-35,POINT (-9.156999588012695 38.72209930419922)
2699_723,4171_20250801_121_0_14,121_0,1,38.72298049926758,-9.142049789428711,32,IN_TRANSIT_TO,2025-08-12 15:38:55,6604,2699,92-XQ-25,POINT (-9.142049789428711 38.72298049926758)
2691_748,6146_20250801_169_0_12,169_0,1,38.71371841430664,-9.222000122070312,6,IN_TRANSIT_TO,2025-08-12 15:38:38,14311,2691,90-XF-45,POINT (-9.222000122070312 38.71371841430664)
2669_723,4166_20250801_121_0_15,121_0,0,38.72705078125,-9.145930290222168,5,IN_TRANSIT_TO,2025-08-12 15:38:49,6605,2669,87-XB-34,POINT (-9.145930290222168 38.72705078125)
2695_713,21219_20250801_122_0_2,122_0,1,38.705078125,-9.170379638671875,8,IN_TRANSIT_TO,2025-08-12 15:38:41,9418,2695,90-XF-50,POINT (-9.170379638671875 38.705078125)
4836_736,5321_20250801_199_0_13,199_0,0,38.738800048828125,-9.145970344543457,8,IN_TRANSIT_TO,2025-08-12 15:39:05,1809,4836,34-VR-23,POINT (-9.145970344543457 38.738800048828125)
2705_746,5976_20250801_108_0_14,108_0,1,38.75053024291992,-9.211350440979004,2,IN_TRANSIT_TO,2025-08-12 15:38:41,3003,2705,92-XQ-29,POINT (-9.211350440979004 38.75053024291992)
2684_714,3695_20250801_102_0_10,102_0,1,38.69860076904297,-9.187419891357422,25,IN_TRANSIT_TO,2025-08-12 15:38:33,9505,2684,99-XE-59,POINT (-9.187419891357422 38.69860076904297)
6047_760,7068_20250801_171_0_6,171_0,0,38.708778381347656,-9.13521957397461,10,IN_TRANSIT_TO,2025-08-12 15:38:49,5502,6047,BH-20-IP,POINT (-9.13521957397461 38.708778381347656)
4618_750,6324_20250801_106_0_10,106_0,1,38.758750915527344,-9.157130241394043,24,IN_TRANSIT_TO,2025-08-12 15:38:51,5801,4618,22-GP-52,POINT (-9.157130241394043 38.758750915527344)
2947_29B,17528_20250801_209_0_16,209_0,0,38.76408004760742,-9.119000434875488,31,IN_TRANSIT_TO,2025-08-12 15:38:59,8404,2947,51-GL-84,POINT (-9.119000434875488 38.76408004760742)
2946_31B,17542_20250801_210_0_16,210_0,0,38.74787902832031,-9.116620063781738,20,IN_TRANSIT_TO,2025-08-12 15:38:57,3713,2946,75-GO-15,POINT (-9.116620063781738 38.74787902832031)
2959_40B,17570_20250801_212_0_17,212_0,0,38.791751861572266,-9.147549629211426,9,IN_TRANSIT_TO,2025-08-12 15:39:02,50206,2959,27-GU-74,POINT (-9.147549629211426 38.791751861572266)
2958_40B,19264_20250801_212_0_16,212_0,1,38.791500091552734,-9.144379615783691,21,IN_TRANSIT_TO,2025-08-12 15:38:55,50393,2958,27-GU-73,POINT (-9.144379615783691 38.791500091552734)
2676_713,3604_20250801_122_0_13,122_0,0,38.737518310546875,-9.144229888916016,3,IN_TRANSIT_TO,2025-08-12 15:38:52,11118,2676,87-XB-40,POINT (-9.144229888916016 38.737518310546875)
2957_798,8200_20250801_194_0_23,194_0,0,38.77302169799805,-9.148929595947266,8,IN_TRANSIT_TO,2025-08-12 15:39:05,11503,2957,27-GU-72,POINT (-9.148929595947266 38.77302169799805)
2677_754,6598_20250801_201_0_13,201_0,0,38.7481803894043,-9.149649620056152,5,IN_TRANSIT_TO,2025-08-12 15:38:53,2001,2677,87-XB-41,POINT (-9.149649620056152 38.7481803894043)
2671_714,3703_20250801_102_0_14,102_0,1,38.70185089111328,-9.20652961730957,19,IN_TRANSIT_TO,2025-08-12 15:38:41,9605,2671,87-XB-43,POINT (-9.20652961730957 38.70185089111328)
2680_714,19171_20250801_102_0_2,102_0,1,38.72404861450195,-9.22760009765625,0,IN_TRANSIT_TO,2025-08-12 15:38:50,,2680,93-XA-36,POINT (-9.22760009765625 38.72404861450195)
2681_746,5992_20250801_108_0_17,108_0,0,38.7406005859375,-9.167550086975098,9,IN_TRANSIT_TO,2025-08-12 15:38:42,50472,2681,93-XA-41,POINT (-9.167550086975098 38.7406005859375)
2672_754,6612_20250801_201_0_13,201_0,1,38.74488067626953,-9.199850082397461,17,IN_TRANSIT_TO,2025-08-12 15:39:03,8813,2672,87-XB-44,POINT (-9.199850082397461 38.74488067626953)
6001_731,5011_20250801_190_0_11,190_0,0,38.762420654296875,-9.130080223083496,19,IN_TRANSIT_TO,2025-08-12 15:38:52,7501,6001,99-XU-70,POINT (-9.130080223083496 38.762420654296875)
2675_714,3674_20250801_102_0_13,102_0,0,38.70528030395508,-9.170680046081543,10,IN_TRANSIT_TO,2025-08-12 15:38:38,10208,2675,87-XB-35,POINT (-9.170680046081543 38.70528030395508)
2964_72B,45259_20250801_279_0_13,279_0,0,38.74488067626953,-9.197580337524414,20,IN_TRANSIT_TO,2025-08-12 15:38:41,10831,2964,30-VM-19,POINT (-9.197580337524414 38.74488067626953)
2962_737,5479_20250801_173_0_33,173_0,0,38.71017074584961,-9.134719848632812,2,IN_TRANSIT_TO,2025-08-12 15:38:55,5601,2962,30-VM-07,POINT (-9.134719848632812 38.71017074584961)
604_15E,11241_20250801_76_0_11,76_0,0,38.697269439697266,-9.222319602966309,20,IN_TRANSIT_TO,2025-08-12 15:38:56,13204,604,,POINT (-9.222319602966309 38.697269439697266)
4819_751,6507_20250801_109_0_8,109_0,1,38.713218688964844,-9.225150108337402,5,IN_TRANSIT_TO,2025-08-12 15:39:00,14309,4819,34-VR-16,POINT (-9.225150108337402 38.713218688964844)
2718_711,3465_20250801_101_0_13,101_0,1,38.752601623535156,-9.20740032196045,7,IN_TRANSIT_TO,2025-08-12 15:38:53,11001,2718,92-XQ-23,POINT (-9.20740032196045 38.752601623535156)
547_18E,12200_20250801_78_0_18,78_0,1,38.7052001953125,-9.185629844665527,10,IN_TRANSIT_TO,2025-08-12 15:38:23,12007,547,,POINT (-9.185629844665527 38.7052001953125)
6049_760,7037_20250801_171_0_6,171_0,0,38.70481872558594,-9.177769660949707,18,IN_TRANSIT_TO,2025-08-12 15:39:04,12121,6049,BH-47-IR,POINT (-9.177769660949707 38.70481872558594)
6050_760,7079_20250801_171_0_3,171_0,0,38.72589874267578,-9.140870094299316,2,IN_TRANSIT_TO,2025-08-12 15:38:58,6611,6050,BH-62-IR,POINT (-9.140870094299316 38.72589874267578)
2347_724,4203_20250801_178_0_15,178_0,0,38.753299713134766,-9.196370124816895,20,IN_TRANSIT_TO,2025-08-12 15:38:37,10914,2347,53-61-ZJ,POINT (-9.196370124816895 38.753299713134766)
2441_716,3746_20250801_164_0_2,164_0,1,38.74863052368164,-9.197979927062988,2,IN_TRANSIT_TO,2025-08-12 15:38:12,10919,2441,29-AX-07,POINT (-9.197979927062988 38.74863052368164)
2741_756,6714_20250801_175_0_17,175_0,1,38.737728118896484,-9.1558198928833,11,IN_TRANSIT_TO,2025-08-12 15:38:48,1511,2741,AG-99-TG,POINT (-9.1558198928833 38.737728118896484)
2479_726,4335_20250801_116_0_12,116_0,1,38.73942184448242,-9.16746997833252,17,IN_TRANSIT_TO,2025-08-12 15:38:09,1620,2479,91-BE-74,POINT (-9.16746997833252 38.73942184448242)
2844_751,6436_20250801_109_0_16,109_0,0,38.718719482421875,-9.174980163574219,3,IN_TRANSIT_TO,2025-08-12 15:37:46,8602,2844,BF-73-FZ,POINT (-9.174980163574219 38.718719482421875)
2755_727,4474_20250801_103_0_8,103_0,0,38.744651794433594,-9.147520065307617,7,IN_TRANSIT_TO,2025-08-12 15:39:03,2020,2755,AG-95-TG,POINT (-9.147520065307617 38.744651794433594)
2298_796,8146_20250801_174_0_28,174_0,1,38.75931930541992,-9.156479835510254,16,IN_TRANSIT_TO,2025-08-12 15:38:54,5808,2298,83-05-ZM,POINT (-9.156479835510254 38.75931930541992)
610_15E,11283_20250801_76_0_15,76_0,0,38.70637130737305,-9.142970085144043,3,IN_TRANSIT_TO,2025-08-12 15:38:45,3820,610,,POINT (-9.142970085144043 38.70637130737305)
2257_758,6873_20250801_150_0_14,150_0,1,38.748348236083984,-9.192649841308594,8,IN_TRANSIT_TO,2025-08-12 15:38:29,10803,2257,80-50-ZE,POINT (-9.192649841308594 38.748348236083984)
2281_763,49575_20250801_282_0_3,282_0,0,38.77452850341797,-9.155400276184082,0,IN_TRANSIT_TO,2025-08-12 15:38:40,,2281,67-56-ZJ,POINT (-9.155400276184082 38.77452850341797)
2628_718,3941_20250801_105_0_15,105_0,1,38.75722885131836,-9.112369537353516,30,IN_TRANSIT_TO,2025-08-12 15:38:52,24370,2628,52-VP-82,POINT (-9.112369537353516 38.75722885131836)
1717_798,8204_20250801_194_0_2,194_0,1,38.766849517822266,-9.151749610900879,17,IN_TRANSIT_TO,2025-08-12 15:38:57,50157,1717,69-AL-80,POINT (-9.151749610900879 38.766849517822266)
4832_736,5341_20250801_199_0_12,199_0,1,38.718719482421875,-9.144350051879883,27,IN_TRANSIT_TO,2025-08-12 15:38:51,1102,4832,68-VQ-51,POINT (-9.144350051879883 38.718719482421875)
281_773,7401_20250801_124_0_24,124_0,1,38.718971252441406,-9.1533203125,24,IN_TRANSIT_TO,2025-08-12 15:38:32,10607,281,AI-48-OJ,POINT (-9.1533203125 38.718971252441406)
2629_782,7779_20250801_152_0_10,152_0,0,38.71165084838867,-9.125229835510254,4,IN_TRANSIT_TO,2025-08-12 15:38:46,4505,2629,52-VP-81,POINT (-9.125229835510254 38.71165084838867)
4624_717,3875_20250801_170_4_15,170_4,0,38.77457809448242,-9.148870468139648,8,IN_TRANSIT_TO,2025-08-12 15:39:04,11507,4624,11-JM-75,POINT (-9.148870468139648 38.77457809448242)
271_73B,18777_20250801_220_0_13,220_0,0,38.70600128173828,-9.188130378723145,10,IN_TRANSIT_TO,2025-08-12 15:38:52,50392,271,AH-27-IN,POINT (-9.188130378723145 38.70600128173828)
4811_751,6494_20250801_109_0_14,109_0,1,38.699649810791016,-9.205750465393066,17,IN_TRANSIT_TO,2025-08-12 15:38:54,9607,4811,34-VR-20,POINT (-9.205750465393066 38.699649810791016)
6034_760,7100_20250801_171_0_6,171_0,1,38.717079162597656,-9.136130332946777,35,IN_TRANSIT_TO,2025-08-12 15:38:57,818,6034,BF-61-AX,POINT (-9.136130332946777 38.717079162597656)
306_794,8096_20250801_115_0_2,115_0,1,38.72434997558594,-9.112150192260742,33,IN_TRANSIT_TO,2025-08-12 15:38:08,9810,306,73-ST-81,POINT (-9.112150192260742 38.72434997558594)
6035_760,51297_20250801_171_0_11,171_0,1,38.71372985839844,-9.198149681091309,9,IN_TRANSIT_TO,2025-08-12 15:38:38,12923,6035,BG-76-LX,POINT (-9.198149681091309 38.71372985839844)
2978_71B,45273_20250801_278_0_13,278_0,0,38.7619514465332,-9.195500373840332,0,IN_TRANSIT_TO,2025-08-12 15:38:40,,2978,29-VM-92,POINT (-9.195500373840332 38.7619514465332)
4633_783,7822_20250801_203_0_12,203_0,1,38.74760055541992,-9.148420333862305,20,IN_TRANSIT_TO,2025-08-12 15:38:37,2002,4633,90-JI-94,POINT (-9.148420333862305 38.74760055541992)
2259_765,7180_20250801_110_0_36,110_0,1,38.75551986694336,-9.199419975280762,7,IN_TRANSIT_TO,2025-08-12 15:38:59,13705,2259,67-44-ZJ,POINT (-9.199419975280762 38.75551986694336)
2270_703,3104_20250801_165_0_14,165_0,1,38.7476692199707,-9.206700325012207,0,IN_TRANSIT_TO,2025-08-12 15:38:40,,2270,76-82-ZG,POINT (-9.206700325012207 38.7476692199707)
2442_729,4800_20250801_104_0_12,104_0,0,38.69512939453125,-9.216219902038574,37,IN_TRANSIT_TO,2025-08-12 15:38:40,13206,2442,29-AX-06,POINT (-9.216219902038574 38.69512939453125)
2779_727,4443_20250801_103_0_9,103_0,0,38.70732116699219,-9.156620025634766,22,IN_TRANSIT_TO,2025-08-12 15:38:55,50593,2779,AI-02-BT,POINT (-9.156620025634766 38.70732116699219)
6038_732,5041_20250801_107_0_7,107_0,1,38.746280670166016,-9.147600173950195,41,IN_TRANSIT_TO,2025-08-12 15:38:54,2022,6038,BG-46-LV,POINT (-9.147600173950195 38.746280670166016)
2842_748,6179_20250801_169_0_14,169_0,0,38.72809982299805,-9.212300300598145,6,IN_TRANSIT_TO,2025-08-12 15:38:55,18102,2842,BF-56-FZ,POINT (-9.212300300598145 38.72809982299805)
4839_736,5301_20250801_199_0_13,199_0,0,38.75476837158203,-9.151029586791992,13,IN_TRANSIT_TO,2025-08-12 15:38:42,2017,4839,53-VR-08,POINT (-9.151029586791992 38.75476837158203)
2272_726,4285_20250801_116_0_13,116_0,0,38.731719970703125,-9.140350341796875,7,IN_TRANSIT_TO,2025-08-12 15:38:43,6504,2272,76-80-ZG,POINT (-9.140350341796875 38.731719970703125)
4825_736,5421_20250801_199_0_13,199_0,0,38.7871208190918,-9.171369552612305,28,IN_TRANSIT_TO,2025-08-12 15:38:46,50083,4825,20-VQ-72,POINT (-9.171369552612305 38.7871208190918)
2345_778,18646_20250801_179_0_16,179_0,0,38.7606315612793,-9.170649528503418,22,IN_TRANSIT_TO,2025-08-12 15:38:55,12821,2345,53-59-ZJ,POINT (-9.170649528503418 38.7606315612793)
2614_705,3182_20250801_176_0_16,176_0,1,38.74394989013672,-9.132229804992676,1,IN_TRANSIT_TO,2025-08-12 15:38:47,50099,2614,66-VI-24,POINT (-9.132229804992676 38.74394989013672)
2965_45B,49567_20250801_277_0_2,277_0,1,38.7746696472168,-9.147379875183105,26,IN_TRANSIT_TO,2025-08-12 15:38:35,11501,2965,29-VM-97,POINT (-9.147379875183105 38.7746696472168)
275_734,5169_20250801_205_4_36,205_4,0,38.722320556640625,-9.135350227355957,3,IN_TRANSIT_TO,2025-08-12 15:38:44,701,275,AH-16-TB,POINT (-9.135350227355957 38.722320556640625)
2997_730,4971_20250801_198_0_15,198_0,0,38.72502899169922,-9.136730194091797,19,IN_TRANSIT_TO,2025-08-12 15:38:37,605,2997,34-VN-03,POINT (-9.136730194091797 38.72502899169922)
2607_744,5843_20250801_200_0_10,200_0,0,38.76987838745117,-9.127429962158203,18,IN_TRANSIT_TO,2025-08-12 15:38:44,7601,2607,AA-95-TQ,POINT (-9.127429962158203 38.76987838745117)
6023_732,5082_20250801_107_0_7,107_0,0,38.70050048828125,-9.192270278930664,31,IN_TRANSIT_TO,2025-08-12 15:38:34,9510,6023,BF-03-BD,POINT (-9.192270278930664 38.70050048828125)
2613_781,7725_20250801_151_0_13,151_0,1,38.781028747558594,-9.119669914245605,6,IN_TRANSIT_TO,2025-08-12 15:38:38,12604,2613,66-VI-22,POINT (-9.119669914245605 38.781028747558594)
2697_711,3472_20250801_101_0_12,101_0,0,38.74991989135742,-9.206669807434082,23,IN_TRANSIT_TO,2025-08-12 15:38:56,50231,2697,90-XF-59,POINT (-9.206669807434082 38.74991989135742)
2606_26B,17522_20250801_208_0_16,208_0,1,38.76287841796875,-9.106829643249512,10,IN_TRANSIT_TO,2025-08-12 15:38:55,8420,2606,66-VI-40,POINT (-9.106829643249512 38.76287841796875)
2264_758,6828_20250801_150_0_13,150_0,0,38.709449768066406,-9.143170356750488,2,IN_TRANSIT_TO,2025-08-12 15:38:17,3825,2264,76-90-ZG,POINT (-9.143170356750488 38.709449768066406)
6036_760,7046_20250801_171_0_11,171_0,0,38.704368591308594,-9.174349784851074,17,IN_TRANSIT_TO,2025-08-12 15:38:47,4004,6036,BG-90-LX,POINT (-9.174349784851074 38.704368591308594)
6026_732,5059_20250801_107_0_8,107_0,1,38.73308181762695,-9.145099639892578,37,IN_TRANSIT_TO,2025-08-12 15:38:41,1709,6026,BF-39-BB,POINT (-9.145099639892578 38.73308181762695)
2739_749,6203_20250801_195_0_20,195_0,0,38.749698638916016,-9.107419967651367,9,IN_TRANSIT_TO,2025-08-12 15:38:37,2218,2739,AG-31-EI,POINT (-9.107419967651367 38.749698638916016)
2602_744,5824_20250801_200_0_2,200_0,1,38.72623062133789,-9.1496000289917,30,IN_TRANSIT_TO,2025-08-12 15:36:24,1206,2602,16-VF-81,POINT (-9.1496000289917 38.72623062133789)
2653_713,3617_20250801_122_0_14,122_0,1,38.73495101928711,-9.150670051574707,32,IN_TRANSIT_TO,2025-08-12 15:38:58,1414,2653,05-VZ-52,POINT (-9.150670051574707 38.73495101928711)
4806_728,4620_20250801_204_0_10,204_0,0,38.71699905395508,-9.118749618530273,25,IN_TRANSIT_TO,2025-08-12 15:38:52,2127,4806,20-VQ-74,POINT (-9.118749618530273 38.71699905395508)
2988_52B,21673_20250801_244_0_15,244_0,0,38.73910140991211,-9.152770042419434,10,IN_TRANSIT_TO,2025-08-12 15:39:06,50041,2988,29-VM-94,POINT (-9.152770042419434 38.73910140991211)
2743_756,6742_20250801_175_0_18,175_0,0,38.73970031738281,-9.151820182800293,12,IN_TRANSIT_TO,2025-08-12 15:38:51,33102,2743,AG-02-TH,POINT (-9.151820182800293 38.73970031738281)
2617_782,7769_20250801_152_0_9,152_0,1,38.76737976074219,-9.104479789733887,5,IN_TRANSIT_TO,2025-08-12 15:38:54,7825,2617,66-VI-28,POINT (-9.104479789733887 38.76737976074219)
2633_718,3974_20250801_105_0_15,105_0,1,38.74448013305664,-9.132200241088867,1,IN_TRANSIT_TO,2025-08-12 15:38:52,50473,2633,52-VP-79,POINT (-9.132200241088867 38.74448013305664)
6005_706,3248_20250801_147_0_2,147_0,0,38.708831787109375,-9.15287971496582,6,IN_TRANSIT_TO,2025-08-12 15:39:00,7105,6005,81-ZC-91,POINT (-9.15287971496582 38.708831787109375)
2648_723,4146_20250801_121_0_13,121_0,0,38.7170295715332,-9.212929725646973,21,IN_TRANSIT_TO,2025-08-12 15:38:44,10402,2648,75-VS-46,POINT (-9.212929725646973 38.7170295715332)
2619_722,4114_20250801_196_0_13,196_0,0,38.72322082519531,-9.148099899291992,2,IN_TRANSIT_TO,2025-08-12 15:38:52,1103,2619,66-VI-37,POINT (-9.148099899291992 38.72322082519531)
2698_713,3619_20250801_122_0_14,122_0,1,38.71992874145508,-9.155579566955566,22,IN_TRANSIT_TO,2025-08-12 15:38:58,6801,2698,92-XQ-20,POINT (-9.155579566955566 38.71992874145508)
6039_732,5091_20250801_107_0_8,107_0,0,38.72542953491211,-9.148730278015137,12,IN_TRANSIT_TO,2025-08-12 15:38:48,1202,6039,BG-96-LU,POINT (-9.148730278015137 38.72542953491211)
2716_712,3545_20250801_189_0_14,189_0,1,38.72072982788086,-9.126879692077637,24,IN_TRANSIT_TO,2025-08-12 15:38:34,9112,2716,92-XQ-27,POINT (-9.126879692077637 38.72072982788086)
6025_706,19507_20250801_147_0_2,147_0,1,38.72576904296875,-9.122429847717285,8,IN_TRANSIT_TO,2025-08-12 15:38:38,11707,6025,BF-92-AX,POINT (-9.122429847717285 38.72576904296875)
4820_728,4705_20250801_204_0_9,204_0,1,38.703521728515625,-9.167730331420898,39,IN_TRANSIT_TO,2025-08-12 15:38:56,10202,4820,20-VQ-62,POINT (-9.167730331420898 38.703521728515625)
283_734,5138_20250801_205_0_6,205_0,0,38.71443176269531,-9.123080253601074,16,IN_TRANSIT_TO,2025-08-07 08:52:19,2110,283,AI-49-OJ,POINT (-9.123080253601074 38.71443176269531)
2639_744,5825_20250801_200_0_12,200_0,1,38.75389862060547,-9.138580322265625,19,IN_TRANSIT_TO,2025-08-12 15:38:39,7411,2639,75-VS-47,POINT (-9.138580322265625 38.75389862060547)
2826_748,6134_20250801_169_0_13,169_0,0,38.72529983520508,-9.152350425720215,2,IN_TRANSIT_TO,2025-08-12 15:38:59,1209,2826,BF-74-FZ,POINT (-9.152350425720215 38.72529983520508)
2989_55B,21538_20250801_240_0_21,240_0,0,38.76955032348633,-9.194649696350098,7,IN_TRANSIT_TO,2025-08-12 15:38:37,14110,2989,29-VM-85,POINT (-9.194649696350098 38.76955032348633)
577_28E,14923_20250801_75_0_12,75_0,0,38.71097183227539,-9.13070011138916,14,IN_TRANSIT_TO,2025-08-12 15:38:51,13816,577,,POINT (-9.13070011138916 38.71097183227539)
2642_759,6968_20250801_144_0_12,144_0,1,38.77510070800781,-9.10165023803711,4,IN_TRANSIT_TO,2025-08-12 15:38:46,7823,2642,75-VS-51,POINT (-9.10165023803711 38.77510070800781)
2737_735,5255_20250801_172_1_13,172_1,0,38.71757125854492,-9.121829986572266,7,IN_TRANSIT_TO,2025-08-12 15:38:58,2103,2737,AG-45-EI,POINT (-9.121829986572266 38.71757125854492)
2609_781,7759_20250801_151_0_2,151_0,1,38.70841979980469,-9.134929656982422,27,IN_TRANSIT_TO,2025-08-12 15:38:56,4502,2609,66-VI-36,POINT (-9.134929656982422 38.70841979980469)
2721_711,3494_20250801_101_0_13,101_0,0,38.71348190307617,-9.136879920959473,3,IN_TRANSIT_TO,2025-08-12 15:38:35,913,2721,92-XQ-37,POINT (-9.136879920959473 38.71348190307617)
2643_759,6899_20250801_144_0_11,144_0,0,38.746971130371094,-9.112930297851562,24,IN_TRANSIT_TO,2025-08-12 15:38:34,3705,2643,75-VS-44,POINT (-9.112930297851562 38.746971130371094)
2646_759,6924_20250801_144_0_11,144_0,0,38.71205139160156,-9.139069557189941,2,IN_TRANSIT_TO,2025-08-12 15:37:14,908,2646,75-VS-48,POINT (-9.139069557189941 38.71205139160156)
2733_742,5752_20250801_114_0_9,114_0,1,38.70793151855469,-9.195870399475098,9,IN_TRANSIT_TO,2025-08-12 15:38:43,10305,2733,AG-41-EI,POINT (-9.195870399475098 38.70793151855469)
2664_709,3391_20250801_148_0_27,148_0,1,38.71662902832031,-9.1425199508667,9,IN_TRANSIT_TO,2025-08-12 15:38:51,1102,2664,05-VZ-68,POINT (-9.1425199508667 38.71662902832031)
2640_722,4113_20250801_196_0_13,196_0,0,38.76778030395508,-9.128700256347656,21,IN_TRANSIT_TO,2025-08-12 15:38:49,7601,2640,75-VS-43,POINT (-9.128700256347656 38.76778030395508)
2654_754,6599_20250801_201_0_12,201_0,1,38.74557876586914,-9.181819915771484,25,IN_TRANSIT_TO,2025-08-12 15:38:44,10701,2654,05-VZ-69,POINT (-9.181819915771484 38.74557876586914)
541_28E,14989_20250801_75_0_11,75_0,1,38.71493148803711,-9.1287202835083,25,IN_TRANSIT_TO,2025-08-12 15:38:45,50561,541,,POINT (-9.1287202835083 38.71493148803711)
2707_738,5516_20250801_117_0_12,117_0,1,38.70252990722656,-9.187970161437988,0,IN_TRANSIT_TO,2025-08-12 15:38:39,,2707,92-XQ-39,POINT (-9.187970161437988 38.70252990722656)
2612_759,6958_20250801_144_0_10,144_0,1,38.72291946411133,-9.115180015563965,37,IN_TRANSIT_TO,2025-08-12 15:37:42,9808,2612,66-VI-29,POINT (-9.115180015563965 38.72291946411133)
501_15E,11267_20250801_76_0_14,76_0,0,38.703468322753906,-9.170680046081543,8,IN_TRANSIT_TO,2025-08-12 15:39:03,10202,501,,POINT (-9.170680046081543 38.703468322753906)
2736_735,5265_20250801_172_0_12,172_0,1,38.70872116088867,-9.134920120239258,33,IN_TRANSIT_TO,2025-08-12 15:38:20,4502,2736,AG-47-EI,POINT (-9.134920120239258 38.70872116088867)
542_28E,14937_20250801_75_0_12,75_0,0,38.71181869506836,-9.130579948425293,13,IN_TRANSIT_TO,2025-08-12 15:38:28,13812,542,,POINT (-9.130579948425293 38.71181869506836)
574_28E,14898_20250801_75_0_10,75_0,0,38.71432876586914,-9.169429779052734,34,IN_TRANSIT_TO,2025-08-12 15:38:39,8017,574,,POINT (-9.169429779052734 38.71432876586914)
2713_738,5556_20250801_117_0_2,117_0,1,38.7198486328125,-9.155220031738281,14,IN_TRANSIT_TO,2025-08-12 15:39:03,6805,2713,92-XQ-34,POINT (-9.155220031738281 38.7198486328125)
2635_718,3963_20250801_105_0_15,105_0,1,38.72547149658203,-9.113080024719238,14,IN_TRANSIT_TO,2025-08-12 15:38:49,9807,2635,52-VP-90,POINT (-9.113080024719238 38.72547149658203)
2799_709,3390_20250801_148_0_26,148_0,0,38.723270416259766,-9.148500442504883,4,IN_TRANSIT_TO,2025-08-12 15:38:42,1103,2799,AJ-52-LI,POINT (-9.148500442504883 38.723270416259766)
544_25E,14259_20250801_79_0_19,79_0,1,38.715049743652344,-9.16588020324707,2,IN_TRANSIT_TO,2025-08-12 15:38:42,8019,544,,POINT (-9.16588020324707 38.715049743652344)
2996_797,8165_20250801_163_0_35,163_0,1,38.73162841796875,-9.127349853515625,7,IN_TRANSIT_TO,2025-08-12 15:38:45,7003,2996,30-VM-03,POINT (-9.127349853515625 38.73162841796875)
2769_776,7493_20250801_193_0_39,193_0,1,38.70186996459961,-9.25137996673584,3,IN_TRANSIT_TO,2025-08-12 15:38:34,4307,2769,AH-19-ND,POINT (-9.25137996673584 38.70186996459961)
2636_708,3360_20250801_100_0_2,100_0,0,38.722068786621094,-9.135250091552734,4,IN_TRANSIT_TO,2025-08-12 15:38:38,701,2636,87-VS-50,POINT (-9.135250091552734 38.722068786621094)
571_28E,15015_20250801_75_0_9,75_0,1,38.708351135253906,-9.139749526977539,17,IN_TRANSIT_TO,2025-08-12 15:38:39,10521,571,,POINT (-9.139749526977539 38.708351135253906)
582_12E,11033_20250801_77_0_14,77_0,0,38.7116813659668,-9.130570411682129,6,IN_TRANSIT_TO,2025-08-12 15:38:38,13812,582,,POINT (-9.130570411682129 38.7116813659668)
2626_722,4125_20250801_196_0_12,196_0,1,38.76959991455078,-9.123299598693848,14,IN_TRANSIT_TO,2025-08-12 15:38:55,12202,2626,52-VP-86,POINT (-9.123299598693848 38.76959991455078)
2620_705,3197_20250801_176_0_12,176_0,1,38.774871826171875,-9.100529670715332,22,IN_TRANSIT_TO,2025-08-12 15:38:53,7910,2620,66-VI-33,POINT (-9.100529670715332 38.774871826171875)
2829_728,4651_20250801_204_0_2,204_0,0,38.703521728515625,-9.167070388793945,14,IN_TRANSIT_TO,2025-08-12 15:38:44,4003,2829,BF-58-FZ,POINT (-9.167070388793945 38.703521728515625)
2621_718,3979_20250801_105_0_2,105_0,0,38.731849670410156,-9.127920150756836,25,IN_TRANSIT_TO,2025-08-12 15:39:06,7013,2621,66-VI-45,POINT (-9.127920150756836 38.731849670410156)
2622_759,6946_20250801_144_0_9,144_0,1,38.71538162231445,-9.14109992980957,46,IN_TRANSIT_TO,2025-08-12 15:38:56,919,2622,66-VI-21,POINT (-9.14109992980957 38.71538162231445)
263_65B,22220_20250801_250_0_18,250_0,0,38.72087860107422,-9.16100025177002,7,IN_TRANSIT_TO,2025-08-12 15:38:33,8520,263,AG-26-NH,POINT (-9.16100025177002 38.72087860107422)
2656_749,59035_20250801_195_5_19,195_5,1,38.74869918823242,-9.132049560546875,5,IN_TRANSIT_TO,2025-08-12 15:38:58,11204,2656,05-VZ-53,POINT (-9.132049560546875 38.74869918823242)
2975_702,3036_20250801_146_0_24,146_0,1,38.72853088378906,-9.167369842529297,7,IN_TRANSIT_TO,2025-08-12 15:39:03,6112,2975,30-VM-11,POINT (-9.167369842529297 38.72853088378906)
2985_774,7454_20250801_192_0_25,192_0,0,38.715118408203125,-9.169480323791504,0,IN_TRANSIT_TO,2025-08-12 15:38:43,,2985,30-VM-14,POINT (-9.169480323791504 38.715118408203125)
2986_702,3063_20250801_146_0_29,146_0,0,38.72507095336914,-9.154800415039062,1,IN_TRANSIT_TO,2025-08-12 15:38:50,50188,2986,30-VM-12,POINT (-9.154800415039062 38.72507095336914)
2701_746,5987_20250801_108_0_17,108_0,0,38.74671936035156,-9.184229850769043,14,IN_TRANSIT_TO,2025-08-12 15:39:06,10702,2701,92-XQ-35,POINT (-9.184229850769043 38.74671936035156)
2982_730,4954_20250801_198_0_15,198_0,1,38.73748016357422,-9.12423038482666,19,IN_TRANSIT_TO,2025-08-12 15:38:04,8904,2982,30-VM-23,POINT (-9.12423038482666 38.73748016357422)
2990_702,3070_20250801_146_0_12,146_0,1,38.73072814941406,-9.168600082397461,5,IN_TRANSIT_TO,2025-08-12 15:38:34,2704,2990,30-VM-06,POINT (-9.168600082397461 38.73072814941406)
2711_738,5532_20250801_117_0_12,117_0,0,38.722251892089844,-9.15192985534668,22,IN_TRANSIT_TO,2025-08-12 15:38:50,1208,2711,92-XQ-44,POINT (-9.15192985534668 38.722251892089844)
552_25E,14267_20250801_79_0_13,79_0,1,38.70848083496094,-9.136019706726074,19,IN_TRANSIT_TO,2025-08-12 15:38:51,50621,552,,POINT (-9.136019706726074 38.70848083496094)
2634_718,3936_20250801_105_0_14,105_0,0,38.742679595947266,-9.10216999053955,11,IN_TRANSIT_TO,2025-08-12 15:38:50,12524,2634,52-VP-85,POINT (-9.10216999053955 38.742679595947266)
2605_759,6959_20250801_144_0_12,144_0,1,38.7752799987793,-9.112299919128418,7,IN_TRANSIT_TO,2025-08-12 15:38:54,12309,2605,66-VI-35,POINT (-9.112299919128418 38.7752799987793)
2663_714,3697_20240914_102_0_16,102_0,1,38.72127151489258,-9.221500396728516,4,IN_TRANSIT_TO,2024-10-22 20:26:58,18703,2663,05-VZ-62,POINT (-9.221500396728516 38.72127151489258)
2659_727,4527_20250801_103_0_8,103_0,1,38.71080017089844,-9.153550148010254,29,IN_TRANSIT_TO,2025-08-12 15:39:01,7103,2659,05-VZ-57,POINT (-9.153550148010254 38.71080017089844)
581_28E,15027_20250801_75_0_11,75_0,1,38.710601806640625,-9.142419815063477,13,IN_TRANSIT_TO,2025-08-12 15:38:54,10513,581,,POINT (-9.142419815063477 38.710601806640625)
2615_781,7744_20250801_151_0_13,151_0,0,38.74747085571289,-9.099200248718262,10,IN_TRANSIT_TO,2025-08-12 15:38:58,12501,2615,66-VI-27,POINT (-9.099200248718262 38.74747085571289)
579_28E,14963_20250801_75_0_9,75_0,1,38.720619201660156,-9.13010025024414,28,IN_TRANSIT_TO,2025-08-12 15:38:46,9130,579,,POINT (-9.13010025024414 38.720619201660156)
6043_760,51296_20250801_171_0_10,171_0,1,38.706329345703125,-9.179149627685547,23,IN_TRANSIT_TO,2025-08-12 15:38:53,12119,6043,BG-93-LT,POINT (-9.179149627685547 38.706329345703125)
554_28E,14911_20250801_75_0_10,75_0,0,38.708778381347656,-9.13936996459961,17,IN_TRANSIT_TO,2025-08-12 15:38:41,5604,554,,POINT (-9.13936996459961 38.708778381347656)
545_18E,12191_20250801_78_0_21,78_0,0,38.706180572509766,-9.155969619750977,3,IN_TRANSIT_TO,2025-08-12 15:38:59,3902,545,,POINT (-9.155969619750977 38.706180572509766)
543_28E,15041_20250801_75_0_10,75_0,1,38.71084976196289,-9.145529747009277,12,IN_TRANSIT_TO,2025-08-12 15:38:38,10511,543,,POINT (-9.145529747009277 38.71084976196289)
4804_753,6535_20250801_167_0_22,167_0,1,38.72322082519531,-9.165749549865723,3,IN_TRANSIT_TO,2025-08-12 15:39:03,8608,4804,53-VR-07,POINT (-9.165749549865723 38.72322082519531)
2963_34B,19153_20250801_226_0_12,226_0,0,38.726131439208984,-9.113670349121094,10,IN_TRANSIT_TO,2025-08-12 15:38:57,8320,2963,29-VM-88,POINT (-9.113670349121094 38.726131439208984)
2687_714,3681_20250801_102_0_11,102_0,0,38.705718994140625,-9.143919944763184,0,IN_TRANSIT_TO,2025-08-12 15:38:56,,2687,93-XA-44,POINT (-9.143919944763184 38.705718994140625)
265_64B,21493_20250801_238_0_21,238_0,0,38.718379974365234,-9.174320220947266,8,IN_TRANSIT_TO,2025-08-12 15:38:57,50487,265,AG-40-OV,POINT (-9.174320220947266 38.718379974365234)
2696_727,4535_20250801_103_0_16,103_0,1,38.69738006591797,-9.20365047454834,12,IN_TRANSIT_TO,2025-08-12 15:38:39,9603,2696,90-XF-63,POINT (-9.20365047454834 38.69738006591797)
578_24E,17836_20250801_213_0_25,213_0,1,38.720149993896484,-9.155529975891113,4,IN_TRANSIT_TO,2025-08-12 15:38:49,6823,578,,POINT (-9.155529975891113 38.720149993896484)
2662_714,3659_20250801_102_0_5,102_0,0,38.699798583984375,-9.184370040893555,14,IN_TRANSIT_TO,2025-08-12 15:38:40,12108,2662,05-VZ-51,POINT (-9.184370040893555 38.699798583984375)
2427_767,7268_20250801_112_0_10,112_0,1,38.74951934814453,-9.21288013458252,4,IN_TRANSIT_TO,2025-08-12 15:38:49,3018,2427,29-AX-14,POINT (-9.21288013458252 38.74951934814453)
4808_728,4697_20250801_204_0_7,204_0,1,38.698150634765625,-9.184579849243164,40,IN_TRANSIT_TO,2025-08-12 15:38:58,4002,4808,20-VQ-73,POINT (-9.184579849243164 38.698150634765625)
6003_706,19503_20250801_147_0_7,147_0,1,38.728050231933594,-9.137579917907715,16,IN_TRANSIT_TO,2025-08-12 15:38:46,6503,6003,82-ZC-02,POINT (-9.137579917907715 38.728050231933594)
572_28E,14949_20250801_75_0_7,75_0,1,38.71648025512695,-9.129380226135254,26,IN_TRANSIT_TO,2025-08-12 15:38:44,14801,572,,POINT (-9.129380226135254 38.71648025512695)
4824_736,5410_20250801_199_0_12,199_0,1,38.77281951904297,-9.161319732666016,10,IN_TRANSIT_TO,2025-08-12 15:38:53,5906,4824,34-VR-19,POINT (-9.161319732666016 38.77281951904297)
2641_705,3192_20250801_176_0_15,176_0,0,38.771968841552734,-9.097430229187012,3,IN_TRANSIT_TO,2025-08-12 15:39:01,7821,2641,75-VS-49,POINT (-9.097430229187012 38.771968841552734)
268_61B,21524_20250801_241_0_21,241_0,1,38.732269287109375,-9.162679672241211,8,IN_TRANSIT_TO,2025-08-12 15:38:43,2710,268,AH-56-CZ,POINT (-9.162679672241211 38.732269287109375)
555_28E,14975_20250801_75_0_11,75_0,1,38.71506881713867,-9.1287202835083,26,IN_TRANSIT_TO,2025-08-12 15:38:44,14801,555,,POINT (-9.1287202835083 38.71506881713867)
2974_45B,45292_20250801_277_0_15,277_0,1,38.76517105102539,-9.171680450439453,8,IN_TRANSIT_TO,2025-08-12 15:38:52,50024,2974,30-VM-22,POINT (-9.171680450439453 38.76517105102539)
4817_751,20106_20250801_109_0_14,109_0,0,38.701229095458984,-9.227049827575684,24,IN_TRANSIT_TO,2025-08-12 15:38:47,4202,4817,00-VV-37,POINT (-9.227049827575684 38.701229095458984)
2987_730,4963_20250801_198_0_17,198_0,1,38.72243118286133,-9.14091968536377,5,IN_TRANSIT_TO,2025-08-12 15:38:39,9206,2987,29-VM-99,POINT (-9.14091968536377 38.72243118286133)
575_18E,12181_20250801_78_0_21,78_0,0,38.70708084106445,-9.199029922485352,18,IN_TRANSIT_TO,2025-08-12 15:38:56,10302,575,,POINT (-9.199029922485352 38.70708084106445)
2655_708,3330_20250801_100_0_8,100_0,1,38.7935791015625,-9.097769737243652,3,IN_TRANSIT_TO,2025-08-12 15:37:03,50451,2655,05-VZ-67,POINT (-9.097769737243652 38.7935791015625)
269_79B,18665_20250801_221_0_12,221_0,0,38.71686935424805,-9.212980270385742,29,IN_TRANSIT_TO,2025-08-12 15:38:46,13115,269,AG-25-NH,POINT (-9.212980270385742 38.71686935424805)
4807_728,4611_20250801_204_0_10,204_0,0,38.76076889038086,-9.0962495803833,39,IN_TRANSIT_TO,2025-08-12 15:38:55,50315,4807,20-VQ-69,POINT (-9.0962495803833 38.76076889038086)
2782_727,4546_20250801_103_0_9,103_0,0,38.698429107666016,-9.188400268554688,33,IN_TRANSIT_TO,2025-08-12 15:38:44,9506,2782,AI-99-BS,POINT (-9.188400268554688 38.698429107666016)
4805_728,4660_20250801_204_0_8,204_0,0,38.69736862182617,-9.19968032836914,11,IN_TRANSIT_TO,2025-08-12 15:39:01,4109,4805,20-VQ-66,POINT (-9.19968032836914 38.69736862182617)
2984_737,5504_20250801_173_0_32,173_0,1,38.71141815185547,-9.130669593811035,2,IN_TRANSIT_TO,2025-08-12 15:38:46,13808,2984,30-VM-04,POINT (-9.130669593811035 38.71141815185547)
2630_722,4124_20250801_196_0_13,196_0,1,38.733619689941406,-9.145079612731934,29,IN_TRANSIT_TO,2025-08-12 15:38:54,1812,2630,52-VP-89,POINT (-9.145079612731934 38.733619689941406)
2744_742,5762_20250801_114_0_10,114_0,0,38.70362854003906,-9.195520401000977,48,IN_TRANSIT_TO,2025-08-12 15:38:37,13410,2744,AG-13-TH,POINT (-9.195520401000977 38.70362854003906)
4803_753,6565_20250801_167_0_21,167_0,0,38.72441864013672,-9.160679817199707,5,IN_TRANSIT_TO,2025-08-12 15:38:56,1223,4803,77-VP-16,POINT (-9.160679817199707 38.72441864013672)
2651_720,4088_20250801_143_0_14,143_0,1,38.73775100708008,-9.126070022583008,29,IN_TRANSIT_TO,2025-08-12 15:38:47,9006,2651,05-VZ-54,POINT (-9.126070022583008 38.73775100708008)
2983_702,3059_20250801_146_0_23,146_0,0,38.73234939575195,-9.172599792480469,12,IN_TRANSIT_TO,2025-08-12 15:38:54,50085,2983,30-VM-08,POINT (-9.172599792480469 38.73234939575195)
262_734,5163_20250801_205_4_37,205_4,1,38.7216796875,-9.13047981262207,2,IN_TRANSIT_TO,2025-08-12 15:37:46,9105,262,AF-49-ZD,POINT (-9.13047981262207 38.7216796875)
274_61B,21532_20250801_241_0_21,241_0,0,38.728519439697266,-9.162679672241211,7,IN_TRANSIT_TO,2025-08-12 15:38:42,6104,274,AH-14-TB,POINT (-9.162679672241211 38.728519439697266)
2715_764,7146_20250801_168_0_14,168_0,1,38.750099182128906,-9.162980079650879,31,IN_TRANSIT_TO,2025-08-12 15:38:54,12705,2715,92-XQ-22,POINT (-9.162980079650879 38.750099182128906)
2608_781,7718_20250801_151_0_13,151_0,1,38.74797821044922,-9.096980094909668,19,IN_TRANSIT_TO,2025-08-12 15:38:44,2203,2608,66-VI-39,POINT (-9.096980094909668 38.74797821044922)
2731_742,5730_20250801_114_0_9,114_0,1,38.73522186279297,-9.142600059509277,38,IN_TRANSIT_TO,2025-08-12 15:38:54,11101,2731,AG-49-EI,POINT (-9.142600059509277 38.73522186279297)
2719_711,3451_20250801_101_0_11,101_0,1,38.72412872314453,-9.160699844360352,27,IN_TRANSIT_TO,2025-08-12 15:39:06,8502,2719,92-XQ-17,POINT (-9.160699844360352 38.72412872314453)
2631_744,5810_20250801_200_0_13,200_0,0,38.748470306396484,-9.147069931030273,10,IN_TRANSIT_TO,2025-08-12 15:38:54,2053,2631,52-VP-80,POINT (-9.147069931030273 38.748470306396484)
2722_711,3487_20250801_101_0_13,101_0,0,38.73167037963867,-9.197070121765137,15,IN_TRANSIT_TO,2025-08-12 15:39:01,8717,2722,92-XQ-36,POINT (-9.197070121765137 38.73167037963867)
4632_736,20127_20250801_199_0_11,199_0,0,38.77898025512695,-9.163450241088867,22,IN_TRANSIT_TO,2025-08-12 15:38:14,5911,4632,98-JO-43,POINT (-9.163450241088867 38.77898025512695)
2972_797,8176_20250801_163_0_29,163_0,0,38.733131408691406,-9.132329940795898,4,IN_TRANSIT_TO,2025-08-12 15:39:00,504,2972,29-VM-96,POINT (-9.132329940795898 38.733131408691406)
2247_729,4824_20250801_104_0_12,104_0,0,38.76913070678711,-9.195500373840332,4,IN_TRANSIT_TO,2025-08-12 15:38:52,14101,2247,22-34-ZB,POINT (-9.195500373840332 38.76913070678711)
2260_763,46423_20250801_282_0_16,282_0,1,38.772621154785156,-9.190070152282715,9,IN_TRANSIT_TO,2025-08-12 15:38:59,50110,2260,67-47-ZJ,POINT (-9.190070152282715 38.772621154785156)
2428_778,7532_20250801_179_0_20,179_0,1,38.76731872558594,-9.170450210571289,16,IN_TRANSIT_TO,2025-08-12 15:38:59,50028,2428,29-AX-13,POINT (-9.170450210571289 38.76731872558594)
2402_767,7227_20250801_112_0_10,112_0,1,38.76313018798828,-9.159529685974121,26,IN_TRANSIT_TO,2025-08-12 15:38:36,50014,2402,50-AL-13,POINT (-9.159529685974121 38.76313018798828)
6044_732,5073_20250801_107_0_2,107_0,1,38.702518463134766,-9.19314956665039,15,IN_TRANSIT_TO,2025-08-12 15:38:46,13401,6044,BG-87-LX,POINT (-9.19314956665039 38.702518463134766)
2341_731,57527_20250801_190_0_2,190_0,1,38.77241897583008,-9.110230445861816,13,IN_TRANSIT_TO,2025-08-12 15:38:57,12310,2341,67-50-ZJ,POINT (-9.110230445861816 38.77241897583008)
2750_736,5361_20250801_199_0_12,199_0,1,38.714481353759766,-9.140130043029785,28,IN_TRANSIT_TO,2025-08-12 15:38:46,1006,2750,AG-10-TH,POINT (-9.140130043029785 38.714481353759766)
2780_711,3503_20250801_101_0_9,101_0,1,38.71437072753906,-9.139969825744629,31,IN_TRANSIT_TO,2025-08-12 15:38:46,1004,2780,AI-06-BT,POINT (-9.139969825744629 38.71437072753906)
2785_727,4530_20250801_103_0_9,103_0,1,38.70465087890625,-9.167369842529297,22,IN_TRANSIT_TO,2025-08-12 15:38:53,10209,2785,AI-05-BT,POINT (-9.167369842529297 38.70465087890625)
2994_774,7461_20250801_192_0_20,192_0,1,38.7174186706543,-9.169569969177246,14,IN_TRANSIT_TO,2025-08-12 15:39:01,8009,2994,29-VM-91,POINT (-9.169569969177246 38.7174186706543)
2471_726,4318_20250801_116_0_2,116_0,1,38.735870361328125,-9.149299621582031,24,IN_TRANSIT_TO,2025-08-12 15:38:38,1412,2471,74-BC-70,POINT (-9.149299621582031 38.735870361328125)
2404_726,4274_20250801_116_0_11,116_0,0,38.74066925048828,-9.16748046875,18,IN_TRANSIT_TO,2025-08-12 15:37:54,1621,2404,50-AL-11,POINT (-9.16748046875 38.74066925048828)
2246_763,46425_20250801_282_0_18,282_0,1,38.752681732177734,-9.18947982788086,0,IN_TRANSIT_TO,2025-08-12 15:38:49,,2246,22-38-ZB,POINT (-9.18947982788086 38.752681732177734)
2248_758,6776_20250801_150_0_13,150_0,0,38.74705123901367,-9.187270164489746,24,IN_TRANSIT_TO,2025-08-12 15:38:39,10830,2248,22-33-ZB,POINT (-9.187270164489746 38.74705123901367)
2709_738,5515_20250801_117_0_12,117_0,1,38.70418167114258,-9.173800468444824,5,IN_TRANSIT_TO,2025-08-12 15:38:53,12101,2709,92-XQ-42,POINT (-9.173800468444824 38.70418167114258)
1708_708,3353_20250801_100_0_12,100_0,0,38.768619537353516,-9.098329544067383,28,IN_TRANSIT_TO,2025-08-12 15:38:48,7805,1708,69-AL-71,POINT (-9.098329544067383 38.768619537353516)
2714_751,6455_20250801_109_0_18,109_0,1,38.70722961425781,-9.1735200881958,26,IN_TRANSIT_TO,2025-08-12 15:38:42,9415,2714,92-XQ-38,POINT (-9.1735200881958 38.70722961425781)
2822_753,6554_20250801_167_0_12,167_0,0,38.66973114013672,-9.172800064086914,8,IN_TRANSIT_TO,2025-08-12 15:38:48,14601,2822,BF-54-FZ,POINT (-9.172800064086914 38.66973114013672)
2286_758,6856_20250801_150_0_12,150_0,1,38.711448669433594,-9.142930030822754,32,IN_TRANSIT_TO,2025-08-12 15:38:46,10504,2286,67-42-ZJ,POINT (-9.142930030822754 38.711448669433594)
6013_706,3256_20250801_147_0_3,147_0,1,38.70684814453125,-9.155380249023438,31,IN_TRANSIT_TO,2025-08-12 15:38:45,3913,6013,68-ZF-53,POINT (-9.155380249023438 38.70684814453125)
1751_717,3850_20250801_170_0_14,170_0,1,38.798370361328125,-9.150230407714844,2,IN_TRANSIT_TO,2025-08-12 15:39:03,16003,1751,34-HU-17,POINT (-9.150230407714844 38.798370361328125)
2812_725,4257_20250801_197_0_27,197_0,0,38.789581298828125,-9.124870300292969,13,IN_TRANSIT_TO,2025-08-12 15:34:46,16307,2812,90-II-61,POINT (-9.124870300292969 38.789581298828125)
2496_794,8038_20250801_115_0_10,115_0,1,38.748321533203125,-9.120429992675781,24,IN_TRANSIT_TO,2025-08-12 15:38:40,3605,2496,88-BL-70,POINT (-9.120429992675781 38.748321533203125)
4639_783,7841_20250801_203_0_13,203_0,0,38.767601013183594,-9.12891960144043,18,IN_TRANSIT_TO,2025-08-12 15:39:01,7513,4639,27-JO-13,POINT (-9.12891960144043 38.767601013183594)
1749_794,8095_20250801_115_0_14,115_0,0,38.72481918334961,-9.111650466918945,5,IN_TRANSIT_TO,2025-08-12 15:38:45,9811,1749,92-HR-06,POINT (-9.111650466918945 38.72481918334961)
1747_717,3804_20250801_170_0_12,170_0,1,38.73746871948242,-9.133870124816895,38,IN_TRANSIT_TO,2025-08-12 15:39:02,404,1747,92-HR-04,POINT (-9.133870124816895 38.73746871948242)
2969_737,5493_20250801_173_0_37,173_0,0,38.71419906616211,-9.138099670410156,0,IN_TRANSIT_TO,2025-08-12 15:38:51,,2969,30-VM-09,POINT (-9.138099670410156 38.71419906616211)
2971_34B,19145_20250801_226_0_11,226_0,0,38.741580963134766,-9.118829727172852,38,IN_TRANSIT_TO,2025-08-12 15:38:49,3614,2971,29-VM-98,POINT (-9.118829727172852 38.741580963134766)
4802_751,20109_20250801_109_0_3,109_0,0,38.70481872558594,-9.177570343017578,9,IN_TRANSIT_TO,2025-08-12 15:38:50,12121,4802,77-VP-17,POINT (-9.177570343017578 38.70481872558594)
4812_728,4640_20250801_204_0_10,204_0,0,38.706600189208984,-9.141929626464844,19,IN_TRANSIT_TO,2025-08-12 15:38:46,3803,4812,20-VQ-70,POINT (-9.141929626464844 38.706600189208984)
2802_793,7991_20250801_145_0_18,145_0,0,38.7470817565918,-9.119420051574707,21,IN_TRANSIT_TO,2025-08-12 15:39:05,3605,2802,01-IH-91,POINT (-9.119420051574707 38.7470817565918)
401_19B,21691_20250801_245_0_18,245_0,0,38.721580505371094,-9.13936996459961,18,IN_TRANSIT_TO,2025-08-12 15:38:58,50526,401,BF-60-TR,POINT (-9.13936996459961 38.721580505371094)
2804_725,4238_20250801_197_0_28,197_0,1,38.774879455566406,-9.0977201461792,12,IN_TRANSIT_TO,2025-08-12 15:38:37,7910,2804,01-IH-93,POINT (-9.0977201461792 38.774879455566406)
4640_783,7805_20250801_203_0_12,203_0,1,38.724918365478516,-9.157320022583008,29,IN_TRANSIT_TO,2025-08-12 15:39:03,1223,4640,02-JN-87,POINT (-9.157320022583008 38.724918365478516)
4831_736,5401_20250801_199_0_14,199_0,1,38.765380859375,-9.157279968261719,13,IN_TRANSIT_TO,2025-08-12 15:38:40,5814,4831,20-VQ-61,POINT (-9.157279968261719 38.765380859375)
1753_793,8009_20250801_145_0_17,145_0,1,38.7357292175293,-9.113120079040527,24,IN_TRANSIT_TO,2025-08-12 15:38:51,17580,1753,34-HU-19,POINT (-9.113120079040527 38.7357292175293)
1750_735,5210_20250801_172_0_9,172_0,0,38.7130012512207,-9.122349739074707,31,IN_TRANSIT_TO,2025-08-12 15:38:37,5701,1750,92-HR-07,POINT (-9.122349739074707 38.7130012512207)
2455_747,6091_20250801_177_0_2,177_0,1,38.76668167114258,-9.15977954864502,18,IN_TRANSIT_TO,2025-08-12 15:39:02,5818,2455,16-AZ-12,POINT (-9.15977954864502 38.76668167114258)
2279_799,8215_20250801_120_0_22,120_0,1,38.73667907714844,-9.215749740600586,10,IN_TRANSIT_TO,2025-08-12 15:38:59,18107,2279,67-38-ZJ,POINT (-9.215749740600586 38.73667907714844)
2667_723,4161_20250801_121_0_13,121_0,0,38.72441864013672,-9.160579681396484,8,IN_TRANSIT_TO,2025-08-12 15:39:03,1223,2667,87-XB-45,POINT (-9.160579681396484 38.72441864013672)
2280_767,20137_20250801_112_1_10,112_1,0,38.76131820678711,-9.166919708251953,0,IN_TRANSIT_TO,2025-08-12 15:39:05,,2280,67-40-ZJ,POINT (-9.166919708251953 38.76131820678711)
4608_750,6281_20250801_106_0_12,106_0,0,38.76211929321289,-9.123880386352539,9,IN_TRANSIT_TO,2025-08-12 15:38:15,7506,4608,96-GL-85,POINT (-9.123880386352539 38.76211929321289)
2762_746,5957_20250801_108_0_18,108_0,1,38.740970611572266,-9.16819953918457,16,IN_TRANSIT_TO,2025-08-12 15:39:06,1610,2762,AH-38-ND,POINT (-9.16819953918457 38.740970611572266)
219_773,7410_20250801_124_0_24,124_0,1,38.71364974975586,-9.160050392150879,12,IN_TRANSIT_TO,2025-08-12 15:38:12,8111,219,11-12-XO,POINT (-9.160050392150879 38.71364974975586)
2278_758,6784_20250801_150_0_3,150_0,0,38.745521545410156,-9.181570053100586,22,IN_TRANSIT_TO,2025-08-12 15:38:59,10704,2278,67-41-ZJ,POINT (-9.181570053100586 38.745521545410156)
2734_735,5269_20250801_172_0_12,172_0,1,38.71747970581055,-9.121700286865234,26,IN_TRANSIT_TO,2025-08-12 15:38:52,2106,2734,AG-50-EI,POINT (-9.121700286865234 38.71747970581055)
2790_754,6579_20250801_201_0_13,201_0,0,38.74504852294922,-9.200019836425781,19,IN_TRANSIT_TO,2025-08-12 15:38:54,2806,2790,AI-54-TL,POINT (-9.200019836425781 38.74504852294922)
215_41B,19379_20250801_232_0_21,232_0,1,38.77397918701172,-9.15530014038086,9,IN_TRANSIT_TO,2025-08-12 15:38:53,5913,215,44-42-XM,POINT (-9.15530014038086 38.77397918701172)
2756_727,4520_20250801_103_0_9,103_0,1,38.71982955932617,-9.155500411987305,33,IN_TRANSIT_TO,2025-08-12 15:38:33,6817,2756,AH-27-ND,POINT (-9.155500411987305 38.71982955932617)
2450_726,4307_20250801_116_0_13,116_0,0,38.721981048583984,-9.128729820251465,0,IN_TRANSIT_TO,2025-08-12 15:38:58,,2450,44-BC-36,POINT (-9.128729820251465 38.721981048583984)
2483_726,4263_20250801_116_0_11,116_0,0,38.76763153076172,-9.204569816589355,31,IN_TRANSIT_TO,2025-08-12 15:38:50,13902,2483,74-BC-66,POINT (-9.204569816589355 38.76763153076172)
1711_742,5746_20250801_114_0_8,114_0,1,38.71575164794922,-9.17278003692627,24,IN_TRANSIT_TO,2025-08-12 15:38:43,9406,1711,69-AL-74,POINT (-9.17278003692627 38.71575164794922)
1721_717,3826_20250801_170_0_13,170_0,1,38.774078369140625,-9.160449981689453,20,IN_TRANSIT_TO,2025-08-12 15:38:43,50163,1721,25-AS-33,POINT (-9.160449981689453 38.774078369140625)
2797_714,19170_20250801_102_0_10,102_0,1,38.72808074951172,-9.212300300598145,9,IN_TRANSIT_TO,2025-08-12 15:38:59,18111,2797,AJ-57-LI,POINT (-9.212300300598145 38.72808074951172)
2759_751,20108_20250801_109_0_12,109_0,0,38.699100494384766,-9.205499649047852,16,IN_TRANSIT_TO,2025-08-12 15:38:53,9604,2759,AH-21-ND,POINT (-9.205499649047852 38.699100494384766)
2745_756,6731_20250801_175_0_18,175_0,1,38.70466995239258,-9.17786979675293,2,IN_TRANSIT_TO,2025-08-12 15:38:42,12107,2745,AG-06-TH,POINT (-9.17786979675293 38.70466995239258)
2243_758,6880_20250801_150_0_10,150_0,1,38.715579986572266,-9.14542007446289,29,IN_TRANSIT_TO,2025-08-12 12:25:41,10606,2243,22-36-ZB,POINT (-9.14542007446289 38.715579986572266)
1706_701,2957_20250801_123_0_14,123_0,1,38.73698043823242,-9.166629791259766,10,IN_TRANSIT_TO,2025-08-12 15:38:56,2711,1706,69-AL-69,POINT (-9.166629791259766 38.73698043823242)
4628_736,5370_20250801_199_0_10,199_0,1,38.77014923095703,-9.159729957580566,11,IN_TRANSIT_TO,2025-08-12 15:38:47,5904,4628,27-JO-10,POINT (-9.159729957580566 38.77014923095703)
1770_755,6653_20250801_118_0_14,118_0,0,38.75925064086914,-9.124699592590332,21,IN_TRANSIT_TO,2025-08-12 15:38:38,14705,1770,63-HX-17,POINT (-9.124699592590332 38.75925064086914)
2413_703,3128_20250801_165_0_14,165_0,0,38.7746696472168,-9.163169860839844,16,IN_TRANSIT_TO,2025-08-12 15:38:52,5950,2413,92-AO-50,POINT (-9.163169860839844 38.7746696472168)
403_10B,21753_20250801_242_0_20,242_0,0,38.711181640625,-9.130599975585938,4,IN_TRANSIT_TO,2025-08-12 15:38:47,13803,403,BF-84-TA,POINT (-9.130599975585938 38.711181640625)
1780_717,3777_20250801_170_0_13,170_0,0,38.76163101196289,-9.157400131225586,16,IN_TRANSIT_TO,2025-08-12 15:38:39,5807,1780,63-HX-18,POINT (-9.157400131225586 38.76163101196289)
2255_768,7342_20250801_111_0_15,111_0,0,38.74195098876953,-9.170849800109863,6,IN_TRANSIT_TO,2025-08-12 15:38:57,1609,2255,80-54-ZE,POINT (-9.170849800109863 38.74195098876953)
2768_764,7133_20250801_168_0_15,168_0,0,38.74515151977539,-9.201569557189941,20,IN_TRANSIT_TO,2025-08-12 15:38:44,2806,2768,AH-25-ND,POINT (-9.201569557189941 38.74515151977539)
2666_764,7160_20250801_168_0_14,168_0,1,38.74728012084961,-9.222249984741211,2,IN_TRANSIT_TO,2025-08-12 15:39:05,3006,2666,87-XB-39,POINT (-9.222249984741211 38.74728012084961)
1759_735,5246_20250801_172_1_10,172_1,1,38.72172164916992,-9.12952995300293,7,IN_TRANSIT_TO,2025-08-12 15:39:02,9108,1759,34-HU-25,POINT (-9.12952995300293 38.72172164916992)
2487_703,3160_20250801_165_0_13,165_0,1,38.780521392822266,-9.159520149230957,28,IN_TRANSIT_TO,2025-08-12 15:38:49,5922,2487,54-BH-97,POINT (-9.159520149230957 38.780521392822266)
1757_755,6695_20250801_118_0_12,118_0,1,38.752220153808594,-9.123379707336426,17,IN_TRANSIT_TO,2025-08-12 15:38:54,14725,1757,34-HU-23,POINT (-9.123379707336426 38.752220153808594)
2470_716,3737_20250801_164_0_20,164_0,1,38.73725128173828,-9.149530410766602,19,IN_TRANSIT_TO,2025-08-12 15:38:46,1408,2470,74-BC-71,POINT (-9.149530410766602 38.73725128173828)
2433_703,3139_20250801_165_0_13,165_0,0,38.779518127441406,-9.159420013427734,14,IN_TRANSIT_TO,2025-08-12 15:38:49,5927,2433,44-BC-28,POINT (-9.159420013427734 38.779518127441406)
2239_768,7334_20250801_111_0_18,111_0,0,38.77006912231445,-9.192919731140137,22,IN_TRANSIT_TO,2025-08-12 15:39:02,14110,2239,06-30-XX,POINT (-9.192919731140137 38.77006912231445)
2268_724,4221_20250801_178_0_19,178_0,0,38.71261978149414,-9.179770469665527,3,IN_TRANSIT_TO,2025-08-12 15:38:47,11801,2268,76-87-ZG,POINT (-9.179770469665527 38.71261978149414)
2447_716,3722_20250801_164_0_17,164_0,0,38.73884963989258,-9.150070190429688,6,IN_TRANSIT_TO,2025-08-12 15:38:49,1407,2447,44-BC-33,POINT (-9.150070190429688 38.73884963989258)
1771_794,8060_20250801_115_0_13,115_0,1,38.75693130493164,-9.103320121765137,4,IN_TRANSIT_TO,2025-08-12 15:38:58,2320,1771,63-HX-27,POINT (-9.103320121765137 38.75693130493164)
4613_728,4713_20250801_204_0_9,204_0,1,38.72768020629883,-9.10884952545166,24,IN_TRANSIT_TO,2025-08-12 15:38:34,8312,4613,22-GP-48,POINT (-9.10884952545166 38.72768020629883)
2772_727,4452_20250801_103_0_9,103_0,0,38.72235107421875,-9.151829719543457,14,IN_TRANSIT_TO,2025-08-12 15:39:00,1214,2772,AH-24-ND,POINT (-9.151829719543457 38.72235107421875)
2467_729,4767_20250801_104_0_11,104_0,1,38.74502944946289,-9.199700355529785,24,IN_TRANSIT_TO,2025-08-12 15:38:54,10831,2467,16-AZ-14,POINT (-9.199700355529785 38.74502944946289)
2752_742,5738_20250801_114_0_10,114_0,1,38.71717834472656,-9.17212963104248,25,IN_TRANSIT_TO,2025-08-12 15:38:47,9302,2752,AG-18-TH,POINT (-9.17212963104248 38.71717834472656)
2757_727,4543_20250801_103_0_9,103_0,0,38.71030044555664,-9.203669548034668,42,IN_TRANSIT_TO,2025-08-12 15:38:48,12916,2757,AH-32-ND,POINT (-9.203669548034668 38.71030044555664)
2473_703,3153_20250801_165_0_15,165_0,0,38.787498474121094,-9.144949913024902,3,IN_TRANSIT_TO,2025-08-12 15:38:39,6008,2473,74-BC-68,POINT (-9.144949913024902 38.787498474121094)
2333_708,3279_20250801_100_0_12,100_0,0,38.71577072143555,-9.136930465698242,2,IN_TRANSIT_TO,2025-08-12 15:38:42,818,2333,62-97-ZG,POINT (-9.136930465698242 38.71577072143555)
2497_708,3345_20250801_100_0_12,100_0,0,38.79452133178711,-9.101900100708008,40,IN_TRANSIT_TO,2025-08-12 15:38:55,50448,2497,88-BL-71,POINT (-9.101900100708008 38.79452133178711)
2461_703,3168_20250801_165_0_2,165_0,1,38.74993133544922,-9.195099830627441,6,IN_TRANSIT_TO,2025-08-12 15:38:46,10907,2461,55-BH-04,POINT (-9.195099830627441 38.74993133544922)
2422_767,7205_20250801_112_0_10,112_0,1,38.734519958496094,-9.141500473022461,39,IN_TRANSIT_TO,2025-08-12 15:38:43,11105,2422,29-AU-17,POINT (-9.141500473022461 38.734519958496094)
2775_712,3553_20250801_189_0_15,189_0,1,38.71892166137695,-9.171250343322754,7,IN_TRANSIT_TO,2025-08-12 15:38:41,9304,2775,AH-31-ND,POINT (-9.171250343322754 38.71892166137695)
2967_45B,49566_20250801_277_0_15,277_0,0,38.76057052612305,-9.1699800491333,16,IN_TRANSIT_TO,2025-08-12 15:38:49,50011,2967,30-VM-05,POINT (-9.1699800491333 38.76057052612305)
1719_717,3782_20250801_170_0_13,170_0,0,38.75519943237305,-9.139200210571289,9,IN_TRANSIT_TO,2025-08-12 15:39:00,11201,1719,25-AS-31,POINT (-9.139200210571289 38.75519943237305)
1766_717,3843_20250801_170_0_11,170_0,1,38.77812957763672,-9.148500442504883,16,IN_TRANSIT_TO,2025-08-12 15:38:36,6015,1766,63-HX-33,POINT (-9.148500442504883 38.77812957763672)
2465_767,7293_20250801_112_0_9,112_0,0,38.76057815551758,-9.168299674987793,22,IN_TRANSIT_TO,2025-08-12 15:38:46,50005,2465,55-BH-00,POINT (-9.168299674987793 38.76057815551758)
2271_768,7329_20250801_111_0_18,111_0,1,38.765968322753906,-9.198349952697754,3,IN_TRANSIT_TO,2025-08-12 15:38:46,14111,2271,92-54-ZM,POINT (-9.198349952697754 38.765968322753906)
2498_708,3356_20250801_100_0_9,100_0,0,38.74129867553711,-9.133399963378906,9,IN_TRANSIT_TO,2025-08-12 15:38:59,411,2498,03-BM-57,POINT (-9.133399963378906 38.74129867553711)
1763_742,5721_20250801_114_0_11,114_0,1,38.73522186279297,-9.141130447387695,38,IN_TRANSIT_TO,2025-08-12 15:36:24,11101,1763,63-HX-25,POINT (-9.141130447387695 38.73522186279297)
1776_720,20122_20250801_143_0_2,143_0,1,38.70362091064453,-9.171480178833008,6,IN_TRANSIT_TO,2025-08-12 15:38:38,4001,1776,53-HX-09,POINT (-9.171480178833008 38.70362091064453)
4603_750,6303_20250801_106_0_11,106_0,1,38.759700775146484,-9.10336971282959,36,IN_TRANSIT_TO,2025-08-12 15:39:04,2311,4603,96-GL-81,POINT (-9.10336971282959 38.759700775146484)
4605_728,4571_20250801_204_0_9,204_0,1,38.761470794677734,-9.096329689025879,11,IN_TRANSIT_TO,2025-08-12 15:38:41,2401,4605,31-GN-72,POINT (-9.096329689025879 38.761470794677734)
2477_729,4811_20250801_104_0_12,104_0,0,38.7138786315918,-9.195449829101562,26,IN_TRANSIT_TO,2025-08-12 15:39:00,10315,2477,91-BE-73,POINT (-9.195449829101562 38.7138786315918)
2484_729,4756_20250801_104_0_10,104_0,1,38.75019836425781,-9.191180229187012,30,IN_TRANSIT_TO,2025-08-12 15:38:55,10807,2484,91-BE-76,POINT (-9.191180229187012 38.75019836425781)
2791_714,3652_20250801_102_0_13,102_0,0,38.72074890136719,-9.209770202636719,30,IN_TRANSIT_TO,2025-08-12 15:38:52,10406,2791,AJ-61-LI,POINT (-9.209770202636719 38.72074890136719)
2786_727,4504_20250801_103_0_9,103_0,1,38.741668701171875,-9.14657974243164,41,IN_TRANSIT_TO,2025-08-12 15:39:03,1805,2786,AI-52-TL,POINT (-9.14657974243164 38.741668701171875)
408_67B,28224_20250801_253_0_13,253_0,0,38.7059211730957,-9.17257022857666,12,IN_TRANSIT_TO,2025-08-12 15:38:39,9418,408,BF-24-TS,POINT (-9.17257022857666 38.7059211730957)
2401_771,21938_20250801_248_0_20,248_0,0,38.70962905883789,-9.194820404052734,18,IN_TRANSIT_TO,2025-08-12 15:38:40,50139,2401,50-AL-14,POINT (-9.194820404052734 38.70962905883789)
2485_729,4778_20250801_104_0_10,104_0,1,38.71392059326172,-9.197449684143066,18,IN_TRANSIT_TO,2025-08-12 15:38:47,10315,2485,91-BE-77,POINT (-9.197449684143066 38.71392059326172)
2408_771,39067_20250801_248_0_17,248_0,1,38.7423210144043,-9.167969703674316,24,IN_TRANSIT_TO,2025-08-12 15:38:56,50472,2408,50-AL-08,POINT (-9.167969703674316 38.7423210144043)
606_15E,11205_20250801_76_0_14,76_0,1,38.699501037597656,-9.225720405578613,2,IN_TRANSIT_TO,2025-08-12 15:38:43,4219,606,,POINT (-9.225720405578613 38.699501037597656)
2283_767,7298_20250801_112_0_9,112_0,0,38.75627136230469,-9.147419929504395,16,IN_TRANSIT_TO,2025-08-12 15:39:03,11301,2283,67-39-ZJ,POINT (-9.147419929504395 38.75627136230469)
2335_708,3323_20250801_100_0_11,100_0,1,38.768348693847656,-9.097970008850098,14,IN_TRANSIT_TO,2025-08-12 15:38:40,7822,2335,62-98-ZG,POINT (-9.097970008850098 38.768348693847656)
609_15E,11306_20250801_76_0_12,76_0,1,38.70793151855469,-9.138319969177246,21,IN_TRANSIT_TO,2025-08-12 15:38:55,3823,609,,POINT (-9.138319969177246 38.70793151855469)
2406_747,6102_20250801_177_0_19,177_0,1,38.769569396972656,-9.189299583435059,7,IN_TRANSIT_TO,2025-08-12 15:39:02,14108,2406,50-AL-09,POINT (-9.189299583435059 38.769569396972656)
2753_720,4056_20250801_143_0_13,143_0,0,38.70484924316406,-9.177120208740234,26,IN_TRANSIT_TO,2025-08-12 15:38:52,12102,2753,AG-08-TH,POINT (-9.177120208740234 38.70484924316406)
2941_52B,21665_20250801_244_0_15,244_0,0,38.74129867553711,-9.168020248413086,22,IN_TRANSIT_TO,2025-08-12 15:38:54,50472,2941,51-GL-81,POINT (-9.168020248413086 38.74129867553711)
2289_731,4993_20250801_190_0_11,190_0,0,38.779579162597656,-9.104900360107422,32,IN_TRANSIT_TO,2025-08-12 15:38:50,7902,2289,92-60-ZM,POINT (-9.104900360107422 38.779579162597656)
2451_726,4340_20250801_116_0_12,116_0,1,38.7635498046875,-9.198780059814453,3,IN_TRANSIT_TO,2025-08-12 15:38:56,13905,2451,75-AQ-16,POINT (-9.198780059814453 38.7635498046875)
2405_767,7224_20250801_112_0_2,112_0,1,38.75600051879883,-9.145649909973145,30,IN_TRANSIT_TO,2025-08-12 15:38:50,5706,2405,50-AL-10,POINT (-9.145649909973145 38.75600051879883)
2792_712,3555_20250801_189_0_13,189_0,0,38.70661926269531,-9.17335033416748,29,IN_TRANSIT_TO,2025-08-12 15:39:00,9403,2792,AJ-53-LI,POINT (-9.17335033416748 38.70661926269531)
2434_771,21934_20250801_248_0_19,248_0,1,38.70492935180664,-9.196319580078125,2,IN_TRANSIT_TO,2025-08-12 15:38:52,13410,2434,29-AU-24,POINT (-9.196319580078125 38.70492935180664)
2464_716,3719_20250801_164_0_15,164_0,0,38.7398681640625,-9.167099952697754,11,IN_TRANSIT_TO,2025-08-12 15:38:50,1601,2464,91-BE-71,POINT (-9.167099952697754 38.7398681640625)
223_13B,21595_20250801_243_0_20,243_0,0,38.71482849121094,-9.128629684448242,9,IN_TRANSIT_TO,2025-08-12 15:39:02,14802,223,84-38-XQ,POINT (-9.128629684448242 38.71482849121094)
2290_731,5024_20250801_190_0_12,190_0,1,38.75835037231445,-9.140649795532227,22,IN_TRANSIT_TO,2025-08-12 15:38:54,11308,2290,92-55-ZM,POINT (-9.140649795532227 38.75835037231445)
2773_738,5547_20250801_117_0_13,117_0,0,38.74443054199219,-9.147520065307617,15,IN_TRANSIT_TO,2025-08-12 15:38:59,2020,2773,AH-39-ND,POINT (-9.147520065307617 38.74443054199219)
2798_776,7480_20250801_193_0_44,193_0,0,38.69916915893555,-9.229720115661621,2,IN_TRANSIT_TO,2025-08-12 15:38:45,4218,2798,AJ-56-LI,POINT (-9.229720115661621 38.69916915893555)
4838_783,7848_20250801_203_0_13,203_0,0,38.73162841796875,-9.146050453186035,6,IN_TRANSIT_TO,2025-08-12 15:38:54,1703,4838,34-VR-22,POINT (-9.146050453186035 38.73162841796875)
2751_720,4078_20250801_143_0_15,143_0,0,38.720130920410156,-9.154520034790039,16,IN_TRANSIT_TO,2025-08-12 15:38:58,6806,2751,AG-12-TH,POINT (-9.154520034790039 38.720130920410156)
2249_758,6857_20250801_150_0_12,150_0,1,38.717220306396484,-9.149519920349121,28,IN_TRANSIT_TO,2025-08-12 15:38:47,10608,2249,22-32-ZB,POINT (-9.149519920349121 38.717220306396484)
2438_703,3164_20250801_165_0_14,165_0,1,38.74882888793945,-9.192779541015625,7,IN_TRANSIT_TO,2025-08-12 15:39:05,10835,2438,44-BC-29,POINT (-9.192779541015625 38.74882888793945)
2825_728,4580_20250801_204_0_11,204_0,1,38.77994918823242,-9.104829788208008,3,IN_TRANSIT_TO,2025-08-12 15:38:59,12619,2825,BF-53-FZ,POINT (-9.104829788208008 38.77994918823242)
1709_701,2936_20250801_123_0_18,123_0,0,38.75394821166992,-9.1525297164917,3,IN_TRANSIT_TO,2025-08-12 15:39:00,5704,1709,69-AL-72,POINT (-9.1525297164917 38.75394821166992)
2245_726,4324_20250801_116_0_10,116_0,1,38.737831115722656,-9.155570030212402,21,IN_TRANSIT_TO,2025-08-12 15:38:39,1504,2245,22-35-ZB,POINT (-9.155570030212402 38.737831115722656)
2466_729,4816_20250801_104_0_12,104_0,0,38.750118255615234,-9.195619583129883,12,IN_TRANSIT_TO,2025-08-12 15:38:42,10802,2466,16-AZ-16,POINT (-9.195619583129883 38.750118255615234)
4834_796,8150_20250801_174_0_13,174_0,1,38.773128509521484,-9.161419868469238,12,IN_TRANSIT_TO,2025-08-12 15:38:38,5940,4834,20-VQ-71,POINT (-9.161419868469238 38.773128509521484)
2843_753,19175_20250801_167_0_20,167_0,1,38.72917938232422,-9.143719673156738,8,IN_TRANSIT_TO,2025-08-12 15:38:56,6601,2843,BF-63-FZ,POINT (-9.143719673156738 38.72917938232422)
203_49B,22228_20250801_251_0_16,251_0,0,38.74549865722656,-9.135120391845703,0,IN_TRANSIT_TO,2025-08-12 15:38:54,,203,89-59-XD,POINT (-9.135120391845703 38.74549865722656)
2235_758,6806_20250801_150_0_13,150_0,0,38.720279693603516,-9.154680252075195,7,IN_TRANSIT_TO,2025-08-12 15:38:51,10607,2235,06-32-XX,POINT (-9.154680252075195 38.720279693603516)
2789_764,7155_20250801_168_0_15,168_0,1,38.750980377197266,-9.173299789428711,26,IN_TRANSIT_TO,2025-08-12 15:38:39,13618,2789,AI-53-TL,POINT (-9.173299789428711 38.750980377197266)
2217_742,5699_20250801_114_0_10,114_0,0,38.73134994506836,-9.111479759216309,3,IN_TRANSIT_TO,2025-08-12 15:39:02,17568,2217,07-99-XS,POINT (-9.111479759216309 38.73134994506836)
2214_742,5677_20250801_114_0_9,114_0,0,38.73271942138672,-9.130450248718262,16,IN_TRANSIT_TO,2025-08-12 15:38:50,501,2214,08-02-XS,POINT (-9.130450248718262 38.73271942138672)
2834_728,4727_20250801_204_4_8,204_4,0,38.70840072631836,-9.136380195617676,14,IN_TRANSIT_TO,2025-08-12 15:38:57,8201,2834,BF-76-FZ,POINT (-9.136380195617676 38.70840072631836)
614_15E,11189_20250801_76_0_12,76_0,1,38.6974983215332,-9.194950103759766,8,IN_TRANSIT_TO,2025-08-12 15:38:47,4113,614,,POINT (-9.194950103759766 38.6974983215332)
2203_735,5195_20250801_172_1_9,172_1,1,38.70793151855469,-9.138569831848145,20,IN_TRANSIT_TO,2025-08-12 15:38:52,4502,2203,72-19-XN,POINT (-9.138569831848145 38.70793151855469)
2216_742,5686_20250801_114_0_11,114_0,0,38.73828125,-9.139450073242188,1,IN_TRANSIT_TO,2025-08-12 15:38:24,17574,2216,08-00-XS,POINT (-9.139450073242188 38.73828125)
2206_735,5261_20250801_172_0_10,172_0,0,38.70872116088867,-9.135319709777832,3,IN_TRANSIT_TO,2025-08-12 15:38:58,5501,2206,01-67-XO,POINT (-9.135319709777832 38.70872116088867)
2712_723,4174_20250801_121_0_14,121_0,1,38.718318939208984,-9.198929786682129,20,IN_TRANSIT_TO,2025-08-12 15:39:00,21304,2712,92-XQ-33,POINT (-9.198929786682129 38.718318939208984)
2223_735,5236_20250801_172_0_13,172_0,0,38.73051834106445,-9.127799987792969,16,IN_TRANSIT_TO,2025-08-12 15:39:00,7003,2223,08-16-XS,POINT (-9.127799987792969 38.73051834106445)
6028_732,5090_20250801_107_0_6,107_0,0,38.70983123779297,-9.138179779052734,17,IN_TRANSIT_TO,2025-08-12 15:38:13,5510,6028,BF-68-AX,POINT (-9.138179779052734 38.70983123779297)
561_25E,14256_20250801_79_0_19,79_0,1,38.71437072753906,-9.161930084228516,4,IN_TRANSIT_TO,2025-08-12 15:38:54,8107,561,,POINT (-9.161930084228516 38.71437072753906)
566_12E,11030_20250801_77_0_15,77_0,1,38.7128791809082,-9.129429817199707,12,IN_TRANSIT_TO,2025-08-12 15:38:35,13813,566,,POINT (-9.129429817199707 38.7128791809082)
568_25E,14251_20250801_79_0_17,79_0,1,38.712249755859375,-9.137450218200684,19,IN_TRANSIT_TO,2025-08-12 15:38:40,50621,568,,POINT (-9.137450218200684 38.712249755859375)
2222_742,5767_20250801_114_0_9,114_0,0,38.70357131958008,-9.191269874572754,46,IN_TRANSIT_TO,2025-08-12 15:38:42,13406,2222,08-17-XS,POINT (-9.191269874572754 38.70357131958008)
562_25E,14264_20250801_79_0_18,79_0,0,38.714298248291016,-9.169079780578613,17,IN_TRANSIT_TO,2025-08-12 15:37:58,8018,562,,POINT (-9.169079780578613 38.714298248291016)
2836_751,6458_20250801_109_0_13,109_0,1,38.70711898803711,-9.173569679260254,26,IN_TRANSIT_TO,2025-08-12 15:38:59,9415,2836,BF-70-FZ,POINT (-9.173569679260254 38.70711898803711)
413_22B,19424_20250801_236_0_21,236_0,0,38.710628509521484,-9.143569946289062,4,IN_TRANSIT_TO,2025-08-12 15:36:03,10512,413,BF-41-TS,POINT (-9.143569946289062 38.710628509521484)
4615_750,6395_20250801_106_0_12,106_0,1,38.69955062866211,-9.22716999053955,0,IN_TRANSIT_TO,2025-08-12 15:38:54,,4615,22-GP-49,POINT (-9.22716999053955 38.69955062866211)
565_28E,15001_20250801_75_0_8,75_0,1,38.71092987060547,-9.130669593811035,21,IN_TRANSIT_TO,2025-08-12 15:38:58,13803,565,,POINT (-9.130669593811035 38.71092987060547)
2233_768,7318_20250801_111_0_18,111_0,1,38.74311828613281,-9.166879653930664,19,IN_TRANSIT_TO,2025-08-12 15:38:38,1603,2233,06-38-XX,POINT (-9.166879653930664 38.74311828613281)
2232_747,6115_20250801_177_0_19,177_0,0,38.772220611572266,-9.190679550170898,17,IN_TRANSIT_TO,2025-08-12 15:38:54,14103,2232,06-23-XX,POINT (-9.190679550170898 38.772220611572266)
2237_763,49574_20250801_282_0_19,282_0,0,38.77231979370117,-9.190349578857422,13,IN_TRANSIT_TO,2025-08-12 15:38:54,14105,2237,06-27-XX,POINT (-9.190349578857422 38.77231979370117)
6008_706,3215_20250801_147_0_6,147_0,0,38.72011947631836,-9.117520332336426,29,IN_TRANSIT_TO,2025-08-12 15:38:49,9825,6008,81-ZC-08,POINT (-9.117520332336426 38.72011947631836)
230_58B,19295_20250801_227_0_18,227_0,0,38.74517822265625,-9.180930137634277,16,IN_TRANSIT_TO,2025-08-12 15:38:49,10701,230,13-33-XZ,POINT (-9.180930137634277 38.74517822265625)
2287_799,8224_20250801_120_0_12,120_0,0,38.734928131103516,-9.221850395202637,18,IN_TRANSIT_TO,2025-08-12 15:39:05,50057,2287,92-58-ZM,POINT (-9.221850395202637 38.734928131103516)
2273_771,21930_20250801_248_0_18,248_0,1,38.727699279785156,-9.16195011138916,19,IN_TRANSIT_TO,2025-08-12 15:38:45,6119,2273,76-81-ZG,POINT (-9.16195011138916 38.727699279785156)
2267_758,6799_20250801_150_0_11,150_0,0,38.721519470214844,-9.161930084228516,10,IN_TRANSIT_TO,2025-08-12 15:38:52,8513,2267,76-86-ZG,POINT (-9.161930084228516 38.721519470214844)
2266_758,6864_20250801_150_0_2,150_0,1,38.72507095336914,-9.160079956054688,22,IN_TRANSIT_TO,2025-08-12 15:38:45,6120,2266,76-92-ZG,POINT (-9.160079956054688 38.72507095336914)
