id,trip_id,route_id,direction_id,latitude,longitude,current_stop_sequence,current_status,timestamp,stop_id,vehicle_id,license_plate,geometry
4645_750,6417_20250901_106_0_2,106_0,0,38.72787857055664,-9.209269523620605,32,IN_TRANSIT_TO,2025-10-01 05:57:15,14008,4645,98-JO-46,POINT (-9.209269523620605 38.72787857055664)
2793_713,3622_20250901_122_0_4,122_0,1,38.71260070800781,-9.175470352172852,6,IN_TRANSIT_TO,2025-10-01 05:57:03,9412,2793,AJ-58-LI,POINT (-9.175470352172852 38.71260070800781)
2253_731,4996_20250901_190_0_2,190_0,1,38.76150131225586,-9.120920181274414,19,IN_TRANSIT_TO,2025-10-01 05:57:24,8402,2253,80-52-ZE,POINT (-9.120920181274414 38.76150131225586)
611_15E,11288_20250901_76_0_4,76_0,1,38.6961784362793,-9.219829559326172,3,IN_TRANSIT_TO,2025-10-01 05:57:18,4209,611,,POINT (-9.219829559326172 38.6961784362793)
4607_750,6372_20250901_106_0_2,106_0,1,38.75735092163086,-9.17782974243164,20,IN_TRANSIT_TO,2025-10-01 05:57:21,10809,4607,96-GL-84,POINT (-9.17782974243164 38.75735092163086)
304_708,3351_20250901_100_0_2,100_0,1,38.785831451416016,-9.096719741821289,7,IN_TRANSIT_TO,2025-10-01 05:53:28,50306,304,22-SP-91,POINT (-9.096719741821289 38.785831451416016)
4606_728,4609_20250901_204_0_4,204_0,0,38.70917892456055,-9.20818042755127,4,IN_TRANSIT_TO,2025-10-01 05:57:00,13101,4606,96-GL-83,POINT (-9.20818042755127 38.70917892456055)
2254_731,5022_20250901_190_0_3,190_0,0,38.77050018310547,-9.108699798583984,26,IN_TRANSIT_TO,2025-10-01 05:57:27,7809,2254,80-51-ZE,POINT (-9.108699798583984 38.77050018310547)
2992_770,7364_20250901_191_3_2,191_3,0,38.74024963378906,-9.1779203414917,9,IN_TRANSIT_TO,2025-10-01 05:57:24,10723,2992,29-VM-95,POINT (-9.1779203414917 38.74024963378906)
6010_706,3252_20250901_147_0_2,147_0,0,38.7304801940918,-9.13694953918457,18,IN_TRANSIT_TO,2025-10-01 05:56:57,611,6010,81-ZC-09,POINT (-9.13694953918457 38.7304801940918)
2766_713,3579_20250901_122_0_3,122_0,0,38.707149505615234,-9.161279678344727,21,IN_TRANSIT_TO,2025-10-01 05:57:12,10015,2766,AH-40-ND,POINT (-9.161279678344727 38.707149505615234)
2250_731,19403_20240727_190_0_8,190_0,1,38.78303146362305,-9.114009857177734,3,IN_TRANSIT_TO,2024-08-10 10:41:27,12610,2250,80-41-ZE,POINT (-9.114009857177734 38.78303146362305)
4602_750,6377_20250901_106_0_3,106_0,1,38.74491882324219,-9.199899673461914,13,IN_TRANSIT_TO,2025-10-01 05:57:26,2812,4602,96-GL-80,POINT (-9.199899673461914 38.74491882324219)
2328_712,3549_20250901_189_0_2,189_0,1,38.72760009765625,-9.140830039978027,18,IN_TRANSIT_TO,2025-10-01 05:57:05,6607,2328,62-96-ZG,POINT (-9.140830039978027 38.72760009765625)
612_15E,11280_20250901_76_0_4,76_0,1,38.69852828979492,-9.187729835510254,10,IN_TRANSIT_TO,2025-10-01 05:57:01,9507,612,,POINT (-9.187729835510254 38.69852828979492)
2795_712,3565_20250901_189_0_3,189_0,0,38.72782897949219,-9.15923023223877,20,IN_TRANSIT_TO,2025-10-01 05:57:25,6103,2795,AJ-55-LI,POINT (-9.15923023223877 38.72782897949219)
2346_763,46424_20250901_282_0_3,282_0,0,38.77207946777344,-9.190130233764648,13,IN_TRANSIT_TO,2025-10-01 05:56:55,14105,2346,62-93-ZG,POINT (-9.190130233764648 38.77207946777344)
6033_706,3266_20250901_147_3_2,147_3,0,38.71332931518555,-9.153149604797363,12,IN_TRANSIT_TO,2025-10-01 05:56:58,6701,6033,BF-92-AZ,POINT (-9.153149604797363 38.71332931518555)
4617_750,6290_20250901_106_0_3,106_0,0,38.76755142211914,-9.099900245666504,0,IN_TRANSIT_TO,2025-10-01 05:57:27,,4617,22-GP-51,POINT (-9.099900245666504 38.76755142211914)
4620_728,4569_20250901_204_0_2,204_0,0,38.7747688293457,-9.10319995880127,45,IN_TRANSIT_TO,2025-10-01 05:57:03,7807,4620,22-GP-54,POINT (-9.10319995880127 38.7747688293457)
4642_750,6390_20250901_106_0_3,106_0,1,38.70949935913086,-9.221949577331543,5,IN_TRANSIT_TO,2025-10-01 05:57:27,18402,4642,90-JI-99,POINT (-9.221949577331543 38.70949935913086)
4816_728,4589_20250901_204_0_4,204_0,0,38.70624923706055,-9.144379615783691,19,IN_TRANSIT_TO,2025-10-01 05:57:05,3803,4816,34-VR-17,POINT (-9.144379615783691 38.70624923706055)
4614_750,6421_20250901_106_0_3,106_0,0,38.74919891357422,-9.19087028503418,22,IN_TRANSIT_TO,2025-10-01 05:57:19,10806,4614,96-GL-90,POINT (-9.19087028503418 38.74919891357422)
2953_798,8194_20250901_194_0_2,194_0,1,38.77872848510742,-9.143119812011719,7,IN_TRANSIT_TO,2025-10-01 05:57:09,6011,2953,62-GQ-55,POINT (-9.143119812011719 38.77872848510742)
4641_750,21643_20250901_106_0_3,106_0,0,38.71086883544922,-9.226320266723633,35,IN_TRANSIT_TO,2025-10-01 05:57:00,14311,4641,90-JI-98,POINT (-9.226320266723633 38.71086883544922)
4626_796,8127_20250901_174_0_5,174_0,0,38.76554870605469,-9.157270431518555,2,IN_TRANSIT_TO,2025-10-01 05:56:56,5811,4626,90-JI-93,POINT (-9.157270431518555 38.76554870605469)
4646_728,4681_20250901_204_0_3,204_0,1,38.75038146972656,-9.096269607543945,15,IN_TRANSIT_TO,2025-10-01 05:57:02,2307,4646,11-JM-79,POINT (-9.096269607543945 38.75038146972656)
4818_751,6495_20250901_109_0_5,109_0,0,38.6975212097168,-9.20419979095459,15,IN_TRANSIT_TO,2025-10-01 05:57:25,4112,4818,42-VT-57,POINT (-9.20419979095459 38.6975212097168)
2691_738,5572_20250901_117_0_2,117_0,1,38.75577926635742,-9.169529914855957,32,IN_TRANSIT_TO,2025-10-01 05:57:20,13621,2691,90-XF-45,POINT (-9.169529914855957 38.75577926635742)
2694_746,5958_20250901_108_3_3,108_3,0,38.75032043457031,-9.196599960327148,24,IN_TRANSIT_TO,2025-10-01 05:57:23,10802,2694,90-XF-49,POINT (-9.196599960327148 38.75032043457031)
4836_736,5351_20250901_199_0_4,199_0,1,38.786781311035156,-9.1810302734375,1,IN_TRANSIT_TO,2025-10-01 05:56:46,15101,4836,34-VR-23,POINT (-9.1810302734375 38.786781311035156)
2705_723,4136_20250901_121_0_3,121_0,0,38.72526931762695,-9.152429580688477,7,IN_TRANSIT_TO,2025-10-01 05:57:14,1209,2705,92-XQ-29,POINT (-9.152429580688477 38.72526931762695)
2683_728,4700_20250901_204_0_3,204_0,1,38.77967834472656,-9.104430198669434,4,IN_TRANSIT_TO,2025-10-01 05:56:23,7904,2683,99-XE-55,POINT (-9.104430198669434 38.77967834472656)
2682_727,4553_20250901_103_0_2,103_0,1,38.70233154296875,-9.202449798583984,10,IN_TRANSIT_TO,2025-10-01 05:57:25,13309,2682,93-XA-42,POINT (-9.202449798583984 38.70233154296875)
6047_706,3267_20250901_147_0_3,147_0,1,38.706451416015625,-9.150320053100586,32,IN_TRANSIT_TO,2025-10-01 05:57:01,3927,6047,BH-20-IP,POINT (-9.150320053100586 38.706451416015625)
2678_746,5977_20250901_108_0_4,108_0,1,38.738670349121094,-9.164030075073242,17,IN_TRANSIT_TO,2025-10-01 05:57:24,1602,2678,93-XA-39,POINT (-9.164030075073242 38.738670349121094)
4643_750,6313_20250901_106_0_3,106_0,1,38.755821228027344,-9.10342025756836,34,IN_TRANSIT_TO,2025-10-01 05:57:07,2301,4643,98-JO-45,POINT (-9.10342025756836 38.755821228027344)
2676_711,3454_20250901_101_0_3,101_0,1,38.738468170166016,-9.204669952392578,12,IN_TRANSIT_TO,2025-10-01 05:57:27,8836,2676,87-XB-40,POINT (-9.204669952392578 38.738468170166016)
2677_764,7158_20250901_168_0_3,168_0,1,38.74515151977539,-9.202770233154297,14,IN_TRANSIT_TO,2025-10-01 05:57:19,8813,2677,87-XB-41,POINT (-9.202770233154297 38.74515151977539)
2680_723,4158_20250901_121_0_2,121_0,1,38.71870040893555,-9.198619842529297,20,IN_TRANSIT_TO,2025-10-01 05:57:21,21304,2680,93-XA-36,POINT (-9.198619842529297 38.71870040893555)
2672_711,3462_20250901_101_0_2,101_0,1,38.74562072753906,-9.217849731445312,3,IN_TRANSIT_TO,2025-10-01 05:56:17,3013,2672,87-XB-44,POINT (-9.217849731445312 38.74562072753906)
2674_727,4545_20250901_103_3_7,103_3,0,38.708770751953125,-9.151020050048828,1,IN_TRANSIT_TO,2025-10-01 05:57:14,4109,2674,87-XB-38,POINT (-9.151020050048828 38.708770751953125)
2961_774,7430_20250901_192_0_5,192_0,0,38.71411895751953,-9.169179916381836,0,IN_TRANSIT_TO,2025-10-01 05:57:09,,2961,26-VD-02,POINT (-9.169179916381836 38.71411895751953)
4623_783,7817_20250901_203_0_3,203_0,0,38.75910186767578,-9.138230323791504,16,IN_TRANSIT_TO,2025-10-01 05:57:07,11303,4623,27-JO-12,POINT (-9.138230323791504 38.75910186767578)
510_15E,11228_20250901_76_0_3,76_0,0,38.7132682800293,-9.13700008392334,0,IN_TRANSIT_TO,2025-10-01 05:56:18,,510,,POINT (-9.13700008392334 38.7132682800293)
6031_729,4766_20250901_104_0_3,104_0,1,38.69548034667969,-9.217599868774414,3,IN_TRANSIT_TO,2025-10-01 05:57:07,13203,6031,BF-87-AX,POINT (-9.217599868774414 38.69548034667969)
604_15E,11318_20250901_76_0_3,76_0,0,38.69540023803711,-9.21737003326416,19,IN_TRANSIT_TO,2025-10-01 05:57:23,13206,604,,POINT (-9.21737003326416 38.69540023803711)
2718_711,3475_20250901_101_0_3,101_0,0,38.7536506652832,-9.209050178527832,25,IN_TRANSIT_TO,2025-10-01 05:57:20,11006,2718,92-XQ-23,POINT (-9.209050178527832 38.7536506652832)
6014_706,3251_20250901_147_3_2,147_3,0,38.731231689453125,-9.13463020324707,24,IN_TRANSIT_TO,2025-10-01 05:57:09,511,6014,67-ZF-30,POINT (-9.13463020324707 38.731231689453125)
6049_732,5089_20250901_107_0_7,107_0,1,38.70642852783203,-9.154569625854492,26,IN_TRANSIT_TO,2025-09-12 17:10:25,3901,6049,BH-47-IR,POINT (-9.154569625854492 38.70642852783203)
2441_778,18640_20250901_179_0_4,179_0,1,38.7681999206543,-9.167200088500977,14,IN_TRANSIT_TO,2025-10-01 05:56:56,50281,2441,29-AX-07,POINT (-9.167200088500977 38.7681999206543)
2479_729,4817_20250901_104_0_2,104_0,0,38.7504997253418,-9.19711971282959,12,IN_TRANSIT_TO,2025-10-01 05:57:12,10802,2479,91-BE-74,POINT (-9.19711971282959 38.7504997253418)
4634_783,7852_20250901_203_0_2,203_0,1,38.756431579589844,-9.146820068359375,16,IN_TRANSIT_TO,2025-10-01 05:57:00,11321,4634,11-JM-78,POINT (-9.146820068359375 38.756431579589844)
2414_729,4833_20250901_104_0_3,104_0,1,38.75366973876953,-9.190170288085938,33,IN_TRANSIT_TO,2025-10-01 05:57:06,50134,2414,92-AO-51,POINT (-9.190170288085938 38.75366973876953)
2295_724,4204_20250901_178_0_4,178_0,1,38.740779876708984,-9.200730323791504,14,IN_TRANSIT_TO,2025-10-01 05:57:25,2810,2295,92-53-ZM,POINT (-9.200730323791504 38.740779876708984)
2763_714,3697_20250901_102_0_3,102_0,0,38.702049255371094,-9.180899620056152,13,IN_TRANSIT_TO,2025-10-01 05:57:17,12121,2763,AH-23-ND,POINT (-9.180899620056152 38.702049255371094)
608_15E,11202_20250901_76_0_3,76_0,0,38.70433044433594,-9.174169540405273,9,IN_TRANSIT_TO,2025-10-01 05:57:07,4004,608,,POINT (-9.174169540405273 38.70433044433594)
2979_702,3030_20250901_146_0_4,146_0,1,38.725948333740234,-9.167579650878906,6,IN_TRANSIT_TO,2025-10-01 05:57:24,8606,2979,30-VM-17,POINT (-9.167579650878906 38.725948333740234)
1717_701,2939_20250901_123_3_5,123_3,1,38.747920989990234,-9.150799751281738,14,IN_TRANSIT_TO,2025-10-01 05:57:24,2010,1717,69-AL-80,POINT (-9.150799751281738 38.747920989990234)
4832_736,5399_20250901_199_0_3,199_0,0,38.773231506347656,-9.16137981414795,20,IN_TRANSIT_TO,2025-10-01 05:57:16,5907,4832,68-VQ-51,POINT (-9.16137981414795 38.773231506347656)
2717_723,4149_20250901_121_0_2,121_0,1,38.72257995605469,-9.141469955444336,33,IN_TRANSIT_TO,2025-10-01 05:57:24,9206,2717,92-XQ-16,POINT (-9.141469955444336 38.72257995605469)
4835_736,5311_20250901_199_0_4,199_0,1,38.74123001098633,-9.146750450134277,21,IN_TRANSIT_TO,2025-10-01 05:57:05,1902,4835,53-VR-06,POINT (-9.146750450134277 38.74123001098633)
306_783,7809_20250901_203_3_3,203_3,0,38.769569396972656,-9.124030113220215,23,IN_TRANSIT_TO,2025-10-01 05:57:06,7603,306,73-ST-81,POINT (-9.124030113220215 38.769569396972656)
2738_735,5275_20250901_172_0_2,172_0,1,38.73286819458008,-9.13047981262207,16,IN_TRANSIT_TO,2025-10-01 05:57:23,502,2738,AG-46-EI,POINT (-9.13047981262207 38.73286819458008)
2783_713,3592_20250901_122_0_3,122_0,0,38.734649658203125,-9.15293025970459,6,IN_TRANSIT_TO,2025-10-01 05:57:22,1413,2783,AI-10-BT,POINT (-9.15293025970459 38.734649658203125)
4633_796,8148_20250901_174_0_5,174_0,0,38.79296875,-9.155550003051758,11,IN_TRANSIT_TO,2025-10-01 05:57:28,11614,4633,90-JI-94,POINT (-9.155550003051758 38.79296875)
2270_771,21942_20250901_248_0_3,248_0,1,38.7424201965332,-9.167699813842773,24,IN_TRANSIT_TO,2025-10-01 05:57:12,50472,2270,76-82-ZG,POINT (-9.167699813842773 38.7424201965332)
2442_703,3100_20250901_165_0_2,165_0,0,38.779850006103516,-9.151780128479004,10,IN_TRANSIT_TO,2025-10-01 05:56:59,6019,2442,29-AX-06,POINT (-9.151780128479004 38.779850006103516)
2703_714,3709_20250901_102_0_2,102_0,1,38.706321716308594,-9.147379875183105,37,IN_TRANSIT_TO,2025-10-01 05:57:23,7101,2703,92-XQ-24,POINT (-9.147379875183105 38.706321716308594)
6038_706,3241_20250901_147_0_3,147_0,1,38.72077941894531,-9.118470191955566,5,IN_TRANSIT_TO,2025-10-01 05:57:16,9824,6038,BG-46-LV,POINT (-9.118470191955566 38.72077941894531)
2842_748,6172_20250901_169_0_2,169_0,1,38.72494888305664,-9.154020309448242,9,IN_TRANSIT_TO,2025-10-01 05:57:26,1224,2842,BF-56-FZ,POINT (-9.154020309448242 38.72494888305664)
4839_736,5319_20250901_199_0_4,199_0,1,38.76554870605469,-9.157369613647461,12,IN_TRANSIT_TO,2025-10-01 05:57:09,5902,4839,53-VR-08,POINT (-9.157369613647461 38.76554870605469)
4825_755,6654_20250901_118_0_3,118_0,1,38.754478454589844,-9.131850242614746,14,IN_TRANSIT_TO,2025-10-01 05:57:00,7405,4825,20-VQ-72,POINT (-9.131850242614746 38.754478454589844)
2345_724,4230_20250901_178_0_5,178_0,0,38.756629943847656,-9.204669952392578,25,IN_TRANSIT_TO,2025-10-01 05:57:13,13702,2345,53-59-ZJ,POINT (-9.204669952392578 38.756629943847656)
2997_55B,21534_20250901_240_0_2,240_0,0,38.756229400634766,-9.188030242919922,0,IN_TRANSIT_TO,2025-10-01 05:57:06,,2997,34-VN-03,POINT (-9.188030242919922 38.756229400634766)
2607_759,6987_20250901_144_0_3,144_0,0,38.77278137207031,-9.105979919433594,42,IN_TRANSIT_TO,2025-10-01 05:57:20,7809,2607,AA-95-TQ,POINT (-9.105979919433594 38.77278137207031)
4815_751,6517_20250901_109_0_2,109_0,1,38.71390151977539,-9.22616958618164,4,IN_TRANSIT_TO,2025-10-01 05:57:10,14307,4815,34-VR-24,POINT (-9.22616958618164 38.71390151977539)
4821_736,5388_20250901_199_0_3,199_0,0,38.79022979736328,-9.175820350646973,28,IN_TRANSIT_TO,2025-10-01 05:56:59,50083,4821,20-VQ-68,POINT (-9.175820350646973 38.79022979736328)
2824_753,6553_20250901_167_0_2,167_0,1,38.72555160522461,-9.148369789123535,6,IN_TRANSIT_TO,2025-10-01 05:57:08,1212,2824,BF-67-FZ,POINT (-9.148369789123535 38.72555160522461)
2613_744,5846_20250901_200_0_2,200_0,1,38.73617172241211,-9.145520210266113,26,IN_TRANSIT_TO,2025-10-01 05:57:23,1814,2613,66-VI-22,POINT (-9.145520210266113 38.73617172241211)
4827_736,18816_20250901_199_0_2,199_0,1,38.71500015258789,-9.141050338745117,28,IN_TRANSIT_TO,2025-10-01 05:57:08,1006,4827,34-VR-15,POINT (-9.141050338745117 38.71500015258789)
2697_713,3576_20250901_122_0_3,122_0,0,38.70724868774414,-9.173569679260254,30,IN_TRANSIT_TO,2025-10-01 05:57:14,9415,2697,90-XF-59,POINT (-9.173569679260254 38.70724868774414)
2601_759,6921_20250901_144_0_3,144_0,0,38.71424865722656,-9.122870445251465,7,IN_TRANSIT_TO,2025-10-01 05:57:29,2101,2601,04-VA-70,POINT (-9.122870445251465 38.71424865722656)
6036_732,5093_20250901_107_0_2,107_0,0,38.74808120727539,-9.149419784545898,3,IN_TRANSIT_TO,2025-10-01 05:57:16,2010,6036,BG-90-LX,POINT (-9.149419784545898 38.74808120727539)
6026_706,3260_20250901_147_0_2,147_0,0,38.725379943847656,-9.146069526672363,14,IN_TRANSIT_TO,2025-10-01 05:57:02,1218,6026,BF-39-BB,POINT (-9.146069526672363 38.725379943847656)
2706_723,4169_20250901_121_0_2,121_0,1,38.71202850341797,-9.214099884033203,10,IN_TRANSIT_TO,2025-10-01 05:57:08,12402,2706,92-XQ-46,POINT (-9.214099884033203 38.71202850341797)
2739_735,5232_20250901_172_0_3,172_0,0,38.708221435546875,-9.137319564819336,2,IN_TRANSIT_TO,2025-10-01 05:57:13,3824,2739,AG-31-EI,POINT (-9.137319564819336 38.708221435546875)
2602_759,6973_20250901_144_0_4,144_0,1,38.77397918701172,-9.105850219726562,5,IN_TRANSIT_TO,2025-10-01 05:57:04,7908,2602,16-VF-81,POINT (-9.105850219726562 38.77397918701172)
2653_722,4127_20250901_196_0_2,196_0,1,38.715301513671875,-9.14169979095459,33,IN_TRANSIT_TO,2025-10-01 05:57:03,1102,2653,05-VZ-52,POINT (-9.14169979095459 38.715301513671875)
4806_728,4641_20250901_204_0_3,204_0,1,38.706321716308594,-9.14721965789795,35,IN_TRANSIT_TO,2025-10-01 05:57:24,3802,4806,20-VQ-74,POINT (-9.14721965789795 38.706321716308594)
2988_702,3053_20250901_146_0_10,146_0,1,38.73078155517578,-9.173270225524902,0,IN_TRANSIT_TO,2025-10-01 05:57:12,,2988,29-VM-94,POINT (-9.173270225524902 38.73078155517578)
2743_755,6702_20250901_118_0_4,118_0,0,38.75667953491211,-9.121479988098145,18,IN_TRANSIT_TO,2025-10-01 05:57:29,8426,2743,AG-02-TH,POINT (-9.121479988098145 38.75667953491211)
4826_736,18817_20250901_199_0_4,199_0,1,38.73262023925781,-9.145520210266113,23,IN_TRANSIT_TO,2025-10-01 05:57:02,1812,4826,53-VR-05,POINT (-9.145520210266113 38.73262023925781)
2657_722,4119_20250901_196_0_2,196_0,0,38.76966857910156,-9.124329566955566,22,IN_TRANSIT_TO,2025-10-01 05:57:13,7603,2657,05-VZ-66,POINT (-9.124329566955566 38.76966857910156)
4830_736,5422_20250901_199_0_3,199_0,0,38.74222183227539,-9.1466703414917,8,IN_TRANSIT_TO,2025-10-01 05:57:12,1809,4830,20-VQ-63,POINT (-9.1466703414917 38.74222183227539)
2638_722,4107_20250901_196_0_2,196_0,1,38.7700309753418,-9.125450134277344,14,IN_TRANSIT_TO,2025-10-01 05:57:00,12202,2638,87-VS-48,POINT (-9.125450134277344 38.7700309753418)
6037_732,5057_20250901_107_0_2,107_0,1,38.70444869995117,-9.195830345153809,14,IN_TRANSIT_TO,2025-10-01 05:57:23,13305,6037,BG-37-LT,POINT (-9.195830345153809 38.70444869995117)
2633_744,5850_20250901_200_0_2,200_0,1,38.76816940307617,-9.097970008850098,5,IN_TRANSIT_TO,2025-10-01 05:57:08,7822,2633,52-VP-79,POINT (-9.097970008850098 38.76816940307617)
6005_732,5044_20250901_107_0_2,107_0,1,38.706268310546875,-9.145130157470703,27,IN_TRANSIT_TO,2025-10-01 05:57:01,7101,6005,81-ZC-91,POINT (-9.145130157470703 38.706268310546875)
2648_759,6949_20250901_144_0_2,144_0,1,38.710350036621094,-9.13523006439209,44,IN_TRANSIT_TO,2025-10-01 05:57:12,4506,2648,75-VS-46,POINT (-9.13523006439209 38.710350036621094)
2698_723,4183_20250901_121_0_3,121_0,0,38.7127799987793,-9.213820457458496,20,IN_TRANSIT_TO,2025-10-01 05:57:26,12415,2698,92-XQ-20,POINT (-9.213820457458496 38.7127799987793)
2716_711,3519_20250901_101_0_1,101_0,1,38.72208023071289,-9.186369895935059,21,IN_TRANSIT_TO,2025-10-01 05:56:57,21308,2716,92-XQ-27,POINT (-9.186369895935059 38.72208023071289)
6025_760,7103_20250901_171_3_4,171_3,0,38.72637939453125,-9.141220092773438,2,IN_TRANSIT_TO,2025-10-01 05:57:11,6611,6025,BF-92-AX,POINT (-9.141220092773438 38.72637939453125)
4820_728,4581_20250901_204_0_4,204_0,0,38.709869384765625,-9.128379821777344,22,IN_TRANSIT_TO,2025-10-01 05:57:00,4505,4820,20-VQ-62,POINT (-9.128379821777344 38.709869384765625)
2704_714,3640_20250901_102_0_4,102_0,1,38.717071533203125,-9.2122802734375,10,IN_TRANSIT_TO,2025-10-01 05:57:11,10405,2704,92-XQ-18,POINT (-9.2122802734375 38.717071533203125)
283_734,5138_20250801_205_0_6,205_0,0,38.71443176269531,-9.123080253601074,16,IN_TRANSIT_TO,2025-08-07 08:52:19,2110,283,AI-49-OJ,POINT (-9.123080253601074 38.71443176269531)
2639_781,57699_20250901_151_0_2,151_0,1,38.75878143310547,-9.112079620361328,15,IN_TRANSIT_TO,2025-10-01 05:57:06,8413,2639,75-VS-47,POINT (-9.112079620361328 38.75878143310547)
2647_705,3190_20250901_176_0_2,176_0,0,38.768470764160156,-9.098420143127441,2,IN_TRANSIT_TO,2025-10-01 05:57:12,7805,2647,75-VS-45,POINT (-9.098420143127441 38.768470764160156)
2989_730,4967_20250901_198_0_3,198_0,1,38.73762893676758,-9.125249862670898,18,IN_TRANSIT_TO,2025-10-01 05:56:59,9002,2989,29-VM-85,POINT (-9.125249862670898 38.73762893676758)
577_18E,12182_20250901_78_0_4,78_0,1,38.70709991455078,-9.19906997680664,3,IN_TRANSIT_TO,2025-10-01 05:56:59,10310,577,,POINT (-9.19906997680664 38.70709991455078)
573_28E,14972_20250901_75_0_3,75_0,1,38.713951110839844,-9.16135025024414,5,IN_TRANSIT_TO,2025-10-01 05:57:12,8109,573,,POINT (-9.16135025024414 38.713951110839844)
2724_754,6604_20250901_201_0_2,201_0,1,38.74681854248047,-9.189620018005371,21,IN_TRANSIT_TO,2025-10-01 05:57:17,10815,2724,92-XQ-40,POINT (-9.189620018005371 38.74681854248047)
2737_735,5283_20250901_172_0_2,172_0,1,38.75442886352539,-9.144769668579102,0,IN_TRANSIT_TO,2025-10-01 05:57:10,,2737,AG-45-EI,POINT (-9.144769668579102 38.75442886352539)
2609_744,5816_20250901_200_0_3,200_0,0,38.7670783996582,-9.104120254516602,24,IN_TRANSIT_TO,2025-10-01 05:57:10,7711,2609,66-VI-36,POINT (-9.104120254516602 38.7670783996582)
2611_759,6906_20250901_144_0_3,144_0,0,38.73031997680664,-9.109000205993652,15,IN_TRANSIT_TO,2025-10-01 05:57:15,8317,2611,66-VI-38,POINT (-9.109000205993652 38.73031997680664)
2643_759,6961_20250901_144_0_2,144_0,1,38.734100341796875,-9.112680435180664,29,IN_TRANSIT_TO,2025-10-01 05:56:10,17580,2643,75-VS-44,POINT (-9.112680435180664 38.734100341796875)
2646_781,7721_20250901_151_0_2,151_0,1,38.783870697021484,-9.124770164489746,4,IN_TRANSIT_TO,2025-10-01 05:57:29,16304,2646,75-VS-48,POINT (-9.124770164489746 38.783870697021484)
2993_730,4949_20250901_198_0_2,198_0,0,38.72589874267578,-9.130000114440918,14,IN_TRANSIT_TO,2025-10-01 05:57:09,9101,2993,29-VM-93,POINT (-9.130000114440918 38.72589874267578)
2654_759,6943_20250901_144_0_2,144_0,1,38.711578369140625,-9.135749816894531,44,IN_TRANSIT_TO,2025-10-01 05:57:12,4506,2654,05-VZ-69,POINT (-9.135749816894531 38.711578369140625)
542_28E,14986_20250901_75_0_2,75_0,0,38.71427917480469,-9.169469833374023,34,IN_TRANSIT_TO,2025-10-01 05:57:11,8017,542,,POINT (-9.169469833374023 38.71427917480469)
2635_781,7765_20250901_151_0_2,151_0,1,38.7147216796875,-9.121379852294922,25,IN_TRANSIT_TO,2025-10-01 05:57:04,8310,2635,52-VP-90,POINT (-9.121379852294922 38.7147216796875)
2258_758,6815_20250901_150_0_2,150_0,1,38.70663070678711,-9.14365005493164,33,IN_TRANSIT_TO,2025-10-01 05:56:55,3826,2258,53-58-ZJ,POINT (-9.14365005493164 38.70663070678711)
2996_774,7450_20250901_192_0_4,192_0,1,38.72129821777344,-9.152099609375,6,IN_TRANSIT_TO,2025-10-01 05:57:06,6820,2996,30-VM-03,POINT (-9.152099609375 38.72129821777344)
2636_759,6970_20250901_144_0_2,144_0,1,38.764278411865234,-9.119029998779297,15,IN_TRANSIT_TO,2025-10-01 05:57:07,7702,2636,87-VS-50,POINT (-9.119029998779297 38.764278411865234)
2686_714,3627_20250901_102_0_4,102_0,1,38.697269439697266,-9.202619552612305,21,IN_TRANSIT_TO,2025-10-01 05:56:58,9609,2686,99-XE-58,POINT (-9.202619552612305 38.697269439697266)
2652_718,3937_20250901_105_0_3,105_0,1,38.74319839477539,-9.101699829101562,21,IN_TRANSIT_TO,2025-10-01 05:57:07,12511,2652,05-VZ-61,POINT (-9.101699829101562 38.74319839477539)
2829_753,6573_20250901_167_0_3,167_0,0,38.666168212890625,-9.166350364685059,8,IN_TRANSIT_TO,2025-10-01 05:50:36,14601,2829,BF-58-FZ,POINT (-9.166350364685059 38.666168212890625)
2603_744,5838_20250901_200_0_3,200_0,0,38.730621337890625,-9.146679878234863,4,IN_TRANSIT_TO,2025-10-01 05:57:23,1701,2603,16-VF-76,POINT (-9.146679878234863 38.730621337890625)
2649_781,7762_20250901_151_0_2,151_0,1,38.71023178100586,-9.128100395202637,26,IN_TRANSIT_TO,2025-10-01 05:57:03,2114,2649,75-VS-42,POINT (-9.128100395202637 38.71023178100586)
2702_738,5566_20250901_117_0_2,117_0,0,38.75022888183594,-9.165419578552246,7,IN_TRANSIT_TO,2025-10-01 05:57:02,13620,2702,92-XQ-21,POINT (-9.165419578552246 38.75022888183594)
2605_718,3994_20250901_105_0_2,105_0,0,38.7559814453125,-9.113519668579102,0,IN_TRANSIT_TO,2025-10-01 05:57:30,,2605,66-VI-35,POINT (-9.113519668579102 38.7559814453125)
2980_763,46426_20250901_282_0_2,282_0,1,38.77436828613281,-9.157819747924805,19,IN_TRANSIT_TO,2025-10-01 05:57:23,50162,2980,29-VM-90,POINT (-9.157819747924805 38.77436828613281)
2663_714,3697_20240914_102_0_16,102_0,1,38.72127151489258,-9.221500396728516,4,IN_TRANSIT_TO,2024-10-22 20:26:58,18703,2663,05-VZ-62,POINT (-9.221500396728516 38.72127151489258)
2659_751,6459_20250901_109_0_3,109_0,1,38.69755172729492,-9.195050239562988,19,IN_TRANSIT_TO,2025-10-01 05:57:27,4109,2659,05-VZ-57,POINT (-9.195050239562988 38.69755172729492)
2685_714,3671_20250901_102_0_3,102_0,0,38.70383071899414,-9.212980270385742,24,IN_TRANSIT_TO,2025-10-01 05:57:14,13122,2685,93-XA-46,POINT (-9.212980270385742 38.70383071899414)
6043_760,7061_20250901_171_3_2,171_3,1,38.70957946777344,-9.194820404052734,13,IN_TRANSIT_TO,2025-10-01 05:57:23,10305,6043,BG-93-LT,POINT (-9.194820404052734 38.70957946777344)
554_28E,15050_20250901_75_0_2,75_0,0,38.718570709228516,-9.135629653930664,1,IN_TRANSIT_TO,2025-10-01 05:57:04,819,554,,POINT (-9.135629653930664 38.718570709228516)
2732_749,6201_20250901_195_5_3,195_5,1,38.74897003173828,-9.137700080871582,4,IN_TRANSIT_TO,2025-10-01 05:57:29,2053,2732,AG-39-EI,POINT (-9.137700080871582 38.74897003173828)
2963_730,4969_20250901_198_0_2,198_0,1,38.722251892089844,-9.139530181884766,6,IN_TRANSIT_TO,2025-10-01 05:57:19,9204,2963,29-VM-88,POINT (-9.139530181884766 38.722251892089844)
2708_754,6592_20250901_201_0_2,201_0,1,38.74177169799805,-9.16765022277832,29,IN_TRANSIT_TO,2025-10-01 05:57:20,1603,2708,92-XQ-32,POINT (-9.16765022277832 38.74177169799805)
2644_722,4121_20250901_196_0_2,196_0,0,38.73500061035156,-9.144669532775879,6,IN_TRANSIT_TO,2025-10-01 05:57:15,1807,2644,87-VS-52,POINT (-9.144669532775879 38.73500061035156)
2662_764,7135_20250901_168_0_3,168_0,0,38.755821228027344,-9.185770034790039,14,IN_TRANSIT_TO,2025-10-01 05:57:02,12802,2662,05-VZ-51,POINT (-9.185770034790039 38.755821228027344)
2977_797,8161_20250901_163_0_6,163_0,0,38.73686981201172,-9.133979797363281,2,IN_TRANSIT_TO,2025-10-01 05:57:28,402,2977,30-VM-21,POINT (-9.133979797363281 38.73686981201172)
2427_716,3753_20250901_164_0_4,164_0,1,38.740020751953125,-9.150650024414062,19,IN_TRANSIT_TO,2025-10-01 05:57:06,33101,2427,29-AX-14,POINT (-9.150650024414062 38.740020751953125)
6003_706,3224_20250901_147_0_3,147_0,1,38.726478576660156,-9.144980430603027,20,IN_TRANSIT_TO,2025-10-01 05:57:02,6610,6003,82-ZC-02,POINT (-9.144980430603027 38.726478576660156)
555_25E,14255_20250901_79_0_2,79_0,0,38.70790100097656,-9.159170150756836,7,IN_TRANSIT_TO,2025-10-01 05:57:04,50594,555,,POINT (-9.159170150756836 38.70790100097656)
4817_728,4621_20250901_204_0_3,204_0,1,38.70500183105469,-9.20557975769043,46,IN_TRANSIT_TO,2025-10-01 05:57:02,13107,4817,00-VV-37,POINT (-9.20557975769043 38.70500183105469)
2660_711,3509_20250901_101_0_3,101_0,0,38.7117805480957,-9.135769844055176,2,IN_TRANSIT_TO,2025-10-01 05:57:26,4506,2660,05-VZ-60,POINT (-9.135769844055176 38.7117805480957)
2655_744,5819_20250901_200_0_2,200_0,0,38.759220123291016,-9.1358003616333,15,IN_TRANSIT_TO,2025-10-01 05:57:26,11317,2655,05-VZ-67,POINT (-9.1358003616333 38.759220123291016)
2650_781,7737_20250901_151_0_2,151_0,0,38.77602005004883,-9.113519668579102,22,IN_TRANSIT_TO,2025-10-01 05:55:34,12309,2650,75-VS-50,POINT (-9.113519668579102 38.77602005004883)
2740_735,5206_20250901_172_0_3,172_0,0,38.72119903564453,-9.127229690551758,12,IN_TRANSIT_TO,2025-10-01 05:57:07,9111,2740,AG-43-EI,POINT (-9.127229690551758 38.72119903564453)
2744_720,4044_20250901_143_0_3,143_0,0,38.71311950683594,-9.162300109863281,20,IN_TRANSIT_TO,2025-10-01 05:57:24,8102,2744,AG-13-TH,POINT (-9.162300109863281 38.71311950683594)
4803_748,6164_20250901_169_0_7,169_0,0,38.72439956665039,-9.16077995300293,4,IN_TRANSIT_TO,2025-10-01 05:57:04,8501,4803,77-VP-16,POINT (-9.16077995300293 38.72439956665039)
2651_759,6965_20250901_144_0_2,144_0,1,38.75893020629883,-9.111969947814941,19,IN_TRANSIT_TO,2025-10-01 05:57:21,8413,2651,05-VZ-54,POINT (-9.111969947814941 38.75893020629883)
2645_781,7747_20250901_151_0_2,151_0,0,38.74732971191406,-9.097100257873535,11,IN_TRANSIT_TO,2025-10-01 05:57:11,50338,2645,87-VS-49,POINT (-9.097100257873535 38.74732971191406)
4635_796,8144_20250901_174_0_6,174_0,1,38.76593017578125,-9.157449722290039,14,IN_TRANSIT_TO,2025-10-01 05:57:09,5902,4635,90-JI-95,POINT (-9.157449722290039 38.76593017578125)
2742_720,4100_20250901_143_0_4,143_0,1,38.704620361328125,-9.1779203414917,4,IN_TRANSIT_TO,2025-10-01 05:57:10,12107,2742,AG-94-TG,POINT (-9.1779203414917 38.704620361328125)
2731_755,6694_20250901_118_0_4,118_0,0,38.75334930419922,-9.14367961883545,32,IN_TRANSIT_TO,2025-10-01 05:57:09,108,2731,AG-49-EI,POINT (-9.14367961883545 38.75334930419922)
2719_746,5964_20250901_108_0_3,108_0,0,38.74905014038086,-9.191100120544434,17,IN_TRANSIT_TO,2025-10-01 05:57:08,10814,2719,92-XQ-17,POINT (-9.191100120544434 38.74905014038086)
2722_713,3621_20250901_122_0_4,122_0,1,38.705718994140625,-9.159950256347656,12,IN_TRANSIT_TO,2025-10-01 05:57:15,3907,2722,92-XQ-36,POINT (-9.159950256347656 38.705718994140625)
6045_760,7039_20250901_171_3_4,171_3,1,38.703670501708984,-9.162569999694824,26,IN_TRANSIT_TO,2025-10-01 05:57:02,10201,6045,BH-32-IQ,POINT (-9.162569999694824 38.703670501708984)
2247_747,6079_20250901_177_0_2,177_0,1,38.766971588134766,-9.165679931640625,17,IN_TRANSIT_TO,2025-10-01 05:57:18,50008,2247,22-34-ZB,POINT (-9.165679931640625 38.766971588134766)
2260_758,6848_20250901_150_0_2,150_0,1,38.72129821777344,-9.162280082702637,22,IN_TRANSIT_TO,2025-10-01 05:56:44,8512,2260,67-47-ZJ,POINT (-9.162280082702637 38.72129821777344)
2310_793,7994_20250901_145_0_4,145_0,0,38.73817825317383,-9.107199668884277,2,IN_TRANSIT_TO,2025-10-01 05:57:01,12520,2310,83-07-ZM,POINT (-9.107199668884277 38.73817825317383)
2402_703,3170_20250901_165_0_3,165_0,0,38.74977111816406,-9.1912202835083,33,IN_TRANSIT_TO,2025-10-01 05:57:22,10808,2402,50-AL-13,POINT (-9.1912202835083 38.74977111816406)
2780_764,7162_20250901_168_0_3,168_0,0,38.742828369140625,-9.21150016784668,25,IN_TRANSIT_TO,2025-10-01 05:57:07,8820,2780,AI-06-BT,POINT (-9.21150016784668 38.742828369140625)
2994_702,3068_20250901_146_0_5,146_0,0,38.72758102416992,-9.159070014953613,3,IN_TRANSIT_TO,2025-10-01 05:56:58,6103,2994,29-VM-91,POINT (-9.159070014953613 38.72758102416992)
2246_758,6860_20250901_150_0_2,150_0,1,38.73680114746094,-9.167320251464844,16,IN_TRANSIT_TO,2025-10-01 05:57:17,2718,2246,22-38-ZB,POINT (-9.167320251464844 38.73680114746094)
2304_742,5687_20250901_114_0_4,114_0,1,38.70330047607422,-9.192150115966797,14,IN_TRANSIT_TO,2025-10-01 05:57:17,13401,2304,83-10-ZM,POINT (-9.192150115966797 38.70330047607422)
2244_799,8217_20250901_120_0_2,120_0,0,38.741668701171875,-9.213850021362305,13,IN_TRANSIT_TO,2025-10-01 05:57:11,8820,2244,22-44-ZB,POINT (-9.213850021362305 38.741668701171875)
2714_711,3501_20250901_101_0_3,101_0,0,38.730098724365234,-9.189949989318848,12,IN_TRANSIT_TO,2025-10-01 05:57:24,8703,2714,92-XQ-38,POINT (-9.189949989318848 38.730098724365234)
2286_765,18944_20250901_110_0_5,110_0,0,38.75307083129883,-9.19021987915039,0,IN_TRANSIT_TO,2025-10-01 05:57:28,,2286,67-42-ZJ,POINT (-9.19021987915039 38.75307083129883)
2760_727,4552_20250901_103_0_2,103_0,1,38.705780029296875,-9.176219940185547,19,IN_TRANSIT_TO,2025-10-01 05:57:14,12105,2760,AH-35-ND,POINT (-9.176219940185547 38.705780029296875)
6013_706,3202_20250901_147_3_2,147_3,0,38.707279205322266,-9.13325023651123,0,IN_TRANSIT_TO,2025-10-01 05:57:13,,6013,68-ZF-53,POINT (-9.13325023651123 38.707279205322266)
1751_755,6663_20250901_118_0_2,118_0,1,38.75008010864258,-9.161470413208008,4,IN_TRANSIT_TO,2025-10-01 05:57:07,12705,1751,34-HU-17,POINT (-9.161470413208008 38.75008010864258)
2496_720,4087_20250901_143_0_4,143_0,1,38.73833084106445,-9.120479583740234,31,IN_TRANSIT_TO,2025-10-01 05:57:24,8906,2496,88-BL-70,POINT (-9.120479583740234 38.73833084106445)
4621_783,7835_20250901_203_0_3,203_0,0,38.73297119140625,-9.145219802856445,6,IN_TRANSIT_TO,2025-10-01 05:57:21,1703,4621,90-JI-90,POINT (-9.145219802856445 38.73297119140625)
4639_755,6682_20250901_118_0_2,118_0,0,38.75077819824219,-9.158829689025879,37,IN_TRANSIT_TO,2025-10-01 05:57:16,13507,4639,27-JO-13,POINT (-9.158829689025879 38.75077819824219)
2819_718,3978_20250901_105_0_2,105_0,0,38.73680114746094,-9.10342025756836,13,IN_TRANSIT_TO,2025-10-01 05:57:04,12510,2819,90-II-59,POINT (-9.10342025756836 38.73680114746094)
4647_728,4714_20250901_204_0_2,204_0,0,38.7684211730957,-9.10420036315918,43,IN_TRANSIT_TO,2025-10-01 05:57:23,7825,4647,02-JN-88,POINT (-9.10420036315918 38.7684211730957)
4636_755,6711_20250901_118_0_3,118_0,1,38.74449920654297,-9.102580070495605,38,IN_TRANSIT_TO,2025-10-01 05:57:11,2213,4636,90-JI-97,POINT (-9.102580070495605 38.74449920654297)
4802_753,6541_20250901_167_0_5,167_0,0,38.730751037597656,-9.143980026245117,0,IN_TRANSIT_TO,2025-10-01 05:57:16,,4802,77-VP-17,POINT (-9.143980026245117 38.730751037597656)
4812_751,6481_20250901_109_0_2,109_0,1,38.6975212097168,-9.19540023803711,19,IN_TRANSIT_TO,2025-10-01 05:57:02,4109,4812,20-VQ-70,POINT (-9.19540023803711 38.6975212097168)
2802_725,4239_20250901_197_0_5,197_0,0,38.7912712097168,-9.12108039855957,14,IN_TRANSIT_TO,2025-10-01 05:56:09,16309,2802,01-IH-91,POINT (-9.12108039855957 38.7912712097168)
2968_774,7457_20250901_192_0_3,192_0,0,38.7276496887207,-9.143230438232422,12,IN_TRANSIT_TO,2025-10-01 05:57:01,6609,2968,30-VM-24,POINT (-9.143230438232422 38.7276496887207)
2806_725,4255_20250901_197_0_4,197_0,1,38.767601013183594,-9.100079536437988,15,IN_TRANSIT_TO,2025-10-01 05:57:06,7825,2806,01-IH-95,POINT (-9.100079536437988 38.767601013183594)
2453_729,4788_20250901_104_0_2,104_0,0,38.69892883300781,-9.226269721984863,39,IN_TRANSIT_TO,2025-10-01 05:57:08,4208,2453,16-AZ-13,POINT (-9.226269721984863 38.69892883300781)
1753_717,3803_20250901_170_0_4,170_0,1,38.78007125854492,-9.151969909667969,14,IN_TRANSIT_TO,2025-10-01 05:57:12,6019,1753,34-HU-19,POINT (-9.151969909667969 38.78007125854492)
1750_717,3781_20250901_170_0_1,170_0,1,38.75376892089844,-9.138480186462402,31,IN_TRANSIT_TO,2025-10-01 05:57:25,7411,1750,92-HR-07,POINT (-9.138480186462402 38.75376892089844)
2820_718,3975_20250901_105_0_2,105_0,0,38.74298095703125,-9.133620262145996,31,IN_TRANSIT_TO,2025-10-01 05:57:24,50109,2820,90-II-60,POINT (-9.133620262145996 38.74298095703125)
2311_793,8007_20250901_145_0_3,145_0,1,38.738670349121094,-9.113320350646973,22,IN_TRANSIT_TO,2025-10-01 05:57:09,50173,2311,72-23-XN,POINT (-9.113320350646973 38.738670349121094)
2667_754,6609_20250901_201_0_2,201_0,1,38.73487091064453,-9.215450286865234,6,IN_TRANSIT_TO,2025-10-01 05:57:24,18113,2667,87-XB-45,POINT (-9.215450286865234 38.73487091064453)
2251_758,6793_20250901_150_0_3,150_0,0,38.71760177612305,-9.150979995727539,6,IN_TRANSIT_TO,2025-10-01 05:55:42,10605,2251,22-31-ZB,POINT (-9.150979995727539 38.71760177612305)
4608_750,6262_20250901_106_0_3,106_0,0,38.76316833496094,-9.128870010375977,9,IN_TRANSIT_TO,2025-10-01 05:57:05,7506,4608,96-GL-85,POINT (-9.128870010375977 38.76316833496094)
302_708,3365_20250901_100_0_4,100_0,0,38.78044891357422,-9.096280097961426,32,IN_TRANSIT_TO,2025-10-01 05:57:15,50124,302,22-SP-89,POINT (-9.096280097961426 38.78044891357422)
2710_776,7489_20250901_193_0_5,193_0,1,38.705631256103516,-9.252349853515625,1,IN_TRANSIT_TO,2025-10-01 05:56:47,50407,2710,92-XQ-19,POINT (-9.252349853515625 38.705631256103516)
2623_749,59015_20250901_195_5_2,195_5,0,38.748199462890625,-9.108799934387207,9,IN_TRANSIT_TO,2025-10-01 05:57:02,2218,2623,66-VI-26,POINT (-9.108799934387207 38.748199462890625)
2756_720,4086_20250901_143_0_4,143_0,0,38.7382698059082,-9.125619888305664,3,IN_TRANSIT_TO,2025-10-01 05:57:12,8905,2756,AH-27-ND,POINT (-9.125619888305664 38.7382698059082)
2450_729,4820_20250901_104_0_1,104_0,0,38.76462936401367,-9.199469566345215,6,IN_TRANSIT_TO,2025-10-01 05:57:07,13909,2450,44-BC-36,POINT (-9.199469566345215 38.76462936401367)
301_708,3276_20250901_100_0_4,100_0,0,38.7581787109375,-9.111869812011719,19,IN_TRANSIT_TO,2025-10-01 05:57:21,8409,301,74-SM-62,POINT (-9.111869812011719 38.7581787109375)
2746_756,6748_20250901_175_0_4,175_0,0,38.72023010253906,-9.17533016204834,18,IN_TRANSIT_TO,2025-10-01 05:56:54,8602,2746,AG-97-TG,POINT (-9.17533016204834 38.72023010253906)
2483_726,4286_20250901_116_0_3,116_0,0,38.73752975463867,-9.143619537353516,10,IN_TRANSIT_TO,2025-10-01 05:57:18,11118,2483,74-BC-66,POINT (-9.143619537353516 38.73752975463867)
2499_720,4094_20250901_143_0_4,143_0,1,38.726131439208984,-9.147629737854004,17,IN_TRANSIT_TO,2025-10-01 05:57:12,1201,2499,03-BM-58,POINT (-9.147629737854004 38.726131439208984)
2300_742,5698_20250901_114_0_3,114_0,1,38.71369934082031,-9.1983003616333,1,IN_TRANSIT_TO,2025-10-01 05:57:13,10315,2300,83-13-ZM,POINT (-9.1983003616333 38.71369934082031)
1775_735,5267_20250901_172_0_2,172_0,1,38.70901870727539,-9.130029678344727,31,IN_TRANSIT_TO,2025-10-01 05:57:28,8202,1775,53-HX-08,POINT (-9.130029678344727 38.70901870727539)
2797_727,4515_20250901_103_0_2,103_0,0,38.733768463134766,-9.14503002166748,10,IN_TRANSIT_TO,2025-10-01 05:57:07,1802,2797,AJ-57-LI,POINT (-9.14503002166748 38.733768463134766)
2759_713,20157_20250901_122_0_2,122_0,1,38.73139953613281,-9.168549537658691,0,IN_TRANSIT_TO,2025-10-01 05:57:22,,2759,AH-21-ND,POINT (-9.168549537658691 38.73139953613281)
2284_731,5007_20250901_190_0_2,190_0,1,38.785430908203125,-9.1114501953125,4,IN_TRANSIT_TO,2025-10-01 05:54:59,50121,2284,67-36-ZJ,POINT (-9.1114501953125 38.785430908203125)
1705_796,8152_20250901_174_0_2,174_0,1,38.79214859008789,-9.150279998779297,1,IN_TRANSIT_TO,2025-10-01 05:57:27,11613,1705,69-AL-68,POINT (-9.150279998779297 38.79214859008789)
2745_756,6761_20250901_175_0_3,175_0,1,38.738670349121094,-9.127320289611816,20,IN_TRANSIT_TO,2025-10-01 05:57:04,9008,2745,AG-06-TH,POINT (-9.127320289611816 38.738670349121094)
2243_726,4325_20250901_116_0_2,116_0,1,38.73822021484375,-9.158920288085938,20,IN_TRANSIT_TO,2025-10-01 05:57:08,1508,2243,22-36-ZB,POINT (-9.158920288085938 38.73822021484375)
4628_796,8140_20250901_174_0_6,174_0,1,38.79328155517578,-9.154450416564941,3,IN_TRANSIT_TO,2025-10-01 05:57:17,50275,4628,27-JO-10,POINT (-9.154450416564941 38.79328155517578)
1710_798,8202_20250901_194_3_5,194_3,0,38.755401611328125,-9.15132999420166,7,IN_TRANSIT_TO,2025-10-01 05:57:28,2017,1710,69-AL-73,POINT (-9.15132999420166 38.755401611328125)
1713_794,8043_20250901_115_0_4,115_0,0,38.707279205322266,-9.133819580078125,0,IN_TRANSIT_TO,2025-10-01 05:57:27,,1713,69-AL-76,POINT (-9.133819580078125 38.707279205322266)
2767_746,5986_20250901_108_0_2,108_0,1,38.738670349121094,-9.15779972076416,19,IN_TRANSIT_TO,2025-10-01 05:57:11,1506,2767,AH-34-ND,POINT (-9.15779972076416 38.738670349121094)
2482_716,3757_20250901_164_0_4,164_0,1,38.74192810058594,-9.170900344848633,12,IN_TRANSIT_TO,2025-10-01 05:56:42,1615,2482,55-BH-02,POINT (-9.170900344848633 38.74192810058594)
1769_735,5217_20250901_172_1_1,172_1,1,38.72132873535156,-9.129150390625,7,IN_TRANSIT_TO,2025-10-01 05:57:20,9110,1769,63-HX-24,POINT (-9.129150390625 38.72132873535156)
2666_709,3384_20250901_148_0_4,148_0,0,38.7246208190918,-9.1493501663208,4,IN_TRANSIT_TO,2025-10-01 05:57:07,1103,2666,87-XB-39,POINT (-9.1493501663208 38.7246208190918)
1722_701,2979_20250901_123_0_4,123_0,0,38.741981506347656,-9.168450355529785,19,IN_TRANSIT_TO,2025-10-01 05:57:28,1612,1722,25-AS-34,POINT (-9.168450355529785 38.741981506347656)
2487_767,7294_20250901_112_0_2,112_0,1,38.7600212097168,-9.18494987487793,19,IN_TRANSIT_TO,2025-10-01 05:57:20,12823,2487,54-BH-97,POINT (-9.18494987487793 38.7600212097168)
1762_717,3822_20250901_170_0_3,170_0,0,38.79349899291992,-9.152020454406738,40,IN_TRANSIT_TO,2025-10-01 05:57:09,16002,1762,63-HX-32,POINT (-9.152020454406738 38.79349899291992)
2344_771,21928_20250901_248_0_1,248_0,0,38.70481872558594,-9.197770118713379,22,IN_TRANSIT_TO,2025-10-01 05:57:11,13303,2344,53-60-ZJ,POINT (-9.197770118713379 38.70481872558594)
2412_703,3175_20250901_165_0_3,165_0,0,38.768978118896484,-9.174980163574219,22,IN_TRANSIT_TO,2025-10-01 05:57:06,50391,2412,92-AO-48,POINT (-9.174980163574219 38.768978118896484)
2268_731,4989_20250901_190_0_2,190_0,1,38.741249084472656,-9.160300254821777,31,IN_TRANSIT_TO,2025-10-01 05:57:12,1512,2268,76-87-ZG,POINT (-9.160300254821777 38.741249084472656)
1771_717,3800_20250901_170_0_4,170_0,1,38.7677001953125,-9.158300399780273,23,IN_TRANSIT_TO,2025-10-01 05:57:24,5902,1771,63-HX-27,POINT (-9.158300399780273 38.7677001953125)
1772_735,5182_20250901_172_0_3,172_0,0,38.750179290771484,-9.160120010375977,32,IN_TRANSIT_TO,2025-10-01 05:57:24,13507,1772,63-HX-22,POINT (-9.160120010375977 38.750179290771484)
4613_728,4601_20250901_204_0_2,204_0,0,38.69635009765625,-9.199379920959473,11,IN_TRANSIT_TO,2025-10-01 05:57:19,4109,4613,22-GP-48,POINT (-9.199379920959473 38.69635009765625)
1779_717,3864_20250901_170_0_3,170_0,0,38.74913024902344,-9.137200355529785,7,IN_TRANSIT_TO,2025-10-01 05:57:27,11203,1779,63-HX-20,POINT (-9.137200355529785 38.74913024902344)
1718_794,8101_20250901_115_0_3,115_0,0,38.753231048583984,-9.113699913024902,28,IN_TRANSIT_TO,2025-10-01 05:57:12,24377,1718,69-AL-81,POINT (-9.113699913024902 38.753231048583984)
202_46B,35071_20250901_239_2_14,239_2,0,38.74877166748047,-9.146750450134277,19,IN_TRANSIT_TO,2025-09-28 15:41:19,11302,202,89-58-XD,POINT (-9.146750450134277 38.74877166748047)
2752_756,6764_20250901_175_0_3,175_0,1,38.73448181152344,-9.163299560546875,10,IN_TRANSIT_TO,2025-10-01 05:57:04,6125,2752,AG-18-TH,POINT (-9.163299560546875 38.73448181152344)
2823_753,6569_20250901_167_0_2,167_0,1,38.6679801940918,-9.164079666137695,0,IN_TRANSIT_TO,2025-10-01 05:49:47,,2823,BF-64-FZ,POINT (-9.164079666137695 38.6679801940918)
2473_716,3718_20250901_164_0_6,164_0,1,38.7492790222168,-9.203169822692871,0,IN_TRANSIT_TO,2025-10-01 05:57:12,,2473,74-BC-68,POINT (-9.203169822692871 38.7492790222168)
2422_747,6119_20250901_177_0_2,177_0,0,38.7642707824707,-9.176819801330566,9,IN_TRANSIT_TO,2025-10-01 05:57:21,50007,2422,29-AU-17,POINT (-9.176819801330566 38.7642707824707)
2423_703,3149_20250901_165_0_2,165_0,1,38.77122116088867,-9.173749923706055,21,IN_TRANSIT_TO,2025-10-01 05:57:14,5949,2423,29-AU-18,POINT (-9.173749923706055 38.77122116088867)
2338_712,3550_20250901_189_0_4,189_0,1,38.72724914550781,-9.16232967376709,11,IN_TRANSIT_TO,2025-10-01 05:57:12,6104,2338,53-62-ZJ,POINT (-9.16232967376709 38.72724914550781)
2420_767,7305_20250901_112_0_2,112_0,1,38.75400161743164,-9.206069946289062,7,IN_TRANSIT_TO,2025-10-01 05:57:26,50171,2420,29-AU-15,POINT (-9.206069946289062 38.75400161743164)
2839_753,6564_20250901_167_0_4,167_0,1,38.72322082519531,-9.165749549865723,3,IN_TRANSIT_TO,2025-10-01 05:57:27,8608,2839,BF-69-FZ,POINT (-9.165749549865723 38.72322082519531)
1703_701,2967_20250901_123_0_2,123_0,1,38.726219177246094,-9.162449836730957,6,IN_TRANSIT_TO,2025-10-01 05:57:25,8508,1703,35-AL-13,POINT (-9.162449836730957 38.726219177246094)
4622_783,7846_20250901_203_0_2,203_0,1,38.731021881103516,-9.146329879760742,25,IN_TRANSIT_TO,2025-10-01 05:57:25,1714,4622,90-JI-91,POINT (-9.146329879760742 38.731021881103516)
1766_717,3845_20250901_170_0_3,170_0,0,38.780601501464844,-9.15071964263916,26,IN_TRANSIT_TO,2025-10-01 05:57:24,6018,1766,63-HX-33,POINT (-9.15071964263916 38.780601501464844)
2307_793,7989_20250901_145_0_4,145_0,0,38.7493782043457,-9.119050025939941,20,IN_TRANSIT_TO,2025-10-01 05:57:22,3713,2307,83-20-ZM,POINT (-9.119050025939941 38.7493782043457)
2271_778,7529_20250901_179_0_3,179_0,0,38.770320892333984,-9.176770210266113,16,IN_TRANSIT_TO,2025-10-01 05:57:22,50391,2271,92-54-ZM,POINT (-9.176770210266113 38.770320892333984)
2498_720,4066_20250901_143_0_3,143_0,0,38.73085021972656,-9.143899917602539,11,IN_TRANSIT_TO,2025-10-01 05:57:04,6501,2498,03-BM-57,POINT (-9.143899917602539 38.73085021972656)
1776_717,3844_20250901_170_0_3,170_0,0,38.79520034790039,-9.151470184326172,38,IN_TRANSIT_TO,2025-10-01 05:57:10,11610,1776,53-HX-09,POINT (-9.151470184326172 38.79520034790039)
4605_750,6335_20250901_106_0_2,106_0,1,38.75537109375,-9.153499603271484,25,IN_TRANSIT_TO,2025-10-01 05:57:01,5804,4605,31-GN-72,POINT (-9.153499603271484 38.75537109375)
2477_767,7286_20250901_112_0_2,112_0,1,38.74449920654297,-9.139399528503418,36,IN_TRANSIT_TO,2025-10-01 05:57:10,306,2477,91-BE-73,POINT (-9.139399528503418 38.74449920654297)
1712_717,3863_20250901_170_0_3,170_0,0,38.764949798583984,-9.157150268554688,17,IN_TRANSIT_TO,2025-10-01 05:57:05,5811,1712,69-AL-75,POINT (-9.157150268554688 38.764949798583984)
6011_732,5085_20250901_107_0_3,107_0,1,38.7151985168457,-9.141420364379883,46,IN_TRANSIT_TO,2025-10-01 05:57:10,13503,6011,65-ZF-82,POINT (-9.141420364379883 38.7151985168457)
605_15E,11264_20250901_76_0_3,76_0,1,38.70640182495117,-9.152770042419434,18,IN_TRANSIT_TO,2025-10-01 05:57:16,3901,605,,POINT (-9.152770042419434 38.70640182495117)
2240_758,6868_20250901_150_0_2,150_0,1,38.74065017700195,-9.167929649353027,14,IN_TRANSIT_TO,2025-10-01 05:57:13,1610,2240,06-31-XX,POINT (-9.167929649353027 38.74065017700195)
2403_703,3124_20250901_165_0_2,165_0,1,38.787601470947266,-9.145079612731934,38,IN_TRANSIT_TO,2025-10-01 05:54:45,6003,2403,50-AL-12,POINT (-9.145079612731934 38.787601470947266)
1707_798,8190_20250901_194_0_4,194_0,1,38.766700744628906,-9.153849601745605,17,IN_TRANSIT_TO,2025-10-01 05:57:13,50157,1707,69-AL-70,POINT (-9.153849601745605 38.766700744628906)
2786_738,5512_20250901_117_0_2,117_0,1,38.73334884643555,-9.144820213317871,19,IN_TRANSIT_TO,2025-10-01 05:57:09,1713,2786,AI-52-TL,POINT (-9.144820213317871 38.73334884643555)
2426_747,6122_20250901_177_0_3,177_0,0,38.76137161254883,-9.15719985961914,0,IN_TRANSIT_TO,2025-10-01 05:57:22,,2426,29-AU-21,POINT (-9.15719985961914 38.76137161254883)
2838_748,6174_20250901_169_0_6,169_0,1,38.71480178833008,-9.231180191040039,2,IN_TRANSIT_TO,2025-10-01 05:57:15,50066,2838,BF-59-FZ,POINT (-9.231180191040039 38.71480178833008)
221_773,7378_20250901_124_0_6,124_0,1,38.71186828613281,-9.168869972229004,8,IN_TRANSIT_TO,2025-10-01 05:57:07,10106,221,11-06-XO,POINT (-9.168869972229004 38.71186828613281)
2401_716,3744_20250901_164_0_3,164_0,0,38.738651275634766,-9.163629531860352,10,IN_TRANSIT_TO,2025-10-01 05:57:19,1507,2401,50-AL-14,POINT (-9.163629531860352 38.738651275634766)
2485_726,4317_20250901_116_0_2,116_0,1,38.73442077636719,-9.141469955444336,26,IN_TRANSIT_TO,2025-10-01 05:57:00,11105,2485,91-BE-77,POINT (-9.141469955444336 38.73442077636719)
2408_747,6101_20250901_177_0_2,177_0,1,38.768821716308594,-9.187569618225098,7,IN_TRANSIT_TO,2025-10-01 05:57:01,14108,2408,50-AL-08,POINT (-9.187569618225098 38.768821716308594)
2309_756,6754_20250901_175_0_3,175_0,0,38.74224853515625,-9.13267993927002,6,IN_TRANSIT_TO,2025-10-01 05:57:02,301,2309,83-15-ZM,POINT (-9.13267993927002 38.74224853515625)
2764_776,7476_20250901_193_0_10,193_0,0,38.6994514465332,-9.22778034210205,0,IN_TRANSIT_TO,2025-10-01 05:57:16,,2764,AH-29-ND,POINT (-9.22778034210205 38.6994514465332)
2776_727,4485_20250901_103_0_2,103_0,0,38.711181640625,-9.153679847717285,20,IN_TRANSIT_TO,2025-10-01 05:54:18,6702,2776,AI-07-BT,POINT (-9.153679847717285 38.711181640625)
2283_799,8211_20250901_120_0_2,120_0,0,38.73952865600586,-9.221819877624512,23,IN_TRANSIT_TO,2025-10-01 05:57:12,18126,2283,67-39-ZJ,POINT (-9.221819877624512 38.73952865600586)
4840_736,5299_20250901_199_0_2,199_0,1,38.73228073120117,-9.14579963684082,23,IN_TRANSIT_TO,2025-10-01 05:57:12,1812,4840,45-VX-93,POINT (-9.14579963684082 38.73228073120117)
2481_729,4810_20250901_104_0_1,104_0,0,38.74448013305664,-9.197819709777832,18,IN_TRANSIT_TO,2025-10-01 05:57:20,2805,2481,54-BH-99,POINT (-9.197819709777832 38.74448013305664)
4609_728,4706_20250901_204_0_2,204_0,0,38.78131866455078,-9.107620239257812,49,IN_TRANSIT_TO,2025-10-01 05:56:58,12618,4609,96-GL-86,POINT (-9.107620239257812 38.78131866455078)
2406_703,3162_20250901_165_0_3,165_0,1,38.74483108520508,-9.199749946594238,4,IN_TRANSIT_TO,2025-10-01 05:57:10,2812,2406,50-AL-09,POINT (-9.199749946594238 38.74483108520508)
2788_714,3649_20250901_102_0_2,102_0,1,38.723480224609375,-9.225469589233398,2,IN_TRANSIT_TO,2025-10-01 05:57:03,50405,2788,AI-51-TL,POINT (-9.225469589233398 38.723480224609375)
2831_753,6577_20250901_167_0_3,167_0,0,38.72439956665039,-9.160799980163574,5,IN_TRANSIT_TO,2025-10-01 05:57:19,1223,2831,BF-72-FZ,POINT (-9.160799980163574 38.72439956665039)
2792_712,3535_20250901_189_0_3,189_0,0,38.721431732177734,-9.129480361938477,9,IN_TRANSIT_TO,2025-10-01 05:57:05,9125,2792,AJ-53-LI,POINT (-9.129480361938477 38.721431732177734)
2464_726,4399_20250901_116_3_5,116_3,0,38.73857116699219,-9.163450241088867,7,IN_TRANSIT_TO,2025-10-01 05:57:04,1507,2464,91-BE-71,POINT (-9.163450241088867 38.73857116699219)
1723_701,2987_20250901_123_0_6,123_0,0,38.74753189086914,-9.156970024108887,8,IN_TRANSIT_TO,2025-10-01 05:57:19,13501,1723,25-AS-35,POINT (-9.156970024108887 38.74753189086914)
2291_799,8230_20250901_120_0_2,120_0,1,38.738731384277344,-9.214030265808105,11,IN_TRANSIT_TO,2025-10-01 05:57:24,18109,2291,92-56-ZM,POINT (-9.214030265808105 38.738731384277344)
2610_718,3959_20250901_105_0_3,105_0,1,38.73500061035156,-9.13407039642334,4,IN_TRANSIT_TO,2025-10-01 05:57:09,402,2610,66-VI-20,POINT (-9.13407039642334 38.73500061035156)
2290_703,3135_20250901_165_0_2,165_0,1,38.779598236083984,-9.159680366516113,28,IN_TRANSIT_TO,2025-10-01 05:57:10,5922,2290,92-55-ZM,POINT (-9.159680366516113 38.779598236083984)
2840_751,6498_20250901_109_3_2,109_3,0,38.73059844970703,-9.168620109558105,1,IN_TRANSIT_TO,2025-10-01 05:57:17,9415,2840,BF-75-FZ,POINT (-9.168620109558105 38.73059844970703)
2773_738,5528_20250901_117_0_2,117_0,1,38.70988082885742,-9.16588020324707,9,IN_TRANSIT_TO,2025-10-01 05:57:17,10101,2773,AH-39-ND,POINT (-9.16588020324707 38.70988082885742)
6012_726,4341_20250901_116_0_2,116_0,1,38.76156997680664,-9.196680068969727,4,IN_TRANSIT_TO,2025-10-01 05:57:15,13907,6012,67-ZF-26,POINT (-9.196680068969727 38.76156997680664)
4838_736,5331_20250901_199_0_2,199_0,1,38.77853012084961,-9.164250373840332,8,IN_TRANSIT_TO,2025-10-01 05:57:04,5910,4838,34-VR-22,POINT (-9.164250373840332 38.77853012084961)
2751_755,6709_20250901_118_0_4,118_0,0,38.7464485168457,-9.104920387268066,6,IN_TRANSIT_TO,2025-10-01 05:57:19,2207,2751,AG-12-TH,POINT (-9.104920387268066 38.7464485168457)
2438_716,3747_20250901_164_0_5,164_0,0,38.737850189208984,-9.141830444335938,3,IN_TRANSIT_TO,2025-10-01 05:57:01,11109,2438,44-BC-29,POINT (-9.141830444335938 38.737850189208984)
1709_794,8067_20250901_115_0_3,115_0,1,38.74354934692383,-9.118820190429688,26,IN_TRANSIT_TO,2025-10-01 05:57:24,3609,1709,69-AL-72,POINT (-9.118820190429688 38.74354934692383)
2276_771,21936_20250901_248_0_1,248_0,0,38.72452926635742,-9.193750381469727,12,IN_TRANSIT_TO,2025-10-01 05:57:11,8702,2276,53-57-ZJ,POINT (-9.193750381469727 38.72452926635742)
2418_703,3166_20250901_165_0_2,165_0,1,38.74769973754883,-9.206999778747559,0,IN_TRANSIT_TO,2025-10-01 05:57:20,,2418,92-AO-54,POINT (-9.206999778747559 38.74769973754883)
2245_768,7319_20250901_111_0_4,111_0,1,38.76451873779297,-9.199480056762695,4,IN_TRANSIT_TO,2025-10-01 05:57:28,13909,2245,22-35-ZB,POINT (-9.199480056762695 38.76451873779297)
2466_767,7250_20250901_112_0_2,112_0,0,38.72697067260742,-9.140649795532227,3,IN_TRANSIT_TO,2025-10-01 05:56:42,6902,2466,16-AZ-16,POINT (-9.140649795532227 38.72697067260742)
2668_709,3401_20250901_148_0_5,148_0,1,38.71548080444336,-9.164230346679688,3,IN_TRANSIT_TO,2025-10-01 05:57:22,8001,2668,87-XB-36,POINT (-9.164230346679688 38.71548080444336)
4829_736,5408_20250901_199_0_3,199_0,0,38.75135040283203,-9.149120330810547,12,IN_TRANSIT_TO,2025-10-01 05:57:21,2015,4829,34-VR-21,POINT (-9.149120330810547 38.75135040283203)
2296_724,4191_20250901_178_0_2,178_0,1,38.72589874267578,-9.198769569396973,19,IN_TRANSIT_TO,2025-10-01 05:57:30,50183,2296,92-51-ZM,POINT (-9.198769569396973 38.72589874267578)
2209_708,3289_20250901_100_0_4,100_0,0,38.72209930419922,-9.13523006439209,4,IN_TRANSIT_TO,2025-10-01 05:57:15,701,2209,01-68-XO,POINT (-9.13523006439209 38.72209930419922)
2225_701,2947_20250901_123_0_2,123_0,1,38.75603103637695,-9.175970077514648,17,IN_TRANSIT_TO,2025-10-01 05:57:10,50144,2225,08-03-XS,POINT (-9.175970077514648 38.75603103637695)
2235_763,49570_20250901_282_0_4,282_0,1,38.75408172607422,-9.190130233764648,1,IN_TRANSIT_TO,2025-10-01 05:57:00,10820,2235,06-32-XX,POINT (-9.190130233764648 38.75408172607422)
2217_742,5783_20250901_114_0_2,114_0,1,38.735198974609375,-9.143600463867188,37,IN_TRANSIT_TO,2025-10-01 05:57:05,1806,2217,07-99-XS,POINT (-9.143600463867188 38.735198974609375)
2213_742,5751_20250901_114_0_2,114_0,0,38.72486877441406,-9.164369583129883,30,IN_TRANSIT_TO,2025-10-01 05:57:11,8507,2213,08-04-XS,POINT (-9.164369583129883 38.72486877441406)
2215_793,8019_20250901_145_0_3,145_0,1,38.738800048828125,-9.1248197555542,6,IN_TRANSIT_TO,2025-10-01 05:57:21,8908,2215,08-01-XS,POINT (-9.1248197555542 38.738800048828125)
614_15E,11212_20250901_76_0_3,76_0,0,38.70642852783203,-9.150019645690918,5,IN_TRANSIT_TO,2025-10-01 05:57:11,7102,614,,POINT (-9.150019645690918 38.70642852783203)
2781_764,7142_20250901_168_0_3,168_0,1,38.758018493652344,-9.179550170898438,24,IN_TRANSIT_TO,2025-10-01 05:57:19,13607,2781,AI-00-BT,POINT (-9.179550170898438 38.758018493652344)
2216_708,3311_20250901_100_0_3,100_0,1,38.72492980957031,-9.13502025604248,40,IN_TRANSIT_TO,2025-10-01 05:57:10,608,2216,08-00-XS,POINT (-9.13502025604248 38.72492980957031)
6002_767,7289_20250901_112_0_2,112_0,1,38.75423049926758,-9.144669532775879,31,IN_TRANSIT_TO,2025-10-01 05:57:06,11302,6002,98-XU-85,POINT (-9.144669532775879 38.75423049926758)
2712_714,3705_20250901_102_0_3,102_0,0,38.706298828125,-9.145330429077148,2,IN_TRANSIT_TO,2025-10-01 05:57:16,3802,2712,92-XQ-33,POINT (-9.145330429077148 38.706298828125)
2221_742,5731_20250901_114_0_2,114_0,0,38.70764923095703,-9.196229934692383,49,IN_TRANSIT_TO,2025-10-01 05:57:27,13312,2221,07-95-XS,POINT (-9.196229934692383 38.70764923095703)
6028_724,4213_20250901_178_0_2,178_0,1,38.756649017333984,-9.20088005065918,5,IN_TRANSIT_TO,2025-10-01 05:56:57,13703,6028,BF-68-AX,POINT (-9.20088005065918 38.756649017333984)
561_28E,15024_20250901_75_0_2,75_0,0,38.710601806640625,-9.142849922180176,20,IN_TRANSIT_TO,2025-10-01 05:57:17,10514,561,,POINT (-9.142849922180176 38.710601806640625)
566_28E,14920_20250901_75_0_3,75_0,1,38.71284866333008,-9.129400253295898,24,IN_TRANSIT_TO,2025-10-01 05:57:15,13813,566,,POINT (-9.129400253295898 38.71284866333008)
2226_742,5759_20250901_114_0_3,114_0,0,38.7347297668457,-9.138799667358398,19,IN_TRANSIT_TO,2025-10-01 05:57:23,11116,2226,06-35-XX,POINT (-9.138799667358398 38.7347297668457)
2222_796,8135_20250901_174_0_4,174_0,1,38.78219985961914,-9.162830352783203,8,IN_TRANSIT_TO,2025-10-01 05:57:25,7216,2222,08-17-XS,POINT (-9.162830352783203 38.78219985961914)
2207_708,3333_20250901_100_0_2,100_0,1,38.76166915893555,-9.129779815673828,29,IN_TRANSIT_TO,2025-10-01 05:56:29,7514,2207,01-70-XO,POINT (-9.129779815673828 38.76166915893555)
4615_750,6401_20250901_106_0_2,106_0,0,38.7110710144043,-9.226149559020996,35,IN_TRANSIT_TO,2025-10-01 05:56:26,14311,4615,22-GP-49,POINT (-9.226149559020996 38.7110710144043)
560_18E,12186_20250901_78_0_3,78_0,0,38.703948974609375,-9.161430358886719,3,IN_TRANSIT_TO,2025-10-01 05:57:28,3902,560,,POINT (-9.161430358886719 38.703948974609375)
2231_758,6831_20250901_150_0_1,150_0,1,38.70528030395508,-9.143250465393066,33,IN_TRANSIT_TO,2025-10-01 05:57:04,3826,2231,06-28-XX,POINT (-9.143250465393066 38.70528030395508)
2232_703,3158_20250901_165_0_2,165_0,1,38.76020050048828,-9.184419631958008,11,IN_TRANSIT_TO,2025-10-01 05:57:23,12823,2232,06-23-XX,POINT (-9.184419631958008 38.76020050048828)
6008_729,4801_20250901_104_0_2,104_0,0,38.71390151977539,-9.201029777526855,26,IN_TRANSIT_TO,2025-10-01 05:57:28,10315,6008,81-ZC-08,POINT (-9.201029777526855 38.71390151977539)
2238_758,6889_20250901_150_0_3,150_0,0,38.75151824951172,-9.203780174255371,29,IN_TRANSIT_TO,2025-10-01 05:57:24,10904,2238,06-29-XX,POINT (-9.203780174255371 38.75151824951172)
230_773,7408_20250901_124_0_5,124_0,0,38.711849212646484,-9.16897964477539,19,IN_TRANSIT_TO,2025-10-01 05:57:23,10107,230,13-33-XZ,POINT (-9.16897964477539 38.711849212646484)
6004_760,7090_20250901_171_3_3,171_3,0,38.7046012878418,-9.186479568481445,21,IN_TRANSIT_TO,2025-10-01 05:57:15,12002,6004,82-ZC-35,POINT (-9.186479568481445 38.7046012878418)
2234_768,7341_20250901_111_0_3,111_0,1,38.74298095703125,-9.165980339050293,19,IN_TRANSIT_TO,2025-10-01 05:57:05,1603,2234,06-26-XX,POINT (-9.165980339050293 38.74298095703125)
2242_758,6869_20250901_150_0_4,150_0,1,38.75067901611328,-9.198430061340332,4,IN_TRANSIT_TO,2025-10-01 05:57:15,10903,2242,22-42-ZB,POINT (-9.198430061340332 38.75067901611328)
613_15E,11254_20250901_76_0_2,76_0,1,38.712100982666016,-9.137419700622559,23,IN_TRANSIT_TO,2025-10-01 05:57:15,50621,613,,POINT (-9.137419700622559 38.712100982666016)
2241_724,4236_20250901_178_0_3,178_0,0,38.7275505065918,-9.20199966430664,9,IN_TRANSIT_TO,2025-10-01 05:57:24,8712,2241,22-37-ZB,POINT (-9.20199966430664 38.7275505065918)
2261_742,5666_20250901_114_0_2,114_0,1,38.70711898803711,-9.172900199890137,21,IN_TRANSIT_TO,2025-10-01 05:57:01,9402,2261,80-49-ZE,POINT (-9.172900199890137 38.70711898803711)
303_783,7854_20250901_203_0_4,203_0,1,38.77920150756836,-9.120129585266113,6,IN_TRANSIT_TO,2025-10-01 05:57:26,12604,303,22-SP-90,POINT (-9.120129585266113 38.77920150756836)
2267_771,21940_20250901_248_0_2,248_0,0,38.73738098144531,-9.16825008392334,3,IN_TRANSIT_TO,2025-10-01 05:57:02,2712,2267,76-86-ZG,POINT (-9.16825008392334 38.73738098144531)
2266_731,19406_20250901_190_0_3,190_0,0,38.74565124511719,-9.155329704284668,8,IN_TRANSIT_TO,2025-10-01 05:57:17,50543,2266,76-92-ZG,POINT (-9.155329704284668 38.74565124511719)
