id,trip_id,route_id,direction_id,latitude,longitude,current_stop_sequence,current_status,timestamp,stop_id,vehicle_id,license_plate,geometry
6032_732,5095_20250901_107_0_4,107_0,1,38.70941925048828,-9.136249542236328,30,IN_TRANSIT_TO,2025-09-02 11:32:23,5519,6032,BF-93-BC,POINT (-9.136249542236328 38.70941925048828)
4645_750,6310_20250901_106_0_8,106_0,0,38.758968353271484,-9.11343002319336,7,IN_TRANSIT_TO,2025-09-02 11:32:24,8406,4645,98-JO-46,POINT (-9.11343002319336 38.758968353271484)
2793_714,3694_20250901_102_0_8,102_0,1,38.697349548339844,-9.20337963104248,21,IN_TRANSIT_TO,2025-09-02 11:31:50,9609,2793,AJ-58-LI,POINT (-9.20337963104248 38.697349548339844)
611_15E,11235_20250901_76_0_7,76_0,0,38.70716857910156,-9.141500473022461,3,IN_TRANSIT_TO,2025-09-02 11:32:21,3820,611,,POINT (-9.141500473022461 38.70716857910156)
4607_750,6391_20250901_106_0_5,106_0,1,38.74047088623047,-9.202449798583984,9,IN_TRANSIT_TO,2025-09-02 11:32:15,8807,4607,96-GL-84,POINT (-9.202449798583984 38.74047088623047)
6022_706,3207_20250901_147_0_8,147_0,0,38.720279693603516,-9.153829574584961,12,IN_TRANSIT_TO,2025-09-02 11:32:31,6811,6022,BF-48-BB,POINT (-9.153829574584961 38.720279693603516)
2315_755,6693_20250901_118_0_9,118_0,1,38.7535514831543,-9.127030372619629,15,IN_TRANSIT_TO,2025-09-02 11:32:34,7403,2315,61-88-ZB,POINT (-9.127030372619629 38.7535514831543)
2992_71B,45256_20250901_278_0_8,278_0,0,38.748600006103516,-9.20145034790039,5,IN_TRANSIT_TO,2025-09-02 11:32:23,10919,2992,29-VM-95,POINT (-9.20145034790039 38.748600006103516)
2448_703,3157_20250901_165_0_9,165_0,1,38.763980865478516,-9.1810302734375,15,IN_TRANSIT_TO,2025-09-02 11:32:31,12834,2448,44-BC-34,POINT (-9.1810302734375 38.763980865478516)
603_15E,11251_20250901_76_0_8,76_0,1,38.69852066040039,-9.187849998474121,10,IN_TRANSIT_TO,2025-09-02 11:32:33,9507,603,,POINT (-9.187849998474121 38.69852066040039)
2766_712,3554_20250901_189_0_9,189_0,0,38.706748962402344,-9.173680305480957,30,IN_TRANSIT_TO,2025-09-02 11:32:15,9401,2766,AH-40-ND,POINT (-9.173680305480957 38.706748962402344)
2250_731,19403_20240727_190_0_8,190_0,1,38.78303146362305,-9.114009857177734,3,IN_TRANSIT_TO,2024-08-10 10:41:27,12610,2250,80-41-ZE,POINT (-9.114009857177734 38.78303146362305)
2328_735,5270_20250901_172_0_6,172_0,1,38.746028900146484,-9.140199661254883,9,IN_TRANSIT_TO,2025-09-02 11:32:10,202,2328,62-96-ZG,POINT (-9.140199661254883 38.746028900146484)
2494_783,7824_20250901_203_0_9,203_0,0,38.78137969970703,-9.11886978149414,26,IN_TRANSIT_TO,2025-09-02 11:32:09,12603,2494,88-BL-68,POINT (-9.11886978149414 38.78137969970703)
2346_724,4227_20250901_178_0_8,178_0,1,38.754268646240234,-9.19713020324707,7,IN_TRANSIT_TO,2025-09-02 07:48:50,10909,2346,62-93-ZG,POINT (-9.19713020324707 38.754268646240234)
6033_732,5077_20250901_107_0_5,107_0,0,38.706329345703125,-9.145350456237793,20,IN_TRANSIT_TO,2025-09-02 11:32:28,3802,6033,BF-92-AZ,POINT (-9.145350456237793 38.706329345703125)
4620_750,6306_20250901_106_0_8,106_0,0,38.75603103637695,-9.148030281066895,13,IN_TRANSIT_TO,2025-09-02 11:32:17,11301,4620,22-GP-54,POINT (-9.148030281066895 38.75603103637695)
2951_26B,17509_20250901_208_0_10,208_0,1,38.787479400634766,-9.097700119018555,22,IN_TRANSIT_TO,2025-09-02 11:30:53,50300,2951,62-GQ-53,POINT (-9.097700119018555 38.787479400634766)
4642_750,6263_20250901_106_0_5,106_0,0,38.71110153198242,-9.226129531860352,35,IN_TRANSIT_TO,2025-09-02 11:32:08,14311,4642,90-JI-99,POINT (-9.226129531860352 38.71110153198242)
4816_751,6482_20250901_109_0_11,109_0,0,38.70867919921875,-9.1737699508667,6,IN_TRANSIT_TO,2025-09-02 11:32:23,9412,4816,34-VR-17,POINT (-9.1737699508667 38.70867919921875)
2943_71B,45257_20250901_278_0_7,278_0,0,38.75197982788086,-9.205869674682617,21,IN_TRANSIT_TO,2025-09-02 11:32:37,50170,2943,51-GL-83,POINT (-9.205869674682617 38.75197982788086)
4611_728,4656_20250901_204_0_5,204_0,1,38.708431243896484,-9.133350372314453,32,IN_TRANSIT_TO,2025-09-02 11:32:36,4502,4611,96-GL-88,POINT (-9.133350372314453 38.708431243896484)
2950_29B,17523_20250901_209_0_11,209_0,0,38.76905059814453,-9.118169784545898,25,IN_TRANSIT_TO,2025-09-02 11:32:27,7704,2950,62-GQ-51,POINT (-9.118169784545898 38.76905059814453)
2688_746,5961_20250901_108_0_11,108_0,0,38.738868713378906,-9.164899826049805,8,IN_TRANSIT_TO,2025-09-02 11:32:19,1601,2688,93-XA-35,POINT (-9.164899826049805 38.738868713378906)
2692_738,5525_20250901_117_0_8,117_0,1,38.70418167114258,-9.173819541931152,6,IN_TRANSIT_TO,2025-09-02 11:32:24,4001,2692,90-XF-62,POINT (-9.173819541931152 38.70418167114258)
2691_754,6619_20250901_201_0_7,201_0,0,38.73881912231445,-9.214229583740234,24,IN_TRANSIT_TO,2025-09-02 11:32:23,8820,2691,90-XF-45,POINT (-9.214229583740234 38.73881912231445)
2690_764,7161_20250901_168_0_8,168_0,1,38.746028900146484,-9.212329864501953,8,IN_TRANSIT_TO,2025-09-02 11:32:16,3017,2690,99-XE-57,POINT (-9.212329864501953 38.746028900146484)
2693_727,4555_20250901_103_0_6,103_0,1,38.704498291015625,-9.164270401000977,22,IN_TRANSIT_TO,2025-09-02 11:32:22,10209,2693,90-XF-46,POINT (-9.164270401000977 38.704498291015625)
2694_711,3466_20250901_101_0_6,101_0,1,38.71382141113281,-9.13971996307373,31,IN_TRANSIT_TO,2025-09-02 11:32:38,1004,2694,90-XF-49,POINT (-9.13971996307373 38.71382141113281)
4836_783,7849_20250901_203_0_8,203_0,1,38.724571228027344,-9.1599702835083,29,IN_TRANSIT_TO,2025-09-02 11:32:18,1223,4836,34-VR-23,POINT (-9.1599702835083 38.724571228027344)
2705_738,5509_20250901_117_0_7,117_0,1,38.75600051879883,-9.176679611206055,34,IN_TRANSIT_TO,2025-09-02 11:32:19,50143,2705,92-XQ-29,POINT (-9.176679611206055 38.75600051879883)
2683_764,7157_20250901_168_0_10,168_0,1,38.75627899169922,-9.176980018615723,25,IN_TRANSIT_TO,2025-09-02 11:32:24,13605,2683,99-XE-55,POINT (-9.176980018615723 38.75627899169922)
6047_760,7092_20250901_171_0_9,171_0,1,38.7045783996582,-9.176580429077148,23,IN_TRANSIT_TO,2025-09-02 11:32:11,12119,6047,BH-20-IP,POINT (-9.176580429077148 38.7045783996582)
6046_763,46417_20250901_282_0_11,282_0,0,38.78038024902344,-9.172280311584473,9,IN_TRANSIT_TO,2025-09-02 11:32:33,7201,6046,BH-73-IR,POINT (-9.172280311584473 38.78038024902344)
4618_728,4636_20250901_204_0_7,204_0,1,38.707950592041016,-9.138529777526855,33,IN_TRANSIT_TO,2025-09-02 11:32:16,5504,4618,22-GP-52,POINT (-9.138529777526855 38.707950592041016)
2959_40B,17567_20250901_212_0_10,212_0,1,38.7894287109375,-9.160630226135254,29,IN_TRANSIT_TO,2025-09-02 11:32:31,50107,2959,27-GU-74,POINT (-9.160630226135254 38.7894287109375)
2958_40B,17557_20250901_212_0_10,212_0,0,38.78739929199219,-9.14330005645752,11,IN_TRANSIT_TO,2025-09-02 11:32:31,50204,2958,27-GU-73,POINT (-9.14330005645752 38.78739929199219)
4643_750,6375_20250901_106_0_8,106_0,1,38.74721908569336,-9.188599586486816,17,IN_TRANSIT_TO,2025-09-02 11:32:31,10803,4643,98-JO-45,POINT (-9.188599586486816 38.74721908569336)
2676_751,6519_20250901_109_0_6,109_0,0,38.711551666259766,-9.225629806518555,28,IN_TRANSIT_TO,2025-09-02 11:32:28,14312,2676,87-XB-40,POINT (-9.225629806518555 38.711551666259766)
2677_714,3692_20250901_102_0_6,102_0,1,38.706199645996094,-9.15896987915039,33,IN_TRANSIT_TO,2025-09-02 11:32:13,3907,2677,87-XB-41,POINT (-9.15896987915039 38.706199645996094)
2671_713,3571_20250901_122_0_9,122_0,0,38.72438049316406,-9.160229682922363,10,IN_TRANSIT_TO,2025-09-02 11:32:19,6120,2671,87-XB-43,POINT (-9.160229682922363 38.72438049316406)
2673_714,3702_20250901_102_0_7,102_0,0,38.71797180175781,-9.223770141601562,40,IN_TRANSIT_TO,2025-09-02 11:32:08,18602,2673,87-XB-37,POINT (-9.223770141601562 38.71797180175781)
2674_711,3514_20250901_101_0_9,101_0,0,38.73149871826172,-9.197529792785645,15,IN_TRANSIT_TO,2025-09-02 11:32:32,8717,2674,87-XB-38,POINT (-9.197529792785645 38.73149871826172)
2964_737,5486_20250901_173_0_20,173_0,1,38.71261978149414,-9.136119842529297,6,IN_TRANSIT_TO,2025-09-02 11:32:20,913,2964,30-VM-19,POINT (-9.136119842529297 38.71261978149414)
2962_730,4955_20250901_198_0_10,198_0,0,38.73529815673828,-9.121170043945312,3,IN_TRANSIT_TO,2025-09-02 11:32:21,8917,2962,30-VM-07,POINT (-9.121170043945312 38.73529815673828)
2961_72B,45263_20250901_279_0_8,279_0,0,38.748779296875,-9.197669982910156,23,IN_TRANSIT_TO,2025-09-02 11:32:28,50611,2961,26-VD-02,POINT (-9.197669982910156 38.748779296875)
510_15E,11225_20250901_76_0_9,76_0,0,38.7044792175293,-9.178299903869629,10,IN_TRANSIT_TO,2025-09-02 11:32:21,12116,510,,POINT (-9.178299903869629 38.7044792175293)
6031_732,5079_20250901_107_0_5,107_0,0,38.7246208190918,-9.150679588317871,13,IN_TRANSIT_TO,2025-09-02 11:32:18,1212,6031,BF-87-AX,POINT (-9.150679588317871 38.7246208190918)
604_15E,11261_20250901_76_0_9,76_0,1,38.6992301940918,-9.23031997680664,6,IN_TRANSIT_TO,2025-09-02 11:32:18,13209,604,,POINT (-9.23031997680664 38.6992301940918)
2718_746,5983_20250901_108_0_10,108_0,1,38.74150085449219,-9.170499801635742,15,IN_TRANSIT_TO,2025-09-02 11:32:19,1615,2718,92-XQ-23,POINT (-9.170499801635742 38.74150085449219)
6014_706,3233_20250901_147_0_4,147_0,1,38.706268310546875,-9.145050048828125,34,IN_TRANSIT_TO,2025-09-02 11:32:25,3803,6014,67-ZF-30,POINT (-9.145050048828125 38.706268310546875)
2723_754,6580_20250901_201_0_8,201_0,0,38.747371673583984,-9.155150413513184,8,IN_TRANSIT_TO,2025-09-02 11:32:32,13501,2723,92-XQ-43,POINT (-9.155150413513184 38.747371673583984)
2347_768,7321_20250901_111_0_12,111_0,1,38.74150085449219,-9.170450210571289,18,IN_TRANSIT_TO,2025-09-02 11:32:33,1615,2347,53-61-ZJ,POINT (-9.170450210571289 38.74150085449219)
2741_756,6736_20250901_175_0_11,175_0,1,38.71818161010742,-9.174850463867188,6,IN_TRANSIT_TO,2025-09-02 11:32:11,11903,2741,AG-99-TG,POINT (-9.174850463867188 38.71818161010742)
2658_754,6600_20250901_201_0_8,201_0,1,38.747581481933594,-9.152600288391113,30,IN_TRANSIT_TO,2025-09-02 11:32:22,13502,2658,05-VZ-71,POINT (-9.152600288391113 38.747581481933594)
4634_796,8112_20250901_174_0_18,174_0,1,38.76020050048828,-9.15701961517334,16,IN_TRANSIT_TO,2025-09-02 11:32:27,5808,4634,11-JM-78,POINT (-9.15701961517334 38.76020050048828)
2414_767,7304_20250901_112_0_6,112_0,1,38.76131820678711,-9.166769981384277,25,IN_TRANSIT_TO,2025-09-02 11:32:29,50006,2414,92-AO-51,POINT (-9.166769981384277 38.76131820678711)
2763_727,4489_20250901_103_0_6,103_0,0,38.697418212890625,-9.194299697875977,34,IN_TRANSIT_TO,2025-09-02 11:32:31,9508,2763,AH-23-ND,POINT (-9.194299697875977 38.697418212890625)
2298_708,3305_20250901_100_0_6,100_0,1,38.719120025634766,-9.136070251464844,41,IN_TRANSIT_TO,2025-09-02 11:32:28,704,2298,83-05-ZM,POINT (-9.136070251464844 38.719120025634766)
608_15E,11277_20250901_76_0_10,76_0,1,38.69738006591797,-9.203729629516602,6,IN_TRANSIT_TO,2025-09-02 11:32:25,13209,608,,POINT (-9.203729629516602 38.69738006591797)
2281_731,4995_20250901_190_0_7,190_0,0,38.75809860229492,-9.141220092773438,16,IN_TRANSIT_TO,2025-09-02 11:32:20,11304,2281,67-56-ZJ,POINT (-9.141220092773438 38.75809860229492)
2628_759,6936_20250901_144_0_7,144_0,0,38.7482795715332,-9.113369941711426,25,IN_TRANSIT_TO,2025-09-02 11:32:08,3713,2628,52-VP-82,POINT (-9.113369941711426 38.7482795715332)
1717_794,8055_20250901_115_0_8,115_0,0,38.75407028198242,-9.113869667053223,28,IN_TRANSIT_TO,2025-09-02 11:32:31,24377,1717,69-AL-80,POINT (-9.113869667053223 38.75407028198242)
281_734,5162_20250901_205_4_21,205_4,1,38.715171813964844,-9.136670112609863,8,IN_TRANSIT_TO,2025-09-02 11:32:10,804,281,AI-48-OJ,POINT (-9.136670112609863 38.715171813964844)
4624_783,7850_20250901_203_0_8,203_0,1,38.74338150024414,-9.14717960357666,21,IN_TRANSIT_TO,2025-09-02 11:32:31,2019,4624,11-JM-75,POINT (-9.14717960357666 38.74338150024414)
271_79B,18660_20250901_221_0_7,221_0,0,38.70222091674805,-9.202469825744629,27,IN_TRANSIT_TO,2025-09-02 11:32:20,13109,271,AH-27-IN,POINT (-9.202469825744629 38.70222091674805)
4811_728,4616_20250901_204_0_7,204_0,1,38.69738006591797,-9.20341968536377,42,IN_TRANSIT_TO,2025-09-02 11:32:30,4102,4811,34-VR-20,POINT (-9.20341968536377 38.69738006591797)
6034_760,7093_20250901_171_0_6,171_0,1,38.71244812011719,-9.20028018951416,8,IN_TRANSIT_TO,2025-09-02 11:32:38,12910,6034,BF-61-AX,POINT (-9.20028018951416 38.71244812011719)
307_722,4115_20250901_196_0_8,196_0,0,38.733768463134766,-9.145279884338379,5,IN_TRANSIT_TO,2025-09-02 11:32:27,1703,307,73-ST-82,POINT (-9.145279884338379 38.733768463134766)
4601_753,18784_20250901_167_0_12,167_0,1,38.726070404052734,-9.147769927978516,7,IN_TRANSIT_TO,2025-09-02 11:32:13,1201,4601,96-GL-79,POINT (-9.147769927978516 38.726070404052734)
6035_732,5094_20250901_107_0_5,107_0,1,38.74528121948242,-9.147419929504395,40,IN_TRANSIT_TO,2025-09-02 11:32:16,1903,6035,BG-76-LX,POINT (-9.147419929504395 38.74528121948242)
2978_702,3058_20250901_146_0_15,146_0,0,38.72734832763672,-9.163430213928223,4,IN_TRANSIT_TO,2025-09-02 11:32:35,6105,2978,29-VM-92,POINT (-9.163430213928223 38.72734832763672)
2270_778,18643_20250901_179_0_10,179_0,0,38.75297164916992,-9.189519882202148,23,IN_TRANSIT_TO,2025-09-02 11:32:19,50403,2270,76-82-ZG,POINT (-9.189519882202148 38.75297164916992)
2430_778,18639_20250901_179_0_14,179_0,1,38.76818084716797,-9.169449806213379,16,IN_TRANSIT_TO,2025-09-02 11:32:32,50028,2430,29-AX-12,POINT (-9.169449806213379 38.76818084716797)
2442_767,7295_20250901_112_0_6,112_0,1,38.73460006713867,-9.141550064086914,39,IN_TRANSIT_TO,2025-09-02 11:32:24,11105,2442,29-AX-06,POINT (-9.141550064086914 38.73460006713867)
2779_714,3656_20250901_102_0_9,102_0,0,38.70637130737305,-9.175299644470215,11,IN_TRANSIT_TO,2025-09-02 11:32:36,9417,2779,AI-02-BT,POINT (-9.175299644470215 38.70637130737305)
2703_754,6614_20250901_201_0_8,201_0,1,38.744869232177734,-9.199729919433594,17,IN_TRANSIT_TO,2025-09-02 11:32:30,8813,2703,92-XQ-24,POINT (-9.199729919433594 38.744869232177734)
2495_783,7840_20250901_203_0_9,203_0,0,38.73133087158203,-9.146300315856934,6,IN_TRANSIT_TO,2025-09-02 11:32:33,1703,2495,88-BL-69,POINT (-9.146300315856934 38.73133087158203)
6038_732,5063_20250901_107_0_5,107_0,0,38.703678131103516,-9.195050239562988,33,IN_TRANSIT_TO,2025-09-02 11:32:28,13410,6038,BG-46-LV,POINT (-9.195050239562988 38.703678131103516)
2842_751,6497_20250901_109_0_11,109_0,1,38.70722961425781,-9.173480033874512,26,IN_TRANSIT_TO,2025-09-02 11:32:11,9415,2842,BF-56-FZ,POINT (-9.173480033874512 38.70722961425781)
251_37B,18838_20250901_224_0_12,224_0,0,38.72052001953125,-9.117950439453125,4,IN_TRANSIT_TO,2025-09-02 11:32:18,9824,251,AF-87-NU,POINT (-9.117950439453125 38.72052001953125)
4833_736,5386_20250901_199_0_8,199_0,1,38.73337936401367,-9.145170211791992,23,IN_TRANSIT_TO,2025-09-02 11:32:35,1812,4833,20-VQ-65,POINT (-9.145170211791992 38.73337936401367)
2272_778,7528_20250901_179_0_13,179_0,0,38.761680603027344,-9.166130065917969,3,IN_TRANSIT_TO,2025-09-02 11:32:16,50013,2272,76-80-ZG,POINT (-9.166130065917969 38.761680603027344)
4825_783,7804_20250901_203_0_8,203_0,1,38.763648986816406,-9.129549980163574,12,IN_TRANSIT_TO,2025-09-02 11:32:29,7602,4825,20-VQ-72,POINT (-9.129549980163574 38.763648986816406)
2614_759,6933_20250901_144_0_5,144_0,0,38.7642707824707,-9.118820190429688,32,IN_TRANSIT_TO,2025-09-02 11:32:16,8403,2614,66-VI-24,POINT (-9.118820190429688 38.7642707824707)
275_64B,21488_20250901_238_0_13,238_0,0,38.714900970458984,-9.16646957397461,1,IN_TRANSIT_TO,2025-09-02 11:32:37,50480,275,AH-16-TB,POINT (-9.16646957397461 38.714900970458984)
2997_45B,45289_20250901_277_0_9,277_0,1,38.76625061035156,-9.152819633483887,18,IN_TRANSIT_TO,2025-09-02 11:32:12,5838,2997,34-VN-03,POINT (-9.152819633483887 38.76625061035156)
2607_744,5845_20250901_200_0_6,200_0,0,38.766178131103516,-9.129119873046875,17,IN_TRANSIT_TO,2025-09-02 11:32:13,7513,2607,AA-95-TQ,POINT (-9.129119873046875 38.766178131103516)
6023_732,5035_20250901_107_0_5,107_0,1,38.698020935058594,-9.19064998626709,17,IN_TRANSIT_TO,2025-09-02 11:32:06,9509,6023,BF-03-BD,POINT (-9.19064998626709 38.698020935058594)
4815_751,6511_20250901_109_0_8,109_0,1,38.6986198425293,-9.187419891357422,22,IN_TRANSIT_TO,2025-09-02 11:32:16,9505,4815,34-VR-24,POINT (-9.187419891357422 38.6986198425293)
2821_753,6539_20250901_167_0_14,167_0,1,38.72492980957031,-9.155150413513184,4,IN_TRANSIT_TO,2025-09-02 11:32:27,8502,2821,BF-71-FZ,POINT (-9.155150413513184 38.72492980957031)
2824_728,4696_20250901_204_0_4,204_0,0,38.776580810546875,-9.101579666137695,46,IN_TRANSIT_TO,2025-09-02 11:32:12,7909,2824,BF-67-FZ,POINT (-9.101579666137695 38.776580810546875)
2613_722,4131_20250901_196_0_7,196_0,1,38.77677917480469,-9.110199928283691,6,IN_TRANSIT_TO,2025-09-02 11:32:32,12623,2613,66-VI-22,POINT (-9.110199928283691 38.77677917480469)
4827_736,5301_20250801_199_0_6,199_0,1,38.726280212402344,-9.1496000289917,26,IN_TRANSIT_TO,2025-08-28 08:45:10,1206,4827,34-VR-15,POINT (-9.1496000289917 38.726280212402344)
2697_713,3616_20250901_122_0_9,122_0,0,38.707279205322266,-9.161299705505371,22,IN_TRANSIT_TO,2025-09-02 11:32:15,10007,2697,90-XF-59,POINT (-9.161299705505371 38.707279205322266)
2264_747,6123_20250901_177_0_12,177_0,1,38.76342010498047,-9.166930198669434,16,IN_TRANSIT_TO,2025-09-02 11:32:18,50006,2264,76-90-ZG,POINT (-9.166930198669434 38.76342010498047)
2739_756,6721_20250901_175_0_11,175_0,1,38.74203109741211,-9.131719589233398,19,IN_TRANSIT_TO,2025-09-02 11:32:26,312,2739,AG-31-EI,POINT (-9.131719589233398 38.74203109741211)
2653_727,4533_20250901_103_0_6,103_0,0,38.748878479003906,-9.141630172729492,3,IN_TRANSIT_TO,2025-09-02 11:32:26,201,2653,05-VZ-52,POINT (-9.141630172729492 38.748878479003906)
4830_736,5411_20250901_199_0_8,199_0,1,38.78282928466797,-9.166029930114746,6,IN_TRANSIT_TO,2025-09-02 11:30:41,7204,4830,20-VQ-63,POINT (-9.166029930114746 38.78282928466797)
2638_759,6914_20250901_144_0_7,144_0,0,38.763179779052734,-9.117369651794434,31,IN_TRANSIT_TO,2025-09-02 11:31:39,8437,2638,87-VS-48,POINT (-9.117369651794434 38.763179779052734)
6037_760,7083_20250901_171_0_2,171_0,1,38.71062088012695,-9.135270118713379,32,IN_TRANSIT_TO,2025-09-02 11:32:14,5519,6037,BG-37-LT,POINT (-9.135270118713379 38.71062088012695)
2617_759,6962_20250901_144_0_8,144_0,1,38.70735168457031,-9.133830070495605,43,IN_TRANSIT_TO,2025-09-02 11:32:19,8202,2617,66-VI-28,POINT (-9.133830070495605 38.70735168457031)
2633_781,7735_20250901_151_0_8,151_0,1,38.70872116088867,-9.1345796585083,27,IN_TRANSIT_TO,2025-09-02 11:32:26,4502,2633,52-VP-79,POINT (-9.1345796585083 38.70872116088867)
6005_706,3257_20250901_147_0_2,147_0,1,38.728519439697266,-9.1245698928833,8,IN_TRANSIT_TO,2025-09-02 11:32:22,11707,6005,81-ZC-91,POINT (-9.1245698928833 38.728519439697266)
2648_776,7475_20250901_193_0_29,193_0,1,38.69963073730469,-9.227999687194824,9,IN_TRANSIT_TO,2025-09-02 11:32:34,4219,2648,75-VS-46,POINT (-9.227999687194824 38.69963073730469)
2619_722,4109_20250901_196_0_7,196_0,0,38.76688003540039,-9.128870010375977,20,IN_TRANSIT_TO,2025-09-02 11:32:26,7511,2619,66-VI-37,POINT (-9.128870010375977 38.76688003540039)
2698_738,5551_20250901_117_0_7,117_0,0,38.72227096557617,-9.151969909667969,23,IN_TRANSIT_TO,2025-09-02 11:32:25,6806,2698,92-XQ-20,POINT (-9.151969909667969 38.72227096557617)
2716_712,3544_20250901_189_0_9,189_0,1,38.7234992980957,-9.131799697875977,22,IN_TRANSIT_TO,2025-09-02 11:32:21,602,2716,92-XQ-27,POINT (-9.131799697875977 38.7234992980957)
2991_774,7449_20250901_192_0_16,192_0,1,38.722999572753906,-9.15863037109375,8,IN_TRANSIT_TO,2025-09-02 11:32:25,6824,2991,29-VM-89,POINT (-9.15863037109375 38.722999572753906)
4820_751,6450_20250901_109_0_12,109_0,1,38.69744873046875,-9.198530197143555,33,IN_TRANSIT_TO,2025-09-02 11:32:21,29368,4820,20-VQ-62,POINT (-9.198530197143555 38.69744873046875)
283_734,5138_20250801_205_0_6,205_0,0,38.71443176269531,-9.123080253601074,16,IN_TRANSIT_TO,2025-08-07 08:52:19,2110,283,AI-49-OJ,POINT (-9.123080253601074 38.71443176269531)
577_25E,14262_20250901_79_0_11,79_0,1,38.71403121948242,-9.1693696975708,0,IN_TRANSIT_TO,2025-09-02 11:32:21,,577,,POINT (-9.1693696975708 38.71403121948242)
2642_781,7745_20250901_151_0_9,151_0,1,38.755218505859375,-9.101579666137695,17,IN_TRANSIT_TO,2025-09-02 11:32:15,50164,2642,75-VS-51,POINT (-9.101579666137695 38.755218505859375)
573_24E,17841_20250901_213_0_16,213_0,0,38.72420120239258,-9.159770011901855,9,IN_TRANSIT_TO,2025-09-02 11:32:36,50362,573,,POINT (-9.159770011901855 38.72420120239258)
2724_711,3488_20250901_101_0_8,101_0,1,38.73337173461914,-9.191069602966309,17,IN_TRANSIT_TO,2025-09-02 11:32:23,8716,2724,92-XQ-40,POINT (-9.191069602966309 38.73337173461914)
2326_735,5250_20250901_172_0_9,172_0,0,38.707271575927734,-9.141180038452148,2,IN_TRANSIT_TO,2025-09-02 11:32:26,3824,2326,67-49-ZJ,POINT (-9.141180038452148 38.707271575927734)
2981_730,4939_20250901_198_0_10,198_0,0,38.72146987915039,-9.130069732666016,16,IN_TRANSIT_TO,2025-09-02 11:32:27,9105,2981,29-VM-86,POINT (-9.130069732666016 38.72146987915039)
2618_705,3179_20250901_176_0_10,176_0,1,38.7670783996582,-9.128849983215332,8,IN_TRANSIT_TO,2025-09-02 11:32:09,7511,2618,66-VI-42,POINT (-9.128849983215332 38.7670783996582)
548_28E,15035_20250901_75_0_6,75_0,1,38.71031951904297,-9.131830215454102,20,IN_TRANSIT_TO,2025-09-02 11:32:25,13801,548,,POINT (-9.131830215454102 38.71031951904297)
2646_759,6971_20250901_144_0_8,144_0,1,38.71303176879883,-9.123319625854492,41,IN_TRANSIT_TO,2025-09-02 11:32:20,2118,2646,75-VS-48,POINT (-9.123319625854492 38.71303176879883)
2308_720,4097_20250901_143_0_10,143_0,0,38.74237823486328,-9.132169723510742,6,IN_TRANSIT_TO,2025-09-02 11:32:37,301,2308,83-17-ZM,POINT (-9.132169723510742 38.74237823486328)
2654_713,3610_20250901_122_0_10,122_0,1,38.727081298828125,-9.173250198364258,2,IN_TRANSIT_TO,2025-09-02 11:32:07,2704,2654,05-VZ-69,POINT (-9.173250198364258 38.727081298828125)
541_28E,14957_20250901_75_0_6,75_0,0,38.71044921875,-9.1314697265625,14,IN_TRANSIT_TO,2025-09-02 11:32:33,13816,541,,POINT (-9.1314697265625 38.71044921875)
2707_713,3587_20250901_122_0_10,122_0,1,38.733848571777344,-9.154379844665527,31,IN_TRANSIT_TO,2025-09-02 11:32:33,1406,2707,92-XQ-39,POINT (-9.154379844665527 38.733848571777344)
2612_718,3970_20250901_105_0_9,105_0,1,38.742618560791016,-9.101980209350586,20,IN_TRANSIT_TO,2025-09-02 11:32:09,12509,2612,66-VI-29,POINT (-9.101980209350586 38.742618560791016)
2736_756,6737_20250901_175_0_12,175_0,0,38.706298828125,-9.17549991607666,23,IN_TRANSIT_TO,2025-09-02 11:32:22,12110,2736,AG-47-EI,POINT (-9.17549991607666 38.706298828125)
6042_760,7021_20250901_171_0_7,171_0,0,38.70357894897461,-9.16312026977539,15,IN_TRANSIT_TO,2025-09-02 11:32:35,3906,6042,BG-97-LU,POINT (-9.16312026977539 38.70357894897461)
542_28E,15009_20250901_75_0_5,75_0,1,38.71297836303711,-9.128870010375977,24,IN_TRANSIT_TO,2025-09-02 11:32:19,13813,542,,POINT (-9.128870010375977 38.71297836303711)
574_24E,17831_20250901_213_0_15,213_0,1,38.71992111206055,-9.155030250549316,4,IN_TRANSIT_TO,2025-09-02 11:32:08,6823,574,,POINT (-9.155030250549316 38.71992111206055)
2713_712,3552_20250901_189_0_10,189_0,1,38.70920181274414,-9.17199993133545,3,IN_TRANSIT_TO,2025-09-02 11:32:19,9404,2713,92-XQ-34,POINT (-9.17199993133545 38.70920181274414)
2799_748,6185_20250901_169_0_5,169_0,1,38.724849700927734,-9.157380104064941,8,IN_TRANSIT_TO,2025-09-02 11:32:19,8502,2799,AJ-52-LI,POINT (-9.157380104064941 38.724849700927734)
2258_768,7336_20250901_111_0_12,111_0,0,38.75923156738281,-9.188679695129395,17,IN_TRANSIT_TO,2025-09-02 11:32:22,12816,2258,53-58-ZJ,POINT (-9.188679695129395 38.75923156738281)
544_28E,14969_20250901_75_0_8,75_0,0,38.718299865722656,-9.12987995147705,8,IN_TRANSIT_TO,2025-09-02 11:32:20,9131,544,,POINT (-9.12987995147705 38.718299865722656)
2996_45B,49560_20250901_277_0_9,277_0,0,38.762001037597656,-9.163249969482422,12,IN_TRANSIT_TO,2025-09-02 11:32:10,5808,2996,30-VM-03,POINT (-9.163249969482422 38.762001037597656)
2769_727,4467_20250901_103_0_5,103_0,0,38.697418212890625,-9.199399948120117,36,IN_TRANSIT_TO,2025-09-02 11:32:21,4112,2769,AH-19-ND,POINT (-9.199399948120117 38.697418212890625)
402_19B,21686_20250901_245_0_10,245_0,0,38.71577072143555,-9.144169807434082,14,IN_TRANSIT_TO,2025-09-02 11:32:31,10602,402,BF-81-TP,POINT (-9.144169807434082 38.71577072143555)
2636_722,4126_20250901_196_0_8,196_0,1,38.743019104003906,-9.133049964904785,23,IN_TRANSIT_TO,2025-09-02 11:32:14,308,2636,87-VS-50,POINT (-9.133049964904785 38.743019104003906)
2686_714,3631_20250901_102_0_9,102_0,0,38.722679138183594,-9.21697998046875,33,IN_TRANSIT_TO,2025-09-02 11:32:24,18706,2686,99-XE-58,POINT (-9.21697998046875 38.722679138183594)
2652_755,6692_20250901_118_0_9,118_0,1,38.74803161621094,-9.112930297851562,30,IN_TRANSIT_TO,2025-09-02 11:32:12,3714,2652,05-VZ-61,POINT (-9.112930297851562 38.74803161621094)
2620_744,5806_20250901_200_0_7,200_0,0,38.735069274902344,-9.145079612731934,6,IN_TRANSIT_TO,2025-09-02 11:32:21,1807,2620,66-VI-33,POINT (-9.145079612731934 38.735069274902344)
2621_744,5834_20250901_200_0_8,200_0,1,38.76906967163086,-9.116880416870117,10,IN_TRANSIT_TO,2025-09-02 11:31:27,7708,2621,66-VI-45,POINT (-9.116880416870117 38.76906967163086)
2622_705,3185_20250901_176_0_9,176_0,0,38.77042007446289,-9.128230094909668,17,IN_TRANSIT_TO,2025-09-02 11:32:10,7604,2622,66-VI-21,POINT (-9.128230094909668 38.77042007446289)
2656_749,6200_20250901_195_5_12,195_5,0,38.751949310302734,-9.113969802856445,2,IN_TRANSIT_TO,2025-09-02 11:32:21,50070,2656,05-VZ-53,POINT (-9.113969802856445 38.751949310302734)
2985_797,8158_20250901_163_0_23,163_0,1,38.729881286621094,-9.130620002746582,5,IN_TRANSIT_TO,2025-09-02 11:32:36,50395,2985,30-VM-14,POINT (-9.130620002746582 38.729881286621094)
2982_774,7429_20250901_192_0_17,192_0,0,38.722469329833984,-9.157750129699707,7,IN_TRANSIT_TO,2025-09-02 11:32:12,8516,2982,30-VM-23,POINT (-9.157750129699707 38.722469329833984)
2976_34B,19150_20250901_226_0_7,226_0,0,38.74005126953125,-9.123800277709961,2,IN_TRANSIT_TO,2025-09-02 11:32:21,8913,2976,30-VM-00,POINT (-9.123800277709961 38.74005126953125)
552_18E,12198_20250901_78_0_11,78_0,0,38.70637130737305,-9.147669792175293,1,IN_TRANSIT_TO,2025-09-02 11:32:20,50339,552,,POINT (-9.147669792175293 38.70637130737305)
2634_744,5842_20250901_200_0_7,200_0,0,38.771331787109375,-9.09727954864502,25,IN_TRANSIT_TO,2025-09-02 11:32:07,7805,2634,52-VP-85,POINT (-9.09727954864502 38.771331787109375)
2980_730,4959_20250901_198_0_11,198_0,1,38.72182846069336,-9.130570411682129,10,IN_TRANSIT_TO,2025-09-02 11:32:10,602,2980,29-VM-90,POINT (-9.130570411682129 38.72182846069336)
2663_714,3697_20240914_102_0_16,102_0,1,38.72127151489258,-9.221500396728516,4,IN_TRANSIT_TO,2024-10-22 20:26:58,18703,2663,05-VZ-62,POINT (-9.221500396728516 38.72127151489258)
2659_738,5520_20250901_117_0_8,117_0,1,38.73160171508789,-9.146100044250488,19,IN_TRANSIT_TO,2025-09-02 11:32:33,1713,2659,05-VZ-57,POINT (-9.146100044250488 38.73160171508789)
576_28E,15021_20250901_75_0_7,75_0,1,38.71281814575195,-9.129400253295898,24,IN_TRANSIT_TO,2025-09-02 11:32:29,13813,576,,POINT (-9.129400253295898 38.71281814575195)
581_12E,11032_20250901_77_0_8,77_0,0,38.71540069580078,-9.131970405578613,4,IN_TRANSIT_TO,2025-09-02 11:32:14,13822,581,,POINT (-9.131970405578613 38.71540069580078)
2615_759,6900_20250901_144_0_6,144_0,1,38.77198028564453,-9.117569923400879,12,IN_TRANSIT_TO,2025-09-02 11:30:54,50079,2615,66-VI-27,POINT (-9.117569923400879 38.77198028564453)
554_28E,14894_20250901_75_0_7,75_0,1,38.71315002441406,-9.158720016479492,6,IN_TRANSIT_TO,2025-09-02 11:32:30,8111,554,,POINT (-9.158720016479492 38.71315002441406)
1714_701,2969_20250901_123_0_9,123_0,0,38.74776840209961,-9.17117977142334,17,IN_TRANSIT_TO,2025-09-02 11:32:25,12710,1714,69-AL-77,POINT (-9.17117977142334 38.74776840209961)
2995_52B,21660_20250901_244_0_9,244_0,0,38.73686981201172,-9.149200439453125,14,IN_TRANSIT_TO,2025-09-02 11:32:20,1811,2995,30-VM-15,POINT (-9.149200439453125 38.73686981201172)
580_28E,14983_20250901_75_0_8,75_0,0,38.719200134277344,-9.135530471801758,2,IN_TRANSIT_TO,2025-09-02 11:32:30,803,580,,POINT (-9.135530471801758 38.719200134277344)
543_12E,11031_20250901_77_0_9,77_0,1,38.70804977416992,-9.141469955444336,4,IN_TRANSIT_TO,2025-09-02 11:27:55,10519,543,,POINT (-9.141469955444336 38.70804977416992)
550_18E,12180_20250901_78_0_14,78_0,1,38.704200744628906,-9.189800262451172,9,IN_TRANSIT_TO,2025-09-02 11:32:21,13405,550,,POINT (-9.189800262451172 38.704200744628906)
2963_799,8214_20250901_120_0_13,120_0,1,38.73957061767578,-9.224169731140137,2,IN_TRANSIT_TO,2025-09-02 11:32:11,18127,2963,29-VM-88,POINT (-9.224169731140137 38.73957061767578)
2687_723,4165_20250901_121_0_10,121_0,1,38.71274948120117,-9.213749885559082,10,IN_TRANSIT_TO,2025-09-02 11:32:20,12402,2687,93-XA-44,POINT (-9.213749885559082 38.71274948120117)
404_73B,18772_20250901_220_0_9,220_0,0,38.70037078857422,-9.19027042388916,6,IN_TRANSIT_TO,2025-09-02 11:32:33,50379,404,BF-14-TQ,POINT (-9.19027042388916 38.70037078857422)
2708_709,3389_20250901_148_0_17,148_0,1,38.71446990966797,-9.162130355834961,3,IN_TRANSIT_TO,2025-09-02 11:32:23,8001,2708,92-XQ-32,POINT (-9.162130355834961 38.71446990966797)
2696_714,3675_20250901_102_0_9,102_0,0,38.70566940307617,-9.143919944763184,0,IN_TRANSIT_TO,2025-09-02 11:32:36,,2696,90-XF-63,POINT (-9.143919944763184 38.70566940307617)
2644_781,7719_20250901_151_0_9,151_0,0,38.708431243896484,-9.136320114135742,3,IN_TRANSIT_TO,2025-09-02 11:31:40,5501,2644,87-VS-52,POINT (-9.136320114135742 38.708431243896484)
2662_723,4140_20250901_121_0_9,121_0,0,38.72529983520508,-9.144479751586914,4,IN_TRANSIT_TO,2025-09-02 11:32:18,6603,2662,05-VZ-51,POINT (-9.144479751586914 38.72529983520508)
507_15E,11199_20250901_76_0_9,76_0,0,38.70130157470703,-9.181099891662598,11,IN_TRANSIT_TO,2025-09-02 11:30:04,12108,507,,POINT (-9.181099891662598 38.70130157470703)
264_61B,21529_20250901_241_0_13,241_0,0,38.725929260253906,-9.16862964630127,3,IN_TRANSIT_TO,2025-09-02 11:32:33,50508,264,AG-42-OV,POINT (-9.16862964630127 38.725929260253906)
4824_736,5302_20250901_199_0_7,199_0,0,38.75804901123047,-9.15347957611084,15,IN_TRANSIT_TO,2025-09-02 11:32:20,5805,4824,34-VR-19,POINT (-9.15347957611084 38.75804901123047)
555_25E,14254_20250901_79_0_12,79_0,0,38.709598541259766,-9.135499954223633,1,IN_TRANSIT_TO,2025-09-02 11:32:30,50620,555,,POINT (-9.135499954223633 38.709598541259766)
4817_751,6439_20250901_109_0_10,109_0,0,38.697349548339844,-9.203129768371582,15,IN_TRANSIT_TO,2025-09-02 11:32:30,4112,4817,00-VV-37,POINT (-9.203129768371582 38.697349548339844)
2987_72B,45264_20250901_279_0_8,279_0,0,38.75617980957031,-9.204750061035156,7,IN_TRANSIT_TO,2025-09-02 11:32:30,13702,2987,29-VM-99,POINT (-9.204750061035156 38.75617980957031)
575_28E,15047_20250901_75_0_7,75_0,1,38.71099853515625,-9.14957046508789,11,IN_TRANSIT_TO,2025-09-02 11:32:22,9903,575,,POINT (-9.14957046508789 38.71099853515625)
2655_720,4090_20250901_143_0_7,143_0,0,38.70426940917969,-9.173930168151855,25,IN_TRANSIT_TO,2025-09-02 11:32:26,4004,2655,05-VZ-67,POINT (-9.173930168151855 38.70426940917969)
269_65B,22207_20250901_250_0_9,250_0,0,38.71746826171875,-9.169650077819824,3,IN_TRANSIT_TO,2025-09-02 11:32:19,8012,269,AG-25-NH,POINT (-9.169650077819824 38.71746826171875)
2782_712,3562_20250901_189_0_9,189_0,0,38.72578048706055,-9.14922046661377,17,IN_TRANSIT_TO,2025-09-02 11:32:15,1202,2782,AI-99-BS,POINT (-9.14922046661377 38.72578048706055)
4644_750,6266_20250901_106_0_8,106_0,0,38.74913024902344,-9.190500259399414,22,IN_TRANSIT_TO,2025-09-02 11:32:15,10806,4644,27-JO-11,POINT (-9.190500259399414 38.74913024902344)
2984_797,8169_20250901_163_0_17,163_0,0,38.7336311340332,-9.133299827575684,2,IN_TRANSIT_TO,2025-09-02 11:32:18,402,2984,30-VM-04,POINT (-9.133299827575684 38.7336311340332)
2744_755,6678_20250901_118_0_7,118_0,0,38.74671936035156,-9.106880187988281,7,IN_TRANSIT_TO,2025-09-02 11:32:02,2210,2744,AG-13-TH,POINT (-9.106880187988281 38.74671936035156)
4803_728,4576_20250901_204_0_8,204_0,0,38.706298828125,-9.145779609680176,18,IN_TRANSIT_TO,2025-09-02 11:32:30,7101,4803,77-VP-16,POINT (-9.145779609680176 38.706298828125)
2651_776,7488_20250901_193_0_25,193_0,1,38.70766830444336,-9.251500129699707,0,IN_TRANSIT_TO,2025-09-02 11:32:17,,2651,05-VZ-54,POINT (-9.251500129699707 38.70766830444336)
2720_711,3504_20250901_101_0_6,101_0,0,38.74626922607422,-9.217100143432617,28,IN_TRANSIT_TO,2025-09-02 11:32:36,3014,2720,92-XQ-28,POINT (-9.217100143432617 38.74626922607422)
2665_746,5953_20250901_108_0_11,108_0,0,38.749019622802734,-9.216019630432129,23,IN_TRANSIT_TO,2025-09-02 11:32:33,50234,2665,87-XB-33,POINT (-9.216019630432129 38.749019622802734)
2645_759,6972_20250901_144_0_8,144_0,1,38.75592041015625,-9.113619804382324,20,IN_TRANSIT_TO,2025-09-02 11:32:28,24367,2645,87-VS-49,POINT (-9.113619804382324 38.75592041015625)
2983_702,3064_20250901_146_0_20,146_0,1,38.725101470947266,-9.15155029296875,13,IN_TRANSIT_TO,2025-09-02 11:32:14,50197,2983,30-VM-08,POINT (-9.15155029296875 38.725101470947266)
262_61B,21519_20250901_241_0_13,241_0,1,38.733848571777344,-9.171070098876953,2,IN_TRANSIT_TO,2025-09-02 11:32:24,2709,262,AF-49-ZD,POINT (-9.171070098876953 38.733848571777344)
4635_796,8126_20250901_174_0_20,174_0,1,38.78382873535156,-9.161520004272461,8,IN_TRANSIT_TO,2025-09-02 11:32:28,7216,4635,90-JI-95,POINT (-9.161520004272461 38.78382873535156)
2966_737,5501_20250901_173_0_15,173_0,0,38.71205139160156,-9.13148021697998,5,IN_TRANSIT_TO,2025-09-02 11:32:37,13807,2966,30-VM-20,POINT (-9.13148021697998 38.71205139160156)
2631_744,5812_20250901_200_0_9,200_0,0,38.71562957763672,-9.14132022857666,0,IN_TRANSIT_TO,2025-09-02 11:32:13,,2631,52-VP-80,POINT (-9.14132022857666 38.71562957763672)
4632_736,5362_20250901_199_0_8,199_0,1,38.715431213378906,-9.141670227050781,28,IN_TRANSIT_TO,2025-09-02 11:31:27,1006,4632,98-JO-43,POINT (-9.141670227050781 38.715431213378906)
2625_759,6953_20250901_144_0_7,144_0,0,38.71432113647461,-9.12285041809082,7,IN_TRANSIT_TO,2025-09-02 11:32:28,2101,2625,72-VP-79,POINT (-9.12285041809082 38.71432113647461)
2274_716,3736_20250901_164_0_8,164_0,1,38.7388801574707,-9.15326976776123,17,IN_TRANSIT_TO,2025-09-02 11:32:38,1504,2274,76-79-ZG,POINT (-9.15326976776123 38.7388801574707)
2428_771,21935_20250901_248_0_10,248_0,0,38.7169303894043,-9.200200080871582,14,IN_TRANSIT_TO,2025-09-02 11:32:23,21303,2428,29-AX-13,POINT (-9.200200080871582 38.7169303894043)
2310_717,3835_20250901_170_0_9,170_0,1,38.7796516418457,-9.151300430297852,13,IN_TRANSIT_TO,2025-09-02 11:31:59,11509,2310,83-07-ZM,POINT (-9.151300430297852 38.7796516418457)
2489_767,7186_20250901_112_0_6,112_0,1,38.74810028076172,-9.191349983215332,15,IN_TRANSIT_TO,2025-09-02 11:32:11,10835,2489,55-BH-05,POINT (-9.191349983215332 38.74810028076172)
2402_729,4762_20250901_104_0_7,104_0,1,38.739051818847656,-9.201970100402832,22,IN_TRANSIT_TO,2025-09-02 11:32:11,8837,2402,50-AL-13,POINT (-9.201970100402832 38.739051818847656)
2443_771,21939_20250901_248_0_12,248_0,0,38.74089813232422,-9.168180465698242,2,IN_TRANSIT_TO,2025-09-02 11:32:19,1610,2443,29-AX-05,POINT (-9.168180465698242 38.74089813232422)
2490_755,6634_20250901_118_0_9,118_0,1,38.75006866455078,-9.161919593811035,4,IN_TRANSIT_TO,2025-09-02 11:32:08,12705,2490,55-BH-01,POINT (-9.161919593811035 38.75006866455078)
6044_760,7041_20250901_171_0_9,171_0,0,38.71512985229492,-9.137299537658691,7,IN_TRANSIT_TO,2025-09-02 11:32:16,809,6044,BG-87-LX,POINT (-9.137299537658691 38.71512985229492)
2994_52B,21670_20250901_244_0_9,244_0,0,38.74127960205078,-9.163379669189453,2,IN_TRANSIT_TO,2025-09-02 11:32:17,1605,2994,29-VM-91,POINT (-9.163379669189453 38.74127960205078)
2404_767,7232_20250901_112_0_5,112_0,0,38.756351470947266,-9.204319953918457,38,IN_TRANSIT_TO,2025-09-02 11:32:06,13702,2404,50-AL-11,POINT (-9.204319953918457 38.756351470947266)
2246_799,8221_20250901_120_0_13,120_0,0,38.75585174560547,-9.193869590759277,2,IN_TRANSIT_TO,2025-09-02 11:32:09,50242,2246,22-38-ZB,POINT (-9.193869590759277 38.75585174560547)
2709_738,5552_20250901_117_0_6,117_0,0,38.75006866455078,-9.158550262451172,8,IN_TRANSIT_TO,2025-09-02 11:32:28,13509,2709,92-XQ-42,POINT (-9.158550262451172 38.75006866455078)
2760_727,4506_20250901_103_0_5,103_0,0,38.706329345703125,-9.175350189208984,29,IN_TRANSIT_TO,2025-09-02 11:32:17,12110,2760,AH-35-ND,POINT (-9.175350189208984 38.706329345703125)
2299_793,7985_20250901_145_0_12,145_0,0,38.74169921875,-9.12874984741211,26,IN_TRANSIT_TO,2025-09-02 11:32:22,9007,2299,83-14-ZM,POINT (-9.12874984741211 38.74169921875)
2478_726,4343_20250901_116_0_7,116_0,0,38.74702072143555,-9.170479774475098,19,IN_TRANSIT_TO,2025-09-02 11:32:21,12707,2478,91-BE-80,POINT (-9.170479774475098 38.74702072143555)
2496_708,3280_20250901_100_0_8,100_0,0,38.758201599121094,-9.111849784851074,19,IN_TRANSIT_TO,2025-09-02 11:32:11,8409,2496,88-BL-70,POINT (-9.111849784851074 38.758201599121094)
4639_736,5403_20250901_199_0_8,199_0,1,38.75988006591797,-9.156900405883789,14,IN_TRANSIT_TO,2025-09-02 11:32:12,5808,4639,27-JO-13,POINT (-9.156900405883789 38.75988006591797)
4647_728,4676_20250901_204_0_7,204_0,1,38.76607131958008,-9.098150253295898,9,IN_TRANSIT_TO,2025-09-02 11:32:12,7805,4647,02-JN-88,POINT (-9.098150253295898 38.76607131958008)
1749_735,5250_20250901_172_0_15,172_0,0,38.74905014038086,-9.141619682312012,25,IN_TRANSIT_TO,2025-09-01 17:40:10,201,1749,92-HR-06,POINT (-9.141619682312012 38.74905014038086)
2971_34B,19140_20250901_226_0_7,226_0,0,38.747501373291016,-9.115570068359375,36,IN_TRANSIT_TO,2025-09-02 11:32:10,3604,2971,29-VM-98,POINT (-9.115570068359375 38.747501373291016)
4636_796,8143_20250901_174_0_19,174_0,0,38.77336883544922,-9.161479949951172,5,IN_TRANSIT_TO,2025-09-02 11:32:28,5907,4636,90-JI-97,POINT (-9.161479949951172 38.77336883544922)
4802_728,4592_20250901_204_0_8,204_0,0,38.69717025756836,-9.200750350952148,11,IN_TRANSIT_TO,2025-09-02 11:32:01,4109,4802,77-VP-17,POINT (-9.200750350952148 38.69717025756836)
4812_748,6178_20250901_169_0_6,169_0,0,38.72465133666992,-9.15956974029541,3,IN_TRANSIT_TO,2025-09-02 11:32:16,1223,4812,20-VQ-70,POINT (-9.15956974029541 38.72465133666992)
2802_718,3932_20250901_105_0_9,105_0,1,38.734920501708984,-9.134129524230957,4,IN_TRANSIT_TO,2025-09-02 11:32:32,402,2802,01-IH-91,POINT (-9.134129524230957 38.734920501708984)
2807_718,3965_20250901_105_0_10,105_0,0,38.75294876098633,-9.110329627990723,6,IN_TRANSIT_TO,2025-09-02 11:32:10,24386,2807,01-IH-96,POINT (-9.110329627990723 38.75294876098633)
2960_40B,19261_20250901_212_0_10,212_0,1,38.7736701965332,-9.161600112915039,2,IN_TRANSIT_TO,2025-09-02 11:32:38,5905,2960,27-GU-75,POINT (-9.161600112915039 38.7736701965332)
2453_703,3106_20250901_165_0_8,165_0,0,38.77080154418945,-9.166680335998535,18,IN_TRANSIT_TO,2025-09-02 11:32:31,5915,2453,16-AZ-13,POINT (-9.166680335998535 38.77080154418945)
2804_718,3943_20250901_105_0_10,105_0,0,38.73482894897461,-9.13368034362793,28,IN_TRANSIT_TO,2025-09-02 11:32:11,509,2804,01-IH-93,POINT (-9.13368034362793 38.73482894897461)
4640_736,20048_20250901_199_0_9,199_0,0,38.786869049072266,-9.181249618530273,30,IN_TRANSIT_TO,2025-09-02 11:32:27,15102,4640,02-JN-87,POINT (-9.181249618530273 38.786869049072266)
1753_742,5773_20250901_114_0_7,114_0,1,38.705448150634766,-9.176369667053223,20,IN_TRANSIT_TO,2025-09-02 11:32:19,12105,1753,34-HU-19,POINT (-9.176369667053223 38.705448150634766)
2761_727,4448_20250901_103_0_5,103_0,1,38.70233154296875,-9.202469825744629,9,IN_TRANSIT_TO,2025-09-02 11:31:50,13113,2761,AH-33-ND,POINT (-9.202469825744629 38.70233154296875)
2810_29B,17533_20250901_209_0_9,209_0,0,38.75830078125,-9.107999801635742,4,IN_TRANSIT_TO,2025-09-02 11:32:27,8440,2810,01-IH-99,POINT (-9.107999801635742 38.75830078125)
1755_717,3769_20250901_170_0_9,170_0,0,38.771331787109375,-9.160329818725586,19,IN_TRANSIT_TO,2025-09-02 11:32:21,5903,1755,34-HU-21,POINT (-9.160329818725586 38.771331787109375)
231_49B,22213_20250901_251_0_9,251_0,0,38.74412155151367,-9.134269714355469,17,IN_TRANSIT_TO,2025-09-02 11:32:30,50109,231,84-47-XQ,POINT (-9.134269714355469 38.74412155151367)
2411_767,7251_20250901_112_0_4,112_0,1,38.759178161621094,-9.1808500289917,39,IN_TRANSIT_TO,2025-09-02 11:32:10,11105,2411,62-AL-11,POINT (-9.1808500289917 38.759178161621094)
2700_738,5541_20250901_117_0_6,117_0,0,38.70478057861328,-9.168049812316895,30,IN_TRANSIT_TO,2025-09-02 11:32:32,10206,2700,92-XQ-26,POINT (-9.168049812316895 38.70478057861328)
2667_764,7134_20250901_168_0_9,168_0,0,38.74517059326172,-9.202269554138184,20,IN_TRANSIT_TO,2025-09-02 11:32:27,2806,2667,87-XB-45,POINT (-9.202269554138184 38.74517059326172)
2410_747,6107_20250901_177_0_12,177_0,0,38.76625061035156,-9.198149681091309,19,IN_TRANSIT_TO,2025-09-02 11:32:27,14111,2410,92-AO-46,POINT (-9.198149681091309 38.76625061035156)
2280_726,4327_20250901_116_0_6,116_0,1,38.76020050048828,-9.183279991149902,7,IN_TRANSIT_TO,2025-09-02 11:32:19,12819,2280,67-40-ZJ,POINT (-9.183279991149902 38.76020050048828)
4608_750,6403_20250901_106_0_8,106_0,1,38.69860076904297,-9.227270126342773,0,IN_TRANSIT_TO,2025-09-02 11:32:25,,4608,96-GL-85,POINT (-9.227270126342773 38.69860076904297)
2777_711,3448_20250901_101_0_8,101_0,1,38.72325134277344,-9.165630340576172,26,IN_TRANSIT_TO,2025-09-02 11:10:11,8608,2777,AI-01-BT,POINT (-9.165630340576172 38.72325134277344)
2762_723,4179_20250901_121_0_7,121_0,0,38.72610092163086,-9.193400382995605,10,IN_TRANSIT_TO,2025-09-02 11:32:13,8607,2762,AH-38-ND,POINT (-9.193400382995605 38.72610092163086)
302_744,5820_20250901_200_0_8,200_0,1,38.74061965942383,-9.146570205688477,25,IN_TRANSIT_TO,2025-09-02 11:32:17,1902,302,22-SP-89,POINT (-9.146570205688477 38.74061965942383)
2623_781,7758_20250901_151_0_8,151_0,0,38.75630187988281,-9.104470252990723,14,IN_TRANSIT_TO,2025-09-02 11:32:15,2304,2623,66-VI-26,POINT (-9.104470252990723 38.75630187988281)
2734_742,5723_20250901_114_0_6,114_0,0,38.70663070678711,-9.173720359802246,38,IN_TRANSIT_TO,2025-09-02 11:32:11,9401,2734,AG-50-EI,POINT (-9.173720359802246 38.70663070678711)
2756_723,4162_20250901_121_0_8,121_0,1,38.72420120239258,-9.181900024414062,25,IN_TRANSIT_TO,2025-09-02 11:32:13,50324,2756,AH-27-ND,POINT (-9.181900024414062 38.72420120239258)
2450_767,7287_20250901_112_0_7,112_0,0,38.72945022583008,-9.140399932861328,4,IN_TRANSIT_TO,2025-09-02 11:32:15,6904,2450,44-BC-36,POINT (-9.140399932861328 38.72945022583008)
2483_726,4266_20250901_116_0_7,116_0,0,38.734981536865234,-9.141579627990723,9,IN_TRANSIT_TO,2025-09-02 11:32:07,11102,2483,74-BC-66,POINT (-9.141579627990723 38.734981536865234)
1711_717,3791_20250901_170_0_9,170_0,0,38.73733139038086,-9.133729934692383,2,IN_TRANSIT_TO,2025-09-02 11:32:12,414,1711,69-AL-74,POINT (-9.133729934692383 38.73733139038086)
2797_727,4525_20250901_103_0_6,103_0,0,38.7286491394043,-9.14799976348877,11,IN_TRANSIT_TO,2025-09-02 11:32:19,1704,2797,AJ-57-LI,POINT (-9.14799976348877 38.7286491394043)
2284_768,7340_20250901_111_0_9,111_0,0,38.74993133544922,-9.16528034210205,2,IN_TRANSIT_TO,2025-09-02 11:32:31,13508,2284,67-36-ZJ,POINT (-9.16528034210205 38.74993133544922)
1705_717,3790_20250901_170_0_9,170_0,0,38.758121490478516,-9.141619682312012,12,IN_TRANSIT_TO,2025-09-02 11:32:08,11306,1705,69-AL-68,POINT (-9.141619682312012 38.758121490478516)
2784_751,6513_20250901_109_0_9,109_0,1,38.69908142089844,-9.22577953338623,11,IN_TRANSIT_TO,2025-09-02 11:32:36,4210,2784,AI-09-BT,POINT (-9.22577953338623 38.69908142089844)
4628_736,5342_20250901_199_0_9,199_0,0,38.71628189086914,-9.142069816589355,2,IN_TRANSIT_TO,2025-09-02 11:32:32,1010,4628,27-JO-10,POINT (-9.142069816589355 38.71628189086914)
1770_794,8032_20250901_115_0_9,115_0,1,38.754371643066406,-9.108719825744629,8,IN_TRANSIT_TO,2025-09-02 11:32:13,24366,1770,63-HX-17,POINT (-9.108719825744629 38.754371643066406)
1710_701,2980_20250901_123_0_11,123_0,1,38.750030517578125,-9.159870147705078,23,IN_TRANSIT_TO,2025-09-02 11:31:21,13509,1710,69-AL-73,POINT (-9.159870147705078 38.750030517578125)
2480_716,3720_20250901_164_0_13,164_0,0,38.74457931518555,-9.179280281066895,16,IN_TRANSIT_TO,2025-09-02 11:32:22,10704,2480,91-BE-75,POINT (-9.179280281066895 38.74457931518555)
217_773,7373_20250901_124_0_13,124_0,0,38.71271896362305,-9.166919708251953,19,IN_TRANSIT_TO,2025-09-02 11:32:26,10107,217,29-98-XM,POINT (-9.166919708251953 38.71271896362305)
2767_723,4173_20250901_121_0_9,121_0,0,38.713680267333984,-9.200770378112793,13,IN_TRANSIT_TO,2025-09-02 11:32:17,21303,2767,AH-34-ND,POINT (-9.200770378112793 38.713680267333984)
2454_729,4826_20250901_104_0_8,104_0,0,38.76512908935547,-9.19890022277832,6,IN_TRANSIT_TO,2025-09-02 11:32:26,13909,2454,16-AZ-18,POINT (-9.19890022277832 38.76512908935547)
2482_726,4330_20250901_116_0_7,116_0,0,38.76182174682617,-9.19694995880127,29,IN_TRANSIT_TO,2025-09-02 11:32:27,13912,2482,55-BH-02,POINT (-9.19694995880127 38.76182174682617)
2801_725,4251_20250901_197_0_18,197_0,1,38.79016876220703,-9.123029708862305,3,IN_TRANSIT_TO,2025-09-02 11:32:30,50178,2801,38-HU-27,POINT (-9.123029708862305 38.79016876220703)
1769_742,5726_20250901_114_0_5,114_0,0,38.726829528808594,-9.159770011901855,28,IN_TRANSIT_TO,2025-09-02 11:32:27,6115,1769,63-HX-24,POINT (-9.159770011901855 38.726829528808594)
1767_755,6656_20250901_118_0_10,118_0,0,38.75286865234375,-9.123570442199707,25,IN_TRANSIT_TO,2025-09-02 11:31:44,14715,1767,63-HX-29,POINT (-9.123570442199707 38.75286865234375)
2768_709,3392_20250901_148_0_18,148_0,0,38.7200813293457,-9.154850006103516,6,IN_TRANSIT_TO,2025-09-02 11:32:29,6820,2768,AH-25-ND,POINT (-9.154850006103516 38.7200813293457)
1722_742,5679_20250901_114_0_7,114_0,1,38.71377182006836,-9.196700096130371,2,IN_TRANSIT_TO,2025-09-02 11:32:17,12928,1722,25-AS-34,POINT (-9.196700096130371 38.71377182006836)
2470_716,3742_20250901_164_0_12,164_0,1,38.735198974609375,-9.144229888916016,21,IN_TRANSIT_TO,2025-09-02 11:32:33,1806,2470,74-BC-71,POINT (-9.144229888916016 38.735198974609375)
2433_767,7273_20250901_112_0_7,112_0,0,38.738521575927734,-9.136699676513672,8,IN_TRANSIT_TO,2025-09-02 11:32:12,11114,2433,44-BC-28,POINT (-9.136699676513672 38.738521575927734)
2239_758,6879_20250901_150_0_9,150_0,0,38.752220153808594,-9.205699920654297,30,IN_TRANSIT_TO,2025-09-02 11:32:19,10902,2239,06-30-XX,POINT (-9.205699920654297 38.752220153808594)
2412_758,6798_20250901_150_0_7,150_0,0,38.720481872558594,-9.159079551696777,8,IN_TRANSIT_TO,2025-09-02 11:32:10,6812,2412,92-AO-48,POINT (-9.159079551696777 38.720481872558594)
1704_701,2951_20250901_123_0_12,123_0,0,38.72542190551758,-9.163299560546875,26,IN_TRANSIT_TO,2025-09-02 11:32:10,6113,1704,35-AL-14,POINT (-9.163299560546875 38.72542190551758)
2447_767,7197_20250901_112_0_6,112_0,1,38.756351470947266,-9.203479766845703,9,IN_TRANSIT_TO,2025-09-02 11:32:27,13712,2447,44-BC-33,POINT (-9.203479766845703 38.756351470947266)
1771_717,3854_20250901_170_0_10,170_0,1,38.7958984375,-9.149550437927246,3,IN_TRANSIT_TO,2025-09-02 11:32:34,16005,1771,63-HX-27,POINT (-9.149550437927246 38.7958984375)
1772_742,5661_20250901_114_0_8,114_0,1,38.709999084472656,-9.192230224609375,7,IN_TRANSIT_TO,2025-09-02 11:32:14,10309,1772,63-HX-22,POINT (-9.192230224609375 38.709999084472656)
1725_708,3355_20250901_100_0_5,100_0,0,38.76863098144531,-9.098219871520996,28,IN_TRANSIT_TO,2025-09-02 11:32:33,7805,1725,25-AS-37,POINT (-9.098219871520996 38.76863098144531)
202_17B,21702_20250901_247_0_8,247_0,0,38.73752975463867,-9.134679794311523,2,IN_TRANSIT_TO,2025-09-02 11:32:18,407,202,89-58-XD,POINT (-9.134679794311523 38.73752975463867)
2467_726,4288_20250901_116_0_8,116_0,1,38.728668212890625,-9.13757038116455,28,IN_TRANSIT_TO,2025-09-02 11:32:34,6503,2467,16-AZ-14,POINT (-9.13757038116455 38.728668212890625)
2823_728,4572_20250901_204_0_6,204_0,0,38.708431243896484,-9.13640022277832,21,IN_TRANSIT_TO,2025-09-02 11:32:09,5501,2823,BF-64-FZ,POINT (-9.13640022277832 38.708431243896484)
2473_729,4818_20250901_104_0_8,104_0,0,38.74720001220703,-9.200400352478027,16,IN_TRANSIT_TO,2025-09-02 11:32:31,10919,2473,74-BC-68,POINT (-9.200400352478027 38.74720001220703)
2333_735,5266_20250901_172_0_8,172_0,1,38.731571197509766,-9.127650260925293,16,IN_TRANSIT_TO,2025-09-02 11:32:34,502,2333,62-97-ZG,POINT (-9.127650260925293 38.731571197509766)
2497_720,4058_20250901_143_0_7,143_0,1,38.71952819824219,-9.155900001525879,13,IN_TRANSIT_TO,2025-09-02 11:32:18,6801,2497,88-BL-71,POINT (-9.155900001525879 38.71952819824219)
2285_758,6882_20250901_150_0_7,150_0,0,38.7451286315918,-9.180729866027832,22,IN_TRANSIT_TO,2025-09-02 11:32:31,10704,2285,67-55-ZJ,POINT (-9.180729866027832 38.7451286315918)
2338_794,8074_20250901_115_0_9,115_0,0,38.72782897949219,-9.114680290222168,8,IN_TRANSIT_TO,2025-09-02 11:32:28,8321,2338,53-62-ZJ,POINT (-9.114680290222168 38.72782897949219)
2758_727,4541_20250901_103_0_4,103_0,1,38.73815155029297,-9.145819664001465,41,IN_TRANSIT_TO,2025-09-02 11:32:30,1805,2758,AH-36-ND,POINT (-9.145819664001465 38.73815155029297)
2420_726,4310_20250901_116_0_8,116_0,1,38.73836898803711,-9.161970138549805,18,IN_TRANSIT_TO,2025-09-02 11:32:13,1602,2420,29-AU-15,POINT (-9.161970138549805 38.73836898803711)
2839_753,6574_20250901_167_0_13,167_0,0,38.675270080566406,-9.174400329589844,7,IN_TRANSIT_TO,2025-09-02 11:32:23,8607,2839,BF-69-FZ,POINT (-9.174400329589844 38.675270080566406)
1703_701,2933_20250901_123_0_13,123_0,1,38.725399017333984,-9.163370132446289,6,IN_TRANSIT_TO,2025-09-02 11:32:20,8508,1703,35-AL-13,POINT (-9.163370132446289 38.725399017333984)
2465_716,3749_20250901_164_0_11,164_0,0,38.75101852416992,-9.202719688415527,23,IN_TRANSIT_TO,2025-09-02 11:19:26,10904,2465,55-BH-00,POINT (-9.202719688415527 38.75101852416992)
1715_701,2977_20250901_123_0_6,123_0,0,38.76042938232422,-9.156370162963867,25,IN_TRANSIT_TO,2025-09-02 11:32:18,6122,1715,69-AL-78,POINT (-9.156370162963867 38.76042938232422)
1777_742,5772_20250901_114_0_8,114_0,1,38.72433090209961,-9.165120124816895,28,IN_TRANSIT_TO,2025-09-02 11:32:15,8610,1777,63-HX-31,POINT (-9.165120124816895 38.72433090209961)
2307_742,5701_20250901_114_0_7,114_0,0,38.70370101928711,-9.190750122070312,46,IN_TRANSIT_TO,2025-09-02 11:32:15,13406,2307,83-20-ZM,POINT (-9.190750122070312 38.70370101928711)
1776_720,4039_20250901_143_0_10,143_0,1,38.737518310546875,-9.124529838562012,30,IN_TRANSIT_TO,2025-09-02 11:31:55,8904,1776,53-HX-09,POINT (-9.124529838562012 38.737518310546875)
4605_750,6349_20250901_106_0_7,106_0,1,38.75947189331055,-9.137149810791016,28,IN_TRANSIT_TO,2025-09-02 11:32:24,11303,4605,31-GN-72,POINT (-9.137149810791016 38.75947189331055)
2306_717,3861_20250901_170_0_9,170_0,0,38.79859924316406,-9.14758014678955,40,IN_TRANSIT_TO,2025-09-02 11:32:24,16002,2306,83-19-ZM,POINT (-9.14758014678955 38.79859924316406)
1712_742,5764_20250901_114_0_6,114_0,1,38.73524856567383,-9.143919944763184,37,IN_TRANSIT_TO,2025-09-02 11:32:26,1806,1712,69-AL-75,POINT (-9.143919944763184 38.73524856567383)
2484_726,4269_20250901_116_0_7,116_0,0,38.72959899902344,-9.136799812316895,6,IN_TRANSIT_TO,2025-09-02 11:32:18,611,2484,91-BE-76,POINT (-9.136799812316895 38.72959899902344)
225_773,7405_20250901_124_0_16,124_0,1,38.711299896240234,-9.158120155334473,17,IN_TRANSIT_TO,2025-09-02 11:32:22,10004,225,84-37-XQ,POINT (-9.158120155334473 38.711299896240234)
601_15E,11287_20250901_76_0_9,76_0,0,38.69744873046875,-9.204469680786133,16,IN_TRANSIT_TO,2025-09-02 11:32:16,4112,601,,POINT (-9.204469680786133 38.69744873046875)
605_15E,11300_20250901_76_0_7,76_0,0,38.69628143310547,-9.209349632263184,18,IN_TRANSIT_TO,2025-09-02 11:32:34,13210,605,,POINT (-9.209349632263184 38.69628143310547)
2240_758,6874_20250901_150_0_10,150_0,1,38.75279998779297,-9.208769798278809,2,IN_TRANSIT_TO,2025-09-02 11:32:31,11001,2240,06-31-XX,POINT (-9.208769798278809 38.75279998779297)
2403_703,3121_20250901_165_0_8,165_0,1,38.77949905395508,-9.151320457458496,32,IN_TRANSIT_TO,2025-09-02 11:19:39,6020,2403,50-AL-12,POINT (-9.151320457458496 38.77949905395508)
2791_713,3597_20250901_122_0_6,122_0,1,38.7127799987793,-9.157349586486816,19,IN_TRANSIT_TO,2025-09-02 11:32:18,6718,2791,AJ-61-LI,POINT (-9.157349586486816 38.7127799987793)
2426_771,21927_20250901_248_0_11,248_0,1,38.72032165527344,-9.197349548339844,10,IN_TRANSIT_TO,2025-09-02 11:32:33,21304,2426,29-AU-21,POINT (-9.197349548339844 38.72032165527344)
2401_767,7296_20250901_112_0_6,112_0,1,38.746978759765625,-9.140780448913574,35,IN_TRANSIT_TO,2025-09-02 11:32:12,202,2401,50-AL-14,POINT (-9.140780448913574 38.746978759765625)
2408_771,21931_20250901_248_0_13,248_0,1,38.70302963256836,-9.194780349731445,0,IN_TRANSIT_TO,2025-09-02 11:32:12,,2408,50-AL-08,POINT (-9.194780349731445 38.70302963256836)
2334_717,3813_20250901_170_0_8,170_0,1,38.748779296875,-9.133020401000977,33,IN_TRANSIT_TO,2025-09-02 11:32:22,11204,2334,53-53-ZJ,POINT (-9.133020401000977 38.748779296875)
2776_714,3634_20250901_102_0_9,102_0,0,38.69778060913086,-9.192130088806152,17,IN_TRANSIT_TO,2025-09-02 11:32:07,9508,2776,AI-07-BT,POINT (-9.192130088806152 38.69778060913086)
228_773,7412_20250901_124_0_16,124_0,1,38.7056999206543,-9.169730186462402,4,IN_TRANSIT_TO,2025-09-02 11:32:37,9426,228,84-39-XQ,POINT (-9.169730186462402 38.7056999206543)
2942_32B,17547_20250901_211_0_11,211_0,0,38.7528190612793,-9.122570037841797,13,IN_TRANSIT_TO,2025-09-02 11:32:31,14715,2942,51-GL-82,POINT (-9.122570037841797 38.7528190612793)
2303_742,5743_20250901_114_0_5,114_0,0,38.73482894897461,-9.138130187988281,19,IN_TRANSIT_TO,2025-09-02 11:32:21,11116,2303,83-11-ZM,POINT (-9.138130187988281 38.73482894897461)
606_15E,11312_20250901_76_0_9,76_0,0,38.70146942138672,-9.181050300598145,11,IN_TRANSIT_TO,2025-09-02 11:32:22,12108,606,,POINT (-9.181050300598145 38.70146942138672)
204_17B,21712_20250901_247_0_7,247_0,0,38.72774887084961,-9.136819839477539,19,IN_TRANSIT_TO,2025-09-02 11:32:16,605,204,89-71-XD,POINT (-9.136819839477539 38.72774887084961)
2941_31B,17537_20250901_210_0_10,210_0,0,38.741981506347656,-9.10830020904541,12,IN_TRANSIT_TO,2025-09-02 11:32:33,50652,2941,51-GL-81,POINT (-9.10830020904541 38.741981506347656)
2405_747,6116_20250901_177_0_11,177_0,0,38.76457977294922,-9.157050132751465,3,IN_TRANSIT_TO,2025-09-02 11:32:22,5811,2405,50-AL-10,POINT (-9.157050132751465 38.76457977294922)
2792_712,3530_20250901_189_0_7,189_0,0,38.71348190307617,-9.122770309448242,0,IN_TRANSIT_TO,2025-09-02 11:32:19,,2792,AJ-53-LI,POINT (-9.122770309448242 38.71348190307617)
1723_749,59005_20250901_195_5_11,195_5,1,38.743568420410156,-9.146949768066406,2,IN_TRANSIT_TO,2025-09-02 11:32:17,1903,1723,25-AS-35,POINT (-9.146949768066406 38.743568420410156)
4610_728,4704_20250901_204_0_6,204_0,0,38.78031921386719,-9.106169700622559,48,IN_TRANSIT_TO,2025-09-02 11:32:16,7903,4610,96-GL-87,POINT (-9.106169700622559 38.78031921386719)
2290_731,4973_20250901_190_0_7,190_0,0,38.782470703125,-9.108429908752441,34,IN_TRANSIT_TO,2025-09-02 11:21:55,12617,2290,92-55-ZM,POINT (-9.108429908752441 38.782470703125)
6012_706,3264_20250901_147_0_2,147_0,0,38.731300354003906,-9.135530471801758,20,IN_TRANSIT_TO,2025-09-02 11:28:14,511,6012,67-ZF-26,POINT (-9.135530471801758 38.731300354003906)
4838_755,6631_20250801_118_0_4,118_0,0,38.75141906738281,-9.123479843139648,25,IN_TRANSIT_TO,2025-08-28 05:46:24,14715,4838,34-VR-22,POINT (-9.123479843139648 38.75141906738281)
2438_703,3132_20250901_165_0_8,165_0,1,38.774200439453125,-9.162480354309082,25,IN_TRANSIT_TO,2025-09-02 11:32:10,5915,2438,44-BC-29,POINT (-9.162480354309082 38.774200439453125)
2825_753,6562_20250901_167_0_14,167_0,1,38.693721771240234,-9.1779203414917,2,IN_TRANSIT_TO,2025-09-02 11:32:09,14602,2825,BF-53-FZ,POINT (-9.1779203414917 38.693721771240234)
2276_768,7327_20250901_111_0_12,111_0,1,38.7695198059082,-9.195150375366211,2,IN_TRANSIT_TO,2025-09-02 11:32:19,50645,2276,53-57-ZJ,POINT (-9.195150375366211 38.7695198059082)
2418_767,7265_20250901_112_0_7,112_0,0,38.76042175292969,-9.155529975891113,18,IN_TRANSIT_TO,2025-09-02 11:32:25,5805,2418,92-AO-54,POINT (-9.155529975891113 38.76042175292969)
2944_26B,17519_20250901_208_0_9,208_0,0,38.75846862792969,-9.097249984741211,21,IN_TRANSIT_TO,2025-09-02 11:32:21,50290,2944,75-GO-13,POINT (-9.097249984741211 38.75846862792969)
2245_758,6807_20250901_150_0_9,150_0,0,38.71261978149414,-9.143150329589844,3,IN_TRANSIT_TO,2025-09-02 11:32:34,10501,2245,22-35-ZB,POINT (-9.143150329589844 38.71261978149414)
2466_729,4781_20250901_104_0_6,104_0,1,38.71194839477539,-9.201250076293945,15,IN_TRANSIT_TO,2025-09-02 11:32:19,12904,2466,16-AZ-16,POINT (-9.201250076293945 38.71194839477539)
208_46B,21508_20250901_239_0_4,239_0,0,38.77442169189453,-9.129400253295898,15,IN_TRANSIT_TO,2025-09-02 11:25:55,11307,208,33-47-XH,POINT (-9.129400253295898 38.77442169189453)
4834_736,5322_20250901_199_0_9,199_0,0,38.7338981628418,-9.14468002319336,7,IN_TRANSIT_TO,2025-09-02 11:32:33,1807,4834,20-VQ-71,POINT (-9.14468002319336 38.7338981628418)
2843_728,4726_20250901_204_4_4,204_4,0,38.715171813964844,-9.120750427246094,15,IN_TRANSIT_TO,2025-09-02 11:32:23,2111,2843,BF-63-FZ,POINT (-9.120750427246094 38.715171813964844)
2296_731,4988_20250901_190_0_7,190_0,0,38.781368255615234,-9.1072998046875,32,IN_TRANSIT_TO,2025-09-02 11:32:14,7902,2296,92-51-ZM,POINT (-9.1072998046875 38.781368255615234)
564_28E,14943_20250901_75_0_4,75_0,0,38.70827102661133,-9.139699935913086,17,IN_TRANSIT_TO,2025-09-02 11:32:13,5604,564,,POINT (-9.139699935913086 38.70827102661133)
2225_742,5765_20250901_114_0_5,114_0,1,38.73347854614258,-9.154500007629395,34,IN_TRANSIT_TO,2025-09-02 11:29:03,1406,2225,08-03-XS,POINT (-9.154500007629395 38.73347854614258)
2235_747,6085_20250901_177_0_10,177_0,1,38.76713180541992,-9.181520462036133,9,IN_TRANSIT_TO,2025-09-02 11:32:38,50365,2235,06-32-XX,POINT (-9.181520462036133 38.76713180541992)
2210_794,8098_20250901_115_0_9,115_0,1,38.743568420410156,-9.118849754333496,26,IN_TRANSIT_TO,2025-09-02 11:32:24,3609,2210,01-66-XO,POINT (-9.118849754333496 38.743568420410156)
2217_735,5203_20250901_172_0_7,172_0,0,38.74428176879883,-9.139180183410645,24,IN_TRANSIT_TO,2025-09-02 11:32:35,307,2217,07-99-XS,POINT (-9.139180183410645 38.74428176879883)
2214_735,5229_20250901_172_0_9,172_0,0,38.72452163696289,-9.128499984741211,13,IN_TRANSIT_TO,2025-09-02 11:32:13,9109,2214,08-02-XS,POINT (-9.128499984741211 38.72452163696289)
2213_708,3324_20250901_100_0_7,100_0,1,38.7434196472168,-9.132719993591309,35,IN_TRANSIT_TO,2025-09-02 11:32:20,308,2213,08-04-XS,POINT (-9.132719993591309 38.7434196472168)
614_15E,11209_20250901_76_0_9,76_0,0,38.698768615722656,-9.187000274658203,12,IN_TRANSIT_TO,2025-09-02 11:32:38,9504,614,,POINT (-9.187000274658203 38.698768615722656)
2781_727,4509_20250901_103_0_6,103_0,0,38.7181282043457,-9.15546989440918,0,IN_TRANSIT_TO,2025-09-02 11:30:31,,2781,AI-00-BT,POINT (-9.15546989440918 38.7181282043457)
2205_708,3302_20250901_100_0_7,100_0,0,38.725528717041016,-9.134920120239258,5,IN_TRANSIT_TO,2025-09-02 11:32:20,607,2205,01-71-XO,POINT (-9.134920120239258 38.725528717041016)
2216_735,5181_20250901_172_1_14,172_1,1,38.717071533203125,-9.12090015411377,13,IN_TRANSIT_TO,2025-09-01 17:51:01,2106,2216,08-00-XS,POINT (-9.12090015411377 38.717071533203125)
2206_708,3340_20250901_100_0_9,100_0,1,38.7648811340332,-9.109729766845703,19,IN_TRANSIT_TO,2025-09-02 11:32:33,7718,2206,01-67-XO,POINT (-9.109729766845703 38.7648811340332)
411_67B,28214_20250901_253_0_8,253_0,0,38.70473098754883,-9.168600082397461,13,IN_TRANSIT_TO,2025-09-02 11:32:16,10207,411,BF-51-TD,POINT (-9.168600082397461 38.70473098754883)
2218_708,3343_20250901_100_0_9,100_0,1,38.7788200378418,-9.095419883728027,11,IN_TRANSIT_TO,2025-09-02 11:32:34,50125,2218,07-98-XS,POINT (-9.095419883728027 38.7788200378418)
2220_717,3768_20250901_170_0_9,170_0,0,38.7806282043457,-9.150400161743164,29,IN_TRANSIT_TO,2025-09-02 11:32:34,11511,2220,07-96-XS,POINT (-9.150400161743164 38.7806282043457)
6002_706,3244_20250901_147_0_9,147_0,1,38.72003173828125,-9.155019760131836,23,IN_TRANSIT_TO,2025-09-02 11:32:16,6820,6002,98-XU-85,POINT (-9.155019760131836 38.72003173828125)
2223_742,5682_20250901_114_0_5,114_0,0,38.70452880859375,-9.188980102539062,44,IN_TRANSIT_TO,2025-09-02 11:32:10,12006,2223,08-16-XS,POINT (-9.188980102539062 38.70452880859375)
229_773,7384_20250901_124_0_15,124_0,0,38.71200180053711,-9.15429973602295,8,IN_TRANSIT_TO,2025-09-02 11:32:30,6704,229,97-24-XT,POINT (-9.15429973602295 38.71200180053711)
2221_742,5740_20250901_114_0_8,114_0,0,38.73738098144531,-9.140600204467773,20,IN_TRANSIT_TO,2025-09-02 11:32:19,11106,2221,07-95-XS,POINT (-9.140600204467773 38.73738098144531)
234_41B,19384_20250901_232_0_13,232_0,0,38.78702163696289,-9.149880409240723,2,IN_TRANSIT_TO,2025-09-02 11:32:07,11601,234,13-31-XZ,POINT (-9.149880409240723 38.78702163696289)
412_22B,19419_20250901_236_0_13,236_0,0,38.70690155029297,-9.143449783325195,2,IN_TRANSIT_TO,2025-09-02 11:32:08,50461,412,BF-65-TC,POINT (-9.143449783325195 38.70690155029297)
566_28E,14917_20250901_75_0_8,75_0,0,38.71076965332031,-9.151729583740234,24,IN_TRANSIT_TO,2025-09-02 11:32:21,9904,566,,POINT (-9.151729583740234 38.71076965332031)
568_18E,12193_20250901_78_0_13,78_0,0,38.703128814697266,-9.193750381469727,14,IN_TRANSIT_TO,2025-09-02 11:32:25,13408,568,,POINT (-9.193750381469727 38.703128814697266)
567_25E,14261_20250901_79_0_12,79_0,0,38.71173095703125,-9.136329650878906,1,IN_TRANSIT_TO,2025-09-02 11:32:19,50620,567,,POINT (-9.136329650878906 38.71173095703125)
2228_798,8197_20250901_194_0_15,194_0,0,38.762001037597656,-9.153470039367676,3,IN_TRANSIT_TO,2025-09-02 11:32:23,5839,2228,06-24-XX,POINT (-9.153470039367676 38.762001037597656)
562_28E,15061_20250901_75_0_4,75_0,1,38.71022033691406,-9.150970458984375,10,IN_TRANSIT_TO,2025-09-02 11:32:10,7111,562,,POINT (-9.150970458984375 38.71022033691406)
2207_793,7996_20250901_145_0_12,145_0,0,38.741851806640625,-9.108400344848633,11,IN_TRANSIT_TO,2025-09-02 11:32:30,50175,2207,01-70-XO,POINT (-9.108400344848633 38.741851806640625)
413_10B,21748_20250901_242_0_11,242_0,0,38.713130950927734,-9.125650405883789,13,IN_TRANSIT_TO,2025-09-02 11:32:09,50518,413,BF-41-TS,POINT (-9.125650405883789 38.713130950927734)
560_25E,14253_20250901_79_0_10,79_0,0,38.71432876586914,-9.16942024230957,18,IN_TRANSIT_TO,2025-09-02 11:32:24,8017,560,,POINT (-9.16942024230957 38.71432876586914)
565_25E,14269_20250901_79_0_8,79_0,0,38.71366882324219,-9.159830093383789,12,IN_TRANSIT_TO,2025-09-02 11:32:23,10012,565,,POINT (-9.159830093383789 38.71366882324219)
2231_703,3165_20250901_165_0_7,165_0,0,38.76900100708008,-9.174969673156738,22,IN_TRANSIT_TO,2025-09-02 11:32:35,50391,2231,06-28-XX,POINT (-9.174969673156738 38.76900100708008)
2237_758,6855_20250901_150_0_8,150_0,1,38.73482131958008,-9.165149688720703,18,IN_TRANSIT_TO,2025-09-02 11:32:20,2710,2237,06-27-XX,POINT (-9.165149688720703 38.73482131958008)
2201_717,3834_20250901_170_0_9,170_0,1,38.76591873168945,-9.157480239868164,23,IN_TRANSIT_TO,2025-09-02 11:32:14,5902,2201,72-15-XN,POINT (-9.157480239868164 38.76591873168945)
230_13B,21590_20250901_243_0_10,243_0,0,38.721229553222656,-9.127269744873047,20,IN_TRANSIT_TO,2025-09-02 11:32:31,9111,230,13-33-XZ,POINT (-9.127269744873047 38.721229553222656)
2242_758,6842_20250901_150_0_8,150_0,1,38.70703125,-9.14342975616455,34,IN_TRANSIT_TO,2025-09-02 11:32:20,3826,2242,22-42-ZB,POINT (-9.14342975616455 38.70703125)
615_15E,11185_20250901_76_0_7,76_0,0,38.70145034790039,-9.18136978149414,11,IN_TRANSIT_TO,2025-09-02 11:32:22,12108,615,,POINT (-9.18136978149414 38.70145034790039)
2262_793,7975_20250901_145_0_12,145_0,1,38.743919372558594,-9.11847972869873,7,IN_TRANSIT_TO,2025-09-02 11:32:11,8913,2262,80-48-ZE,POINT (-9.11847972869873 38.743919372558594)
2287_763,49568_20250901_282_0_12,282_0,1,38.779781341552734,-9.169249534606934,15,IN_TRANSIT_TO,2025-09-02 11:32:22,50641,2287,92-58-ZM,POINT (-9.169249534606934 38.779781341552734)
2265_724,4198_20250901_178_0_9,178_0,0,38.70703125,-9.178850173950195,0,IN_TRANSIT_TO,2025-09-02 11:32:08,,2265,76-91-ZG,POINT (-9.178850173950195 38.70703125)
2273_724,4220_20250901_178_0_12,178_0,1,38.754478454589844,-9.196920394897461,7,IN_TRANSIT_TO,2025-09-02 11:32:06,10909,2273,76-81-ZG,POINT (-9.196920394897461 38.754478454589844)
2267_731,5021_20250901_190_0_8,190_0,1,38.7690315246582,-9.117670059204102,16,IN_TRANSIT_TO,2025-09-02 11:31:30,7704,2267,76-86-ZG,POINT (-9.117670059204102 38.7690315246582)
2266_724,4197_20250901_178_0_13,178_0,0,38.743099212646484,-9.198280334472656,15,IN_TRANSIT_TO,2025-09-02 11:32:14,2809,2266,76-92-ZG,POINT (-9.198280334472656 38.743099212646484)
