id,trip_id,route_id,direction_id,latitude,longitude,current_stop_sequence,current_status,timestamp,stop_id,vehicle_id,license_plate,geometry
6003_729,4820_20250401_104_0_2,104_0,1,38.71390151977539,-9.195429801940918,18,IN_TRANSIT_TO,2025-04-04 07:21:54,10315,6003,82-ZC-02,POINT (-9.195429801940918 38.71390151977539)
2249_758,6889_20250401_150_0_5,150_0,0,38.7244987487793,-9.160050392150879,11,IN_TRANSIT_TO,2025-04-04 07:22:04,8511,2249,22-32-ZB,POINT (-9.160050392150879 38.7244987487793)
2464_767,7311_20250401_112_0_3,112_0,0,38.72227096557617,-9.139880180358887,0,IN_TRANSIT_TO,2025-04-04 07:22:04,,2464,91-BE-71,POINT (-9.139880180358887 38.72227096557617)
2834_728,4641_20250401_204_0_4,204_0,0,38.766929626464844,-9.098999977111816,43,IN_TRANSIT_TO,2025-04-04 07:21:44,7825,2834,BF-76-FZ,POINT (-9.098999977111816 38.766929626464844)
2968_79B,18671_20250401_221_0_3,221_0,0,38.6981315612793,-9.224430084228516,3,IN_TRANSIT_TO,2025-04-04 07:21:44,50295,2968,30-VM-24,POINT (-9.224430084228516 38.6981315612793)
2237_763,46426_20250401_282_0_4,282_0,1,38.7741813659668,-9.159979820251465,18,IN_TRANSIT_TO,2025-04-04 07:21:51,5905,2237,06-27-XX,POINT (-9.159979820251465 38.7741813659668)
2467_729,4825_20250401_104_0_2,104_0,1,38.70296859741211,-9.199529647827148,10,IN_TRANSIT_TO,2025-04-04 07:21:35,50136,2467,16-AZ-14,POINT (-9.199529647827148 38.70296859741211)
572_18E,12182_20250401_78_0_5,78_0,0,38.70431900024414,-9.174050331115723,7,IN_TRANSIT_TO,2025-04-04 07:21:46,4004,572,,POINT (-9.174050331115723 38.70431900024414)
2347_731,19406_20250401_190_0_5,190_0,0,38.75593185424805,-9.14834976196289,16,IN_TRANSIT_TO,2025-04-04 07:21:42,5712,2347,53-61-ZJ,POINT (-9.14834976196289 38.75593185424805)
6006_726,4341_20250401_116_0_3,116_0,0,38.760528564453125,-9.193920135498047,28,IN_TRANSIT_TO,2025-04-04 07:21:50,12814,6006,82-ZC-09,POINT (-9.193920135498047 38.760528564453125)
2499_720,4087_20250401_143_0_6,143_0,1,38.716468811035156,-9.158120155334473,12,IN_TRANSIT_TO,2025-04-04 07:21:48,8103,2499,03-BM-58,POINT (-9.158120155334473 38.716468811035156)
2408_771,39065_20250401_248_0_3,248_0,1,38.72768020629883,-9.162050247192383,19,IN_TRANSIT_TO,2025-04-04 07:21:38,6119,2408,50-AL-08,POINT (-9.162050247192383 38.72768020629883)
2434_767,7250_20250401_112_0_3,112_0,1,38.750431060791016,-9.197319984436035,14,IN_TRANSIT_TO,2025-04-04 07:22:00,10913,2434,29-AU-24,POINT (-9.197319984436035 38.750431060791016)
577_25E,14263_20250401_79_0_5,79_0,1,38.71194839477539,-9.160320281982422,7,IN_TRANSIT_TO,2025-04-04 07:21:37,8113,577,,POINT (-9.160320281982422 38.71194839477539)
2473_726,4264_20250401_116_0_5,116_0,0,38.730751037597656,-9.136899948120117,7,IN_TRANSIT_TO,2025-04-04 07:21:10,6504,2473,74-BC-68,POINT (-9.136899948120117 38.730751037597656)
2705_727,4537_20250401_103_0_2,103_0,0,38.697479248046875,-9.195670127868652,34,IN_TRANSIT_TO,2025-04-04 07:21:59,9508,2705,92-XQ-29,POINT (-9.195670127868652 38.697479248046875)
2642_759,6973_20250401_144_0_5,144_0,0,38.73136901855469,-9.110879898071289,15,IN_TRANSIT_TO,2025-04-04 07:22:02,8317,2642,75-VS-51,POINT (-9.110879898071289 38.73136901855469)
2430_726,4286_20250401_116_0_4,116_0,1,38.731651306152344,-9.138580322265625,26,IN_TRANSIT_TO,2025-04-04 07:21:52,6501,2430,29-AX-12,POINT (-9.138580322265625 38.731651306152344)
2281_758,6853_20250401_150_0_2,150_0,1,38.750450134277344,-9.196929931640625,5,IN_TRANSIT_TO,2025-04-04 07:21:51,10905,2281,67-56-ZJ,POINT (-9.196929931640625 38.750450134277344)
2952_40B,17568_20250401_212_0_3,212_0,0,38.77436828613281,-9.155500411987305,25,IN_TRANSIT_TO,2025-04-04 07:21:49,11502,2952,62-GQ-54,POINT (-9.155500411987305 38.77436828613281)
2725_727,4441_20250401_103_0_3,103_0,0,38.738319396972656,-9.145919799804688,9,IN_TRANSIT_TO,2025-04-04 07:21:57,1810,2725,92-XQ-30,POINT (-9.145919799804688 38.738319396972656)
2835_728,4706_20250401_204_0_3,204_0,1,38.69647979736328,-9.196470260620117,41,IN_TRANSIT_TO,2025-04-04 07:21:58,9502,2835,BF-62-FZ,POINT (-9.196470260620117 38.69647979736328)
2344_771,21942_20250401_248_0_6,248_0,0,38.741851806640625,-9.168780326843262,0,IN_TRANSIT_TO,2025-04-04 07:21:39,,2344,53-60-ZJ,POINT (-9.168780326843262 38.741851806640625)
2428_703,3158_20250401_165_0_3,165_0,0,38.750030517578125,-9.195229530334473,33,IN_TRANSIT_TO,2025-04-04 07:21:39,10804,2428,29-AX-13,POINT (-9.195229530334473 38.750030517578125)
2341_768,7319_20250401_111_0_6,111_0,1,38.76490020751953,-9.199299812316895,4,IN_TRANSIT_TO,2025-04-04 07:21:58,13909,2341,67-50-ZJ,POINT (-9.199299812316895 38.76490020751953)
561_25E,14255_20250401_79_0_6,79_0,0,38.706329345703125,-9.145299911499023,1,IN_TRANSIT_TO,2025-04-04 07:22:01,3821,561,,POINT (-9.145299911499023 38.706329345703125)
2783_713,3605_20250401_122_0_2,122_0,1,38.71083068847656,-9.158849716186523,16,IN_TRANSIT_TO,2025-04-04 07:22:04,10006,2783,AI-10-BT,POINT (-9.158849716186523 38.71083068847656)
2256_768,7347_20250401_111_0_2,111_0,1,38.74903106689453,-9.180279731750488,14,IN_TRANSIT_TO,2025-04-04 07:21:55,10709,2256,80-53-ZE,POINT (-9.180279731750488 38.74903106689453)
2243_758,6815_20250401_150_0_4,150_0,1,38.72087097167969,-9.161270141601562,22,IN_TRANSIT_TO,2025-04-04 07:22:02,8512,2243,22-36-ZB,POINT (-9.161270141601562 38.72087097167969)
2838_751,6498_20250401_109_0_6,109_0,0,38.70307922363281,-9.179780006408691,9,IN_TRANSIT_TO,2025-04-04 07:21:47,12121,2838,BF-59-FZ,POINT (-9.179780006408691 38.70307922363281)
2679_714,3662_20250401_102_0_5,102_0,0,38.70669937133789,-9.17432975769043,11,IN_TRANSIT_TO,2025-04-04 07:21:57,9417,2679,93-XA-34,POINT (-9.17432975769043 38.70669937133789)
2977_45B,45280_20250401_277_0_4,277_0,0,38.77421951293945,-9.155329704284668,4,IN_TRANSIT_TO,2025-04-04 07:21:45,11510,2977,30-VM-21,POINT (-9.155329704284668 38.77421951293945)
2739_756,6713_20250401_175_0_5,175_0,1,38.730079650878906,-9.165900230407715,8,IN_TRANSIT_TO,2025-04-04 07:21:56,2715,2739,AG-31-EI,POINT (-9.165900230407715 38.730079650878906)
2445_767,7286_20250401_112_0_3,112_0,0,38.7494010925293,-9.21957015991211,44,IN_TRANSIT_TO,2025-04-04 07:21:38,3002,2445,44-BC-31,POINT (-9.21957015991211 38.7494010925293)
2414_703,3135_20250401_165_0_4,165_0,1,38.744930267333984,-9.200019836425781,4,IN_TRANSIT_TO,2025-04-04 07:21:41,2812,2414,92-AO-51,POINT (-9.200019836425781 38.744930267333984)
610_15E,11288_20250401_76_0_2,76_0,1,38.6998291015625,-9.22737979888916,2,IN_TRANSIT_TO,2025-04-04 07:22:00,4219,610,,POINT (-9.22737979888916 38.6998291015625)
2267_758,6891_20250401_150_4_2,150_4,1,38.73680114746094,-9.167380332946777,7,IN_TRANSIT_TO,2025-04-04 07:21:49,6120,2267,76-86-ZG,POINT (-9.167380332946777 38.73680114746094)
2788_714,3689_20250401_102_0_2,102_0,1,38.70634841918945,-9.148280143737793,37,IN_TRANSIT_TO,2025-04-04 07:21:51,7101,2788,AI-51-TL,POINT (-9.148280143737793 38.70634841918945)
1748_717,3781_20250401_170_0_1,170_0,1,38.79804992675781,-9.145179748535156,11,IN_TRANSIT_TO,2025-04-04 07:22:04,6011,1748,92-HR-05,POINT (-9.145179748535156 38.79804992675781)
2808_781,7737_20250101_151_0_17,151_0,0,38.78879928588867,-9.123950004577637,29,IN_TRANSIT_TO,2025-01-28 20:19:57,16307,2808,01-IH-97,POINT (-9.123950004577637 38.78879928588867)
2708_709,3401_20250401_148_0_8,148_0,0,38.72127914428711,-9.152099609375,6,IN_TRANSIT_TO,2025-04-04 07:21:49,6820,2708,92-XQ-32,POINT (-9.152099609375 38.72127914428711)
2317_708,3370_20250401_100_0_2,100_0,1,38.72703170776367,-9.134770393371582,39,IN_TRANSIT_TO,2025-04-04 07:21:51,610,2317,61-86-ZB,POINT (-9.134770393371582 38.72703170776367)
2811_718,3975_20250401_105_0_4,105_0,0,38.73332977294922,-9.132769584655762,28,IN_TRANSIT_TO,2025-04-04 07:22:01,509,2811,02-IH-00,POINT (-9.132769584655762 38.73332977294922)
2758_713,20157_20250401_122_0_3,122_0,0,38.713951110839844,-9.160920143127441,16,IN_TRANSIT_TO,2025-04-04 07:21:54,8104,2758,AH-36-ND,POINT (-9.160920143127441 38.713951110839844)
6015_706,3202_20250401_147_0_3,147_0,1,38.72768020629883,-9.1428804397583,18,IN_TRANSIT_TO,2025-04-04 07:22:04,6905,6015,69-ZF-01,POINT (-9.1428804397583 38.72768020629883)
2326_712,3550_20250401_189_0_5,189_0,0,38.72673034667969,-9.162349700927734,21,IN_TRANSIT_TO,2025-04-04 07:21:51,6113,2326,67-49-ZJ,POINT (-9.162349700927734 38.72673034667969)
2718_723,4182_20250401_121_0_2,121_0,0,38.724281311035156,-9.161149978637695,9,IN_TRANSIT_TO,2025-04-04 07:21:43,8501,2718,92-XQ-23,POINT (-9.161149978637695 38.724281311035156)
2740_756,6727_20250401_175_0_2,175_0,1,38.706520080566406,-9.176369667053223,3,IN_TRANSIT_TO,2025-04-04 07:21:38,12105,2740,AG-43-EI,POINT (-9.176369667053223 38.706520080566406)
1720_794,8043_20250401_115_0_5,115_0,1,38.75204849243164,-9.11637020111084,13,IN_TRANSIT_TO,2025-04-04 07:21:52,24379,1720,25-AS-32,POINT (-9.11637020111084 38.75204849243164)
551_18E,12186_20250401_78_0_5,78_0,0,38.70708084106445,-9.142180442810059,0,IN_TRANSIT_TO,2025-04-04 07:21:57,,551,,POINT (-9.142180442810059 38.70708084106445)
1713_701,2987_20250401_123_0_8,123_0,0,38.75246810913086,-9.151419639587402,3,IN_TRANSIT_TO,2025-04-04 07:21:49,5704,1713,69-AL-76,POINT (-9.151419639587402 38.75246810913086)
2803_782,7799_20250401_152_0_2,152_0,1,38.77362060546875,-9.104769706726074,0,IN_TRANSIT_TO,2025-04-04 07:21:49,,2803,01-IH-92,POINT (-9.104769706726074 38.77362060546875)
2482_771,21940_20250401_248_0_4,248_0,0,38.7247314453125,-9.160030364990234,9,IN_TRANSIT_TO,2025-04-04 07:21:55,6120,2482,55-BH-02,POINT (-9.160030364990234 38.7247314453125)
2307_708,3333_20250401_100_0_3,100_0,0,38.78567123413086,-9.09630012512207,35,IN_TRANSIT_TO,2025-04-04 07:21:59,50130,2307,83-20-ZM,POINT (-9.09630012512207 38.78567123413086)
2631_782,7775_20250401_152_0_3,152_0,0,38.754520416259766,-9.102869987487793,13,IN_TRANSIT_TO,2025-04-04 07:22:05,2319,2631,52-VP-80,POINT (-9.102869987487793 38.754520416259766)
2490_794,8067_20250401_115_0_4,115_0,0,38.768348693847656,-9.10023021697998,37,IN_TRANSIT_TO,2025-04-04 07:22:02,2315,2490,55-BH-01,POINT (-9.10023021697998 38.768348693847656)
4803_728,4601_20250401_204_0_3,204_0,1,38.74237823486328,-9.10237979888916,20,IN_TRANSIT_TO,2025-04-04 07:22:06,12512,4803,77-VP-16,POINT (-9.10237979888916 38.74237823486328)
256_58B,19291_20250401_227_0_4,227_0,0,38.75537109375,-9.182180404663086,12,IN_TRANSIT_TO,2025-04-04 07:21:51,50422,256,AF-57-RM,POINT (-9.182180404663086 38.75537109375)
2204_782,7785_20250401_152_0_3,152_0,0,38.70568084716797,-9.143150329589844,0,IN_TRANSIT_TO,2025-04-04 07:21:49,,2204,01-72-XO,POINT (-9.143150329589844 38.70568084716797)
2664_713,3594_20250401_122_0_4,122_0,1,38.711429595947266,-9.157870292663574,17,IN_TRANSIT_TO,2025-04-04 07:21:56,10004,2664,05-VZ-68,POINT (-9.157870292663574 38.711429595947266)
4635_796,8148_20250401_174_0_6,174_0,1,38.79082107543945,-9.150679588317871,16,IN_TRANSIT_TO,2025-04-04 07:21:45,5808,4635,90-JI-95,POINT (-9.150679588317871 38.79082107543945)
1717_794,8108_20250401_115_0_5,115_0,1,38.71417999267578,-9.121970176696777,35,IN_TRANSIT_TO,2025-04-04 07:21:58,2128,1717,69-AL-80,POINT (-9.121970176696777 38.71417999267578)
4808_751,6503_20250401_109_4_2,109_4,0,38.69755172729492,-9.19342041015625,13,IN_TRANSIT_TO,2025-04-04 07:22:01,9508,4808,20-VQ-73,POINT (-9.19342041015625 38.69755172729492)
258_76B,18630_20250401_219_0_4,219_0,0,38.71451950073242,-9.204469680786133,14,IN_TRANSIT_TO,2025-04-04 07:22:04,12907,258,AF-56-RM,POINT (-9.204469680786133 38.71451950073242)
4637_796,8127_20250401_174_0_8,174_0,1,38.76525115966797,-9.15725040435791,15,IN_TRANSIT_TO,2025-04-04 07:21:53,5814,4637,98-JO-44,POINT (-9.15725040435791 38.76525115966797)
2450_767,7228_20250401_112_0_2,112_0,1,38.74821853637695,-9.192119598388672,15,IN_TRANSIT_TO,2025-04-04 07:22:02,10835,2450,44-BC-36,POINT (-9.192119598388672 38.74821853637695)
2742_756,6749_20250401_175_0_2,175_0,0,38.73765182495117,-9.156270027160645,13,IN_TRANSIT_TO,2025-04-04 07:21:54,1503,2742,AG-94-TG,POINT (-9.156270027160645 38.73765182495117)
6022_760,7098_20250401_171_0_2,171_0,1,38.72023010253906,-9.138580322265625,37,IN_TRANSIT_TO,2025-04-04 07:21:39,812,6022,BF-48-BB,POINT (-9.138580322265625 38.72023010253906)
2226_735,5279_20250401_172_1_2,172_1,1,38.70637893676758,-9.142720222473145,21,IN_TRANSIT_TO,2025-04-04 07:21:38,3820,2226,06-35-XX,POINT (-9.142720222473145 38.70637893676758)
2315_708,3276_20250401_100_0_5,100_0,1,38.74897003173828,-9.131050109863281,32,IN_TRANSIT_TO,2025-04-04 07:22:03,7304,2315,61-88-ZB,POINT (-9.131050109863281 38.74897003173828)
2466_716,3738_20250401_164_0_3,164_0,0,38.750450134277344,-9.19711971282959,21,IN_TRANSIT_TO,2025-04-04 07:22:01,10802,2466,16-AZ-16,POINT (-9.19711971282959 38.750450134277344)
4618_750,6390_20250401_106_0_4,106_0,0,38.75835037231445,-9.140580177307129,11,IN_TRANSIT_TO,2025-04-04 07:21:46,11308,4618,22-GP-52,POINT (-9.140580177307129 38.75835037231445)
2652_711,3517_20250401_101_0_4,101_0,1,38.75048065185547,-9.211150169372559,6,IN_TRANSIT_TO,2025-04-04 07:22:04,3003,2652,05-VZ-61,POINT (-9.211150169372559 38.75048065185547)
2947_26B,17510_20250401_208_0_4,208_0,1,38.767818450927734,-9.1045503616333,7,IN_TRANSIT_TO,2025-04-04 07:21:45,7825,2947,51-GL-84,POINT (-9.1045503616333 38.767818450927734)
408_79B,18661_20250401_221_0_3,221_0,0,38.712528228759766,-9.214249610900879,23,IN_TRANSIT_TO,2025-04-04 07:21:57,12401,408,BF-24-TS,POINT (-9.214249610900879 38.712528228759766)
2254_731,5025_20250401_190_0_3,190_0,0,38.77383041381836,-9.106069564819336,29,IN_TRANSIT_TO,2025-04-04 07:21:54,12301,2254,80-51-ZE,POINT (-9.106069564819336 38.77383041381836)
1778_717,3825_20250401_170_0_2,170_0,0,38.75495147705078,-9.138930320739746,9,IN_TRANSIT_TO,2025-04-04 07:22:05,11201,1778,63-HX-30,POINT (-9.138930320739746 38.75495147705078)
4805_728,4661_20250401_204_0_2,204_0,0,38.717750549316406,-9.11793041229248,25,IN_TRANSIT_TO,2025-04-04 07:21:53,2127,4805,20-VQ-66,POINT (-9.11793041229248 38.717750549316406)
2245_758,6885_20250401_150_0_5,150_0,0,38.73334884643555,-9.163000106811523,15,IN_TRANSIT_TO,2025-04-04 07:21:48,6123,2245,22-35-ZB,POINT (-9.163000106811523 38.73334884643555)
4819_751,6510_20250401_109_4_1,109_4,0,38.72813034057617,-9.172849655151367,13,IN_TRANSIT_TO,2025-04-04 07:21:42,9508,4819,34-VR-16,POINT (-9.172849655151367 38.72813034057617)
2402_716,3744_20250401_164_0_5,164_0,0,38.74678039550781,-9.184619903564453,18,IN_TRANSIT_TO,2025-04-04 07:21:58,10830,2402,50-AL-13,POINT (-9.184619903564453 38.74678039550781)
2744_755,6654_20250401_118_0_4,118_0,0,38.74821853637695,-9.165470123291016,39,IN_TRANSIT_TO,2025-04-04 07:21:51,12706,2744,AG-13-TH,POINT (-9.165470123291016 38.74821853637695)
2614_781,7762_20250401_151_0_4,151_0,1,38.72972869873047,-9.106630325317383,24,IN_TRANSIT_TO,2025-04-04 07:21:40,8314,2614,66-VI-24,POINT (-9.106630325317383 38.72972869873047)
1724_798,8202_20250401_194_0_7,194_0,0,38.79159927368164,-9.15071964263916,23,IN_TRANSIT_TO,2025-04-04 07:21:58,11602,1724,25-AS-36,POINT (-9.15071964263916 38.79159927368164)
2824_753,6541_20250401_167_0_7,167_0,0,38.72534942626953,-9.152070045471191,4,IN_TRANSIT_TO,2025-04-04 07:22:03,1209,2824,BF-67-FZ,POINT (-9.152070045471191 38.72534942626953)
6047_760,7081_20250401_171_0_5,171_0,0,38.7069206237793,-9.141679763793945,11,IN_TRANSIT_TO,2025-04-04 07:21:46,3820,6047,BH-20-IP,POINT (-9.141679763793945 38.7069206237793)
2701_748,6151_20250401_169_0_4,169_0,1,38.7150993347168,-9.233050346374512,1,IN_TRANSIT_TO,2025-04-04 07:21:46,29367,2701,92-XQ-35,POINT (-9.233050346374512 38.7150993347168)
4814_751,6506_20250401_109_0_1,109_0,1,38.717071533203125,-9.175250053405762,28,IN_TRANSIT_TO,2025-04-04 07:21:42,11903,4814,68-VQ-52,POINT (-9.175250053405762 38.717071533203125)
2688_746,5993_20250401_108_0_2,108_0,1,38.74687957763672,-9.185770034790039,9,IN_TRANSIT_TO,2025-04-04 07:21:54,10821,2688,93-XA-35,POINT (-9.185770034790039 38.74687957763672)
4812_728,4589_20250401_204_0_5,204_0,1,38.73352813720703,-9.104280471801758,22,IN_TRANSIT_TO,2025-04-04 07:21:38,12514,4812,20-VQ-70,POINT (-9.104280471801758 38.73352813720703)
2768_746,5977_20250401_108_0_7,108_0,0,38.75067138671875,-9.199150085449219,19,IN_TRANSIT_TO,2025-04-04 07:21:54,10906,2768,AH-25-ND,POINT (-9.199150085449219 38.75067138671875)
4837_736,5422_20250401_199_0_4,199_0,1,38.74612045288086,-9.148019790649414,19,IN_TRANSIT_TO,2025-04-04 07:21:50,2002,4837,34-VR-18,POINT (-9.148019790649414 38.74612045288086)
1780_717,3879_20250401_170_0_5,170_0,1,38.775848388671875,-9.147850036621094,17,IN_TRANSIT_TO,2025-04-04 07:21:40,11505,1780,63-HX-18,POINT (-9.147850036621094 38.775848388671875)
2223_742,5731_20250401_114_0_3,114_0,1,38.726348876953125,-9.11892032623291,47,IN_TRANSIT_TO,2025-04-04 07:21:40,11704,2223,08-16-XS,POINT (-9.11892032623291 38.726348876953125)
2751_720,4100_20250401_143_0_5,143_0,0,38.71134948730469,-9.16431999206543,21,IN_TRANSIT_TO,2025-04-04 07:21:49,10104,2751,AG-12-TH,POINT (-9.16431999206543 38.71134948730469)
2469_703,3149_20250401_165_0_4,165_0,1,38.74552917480469,-9.206049919128418,2,IN_TRANSIT_TO,2025-04-04 07:21:58,2907,2469,16-AZ-09,POINT (-9.206049919128418 38.74552917480469)
2454_726,4317_20250401_116_0_4,116_0,1,38.759429931640625,-9.189729690551758,6,IN_TRANSIT_TO,2025-04-04 07:21:52,12817,2454,16-AZ-18,POINT (-9.189729690551758 38.759429931640625)
213_773,7424_20250401_124_0_5,124_0,0,38.71091842651367,-9.161419868469238,13,IN_TRANSIT_TO,2025-04-04 07:21:51,10014,213,44-10-XL,POINT (-9.161419868469238 38.71091842651367)
2632_759,6987_20250401_144_0_4,144_0,1,38.7087287902832,-9.133870124816895,44,IN_TRANSIT_TO,2025-04-04 07:20:00,4506,2632,52-VP-88,POINT (-9.133870124816895 38.7087287902832)
4613_750,6372_20250401_106_0_3,106_0,0,38.74504852294922,-9.200770378112793,27,IN_TRANSIT_TO,2025-04-04 07:22:05,2806,4613,22-GP-48,POINT (-9.200770378112793 38.74504852294922)
1719_742,5737_20250401_114_0_2,114_0,1,38.73332977294922,-9.132929801940918,41,IN_TRANSIT_TO,2025-04-04 07:22:01,517,1719,25-AS-31,POINT (-9.132929801940918 38.73332977294922)
2790_712,3541_20250401_189_0_6,189_0,1,38.70349884033203,-9.17471981048584,0,IN_TRANSIT_TO,2025-04-04 07:21:47,,2790,AI-54-TL,POINT (-9.17471981048584 38.70349884033203)
2617_722,4127_20250401_196_0_4,196_0,1,38.73884963989258,-9.138030052185059,26,IN_TRANSIT_TO,2025-04-04 07:21:57,6403,2617,66-VI-28,POINT (-9.138030052185059 38.73884963989258)
2711_738,5553_20250401_117_0_3,117_0,0,38.749481201171875,-9.149450302124023,12,IN_TRANSIT_TO,2025-04-04 07:22:03,2008,2711,92-XQ-44,POINT (-9.149450302124023 38.749481201171875)
1728_40B,19262_20250401_212_0_3,212_0,0,38.78715133666992,-9.141969680786133,12,IN_TRANSIT_TO,2025-04-04 07:21:59,6005,1728,25-AS-40,POINT (-9.141969680786133 38.78715133666992)
2717_714,3709_20250401_102_0_4,102_0,1,38.72227096557617,-9.21245002746582,9,IN_TRANSIT_TO,2025-04-04 07:21:56,18111,2717,92-XQ-16,POINT (-9.21245002746582 38.72227096557617)
2240_763,49570_20250401_282_0_6,282_0,1,38.75978088378906,-9.192170143127441,3,IN_TRANSIT_TO,2025-04-04 07:21:57,12822,2240,06-31-XX,POINT (-9.192170143127441 38.75978088378906)
2483_767,20160_20250401_112_1_2,112_1,1,38.750179290771484,-9.195980072021484,14,IN_TRANSIT_TO,2025-04-04 07:21:50,10913,2483,74-BC-66,POINT (-9.195980072021484 38.750179290771484)
2625_759,6961_20250401_144_0_3,144_0,0,38.77444839477539,-9.097479820251465,44,IN_TRANSIT_TO,2025-04-04 07:21:53,7910,2625,72-VP-79,POINT (-9.097479820251465 38.77444839477539)
2634_759,6978_20250401_144_0_3,144_0,0,38.711368560791016,-9.126049995422363,6,IN_TRANSIT_TO,2025-04-04 07:21:37,8201,2634,52-VP-85,POINT (-9.126049995422363 38.711368560791016)
219_773,7423_20250401_124_0_2,124_0,0,38.71271896362305,-9.166879653930664,19,IN_TRANSIT_TO,2025-04-04 07:21:38,10107,219,11-12-XO,POINT (-9.166879653930664 38.71271896362305)
4604_753,6553_20250401_167_0_5,167_0,0,38.728118896484375,-9.14490032196045,1,IN_TRANSIT_TO,2025-04-04 07:21:35,1712,4604,96-GL-82,POINT (-9.14490032196045 38.728118896484375)
2771_713,3614_20250401_122_0_2,122_0,1,38.73112869262695,-9.168180465698242,0,IN_TRANSIT_TO,2025-04-04 07:21:48,,2771,AH-20-ND,POINT (-9.168180465698242 38.73112869262695)
2288_724,4204_20250401_178_0_6,178_0,1,38.74386978149414,-9.196900367736816,13,IN_TRANSIT_TO,2025-04-04 07:21:43,2805,2288,92-59-ZM,POINT (-9.196900367736816 38.74386978149414)
2637_759,6943_20250401_144_0_4,144_0,1,38.772579193115234,-9.097350120544434,3,IN_TRANSIT_TO,2025-04-04 07:21:45,7821,2637,87-VS-51,POINT (-9.097350120544434 38.772579193115234)
2951_29B,17524_20250401_209_0_4,209_0,0,38.76742172241211,-9.110079765319824,11,IN_TRANSIT_TO,2025-04-04 07:21:48,7715,2951,62-GQ-53,POINT (-9.110079765319824 38.76742172241211)
2971_34B,19151_20250401_226_0_3,226_0,0,38.770748138427734,-9.14756965637207,0,IN_TRANSIT_TO,2025-04-04 07:20:29,,2971,29-VM-98,POINT (-9.14756965637207 38.770748138427734)
2979_52B,21661_20250401_244_0_3,244_0,0,38.739280700683594,-9.153420448303223,10,IN_TRANSIT_TO,2025-04-04 07:21:41,50041,2979,30-VM-17,POINT (-9.153420448303223 38.739280700683594)
2602_759,6906_20250401_144_0_4,144_0,1,38.731998443603516,-9.114919662475586,30,IN_TRANSIT_TO,2025-04-04 07:21:57,17572,2602,16-VF-81,POINT (-9.114919662475586 38.731998443603516)
2702_723,4187_20250401_121_0_2,121_0,0,38.72201919555664,-9.13914966583252,1,IN_TRANSIT_TO,2025-04-04 07:21:53,9209,2702,92-XQ-21,POINT (-9.13914966583252 38.72201919555664)
2205_742,5777_20250401_114_0_3,114_0,1,38.71392059326172,-9.199430465698242,1,IN_TRANSIT_TO,2025-04-04 07:22:01,10315,2205,01-71-XO,POINT (-9.199430465698242 38.71392059326172)
1756_717,3822_20250401_170_0_5,170_0,0,38.76639938354492,-9.157569885253906,17,IN_TRANSIT_TO,2025-04-04 07:21:40,5811,1756,34-HU-22,POINT (-9.157569885253906 38.76639938354492)
2821_753,6569_20250401_167_0_4,167_0,1,38.72328186035156,-9.165369987487793,3,IN_TRANSIT_TO,2025-04-04 07:21:47,8608,2821,BF-71-FZ,POINT (-9.165369987487793 38.72328186035156)
1701_701,2967_20250401_123_0_3,123_0,0,38.72549819946289,-9.16292953491211,26,IN_TRANSIT_TO,2025-04-04 07:22:06,6113,1701,39-AB-08,POINT (-9.16292953491211 38.72549819946289)
2260_758,6877_20250401_150_0_3,150_0,0,38.743980407714844,-9.177120208740234,21,IN_TRANSIT_TO,2025-04-04 07:21:44,10706,2260,67-47-ZJ,POINT (-9.177120208740234 38.743980407714844)
2807_718,3959_20250401_105_0_5,105_0,1,38.74327850341797,-9.132829666137695,2,IN_TRANSIT_TO,2025-04-04 07:21:46,308,2807,01-IH-96,POINT (-9.132829666137695 38.74327850341797)
2786_754,6592_20250401_201_0_4,201_0,1,38.743919372558594,-9.205499649047852,16,IN_TRANSIT_TO,2025-04-04 07:21:45,8811,2786,AI-52-TL,POINT (-9.205499649047852 38.743919372558594)
4827_736,5351_20250401_199_0_5,199_0,0,38.743099212646484,-9.146900177001953,9,IN_TRANSIT_TO,2025-04-04 07:21:36,1901,4827,34-VR-15,POINT (-9.146900177001953 38.743099212646484)
2411_729,4810_20250401_104_0_2,104_0,1,38.749629974365234,-9.193400382995605,31,IN_TRANSIT_TO,2025-04-04 07:21:47,10835,2411,62-AL-11,POINT (-9.193400382995605 38.749629974365234)
2636_718,3940_20250401_105_0_3,105_0,1,38.72507858276367,-9.118680000305176,11,IN_TRANSIT_TO,2025-04-04 07:21:43,9801,2636,87-VS-50,POINT (-9.118680000305176 38.72507858276367)
2993_770,7364_20250401_191_0_4,191_0,0,38.733219146728516,-9.17156982421875,14,IN_TRANSIT_TO,2025-04-04 07:22:06,2709,2993,29-VM-93,POINT (-9.17156982421875 38.733219146728516)
2214_742,5776_20250401_114_0_5,114_0,1,38.71377944946289,-9.196430206298828,2,IN_TRANSIT_TO,2025-04-04 07:21:52,12928,2214,08-02-XS,POINT (-9.196430206298828 38.71377944946289)
2659_738,5566_20250401_117_0_3,117_0,1,38.750728607177734,-9.158780097961426,29,IN_TRANSIT_TO,2025-04-04 07:21:37,13507,2659,05-VZ-57,POINT (-9.158780097961426 38.750728607177734)
2306_708,3289_20250401_100_0_5,100_0,1,38.76496887207031,-9.11620044708252,22,IN_TRANSIT_TO,2025-04-04 07:22:06,8438,2306,83-19-ZM,POINT (-9.11620044708252 38.76496887207031)
2345_724,4213_20250401_178_0_4,178_0,1,38.74959945678711,-9.197500228881836,9,IN_TRANSIT_TO,2025-04-04 07:22:02,10913,2345,53-59-ZJ,POINT (-9.197500228881836 38.74959945678711)
404_67B,28216_20250401_253_0_3,253_0,0,38.711181640625,-9.174449920654297,9,IN_TRANSIT_TO,2025-04-04 07:21:52,9401,404,BF-14-TQ,POINT (-9.174449920654297 38.711181640625)
1714_796,8144_20250401_174_0_10,174_0,1,38.775779724121094,-9.16312026977539,11,IN_TRANSIT_TO,2025-04-04 07:21:39,5908,1714,69-AL-77,POINT (-9.16312026977539 38.775779724121094)
2674_723,4177_20250401_121_0_3,121_0,0,38.70024871826172,-9.223199844360352,25,IN_TRANSIT_TO,2025-04-04 07:21:54,9705,2674,87-XB-38,POINT (-9.223199844360352 38.70024871826172)
2640_759,6981_20250401_144_0_5,144_0,0,38.71080017089844,-9.138649940490723,2,IN_TRANSIT_TO,2025-04-04 07:21:47,902,2640,75-VS-43,POINT (-9.138649940490723 38.71080017089844)
2721_754,6617_20250401_201_0_2,201_0,1,38.7476692199707,-9.152299880981445,30,IN_TRANSIT_TO,2025-04-04 07:21:55,13502,2721,92-XQ-37,POINT (-9.152299880981445 38.7476692199707)
543_24E,17842_20250401_213_0_6,213_0,0,38.71039962768555,-9.14346981048584,0,IN_TRANSIT_TO,2025-04-04 07:21:46,,543,,POINT (-9.14346981048584 38.71039962768555)
2215_742,5759_20250401_114_0_4,114_0,1,38.70692825317383,-9.17294979095459,21,IN_TRANSIT_TO,2025-04-04 07:21:53,9402,2215,08-01-XS,POINT (-9.17294979095459 38.70692825317383)
6048_760,7066_20250401_171_0_2,171_0,0,38.705501556396484,-9.185230255126953,21,IN_TRANSIT_TO,2025-04-04 07:21:50,12012,6048,BH-46-IR,POINT (-9.185230255126953 38.705501556396484)
2224_742,5676_20250401_114_0_2,114_0,0,38.733299255371094,-9.154720306396484,26,IN_TRANSIT_TO,2025-04-04 07:21:37,1405,2224,08-15-XS,POINT (-9.154720306396484 38.733299255371094)
2844_728,4681_20250401_204_0_4,204_0,0,38.69684982299805,-9.191729545593262,12,IN_TRANSIT_TO,2025-04-04 07:21:50,4101,2844,BF-73-FZ,POINT (-9.191729545593262 38.69684982299805)
2734_755,6702_20250401_118_0_5,118_0,1,38.74720001220703,-9.108280181884766,36,IN_TRANSIT_TO,2025-04-04 07:22:02,2211,2734,AG-50-EI,POINT (-9.108280181884766 38.74720001220703)
2974_72B,45275_20250401_279_0_3,279_0,0,38.73487091064453,-9.204150199890137,16,IN_TRANSIT_TO,2025-04-04 07:21:45,8838,2974,30-VM-22,POINT (-9.204150199890137 38.73487091064453)
228_773,7381_20250401_124_0_2,124_0,1,38.71417999267578,-9.152999877929688,20,IN_TRANSIT_TO,2025-04-04 07:21:52,6703,228,84-39-XQ,POINT (-9.152999877929688 38.71417999267578)
4628_783,7842_20250401_203_0_4,203_0,1,38.76411819458008,-9.12952995300293,12,IN_TRANSIT_TO,2025-04-04 07:21:37,7602,4628,27-JO-10,POINT (-9.12952995300293 38.76411819458008)
4642_750,6305_20250401_106_0_2,106_0,1,38.70307159423828,-9.22716999053955,2,IN_TRANSIT_TO,2025-04-04 07:21:14,4202,4642,90-JI-99,POINT (-9.22716999053955 38.70307159423828)
2670_738,22043_20250401_117_0_2,117_0,0,38.72200012207031,-9.181170463562012,0,IN_TRANSIT_TO,2025-04-04 07:21:45,,2670,87-XB-32,POINT (-9.181170463562012 38.72200012207031)
2484_729,4788_20250401_104_0_3,104_0,1,38.76918029785156,-9.189849853515625,42,IN_TRANSIT_TO,2025-04-04 07:17:35,14106,2484,91-BE-76,POINT (-9.189849853515625 38.76918029785156)
2842_728,4714_20250401_204_0_3,204_0,1,38.702781677246094,-9.174699783325195,40,IN_TRANSIT_TO,2025-04-04 07:21:56,4002,2842,BF-56-FZ,POINT (-9.174699783325195 38.702781677246094)
2762_751,6437_20250401_109_0_5,109_0,1,38.699668884277344,-9.205750465393066,17,IN_TRANSIT_TO,2025-04-04 07:21:47,9607,2762,AH-38-ND,POINT (-9.205750465393066 38.699668884277344)
2826_753,6577_20250401_167_0_6,167_0,1,38.66952896118164,-9.172450065612793,1,IN_TRANSIT_TO,2025-04-04 07:21:53,19001,2826,BF-74-FZ,POINT (-9.172450065612793 38.66952896118164)
2618_781,7721_20250401_151_0_4,151_0,1,38.7481689453125,-9.09689998626709,18,IN_TRANSIT_TO,2025-04-04 07:21:53,2307,2618,66-VI-42,POINT (-9.09689998626709 38.7481689453125)
2690_727,4553_20250401_103_0_3,103_0,0,38.72467041015625,-9.15073013305664,13,IN_TRANSIT_TO,2025-04-04 07:22:01,1206,2690,99-XE-57,POINT (-9.15073013305664 38.72467041015625)
2675_712,3566_20250401_189_0_3,189_0,1,38.7210807800293,-9.119379997253418,23,IN_TRANSIT_TO,2025-04-04 07:22:01,9110,2675,87-XB-35,POINT (-9.119379997253418 38.7210807800293)
2301_723,4169_20250401_121_0_4,121_0,1,38.695919036865234,-9.218999862670898,3,IN_TRANSIT_TO,2025-04-04 07:21:58,13203,2301,83-12-ZM,POINT (-9.218999862670898 38.695919036865234)
2667_714,3697_20250401_102_0_4,102_0,1,38.704978942871094,-9.161700248718262,32,IN_TRANSIT_TO,2025-04-04 07:21:39,10211,2667,87-XB-45,POINT (-9.161700248718262 38.704978942871094)
257_13B,21591_20250401_243_0_3,243_0,0,38.72132873535156,-9.128820419311523,20,IN_TRANSIT_TO,2025-04-04 07:21:59,9111,257,AF-59-RM,POINT (-9.128820419311523 38.72132873535156)
2657_727,4485_20250401_103_0_3,103_0,1,38.73004913330078,-9.14702033996582,38,IN_TRANSIT_TO,2025-04-04 07:21:58,1701,2657,05-VZ-66,POINT (-9.14702033996582 38.73004913330078)
606_15E,11238_20250401_76_0_3,76_0,0,38.70191955566406,-9.18101978302002,8,IN_TRANSIT_TO,2025-04-04 07:21:36,12108,606,,POINT (-9.18101978302002 38.70191955566406)
2451_778,18640_20250401_179_0_7,179_0,0,38.75957107543945,-9.161029815673828,1,IN_TRANSIT_TO,2025-04-04 07:21:54,5809,2451,75-AQ-16,POINT (-9.161029815673828 38.75957107543945)
2258_758,6869_20250401_150_0_5,150_0,0,38.750030517578125,-9.195300102233887,27,IN_TRANSIT_TO,2025-04-04 07:22:06,10802,2258,53-58-ZJ,POINT (-9.195300102233887 38.750030517578125)
2646_759,6970_20250401_144_0_3,144_0,0,38.75202178955078,-9.113499641418457,26,IN_TRANSIT_TO,2025-04-04 07:21:47,24377,2646,75-VS-48,POINT (-9.113499641418457 38.75202178955078)
2423_747,6119_20250401_177_0_4,177_0,0,38.764251708984375,-9.176679611206055,9,IN_TRANSIT_TO,2025-04-04 07:21:49,50007,2423,29-AU-18,POINT (-9.176679611206055 38.764251708984375)
2406_716,3757_20250401_164_0_6,164_0,1,38.74436950683594,-9.178899765014648,10,IN_TRANSIT_TO,2025-04-04 07:22:00,10703,2406,50-AL-09,POINT (-9.178899765014648 38.74436950683594)
2425_767,7297_20250401_112_0_3,112_0,0,38.75910186767578,-9.158699989318848,19,IN_TRANSIT_TO,2025-04-04 07:21:45,5825,2425,29-AU-20,POINT (-9.158699989318848 38.75910186767578)
2601_705,3195_20250401_176_0_3,176_0,1,38.77552032470703,-9.110679626464844,20,IN_TRANSIT_TO,2025-04-04 07:22:02,12301,2601,04-VA-70,POINT (-9.110679626464844 38.77552032470703)
2785_714,3698_20250401_102_0_2,102_0,1,38.69742965698242,-9.196579933166504,22,IN_TRANSIT_TO,2025-04-04 07:22:00,4113,2785,AI-05-BT,POINT (-9.196579933166504 38.69742965698242)
2676_738,5561_20250401_117_0_3,117_0,0,38.75402069091797,-9.174980163574219,1,IN_TRANSIT_TO,2025-04-04 07:21:47,50471,2676,87-XB-40,POINT (-9.174980163574219 38.75402069091797)
2216_742,5768_20250401_114_0_2,114_0,1,38.706180572509766,-9.176250457763672,20,IN_TRANSIT_TO,2025-04-04 07:21:59,12105,2216,08-00-XS,POINT (-9.176250457763672 38.706180572509766)
2255_758,6831_20250401_150_0_3,150_0,1,38.72105026245117,-9.162130355834961,22,IN_TRANSIT_TO,2025-04-04 07:22:03,8512,2255,80-54-ZE,POINT (-9.162130355834961 38.72105026245117)
2963_737,51374_20250401_173_0_2,173_0,0,38.71392822265625,-9.137999534606934,0,IN_TRANSIT_TO,2025-04-04 07:21:45,,2963,29-VM-88,POINT (-9.137999534606934 38.71392822265625)
2610_781,7747_20250401_151_0_4,151_0,0,38.74462127685547,-9.10105037689209,10,IN_TRANSIT_TO,2025-04-04 07:21:37,12501,2610,66-VI-20,POINT (-9.10105037689209 38.74462127685547)
2604_759,6965_20250401_144_0_3,144_0,0,38.763919830322266,-9.118720054626465,31,IN_TRANSIT_TO,2025-04-04 07:21:39,8437,2604,66-VI-32,POINT (-9.118720054626465 38.763919830322266)
2630_781,7737_20250401_151_0_4,151_0,1,38.783119201660156,-9.124670028686523,4,IN_TRANSIT_TO,2025-04-04 07:21:37,16304,2630,52-VP-89,POINT (-9.124670028686523 38.783119201660156)
2665_723,4186_20250401_121_0_3,121_0,0,38.72713088989258,-9.146069526672363,5,IN_TRANSIT_TO,2025-04-04 07:22:04,6605,2665,87-XB-33,POINT (-9.146069526672363 38.72713088989258)
2611_722,4119_20250401_196_0_4,196_0,0,38.733829498291016,-9.144700050354004,6,IN_TRANSIT_TO,2025-04-04 07:21:38,1807,2611,66-VI-38,POINT (-9.144700050354004 38.733829498291016)
2720_764,7162_20250401_168_0_5,168_0,0,38.746768951416016,-9.189680099487305,17,IN_TRANSIT_TO,2025-04-04 07:21:59,10803,2720,92-XQ-28,POINT (-9.189680099487305 38.746768951416016)
2695_727,4454_20250401_103_0_2,103_0,0,38.745731353759766,-9.137479782104492,2,IN_TRANSIT_TO,2025-04-04 07:21:40,11211,2695,90-XF-50,POINT (-9.137479782104492 38.745731353759766)
2498_720,4094_20250401_143_0_6,143_0,1,38.70418167114258,-9.16802978515625,7,IN_TRANSIT_TO,2025-04-04 07:21:55,10203,2498,03-BM-57,POINT (-9.16802978515625 38.70418167114258)
4634_796,8140_20250401_174_0_6,174_0,1,38.79072189331055,-9.150670051574707,16,IN_TRANSIT_TO,2025-04-04 07:21:42,5808,4634,11-JM-78,POINT (-9.150670051574707 38.79072189331055)
2843_751,6490_20250401_109_0_3,109_0,0,38.6975212097168,-9.19575023651123,13,IN_TRANSIT_TO,2025-04-04 07:21:39,9508,2843,BF-63-FZ,POINT (-9.19575023651123 38.6975212097168)
2231_799,8230_20250401_120_0_4,120_0,1,38.74763107299805,-9.19771957397461,19,IN_TRANSIT_TO,2025-04-04 07:21:50,2803,2231,06-28-XX,POINT (-9.19771957397461 38.74763107299805)
2633_744,5805_20250401_200_0_3,200_0,0,38.745521545410156,-9.147430419921875,9,IN_TRANSIT_TO,2025-04-04 07:21:44,2021,2633,52-VP-79,POINT (-9.147430419921875 38.745521545410156)
2310_781,7761_20250401_151_0_2,151_0,1,38.70640182495117,-9.142919540405273,29,IN_TRANSIT_TO,2025-04-04 07:21:42,3820,2310,83-07-ZM,POINT (-9.142919540405273 38.70640182495117)
2964_737,5489_20250401_173_0_4,173_0,1,38.71223068237305,-9.132479667663574,0,IN_TRANSIT_TO,2025-04-04 07:21:56,,2964,30-VM-19,POINT (-9.132479667663574 38.71223068237305)
2731_720,4066_20250401_143_0_4,143_0,1,38.738319396972656,-9.127169609069824,29,IN_TRANSIT_TO,2025-04-04 07:21:40,9006,2731,AG-49-EI,POINT (-9.127169609069824 38.738319396972656)
277_734,5133_20250401_205_0_4,205_0,1,38.71786880493164,-9.121170043945312,2,IN_TRANSIT_TO,2025-04-04 07:21:56,2103,277,AH-13-TB,POINT (-9.121170043945312 38.71786880493164)
2791_748,6160_20250401_169_0_3,169_0,0,38.72433090209961,-9.161020278930664,4,IN_TRANSIT_TO,2025-04-04 07:22:00,8501,2791,AJ-61-LI,POINT (-9.161020278930664 38.72433090209961)
2793_738,5572_20250401_117_0_4,117_0,1,38.709869384765625,-9.166000366210938,8,IN_TRANSIT_TO,2025-04-04 07:21:50,10205,2793,AJ-58-LI,POINT (-9.166000366210938 38.709869384765625)
2635_722,4107_20250401_196_0_3,196_0,0,38.77280044555664,-9.118169784545898,25,IN_TRANSIT_TO,2025-04-04 07:21:15,12205,2635,52-VP-90,POINT (-9.118169784545898 38.77280044555664)
4839_736,18817_20250401_199_0_6,199_0,1,38.786949157714844,-9.180520057678223,2,IN_TRANSIT_TO,2025-04-04 07:21:24,15103,4839,53-VR-08,POINT (-9.180520057678223 38.786949157714844)
2795_727,4536_20250401_103_0_2,103_0,0,38.711021423339844,-9.206250190734863,43,IN_TRANSIT_TO,2025-04-04 07:21:54,12914,2795,AJ-55-LI,POINT (-9.206250190734863 38.711021423339844)
2988_730,4949_20250401_198_0_4,198_0,0,38.732120513916016,-9.127969741821289,11,IN_TRANSIT_TO,2025-04-04 07:21:47,50467,2988,29-VM-94,POINT (-9.127969741821289 38.732120513916016)
276_64B,35837_20250401_238_0_4,238_0,0,38.72417068481445,-9.167579650878906,8,IN_TRANSIT_TO,2025-04-04 07:21:54,50486,276,AH-12-TB,POINT (-9.167579650878906 38.72417068481445)
2689_727,4529_20250401_103_0_2,103_0,1,38.711448669433594,-9.209380149841309,4,IN_TRANSIT_TO,2025-04-04 07:22:08,12408,2689,93-XA-45,POINT (-9.209380149841309 38.711448669433594)
2660_711,3512_20250401_101_0_2,101_0,1,38.73365020751953,-9.198479652404785,14,IN_TRANSIT_TO,2025-04-04 07:22:05,8826,2660,05-VZ-60,POINT (-9.198479652404785 38.73365020751953)
6040_732,5062_20250401_107_0_3,107_0,0,38.747928619384766,-9.15054988861084,3,IN_TRANSIT_TO,2025-04-04 07:21:47,2010,6040,BG-46-LT,POINT (-9.15054988861084 38.747928619384766)
2228_794,8054_20250401_115_0_3,115_0,1,38.767578125,-9.103449821472168,1,IN_TRANSIT_TO,2025-04-04 07:21:43,7814,2228,06-24-XX,POINT (-9.103449821472168 38.767578125)
2217_742,5698_20250401_114_0_4,114_0,0,38.733768463134766,-9.134499549865723,17,IN_TRANSIT_TO,2025-04-04 07:21:56,503,2217,07-99-XS,POINT (-9.134499549865723 38.733768463134766)
303_744,5841_20250401_200_0_4,200_0,1,38.76919937133789,-9.128029823303223,14,IN_TRANSIT_TO,2025-04-04 07:21:18,50592,303,22-SP-90,POINT (-9.128029823303223 38.76919937133789)
2621_759,6949_20250401_144_0_3,144_0,0,38.767578125,-9.10023021697998,47,IN_TRANSIT_TO,2025-04-04 07:21:47,7825,2621,66-VI-45,POINT (-9.10023021697998 38.767578125)
2496_755,6694_20250401_118_0_6,118_0,0,38.74972152709961,-9.102499961853027,4,IN_TRANSIT_TO,2025-04-04 07:21:38,50477,2496,88-BL-70,POINT (-9.102499961853027 38.74972152709961)
1706_742,5720_20250401_114_0_5,114_0,0,38.73311996459961,-9.113969802856445,1,IN_TRANSIT_TO,2025-04-04 07:21:05,17574,1706,69-AL-69,POINT (-9.113969802856445 38.73311996459961)
2638_744,5849_20250401_200_0_2,200_0,0,38.77397155761719,-9.097330093383789,26,IN_TRANSIT_TO,2025-04-04 07:22:04,7821,2638,87-VS-48,POINT (-9.097330093383789 38.77397155761719)
2775_709,3394_20250401_148_0_3,148_0,0,38.71427917480469,-9.16903018951416,12,IN_TRANSIT_TO,2025-04-04 07:21:53,8018,2775,AH-31-ND,POINT (-9.16903018951416 38.71427917480469)
2794_714,3712_20250401_102_0_1,102_0,1,38.721229553222656,-9.221480369567871,3,IN_TRANSIT_TO,2025-04-04 07:22:04,18705,2794,AJ-60-LI,POINT (-9.221480369567871 38.721229553222656)
1703_701,2939_20250401_123_0_7,123_0,1,38.7557487487793,-9.168180465698242,20,IN_TRANSIT_TO,2025-04-04 07:21:51,50017,1703,35-AL-13,POINT (-9.168180465698242 38.7557487487793)
2480_716,3747_20250401_164_0_7,164_0,0,38.739471435546875,-9.150219917297363,6,IN_TRANSIT_TO,2025-04-04 07:21:54,1407,2480,91-BE-75,POINT (-9.150219917297363 38.739471435546875)
2749_720,4086_20250401_143_0_5,143_0,1,38.73175048828125,-9.141550064086914,20,IN_TRANSIT_TO,2025-04-04 07:21:38,6506,2749,AG-03-TH,POINT (-9.141550064086914 38.73175048828125)
2982_71B,45267_20250401_278_0_2,278_0,0,38.74264907836914,-9.201849937438965,9,IN_TRANSIT_TO,2025-04-04 07:21:11,2814,2982,30-VM-23,POINT (-9.201849937438965 38.74264907836914)
2750_756,6757_20250401_175_0_4,175_0,0,38.7382698059082,-9.124850273132324,3,IN_TRANSIT_TO,2025-04-04 07:21:53,8905,2750,AG-10-TH,POINT (-9.124850273132324 38.7382698059082)
2761_748,6155_20250401_169_0_3,169_0,0,38.7138786315918,-9.225099563598633,6,IN_TRANSIT_TO,2025-04-04 07:21:47,18102,2761,AH-33-ND,POINT (-9.225099563598633 38.7138786315918)
2756_727,4515_20250401_103_0_3,103_0,1,38.706199645996094,-9.158949851989746,24,IN_TRANSIT_TO,2025-04-04 07:21:54,3907,2756,AH-27-ND,POINT (-9.158949851989746 38.706199645996094)
2305_708,3347_20250401_100_0_2,100_0,0,38.77000045776367,-9.097399711608887,28,IN_TRANSIT_TO,2025-04-04 07:21:49,7805,2305,83-18-ZM,POINT (-9.097399711608887 38.77000045776367)
403_19B,21687_20250401_245_0_3,245_0,0,38.71474838256836,-9.149999618530273,11,IN_TRANSIT_TO,2025-04-04 07:21:17,6715,403,BF-84-TA,POINT (-9.149999618530273 38.71474838256836)
1742_758,6861_20250401_150_0_2,150_0,1,38.752071380615234,-9.205430030822754,3,IN_TRANSIT_TO,2025-04-04 07:21:48,10901,1742,91-HR-99,POINT (-9.205430030822754 38.752071380615234)
2264_731,4989_20250401_190_0_4,190_0,1,38.744781494140625,-9.158470153808594,26,IN_TRANSIT_TO,2025-04-04 07:21:42,3306,2264,76-90-ZG,POINT (-9.158470153808594 38.744781494140625)
2651_744,5819_20250401_200_0_3,200_0,1,38.71562957763672,-9.142000198364258,33,IN_TRANSIT_TO,2025-04-04 07:21:41,1002,2651,05-VZ-54,POINT (-9.142000198364258 38.71562957763672)
2283_799,8222_20250401_120_0_2,120_0,0,38.73834991455078,-9.21774959564209,15,IN_TRANSIT_TO,2025-04-04 07:21:57,50052,2283,67-39-ZJ,POINT (-9.21774959564209 38.73834991455078)
2420_703,3170_20250401_165_0_5,165_0,0,38.78739929199219,-9.149100303649902,5,IN_TRANSIT_TO,2025-04-04 07:21:57,6002,2420,29-AU-15,POINT (-9.149100303649902 38.78739929199219)
1752_717,3803_20250401_170_0_5,170_0,0,38.7741813659668,-9.153499603271484,22,IN_TRANSIT_TO,2025-04-04 07:21:59,5913,1752,34-HU-18,POINT (-9.153499603271484 38.7741813659668)
2648_738,5528_20250401_117_0_3,117_0,0,38.71173095703125,-9.163700103759766,27,IN_TRANSIT_TO,2025-04-04 07:22:01,8102,2648,75-VS-46,POINT (-9.163700103759766 38.71173095703125)
2422_747,6101_20250401_177_0_4,177_0,1,38.76499938964844,-9.177650451660156,12,IN_TRANSIT_TO,2025-04-04 07:21:28,12833,2422,29-AU-17,POINT (-9.177650451660156 38.76499938964844)
2212_742,5751_20250401_114_0_3,114_0,1,38.720401763916016,-9.16897964477539,26,IN_TRANSIT_TO,2025-04-04 07:21:59,9304,2212,08-05-XS,POINT (-9.16897964477539 38.720401763916016)
2433_767,7308_20250401_112_0_3,112_0,0,38.73590087890625,-9.136819839477539,7,IN_TRANSIT_TO,2025-04-04 07:21:45,11108,2433,44-BC-28,POINT (-9.136819839477539 38.73590087890625)
6007_703,3166_20250401_165_0_3,165_0,0,38.77399826049805,-9.163649559020996,17,IN_TRANSIT_TO,2025-04-04 07:21:39,5915,6007,80-ZC-62,POINT (-9.163649559020996 38.77399826049805)
6042_732,5038_20250401_107_0_2,107_0,0,38.70568084716797,-9.199179649353027,35,IN_TRANSIT_TO,2025-04-04 07:22:00,13304,6042,BG-97-LU,POINT (-9.199179649353027 38.70568084716797)
2766_713,3612_20250401_122_0_6,122_0,1,38.704681396484375,-9.167499542236328,9,IN_TRANSIT_TO,2025-04-04 07:21:55,10207,2766,AH-40-ND,POINT (-9.167499542236328 38.704681396484375)
2238_768,7335_20250401_111_0_5,111_0,0,38.74721908569336,-9.167519569396973,3,IN_TRANSIT_TO,2025-04-04 07:22:05,12706,2238,06-29-XX,POINT (-9.167519569396973 38.74721908569336)
2273_724,4230_20250401_178_0_6,178_0,1,38.76176834106445,-9.196849822998047,23,IN_TRANSIT_TO,2025-04-04 07:21:50,21306,2273,76-81-ZG,POINT (-9.196849822998047 38.76176834106445)
2489_729,4757_20250401_104_0_4,104_0,0,38.73889923095703,-9.202269554138184,19,IN_TRANSIT_TO,2025-04-04 07:22:05,2810,2489,55-BH-05,POINT (-9.202269554138184 38.73889923095703)
2681_727,4502_20250401_103_0_2,103_0,1,38.717071533203125,-9.155099868774414,32,IN_TRANSIT_TO,2025-04-04 07:21:43,6705,2681,93-XA-41,POINT (-9.155099868774414 38.717071533203125)
2639_705,3190_20250401_176_0_4,176_0,0,38.76847839355469,-9.099479675292969,0,IN_TRANSIT_TO,2025-04-04 07:21:53,,2639,75-VS-47,POINT (-9.099479675292969 38.76847839355469)
4614_728,4700_20250401_204_0_4,204_0,0,38.70521926879883,-9.205080032348633,6,IN_TRANSIT_TO,2025-04-04 07:21:35,13117,4614,96-GL-90,POINT (-9.205080032348633 38.70521926879883)
2644_759,6928_20250401_144_0_2,144_0,1,38.77252960205078,-9.11359977722168,9,IN_TRANSIT_TO,2025-04-04 07:21:39,7720,2644,87-VS-52,POINT (-9.11359977722168 38.77252960205078)
1759_717,3887_20250401_170_4_6,170_4,1,38.78725051879883,-9.142399787902832,9,IN_TRANSIT_TO,2025-04-04 07:21:47,6005,1759,34-HU-25,POINT (-9.142399787902832 38.78725051879883)
4640_783,7835_20250401_203_0_4,203_0,1,38.749351501464844,-9.149319648742676,19,IN_TRANSIT_TO,2025-04-04 07:21:54,2006,4640,02-JN-87,POINT (-9.149319648742676 38.749351501464844)
2478_778,7529_20250401_179_0_6,179_0,1,38.75579833984375,-9.194049835205078,2,IN_TRANSIT_TO,2025-04-04 07:21:51,50242,2478,91-BE-80,POINT (-9.194049835205078 38.75579833984375)
2687_713,3576_20250401_122_0_5,122_0,0,38.730628967285156,-9.156949996948242,8,IN_TRANSIT_TO,2025-04-04 07:22:01,6117,2687,93-XA-44,POINT (-9.156949996948242 38.730628967285156)
2251_731,5018_20250401_190_0_2,190_0,1,38.782470703125,-9.108400344848633,0,IN_TRANSIT_TO,2025-04-04 07:22:01,,2251,22-31-ZB,POINT (-9.108400344848633 38.782470703125)
2241_731,41474_20250401_190_0_2,190_0,0,38.7411994934082,-9.163229942321777,4,IN_TRANSIT_TO,2025-04-04 07:22:00,1605,2241,22-37-ZB,POINT (-9.163229942321777 38.7411994934082)
2448_767,7305_20250401_112_0_3,112_0,0,38.732601165771484,-9.140999794006348,5,IN_TRANSIT_TO,2025-04-04 07:21:59,6502,2448,44-BC-34,POINT (-9.140999794006348 38.732601165771484)
2650_708,3351_20250401_100_0_3,100_0,0,38.76435089111328,-9.10949993133545,24,IN_TRANSIT_TO,2025-04-04 07:21:51,7724,2650,75-VS-50,POINT (-9.10949993133545 38.76435089111328)
2220_742,5666_20250401_114_0_3,114_0,0,38.711021423339844,-9.172269821166992,36,IN_TRANSIT_TO,2025-04-04 07:21:50,50067,2220,07-96-XS,POINT (-9.172269821166992 38.711021423339844)
2774_746,5964_20250401_108_0_5,108_0,0,38.75339889526367,-9.208470344543457,22,IN_TRANSIT_TO,2025-04-04 07:22:05,11006,2774,AH-22-ND,POINT (-9.208470344543457 38.75339889526367)
2773_712,3558_20250401_189_0_5,189_0,0,38.73122024536133,-9.127779960632324,3,IN_TRANSIT_TO,2025-04-04 07:21:59,2103,2773,AH-39-ND,POINT (-9.127779960632324 38.73122024536133)
2733_755,6682_20250401_118_0_4,118_0,0,38.75376892089844,-9.11382007598877,14,IN_TRANSIT_TO,2025-04-04 07:22:00,24377,2733,AG-41-EI,POINT (-9.11382007598877 38.75376892089844)
2209_742,5783_20250401_114_0_3,114_0,0,38.70759963989258,-9.196149826049805,50,IN_TRANSIT_TO,2025-04-04 07:22:02,10304,2209,01-68-XO,POINT (-9.196149826049805 38.70759963989258)
412_67B,28217_20250401_253_0_2,253_0,0,38.710548400878906,-9.15353012084961,22,IN_TRANSIT_TO,2025-04-04 07:21:48,7103,412,BF-65-TC,POINT (-9.15353012084961 38.710548400878906)
2410_716,3718_20250401_164_0_8,164_0,1,38.75027847290039,-9.196479797363281,4,IN_TRANSIT_TO,2025-04-04 07:22:03,10905,2410,92-AO-46,POINT (-9.196479797363281 38.75027847290039)
6012_706,3260_20250401_147_0_4,147_0,0,38.70621871948242,-9.143569946289062,0,IN_TRANSIT_TO,2025-04-04 07:21:40,,6012,67-ZF-26,POINT (-9.143569946289062 38.70621871948242)
4813_751,6517_20250401_109_0_4,109_0,1,38.697418212890625,-9.198869705200195,19,IN_TRANSIT_TO,2025-04-04 07:21:47,4109,4813,68-VQ-50,POINT (-9.198869705200195 38.697418212890625)
2828_753,21628_20250401_167_0_5,167_0,1,38.67715072631836,-9.173930168151855,2,IN_TRANSIT_TO,2025-04-04 07:21:38,14602,2828,BF-60-FZ,POINT (-9.173930168151855 38.67715072631836)
550_28E,14960_20250401_75_0_5,75_0,1,38.72203063964844,-9.135370254516602,21,IN_TRANSIT_TO,2025-04-04 07:21:57,706,550,,POINT (-9.135370254516602 38.72203063964844)
2678_723,4183_20250401_121_0_5,121_0,0,38.7246208190918,-9.159600257873535,8,IN_TRANSIT_TO,2025-04-04 07:21:51,1223,2678,93-XA-39,POINT (-9.159600257873535 38.7246208190918)
4806_751,6514_20250401_109_4_3,109_4,1,38.71171951293945,-9.174799919128418,9,IN_TRANSIT_TO,2025-04-04 07:21:56,9415,4806,20-VQ-74,POINT (-9.174799919128418 38.71171951293945)
2427_767,7272_20250401_112_0_4,112_0,1,38.751399993896484,-9.20989990234375,5,IN_TRANSIT_TO,2025-04-04 07:21:47,3003,2427,29-AX-14,POINT (-9.20989990234375 38.751399993896484)
4629_783,7846_20250401_203_0_4,203_0,1,38.779178619384766,-9.120129585266113,5,IN_TRANSIT_TO,2025-04-04 07:21:09,12602,4629,11-JM-77,POINT (-9.120129585266113 38.779178619384766)
2653_776,7476_20250401_193_0_15,193_0,1,38.70515060424805,-9.252519607543945,2,IN_TRANSIT_TO,2025-04-04 07:21:28,4301,2653,05-VZ-52,POINT (-9.252519607543945 38.70515060424805)
2832_728,4609_20250401_204_0_5,204_0,1,38.76832962036133,-9.09801959991455,9,IN_TRANSIT_TO,2025-04-04 07:22:04,7805,2832,BF-68-FZ,POINT (-9.09801959991455 38.76832962036133)
2991_799,8227_20250401_120_0_5,120_0,0,38.75048065185547,-9.197429656982422,4,IN_TRANSIT_TO,2025-04-04 07:21:52,10913,2991,29-VM-89,POINT (-9.197429656982422 38.75048065185547)
608_15E,11186_20250401_76_0_6,76_0,1,38.69913101196289,-9.229450225830078,1,IN_TRANSIT_TO,2025-04-04 07:22:04,4215,608,,POINT (-9.229450225830078 38.69913101196289)
4838_736,18816_20250401_199_0_4,199_0,1,38.78413009643555,-9.167579650878906,6,IN_TRANSIT_TO,2025-04-04 07:22:00,7204,4838,34-VR-22,POINT (-9.167579650878906 38.78413009643555)
2491_735,5267_20250401_172_0_4,172_0,1,38.75519943237305,-9.15038013458252,4,IN_TRANSIT_TO,2025-04-04 07:21:49,5706,2491,54-BH-98,POINT (-9.15038013458252 38.75519943237305)
4619_750,6421_20250401_106_0_2,106_0,1,38.747371673583984,-9.18988037109375,17,IN_TRANSIT_TO,2025-04-04 07:21:49,10803,4619,22-GP-53,POINT (-9.18988037109375 38.747371673583984)
1771_794,8035_20250401_115_0_14,115_0,1,38.763031005859375,-9.103949546813965,3,IN_TRANSIT_TO,2025-04-03 20:13:10,2322,1771,63-HX-27,POINT (-9.103949546813965 38.763031005859375)
2972_702,3066_20250401_146_0_4,146_0,1,38.727630615234375,-9.162569999694824,9,IN_TRANSIT_TO,2025-04-04 07:21:48,6108,2972,29-VM-96,POINT (-9.162569999694824 38.727630615234375)
402_10B,21749_20250401_242_0_4,242_0,0,38.708919525146484,-9.131270408630371,1,IN_TRANSIT_TO,2025-04-04 07:21:50,4504,402,BF-81-TP,POINT (-9.131270408630371 38.708919525146484)
2796_15E,11491_20250401_76_8_8,76_8,1,38.70293045043945,-9.173100471496582,1,IN_TRANSIT_TO,2025-04-04 07:21:45,4003,2796,AJ-59-LI,POINT (-9.173100471496582 38.70293045043945)
2206_742,5788_20250401_114_0_2,114_0,0,38.709598541259766,-9.171899795532227,37,IN_TRANSIT_TO,2025-04-04 07:22:03,9403,2206,01-67-XO,POINT (-9.171899795532227 38.709598541259766)
2943_26B,17520_20250401_208_0_3,208_0,0,38.773101806640625,-9.105779647827148,10,IN_TRANSIT_TO,2025-04-04 07:21:45,7908,2943,51-GL-83,POINT (-9.105779647827148 38.773101806640625)
2684_709,3384_20250401_148_0_7,148_0,1,38.715599060058594,-9.159979820251465,5,IN_TRANSIT_TO,2025-04-04 07:21:34,8103,2684,99-XE-59,POINT (-9.159979820251465 38.715599060058594)
1763_717,3759_20250401_170_0_5,170_0,1,38.787269592285156,-9.149129867553711,7,IN_TRANSIT_TO,2025-04-04 07:21:43,6001,1763,63-HX-25,POINT (-9.149129867553711 38.787269592285156)
414_64B,21775_20250401_238_0_4,238_0,0,38.7164192199707,-9.166379928588867,2,IN_TRANSIT_TO,2025-04-04 07:21:48,8019,414,BF-95-TP,POINT (-9.166379928588867 38.7164192199707)
2222_742,5747_20250401_114_0_4,114_0,1,38.7205810546875,-9.168479919433594,26,IN_TRANSIT_TO,2025-04-04 07:21:40,9304,2222,08-17-XS,POINT (-9.168479919433594 38.7205810546875)
576_28E,14895_20250401_75_0_6,75_0,0,38.709800720214844,-9.13617992401123,17,IN_TRANSIT_TO,2025-04-04 07:20:54,5602,576,,POINT (-9.13617992401123 38.709800720214844)
4610_728,4669_20250401_204_0_4,204_0,0,38.70840072631836,-9.136380195617676,21,IN_TRANSIT_TO,2025-04-04 07:21:44,5501,4610,96-GL-87,POINT (-9.136380195617676 38.70840072631836)
6039_732,5076_20250401_107_0_2,107_0,1,38.7469482421875,-9.147930145263672,40,IN_TRANSIT_TO,2025-04-04 07:21:46,2022,6039,BG-96-LU,POINT (-9.147930145263672 38.7469482421875)
2616_781,7748_20250401_151_0_4,151_0,0,38.74663162231445,-9.100079536437988,10,IN_TRANSIT_TO,2025-04-04 07:21:36,12501,2616,66-VI-44,POINT (-9.100079536437988 38.74663162231445)
611_15E,11280_20250401_76_0_4,76_0,1,38.69738006591797,-9.204219818115234,6,IN_TRANSIT_TO,2025-04-04 07:21:42,13209,611,,POINT (-9.204219818115234 38.69738006591797)
603_15E,11228_20250401_76_0_5,76_0,0,38.69683074951172,-9.206549644470215,14,IN_TRANSIT_TO,2025-04-04 07:21:50,9610,603,,POINT (-9.206549644470215 38.69683074951172)
280_734,5150_20250401_205_0_3,205_0,1,38.71493148803711,-9.136500358581543,15,IN_TRANSIT_TO,2025-04-04 07:21:58,805,280,AI-46-OJ,POINT (-9.136500358581543 38.71493148803711)
2479_726,4350_20250401_116_0_3,116_0,0,38.73883056640625,-9.158100128173828,14,IN_TRANSIT_TO,2025-04-04 07:21:59,1503,2479,91-BE-74,POINT (-9.158100128173828 38.73883056640625)
6021_706,3267_20250401_147_0_5,147_0,1,38.722930908203125,-9.149279594421387,22,IN_TRANSIT_TO,2025-04-04 07:21:45,1211,6021,BD-91-QG,POINT (-9.149279594421387 38.722930908203125)
2289_724,4191_20250401_178_0_5,178_0,0,38.70663070678711,-9.178879737854004,0,IN_TRANSIT_TO,2025-04-04 07:21:45,,2289,92-60-ZM,POINT (-9.178879737854004 38.70663070678711)
409_73B,18773_20250401_220_0_3,220_0,0,38.70600128173828,-9.188199996948242,37,IN_TRANSIT_TO,2025-04-04 07:21:50,9505,409,BF-73-TQ,POINT (-9.188199996948242 38.70600128173828)
2203_735,5232_20250401_172_0_4,172_0,1,38.74454879760742,-9.139470100402832,10,IN_TRANSIT_TO,2025-04-04 07:21:54,306,2203,72-19-XN,POINT (-9.139470100402832 38.74454879760742)
6013_706,3252_20250401_147_0_4,147_0,0,38.715370178222656,-9.15447998046875,10,IN_TRANSIT_TO,2025-04-04 07:21:36,6705,6013,68-ZF-53,POINT (-9.15447998046875 38.715370178222656)
6031_706,3241_20250401_147_0_4,147_0,0,38.728370666503906,-9.12462043762207,25,IN_TRANSIT_TO,2025-04-04 07:21:39,11706,6031,BF-87-AX,POINT (-9.12462043762207 38.728370666503906)
1766_717,3800_20250401_170_0_5,170_0,0,38.788028717041016,-9.145580291748047,34,IN_TRANSIT_TO,2025-04-04 07:21:59,6010,1766,63-HX-33,POINT (-9.145580291748047 38.788028717041016)
2265_767,7315_20250401_112_1_2,112_1,0,38.76055145263672,-9.170450210571289,5,IN_TRANSIT_TO,2025-04-04 07:21:55,50011,2265,76-91-ZG,POINT (-9.170450210571289 38.76055145263672)
2413_703,3124_20250401_165_0_4,165_0,1,38.74977111816406,-9.194049835205078,7,IN_TRANSIT_TO,2025-04-04 07:22:00,10835,2413,92-AO-50,POINT (-9.194049835205078 38.74977111816406)
604_15E,11254_20250401_76_0_7,76_0,0,38.704200744628906,-9.160479545593262,3,IN_TRANSIT_TO,2025-04-04 07:21:36,3902,604,,POINT (-9.160479545593262 38.704200744628906)
2763_714,3671_20250401_102_0_5,102_0,0,38.70664978027344,-9.156129837036133,5,IN_TRANSIT_TO,2025-04-04 07:21:36,3912,2763,AH-23-ND,POINT (-9.156129837036133 38.70664978027344)
220_773,7416_20250401_124_0_8,124_0,1,38.70682907104492,-9.173219680786133,0,IN_TRANSIT_TO,2025-04-04 07:21:58,,220,11-07-XO,POINT (-9.173219680786133 38.70682907104492)
2748_720,4044_20250401_143_0_5,143_0,0,38.72795104980469,-9.145270347595215,12,IN_TRANSIT_TO,2025-04-04 07:22:04,1710,2748,AG-96-TG,POINT (-9.145270347595215 38.72795104980469)
2662_748,6132_20250401_169_0_5,169_0,0,38.72243118286133,-9.169949531555176,0,IN_TRANSIT_TO,2025-04-04 07:21:44,,2662,05-VZ-51,POINT (-9.169949531555176 38.72243118286133)
4607_750,6377_20250401_106_0_4,106_0,0,38.758750915527344,-9.159600257873535,16,IN_TRANSIT_TO,2025-04-04 07:21:50,5810,4607,96-GL-84,POINT (-9.159600257873535 38.758750915527344)
562_25E,14260_20250401_79_0_3,79_0,1,38.706321716308594,-9.147350311279297,15,IN_TRANSIT_TO,2025-04-04 07:21:44,7101,562,,POINT (-9.147350311279297 38.706321716308594)
2989_797,8172_20250401_163_0_4,163_0,1,38.73212814331055,-9.128399848937988,8,IN_TRANSIT_TO,2025-04-04 07:21:44,7011,2989,29-VM-85,POINT (-9.128399848937988 38.73212814331055)
2629_718,3978_20250401_105_0_4,105_0,0,38.726219177246094,-9.112070083618164,17,IN_TRANSIT_TO,2025-04-04 07:21:54,8304,2629,52-VP-81,POINT (-9.112070083618164 38.726219177246094)
4632_796,8152_20250401_174_0_5,174_0,0,38.78411865234375,-9.161419868469238,8,IN_TRANSIT_TO,2025-04-04 07:22:00,7217,4632,98-JO-43,POINT (-9.161419868469238 38.78411865234375)
2789_714,3649_20250401_102_0_3,102_0,0,38.70899963378906,-9.213919639587402,25,IN_TRANSIT_TO,2025-04-04 07:21:50,13120,2789,AI-53-TL,POINT (-9.213919639587402 38.70899963378906)
2647_705,3199_20250401_176_0_4,176_0,1,38.75257110595703,-9.130370140075684,5,IN_TRANSIT_TO,2025-04-04 07:21:37,7307,2647,75-VS-45,POINT (-9.130370140075684 38.75257110595703)
2295_703,3109_20250401_165_0_2,165_0,1,38.76184844970703,-9.17959976196289,14,IN_TRANSIT_TO,2025-04-04 07:21:57,12836,2295,92-53-ZM,POINT (-9.17959976196289 38.76184844970703)
2671_723,4158_20250401_121_0_4,121_0,1,38.71704864501953,-9.212499618530273,11,IN_TRANSIT_TO,2025-04-04 07:21:41,10404,2671,87-XB-43,POINT (-9.212499618530273 38.71704864501953)
2285_799,8211_20250401_120_0_5,120_0,1,38.745201110839844,-9.203680038452148,15,IN_TRANSIT_TO,2025-04-04 07:22:01,8811,2285,67-55-ZJ,POINT (-9.203680038452148 38.745201110839844)
4811_751,6454_20250401_109_0_7,109_0,0,38.71247100830078,-9.2253999710083,28,IN_TRANSIT_TO,2025-04-04 07:21:55,14312,4811,34-VR-20,POINT (-9.2253999710083 38.71247100830078)
2459_771,21928_20250401_248_0_4,248_0,1,38.715171813964844,-9.2012300491333,9,IN_TRANSIT_TO,2025-04-04 07:22:06,10315,2459,74-BC-74,POINT (-9.2012300491333 38.715171813964844)
2291_771,21936_20250401_248_0_2,248_0,1,38.70772171020508,-9.19618034362793,20,IN_TRANSIT_TO,2025-04-04 07:21:47,6121,2291,92-56-ZM,POINT (-9.19618034362793 38.70772171020508)
4616_750,6290_20250401_106_0_4,106_0,1,38.74517059326172,-9.202980041503906,11,IN_TRANSIT_TO,2025-04-04 07:21:57,8811,4616,22-GP-50,POINT (-9.202980041503906 38.74517059326172)
4835_736,5408_20250401_199_0_4,199_0,1,38.720428466796875,-9.14585018157959,27,IN_TRANSIT_TO,2025-04-04 07:21:30,1102,4835,53-VR-06,POINT (-9.14585018157959 38.720428466796875)
2470_729,4836_20250401_104_0_1,104_0,0,38.705078125,-9.199299812316895,31,IN_TRANSIT_TO,2025-04-04 07:21:42,10301,2470,74-BC-71,POINT (-9.199299812316895 38.705078125)
4648_750,6335_20250401_106_0_3,106_0,0,38.70392990112305,-9.226929664611816,38,IN_TRANSIT_TO,2025-04-04 07:22:03,18403,4648,98-JO-47,POINT (-9.226929664611816 38.70392990112305)
2994_702,3030_20250401_146_0_7,146_0,0,38.73221969604492,-9.16903018951416,9,IN_TRANSIT_TO,2025-04-04 07:21:45,2701,2994,29-VM-91,POINT (-9.16903018951416 38.73221969604492)
2809_725,4239_20250401_197_0_9,197_0,0,38.768829345703125,-9.097519874572754,2,IN_TRANSIT_TO,2025-04-04 07:21:40,7805,2809,01-IH-98,POINT (-9.097519874572754 38.768829345703125)
4821_736,5424_20250401_199_0_2,199_0,1,38.75764846801758,-9.155229568481445,15,IN_TRANSIT_TO,2025-04-04 07:21:52,5806,4821,20-VQ-68,POINT (-9.155229568481445 38.75764846801758)
1741_778,7534_20250401_179_0_3,179_0,0,38.7701301574707,-9.173649787902832,15,IN_TRANSIT_TO,2025-04-04 07:21:58,50097,1741,08-HN-24,POINT (-9.173649787902832 38.7701301574707)
2712_746,5986_20250401_108_0_4,108_0,1,38.72462844848633,-9.150699615478516,25,IN_TRANSIT_TO,2025-04-04 07:21:38,1212,2712,92-XQ-33,POINT (-9.150699615478516 38.72462844848633)
2293_724,4222_20250401_178_0_5,178_0,0,38.765228271484375,-9.198399543762207,27,IN_TRANSIT_TO,2025-04-04 07:22:01,13912,2293,92-57-ZM,POINT (-9.198399543762207 38.765228271484375)
2760_764,7135_20250401_168_0_4,168_0,1,38.7447509765625,-9.168720245361328,29,IN_TRANSIT_TO,2025-04-04 07:21:52,12708,2760,AH-35-ND,POINT (-9.168720245361328 38.7447509765625)
4643_750,6262_20250401_106_0_4,106_0,1,38.744850158691406,-9.199769973754883,13,IN_TRANSIT_TO,2025-04-04 07:21:37,2812,4643,98-JO-45,POINT (-9.199769973754883 38.744850158691406)
283_28E,44753_20250401_75_8_6,75_8,0,38.71495056152344,-9.162879943847656,3,IN_TRANSIT_TO,2025-04-04 07:22:00,8001,283,AI-49-OJ,POINT (-9.162879943847656 38.71495056152344)
4621_783,7829_20250401_203_0_2,203_0,1,38.73102951049805,-9.14645004272461,25,IN_TRANSIT_TO,2025-04-04 07:21:41,1714,4621,90-JI-90,POINT (-9.14645004272461 38.73102951049805)
6032_732,5085_20250401_107_0_3,107_0,1,38.706268310546875,-9.14490032196045,28,IN_TRANSIT_TO,2025-04-04 07:21:53,3803,6032,BF-93-BC,POINT (-9.14490032196045 38.706268310546875)
2440_716,3753_20250401_164_0_6,164_0,1,38.736000061035156,-9.136719703674316,24,IN_TRANSIT_TO,2025-04-04 07:22:00,11108,2440,29-AX-08,POINT (-9.136719703674316 38.736000061035156)
2837_728,4629_20250401_204_0_2,204_0,0,38.781349182128906,-9.108099937438965,49,IN_TRANSIT_TO,2025-04-04 07:21:46,12618,2837,BF-66-FZ,POINT (-9.108099937438965 38.781349182128906)
271_61B,21520_20250401_241_0_4,241_0,0,38.736629486083984,-9.171130180358887,15,IN_TRANSIT_TO,2025-04-04 07:22:01,2712,271,AH-27-IN,POINT (-9.171130180358887 38.736629486083984)
2252_768,7328_20250401_111_0_3,111_0,0,38.75468063354492,-9.179530143737793,13,IN_TRANSIT_TO,2025-04-04 07:21:58,13612,2252,80-40-ZE,POINT (-9.179530143737793 38.75468063354492)
2784_712,3557_20250401_189_0_3,189_0,0,38.72850036621094,-9.14408016204834,15,IN_TRANSIT_TO,2025-04-04 07:21:55,6608,2784,AI-09-BT,POINT (-9.14408016204834 38.72850036621094)
2673_711,3475_20250401_101_0_5,101_0,0,38.723121643066406,-9.148079872131348,6,IN_TRANSIT_TO,2025-04-04 07:21:46,1103,2673,87-XB-37,POINT (-9.148079872131348 38.723121643066406)
2404_767,7223_20250401_112_0_2,112_0,1,38.75477981567383,-9.144949913024902,31,IN_TRANSIT_TO,2025-04-04 07:21:53,11302,2404,50-AL-11,POINT (-9.144949913024902 38.75477981567383)
2714_712,3525_20250401_189_0_4,189_0,1,38.729068756103516,-9.143449783325195,17,IN_TRANSIT_TO,2025-04-04 07:21:56,6601,2714,92-XQ-38,POINT (-9.143449783325195 38.729068756103516)
2672_723,4168_20250401_121_0_3,121_0,1,38.71443176269531,-9.214570045471191,9,IN_TRANSIT_TO,2025-04-04 07:21:52,12402,2672,87-XB-44,POINT (-9.214570045471191 38.71443176269531)
2779_713,3622_20250401_122_0_5,122_0,0,38.7064208984375,-9.158550262451172,24,IN_TRANSIT_TO,2025-04-04 07:21:33,3910,2779,AI-02-BT,POINT (-9.158550262451172 38.7064208984375)
1757_717,3889_20250401_170_4_6,170_4,1,38.797428131103516,-9.14247989654541,1,IN_TRANSIT_TO,2025-04-04 07:21:41,16001,1757,34-HU-23,POINT (-9.14247989654541 38.797428131103516)
2946_31B,17538_20250401_210_0_4,210_0,0,38.752498626708984,-9.114250183105469,3,IN_TRANSIT_TO,2025-04-04 07:21:53,24378,2946,75-GO-15,POINT (-9.114250183105469 38.752498626708984)
1727_798,8190_20250401_194_0_7,194_0,0,38.77299880981445,-9.148880004882812,8,IN_TRANSIT_TO,2025-04-04 07:21:51,11503,1727,25-AS-39,POINT (-9.148880004882812 38.77299880981445)
2405_747,6122_20250401_177_0_5,177_0,0,38.7669792175293,-9.164230346679688,5,IN_TRANSIT_TO,2025-04-04 07:21:36,5815,2405,50-AL-10,POINT (-9.164230346679688 38.7669792175293)
2691_748,6140_20250401_169_0_4,169_0,1,38.72262954711914,-9.169079780578613,6,IN_TRANSIT_TO,2025-04-04 07:21:42,14311,2691,90-XF-45,POINT (-9.169079780578613 38.72262954711914)
2242_763,46422_20250401_282_0_3,282_0,0,38.760318756103516,-9.193829536437988,19,IN_TRANSIT_TO,2025-04-04 07:22:04,12813,2242,22-42-ZB,POINT (-9.193829536437988 38.760318756103516)
2752_755,6712_20250401_118_0_3,118_0,1,38.74666976928711,-9.157329559326172,2,IN_TRANSIT_TO,2025-04-04 07:22:00,1603,2752,AG-18-TH,POINT (-9.157329559326172 38.74666976928711)
2680_727,4552_20250401_103_0_3,103_0,0,38.70787048339844,-9.155779838562012,22,IN_TRANSIT_TO,2025-04-04 07:21:04,50593,2680,93-XA-36,POINT (-9.155779838562012 38.70787048339844)
2609_759,6921_20250401_144_0_4,144_0,1,38.757171630859375,-9.112850189208984,19,IN_TRANSIT_TO,2025-04-04 07:21:39,8413,2609,66-VI-36,POINT (-9.112850189208984 38.757171630859375)
282_734,5144_20250401_205_0_4,205_0,0,38.72322082519531,-9.132920265197754,4,IN_TRANSIT_TO,2025-04-04 07:21:37,707,282,AI-47-OJ,POINT (-9.132920265197754 38.72322082519531)
2767_711,3509_20250401_101_0_4,101_0,1,38.723228454589844,-9.16569995880127,26,IN_TRANSIT_TO,2025-04-04 07:21:52,8608,2767,AH-34-ND,POINT (-9.16569995880127 38.723228454589844)
2278_758,6770_20250401_150_0_5,150_0,0,38.714969635009766,-9.144519805908203,5,IN_TRANSIT_TO,2025-04-04 07:21:53,10601,2278,67-41-ZJ,POINT (-9.144519805908203 38.714969635009766)
2830_753,20066_20250401_167_0_3,167_0,0,38.723228454589844,-9.166669845581055,6,IN_TRANSIT_TO,2025-04-04 07:21:35,8501,2830,BF-57-FZ,POINT (-9.166669845581055 38.723228454589844)
2437_747,6110_20250401_177_0_5,177_0,1,38.77090072631836,-9.19363021850586,4,IN_TRANSIT_TO,2025-04-04 07:21:54,14102,2437,29-AX-09,POINT (-9.19363021850586 38.77090072631836)
2677_15E,11495_20250401_76_8_7,76_8,0,38.70787811279297,-9.138750076293945,2,IN_TRANSIT_TO,2025-04-04 07:21:53,5515,2677,87-XB-41,POINT (-9.138750076293945 38.70787811279297)
6035_732,5088_20250401_107_0_1,107_0,1,38.702301025390625,-9.192919731140137,15,IN_TRANSIT_TO,2025-04-04 07:21:39,13401,6035,BG-76-LX,POINT (-9.192919731140137 38.702301025390625)
1726_798,8198_20250401_194_0_6,194_0,1,38.777381896972656,-9.146719932556152,9,IN_TRANSIT_TO,2025-04-04 07:21:58,11509,1726,25-AS-38,POINT (-9.146719932556152 38.777381896972656)
2836_751,6476_20250401_109_0_2,109_0,0,38.69929885864258,-9.2253999710083,22,IN_TRANSIT_TO,2025-04-04 07:21:43,4205,2836,BF-70-FZ,POINT (-9.2253999710083 38.69929885864258)
6005_729,4801_20250401_104_0_3,104_0,1,38.766029357910156,-9.198200225830078,38,IN_TRANSIT_TO,2025-04-04 07:21:38,13906,6005,81-ZC-91,POINT (-9.198200225830078 38.766029357910156)
6044_760,7103_20250401_171_0_5,171_0,1,38.706329345703125,-9.148630142211914,28,IN_TRANSIT_TO,2025-04-04 07:22:02,3901,6044,BG-87-LX,POINT (-9.148630142211914 38.706329345703125)
6028_706,3266_20250401_147_0_3,147_0,1,38.7080192565918,-9.155269622802734,29,IN_TRANSIT_TO,2025-04-04 07:21:05,7104,6028,BF-68-AX,POINT (-9.155269622802734 38.7080192565918)
2474_726,4295_20250401_116_0_2,116_0,1,38.73780059814453,-9.155599594116211,20,IN_TRANSIT_TO,2025-04-04 07:21:41,1504,2474,74-BC-67,POINT (-9.155599594116211 38.73780059814453)
2225_742,5687_20250401_114_0_5,114_0,0,38.7352294921875,-9.140469551086426,20,IN_TRANSIT_TO,2025-04-04 07:21:33,11106,2225,08-03-XS,POINT (-9.140469551086426 38.7352294921875)
2471_729,4766_20250401_104_0_4,104_0,0,38.75080108642578,-9.198650360107422,13,IN_TRANSIT_TO,2025-04-04 07:21:41,10906,2471,74-BC-70,POINT (-9.198650360107422 38.75080108642578)
2724_746,5958_20250401_108_0_6,108_0,1,38.75077819824219,-9.198229789733887,6,IN_TRANSIT_TO,2025-04-04 07:21:56,10905,2724,92-XQ-40,POINT (-9.198229789733887 38.75077819824219)
217_773,7378_20250401_124_0_9,124_0,0,38.718650817871094,-9.152170181274414,3,IN_TRANSIT_TO,2025-04-04 07:21:53,50146,217,29-98-XM,POINT (-9.152170181274414 38.718650817871094)
2643_722,4129_20250401_196_0_3,196_0,1,38.7784309387207,-9.110879898071289,6,IN_TRANSIT_TO,2025-04-04 07:21:52,12623,2643,75-VS-44,POINT (-9.110879898071289 38.7784309387207)
2641_744,5830_20250401_200_0_2,200_0,1,38.73612976074219,-9.145569801330566,26,IN_TRANSIT_TO,2025-04-04 07:22:00,1814,2641,75-VS-49,POINT (-9.145569801330566 38.73612976074219)
2985_774,7457_20250401_192_0_7,192_0,0,38.71923065185547,-9.164819717407227,4,IN_TRANSIT_TO,2025-04-04 07:22:00,8003,2985,30-VM-14,POINT (-9.164819717407227 38.71923065185547)
2969_72B,45276_20250401_279_0_2,279_0,0,38.75038146972656,-9.197400093078613,24,IN_TRANSIT_TO,2025-04-04 07:22:01,10907,2969,30-VM-09,POINT (-9.197400093078613 38.75038146972656)
230_773,20155_20250401_124_0_7,124_0,0,38.71480178833008,-9.151619911193848,7,IN_TRANSIT_TO,2025-04-04 07:21:10,6714,230,13-33-XZ,POINT (-9.151619911193848 38.71480178833008)
2438_726,4325_20250401_116_0_3,116_0,0,38.76771926879883,-9.204000473022461,32,IN_TRANSIT_TO,2025-04-04 07:22:00,13902,2438,44-BC-29,POINT (-9.204000473022461 38.76771926879883)
2706_764,7166_20250401_168_0_3,168_0,0,38.75017166137695,-9.160420417785645,2,IN_TRANSIT_TO,2025-04-04 07:21:42,13507,2706,92-XQ-46,POINT (-9.160420417785645 38.75017166137695)
2292_724,4236_20250401_178_0_5,178_0,0,38.72853088378906,-9.204270362854004,9,IN_TRANSIT_TO,2025-04-04 07:21:48,8712,2292,83-16-ZM,POINT (-9.204270362854004 38.72853088378906)
2997_774,7437_20250401_192_0_4,192_0,1,38.726470947265625,-9.140729904174805,0,IN_TRANSIT_TO,2025-04-04 07:21:53,,2997,34-VN-03,POINT (-9.140729904174805 38.726470947265625)
301_744,5838_20250401_200_0_4,200_0,1,38.75212860107422,-9.137649536132812,20,IN_TRANSIT_TO,2025-04-04 07:22:06,11202,301,74-SM-62,POINT (-9.137649536132812 38.75212860107422)
2607_744,5846_20250401_200_0_4,200_0,1,38.7747688293457,-9.102120399475098,3,IN_TRANSIT_TO,2025-04-04 07:21:42,7910,2607,AA-95-TQ,POINT (-9.102120399475098 38.7747688293457)
4633_755,6711_20250401_118_0_5,118_0,1,38.74177932739258,-9.16759967803955,2,IN_TRANSIT_TO,2025-04-04 07:21:59,1603,4633,90-JI-94,POINT (-9.16759967803955 38.74177932739258)
6050_760,7022_20250401_171_0_3,171_0,1,38.71149826049805,-9.208569526672363,2,IN_TRANSIT_TO,2025-04-04 07:21:42,12914,6050,BH-62-IR,POINT (-9.208569526672363 38.71149826049805)
2465_726,4308_20250401_116_0_4,116_0,1,38.74713134765625,-9.17063045501709,13,IN_TRANSIT_TO,2025-04-04 07:21:50,12710,2465,55-BH-00,POINT (-9.17063045501709 38.74713134765625)
2412_767,7294_20250401_112_0_3,112_0,0,38.75954818725586,-9.179770469665527,26,IN_TRANSIT_TO,2025-04-04 07:21:58,12828,2412,92-AO-48,POINT (-9.179770469665527 38.75954818725586)
6011_706,3251_20250401_147_0_4,147_0,0,38.7277717590332,-9.141070365905762,15,IN_TRANSIT_TO,2025-04-04 07:22:00,6609,6011,65-ZF-82,POINT (-9.141070365905762 38.7277717590332)
2488_778,18644_20250401_179_0_3,179_0,1,38.76554870605469,-9.17156982421875,17,IN_TRANSIT_TO,2025-04-04 07:21:55,50026,2488,91-BE-79,POINT (-9.17156982421875 38.76554870605469)
2658_727,4545_20250401_103_0_9,103_0,0,38.7069206237793,-9.157750129699707,22,IN_TRANSIT_TO,2025-04-04 07:21:42,50593,2658,05-VZ-71,POINT (-9.157750129699707 38.7069206237793)
4612_750,6424_20250401_106_0_2,106_0,1,38.749900817871094,-9.194720268249512,15,IN_TRANSIT_TO,2025-04-04 07:21:58,10907,4612,96-GL-89,POINT (-9.194720268249512 38.749900817871094)
4622_783,7817_20250401_203_0_4,203_0,1,38.72394943237305,-9.162679672241211,30,IN_TRANSIT_TO,2025-04-04 07:21:42,8501,4622,90-JI-91,POINT (-9.162679672241211 38.72394943237305)
2715_754,6615_20250401_201_0_3,201_0,0,38.742549896240234,-9.172630310058594,9,IN_TRANSIT_TO,2025-04-04 07:21:39,1609,2715,92-XQ-22,POINT (-9.172630310058594 38.742549896240234)
2698_711,3454_20250401_101_0_4,101_0,0,38.75086975097656,-9.206379890441895,23,IN_TRANSIT_TO,2025-04-04 07:22:04,50231,2698,92-XQ-20,POINT (-9.206379890441895 38.75086975097656)
2401_703,3162_20250401_165_0_4,165_0,0,38.760501861572266,-9.179630279541016,27,IN_TRANSIT_TO,2025-04-04 07:22:01,12835,2401,50-AL-14,POINT (-9.179630279541016 38.760501861572266)
2782_713,21383_20250401_122_0_4,122_0,1,38.706748962402344,-9.15802001953125,13,IN_TRANSIT_TO,2025-04-04 07:21:55,3909,2782,AI-99-BS,POINT (-9.15802001953125 38.706748962402344)
6002_732,5044_20250401_107_0_3,107_0,0,38.70647048950195,-9.154669761657715,21,IN_TRANSIT_TO,2025-04-04 07:22:05,7102,6002,98-XU-85,POINT (-9.154669761657715 38.70647048950195)
2990_52B,21671_20250401_244_0_2,244_0,0,38.73447036743164,-9.153599739074707,16,IN_TRANSIT_TO,2025-04-04 07:21:51,1413,2990,30-VM-06,POINT (-9.153599739074707 38.73447036743164)
2235_731,4996_20250401_190_0_2,190_0,1,38.762481689453125,-9.120030403137207,17,IN_TRANSIT_TO,2025-04-04 07:21:45,8402,2235,06-32-XX,POINT (-9.120030403137207 38.762481689453125)
574_25E,14268_20250401_79_0_5,79_0,1,38.714019775390625,-9.169179916381836,0,IN_TRANSIT_TO,2025-04-04 07:21:50,,574,,POINT (-9.169179916381836 38.714019775390625)
302_744,5816_20250401_200_0_5,200_0,0,38.7181510925293,-9.143719673156738,1,IN_TRANSIT_TO,2025-04-04 07:22:05,1001,302,22-SP-89,POINT (-9.143719673156738 38.7181510925293)
2815_749,6205_20250401_195_0_5,195_0,1,38.749000549316406,-9.138199806213379,4,IN_TRANSIT_TO,2025-04-04 07:21:54,2053,2815,90-II-55,POINT (-9.138199806213379 38.749000549316406)
6009_724,4233_20250401_178_0_3,178_0,0,38.74435043334961,-9.195030212402344,16,IN_TRANSIT_TO,2025-04-04 07:21:57,10831,6009,81-ZC-18,POINT (-9.195030212402344 38.74435043334961)
542_25E,14271_20250401_79_0_2,79_0,0,38.71527862548828,-9.164899826049805,14,IN_TRANSIT_TO,2025-04-04 07:22:02,8002,542,,POINT (-9.164899826049805 38.71527862548828)
2813_749,6201_20250401_195_0_6,195_0,0,38.743099212646484,-9.111820220947266,7,IN_TRANSIT_TO,2025-04-04 07:21:38,3717,2813,90-II-53,POINT (-9.111820220947266 38.743099212646484)
1705_701,2979_20250401_123_0_6,123_0,0,38.75014877319336,-9.159219741821289,9,IN_TRANSIT_TO,2025-04-04 07:21:44,13503,1705,69-AL-68,POINT (-9.159219741821289 38.75014877319336)
2942_782,7766_20250401_152_0_3,152_0,0,38.775020599365234,-9.099300384521484,20,IN_TRANSIT_TO,2025-04-04 07:21:45,7823,2942,51-GL-82,POINT (-9.099300384521484 38.775020599365234)
1743_767,7316_20250401_112_1_2,112_1,1,38.76007080078125,-9.175470352172852,22,IN_TRANSIT_TO,2025-04-04 07:21:52,50142,1743,92-HR-00,POINT (-9.175470352172852 38.76007080078125)
2494_794,8073_20250401_115_0_4,115_0,0,38.75389862060547,-9.113829612731934,28,IN_TRANSIT_TO,2025-04-04 07:21:43,24377,2494,88-BL-68,POINT (-9.113829612731934 38.75389862060547)
4636_796,8135_20250401_174_0_8,174_0,1,38.76108169555664,-9.157270431518555,16,IN_TRANSIT_TO,2025-04-04 07:21:55,5808,4636,90-JI-97,POINT (-9.157270431518555 38.76108169555664)
1765_735,5242_20250401_172_1_2,172_1,0,38.73197937011719,-9.126899719238281,7,IN_TRANSIT_TO,2025-04-04 07:21:57,2103,1765,63-HX-28,POINT (-9.126899719238281 38.73197937011719)
2810_725,4255_20250401_197_0_8,197_0,1,38.790199279785156,-9.123029708862305,2,IN_TRANSIT_TO,2025-04-04 07:21:57,50182,2810,01-IH-99,POINT (-9.123029708862305 38.790199279785156)
2608_705,3186_20250401_176_0_3,176_0,0,38.780330657958984,-9.125470161437988,13,IN_TRANSIT_TO,2025-04-04 07:21:41,7610,2608,66-VI-39,POINT (-9.125470161437988 38.780330657958984)
2656_764,7151_20250401_168_0_3,168_0,1,38.741119384765625,-9.211750030517578,10,IN_TRANSIT_TO,2025-04-04 07:21:59,8819,2656,05-VZ-53,POINT (-9.211750030517578 38.741119384765625)
2777_714,3640_20250401_102_0_5,102_0,0,38.717071533203125,-9.212650299072266,29,IN_TRANSIT_TO,2025-04-04 07:21:47,10404,2777,AI-01-BT,POINT (-9.212650299072266 38.717071533203125)
1708_717,3864_20250401_170_0_4,170_0,1,38.76776885986328,-9.158320426940918,22,IN_TRANSIT_TO,2025-04-04 07:21:46,5904,1708,69-AL-71,POINT (-9.158320426940918 38.76776885986328)
1712_735,5263_20250401_172_1_3,172_1,0,38.73102951049805,-9.127920150756836,7,IN_TRANSIT_TO,2025-04-04 07:22:00,2103,1712,69-AL-75,POINT (-9.127920150756836 38.73102951049805)
2812_718,3991_20250401_105_0_3,105_0,0,38.757080078125,-9.112380027770996,1,IN_TRANSIT_TO,2025-04-04 07:20:32,24383,2812,90-II-61,POINT (-9.112380027770996 38.757080078125)
4831_736,18816_20250401_199_0_2,199_0,1,38.785831451416016,-9.184069633483887,1,IN_TRANSIT_TO,2025-04-02 05:17:49,15101,4831,20-VQ-61,POINT (-9.184069633483887 38.785831451416016)
2497_756,6748_20250401_175_0_6,175_0,0,38.706478118896484,-9.17471981048584,22,IN_TRANSIT_TO,2025-04-04 07:21:58,9425,2497,88-BL-71,POINT (-9.17471981048584 38.706478118896484)
2949_29B,17534_20250401_209_0_2,209_0,0,38.76839828491211,-9.122550010681152,26,IN_TRANSIT_TO,2025-04-04 07:21:52,50089,2949,62-GQ-52,POINT (-9.122550010681152 38.76839828491211)
2825_753,6575_20250401_167_0_4,167_0,1,38.66646957397461,-9.168749809265137,1,IN_TRANSIT_TO,2025-04-04 07:22:02,19001,2825,BF-53-FZ,POINT (-9.168749809265137 38.66646957397461)
552_28E,14920_20250401_75_0_6,75_0,0,38.72338104248047,-9.135199546813965,3,IN_TRANSIT_TO,2025-04-04 07:22:00,705,552,,POINT (-9.135199546813965 38.72338104248047)
2710_727,4528_20250401_103_0_3,103_0,1,38.706050872802734,-9.202380180358887,8,IN_TRANSIT_TO,2025-04-04 07:21:37,13111,2710,92-XQ-19,POINT (-9.202380180358887 38.706050872802734)
4822_736,5388_20250401_199_0_4,199_0,1,38.71889877319336,-9.144519805908203,27,IN_TRANSIT_TO,2025-04-04 07:22:00,1102,4822,58-VS-27,POINT (-9.144519805908203 38.71889877319336)
255_37B,18839_20250401_224_0_4,224_0,0,38.731849670410156,-9.127280235290527,18,IN_TRANSIT_TO,2025-04-04 07:21:53,50396,255,AF-58-RM,POINT (-9.127280235290527 38.731849670410156)
4644_750,6417_20250401_106_0_3,106_0,1,38.76128005981445,-9.121950149536133,31,IN_TRANSIT_TO,2025-04-04 07:22:03,7503,4644,27-JO-11,POINT (-9.121950149536133 38.76128005981445)
2250_731,19403_20240727_190_0_8,190_0,1,38.78303146362305,-9.114009857177734,3,IN_TRANSIT_TO,2024-08-10 10:41:27,12610,2250,80-41-ZE,POINT (-9.114009857177734 38.78303146362305)
2778_754,6622_20250401_201_0_2,201_0,1,38.74372100830078,-9.176079750061035,27,IN_TRANSIT_TO,2025-04-04 07:21:46,10705,2778,AI-03-BT,POINT (-9.176079750061035 38.74372100830078)
2233_758,6860_20250401_150_0_4,150_0,1,38.75080108642578,-9.19806957244873,5,IN_TRANSIT_TO,2025-04-04 07:21:51,10905,2233,06-38-XX,POINT (-9.19806957244873 38.75080108642578)
2995_702,3068_20250401_146_0_8,146_0,1,38.72658157348633,-9.170849800109863,5,IN_TRANSIT_TO,2025-04-04 07:21:51,2704,2995,30-VM-15,POINT (-9.170849800109863 38.72658157348633)
2781_764,7142_20250401_168_0_5,168_0,1,38.752498626708984,-9.188630104064941,19,IN_TRANSIT_TO,2025-04-04 07:22:02,10807,2781,AI-00-BT,POINT (-9.188630104064941 38.752498626708984)
4611_750,6413_20250401_106_0_1,106_0,1,38.762428283691406,-9.103630065917969,36,IN_TRANSIT_TO,2025-04-04 07:22:03,2311,4611,96-GL-88,POINT (-9.103630065917969 38.762428283691406)
4617_750,6401_20250401_106_0_4,106_0,0,38.767520904541016,-9.099900245666504,0,IN_TRANSIT_TO,2025-04-04 07:21:38,,4617,22-GP-51,POINT (-9.099900245666504 38.767520904541016)
268_28E,48629_20250401_75_8_5,75_8,1,38.710750579833984,-9.151470184326172,5,IN_TRANSIT_TO,2025-04-04 07:21:58,9904,268,AH-56-CZ,POINT (-9.151470184326172 38.710750579833984)
2333_793,8012_20250401_145_0_3,145_0,1,38.74858093261719,-9.11592960357666,12,IN_TRANSIT_TO,2025-04-04 07:21:59,3612,2333,62-97-ZG,POINT (-9.11592960357666 38.74858093261719)
6041_732,5057_20250401_107_0_3,107_0,0,38.728248596191406,-9.144820213317871,10,IN_TRANSIT_TO,2025-04-04 07:21:37,1710,6041,BG-20-LV,POINT (-9.144820213317871 38.728248596191406)
209_46B,21509_20250401_239_0_2,239_0,0,38.757049560546875,-9.139120101928711,14,IN_TRANSIT_TO,2025-04-04 07:21:43,11318,209,33-46-XH,POINT (-9.139120101928711 38.757049560546875)
2970_774,7430_20250401_192_0_8,192_0,1,38.7210807800293,-9.16211986541748,10,IN_TRANSIT_TO,2025-04-04 07:21:48,8519,2970,29-VM-87,POINT (-9.16211986541748 38.7210807800293)
1710_794,8091_20250401_115_0_5,115_0,0,38.74842834472656,-9.118570327758789,15,IN_TRANSIT_TO,2025-04-04 07:21:58,3608,1710,69-AL-73,POINT (-9.118570327758789 38.74842834472656)
2628_781,7756_20250401_151_0_3,151_0,1,38.70703125,-9.14169979095459,29,IN_TRANSIT_TO,2025-04-04 07:22:00,3820,2628,52-VP-82,POINT (-9.14169979095459 38.70703125)
6014_706,3224_20250401_147_0_4,147_0,0,38.727298736572266,-9.123600006103516,25,IN_TRANSIT_TO,2025-04-04 07:21:54,11706,6014,67-ZF-30,POINT (-9.123600006103516 38.727298736572266)
2244_758,6793_20250401_150_0_4,150_0,1,38.70867156982422,-9.143230438232422,32,IN_TRANSIT_TO,2025-04-04 07:22:04,10502,2244,22-44-ZB,POINT (-9.143230438232422 38.70867156982422)
2818_718,3994_20250401_105_0_3,105_0,1,38.75408172607422,-9.11382007598877,29,IN_TRANSIT_TO,2025-04-04 07:21:43,24389,2818,90-II-58,POINT (-9.11382007598877 38.75408172607422)
2338_793,7973_20250401_145_0_5,145_0,0,38.74222946166992,-9.132399559020996,27,IN_TRANSIT_TO,2025-04-04 07:21:37,301,2338,53-62-ZJ,POINT (-9.132399559020996 38.74222946166992)
266_61B,21530_20250401_241_0_4,241_0,1,38.7253303527832,-9.163570404052734,12,IN_TRANSIT_TO,2025-04-04 07:21:34,8507,266,AH-55-CZ,POINT (-9.163570404052734 38.7253303527832)
4836_736,5299_20250401_199_0_3,199_0,0,38.787330627441406,-9.179750442504883,30,IN_TRANSIT_TO,2025-04-04 07:21:53,15102,4836,34-VR-23,POINT (-9.179750442504883 38.787330627441406)
1754_735,5182_20250401_172_1_2,172_1,1,38.730220794677734,-9.127949714660645,4,IN_TRANSIT_TO,2025-04-04 07:21:39,7004,1754,34-HU-20,POINT (-9.127949714660645 38.730220794677734)
2816_782,7786_20250401_152_0_3,152_0,1,38.70737075805664,-9.140970230102539,20,IN_TRANSIT_TO,2025-04-04 07:21:36,5504,2816,90-II-56,POINT (-9.140970230102539 38.70737075805664)
2780_714,3627_20250401_102_0_5,102_0,0,38.722721099853516,-9.229700088500977,40,IN_TRANSIT_TO,2025-04-04 07:21:59,18602,2780,AI-06-BT,POINT (-9.229700088500977 38.722721099853516)
2287_765,7176_20250401_110_0_9,110_0,0,38.75455093383789,-9.19594955444336,2,IN_TRANSIT_TO,2025-04-04 07:21:46,50242,2287,92-58-ZM,POINT (-9.19594955444336 38.75455093383789)
2707_738,5550_20250401_117_0_3,117_0,0,38.726348876953125,-9.149629592895508,21,IN_TRANSIT_TO,2025-04-04 07:21:39,1206,2707,92-XQ-39,POINT (-9.149629592895508 38.726348876953125)
2776_712,3535_20250401_189_0_4,189_0,1,38.72018051147461,-9.169329643249512,7,IN_TRANSIT_TO,2025-04-04 07:22:05,9304,2776,AI-07-BT,POINT (-9.169329643249512 38.72018051147461)
2787_723,4149_20250401_121_0_4,121_0,1,38.7138786315918,-9.198829650878906,18,IN_TRANSIT_TO,2025-04-04 07:21:59,10315,2787,AI-55-TL,POINT (-9.198829650878906 38.7138786315918)
4820_751,6459_20250401_109_0_4,109_0,0,38.713218688964844,-9.225130081176758,29,IN_TRANSIT_TO,2025-04-04 07:22:06,14310,4820,20-VQ-62,POINT (-9.225130081176758 38.713218688964844)
4631_796,8154_20250401_174_0_2,174_0,1,38.773780822753906,-9.163350105285645,16,IN_TRANSIT_TO,2025-04-04 07:21:58,5808,4631,02-JN-86,POINT (-9.163350105285645 38.773780822753906)
1775_717,3844_20250401_170_0_5,170_0,0,38.74058151245117,-9.133529663085938,3,IN_TRANSIT_TO,2025-04-04 07:21:54,411,1775,53-HX-08,POINT (-9.133529663085938 38.74058151245117)
2666_738,5535_20250401_117_0_2,117_0,0,38.71453094482422,-9.160829544067383,26,IN_TRANSIT_TO,2025-04-04 07:20:41,8104,2666,87-XB-39,POINT (-9.160829544067383 38.71453094482422)
2978_774,7450_20250401_192_0_7,192_0,0,38.7619514465332,-9.195130348205566,0,IN_TRANSIT_TO,2025-04-04 07:21:44,,2978,29-VM-92,POINT (-9.195130348205566 38.7619514465332)
6010_758,6809_20250401_150_0_2,150_0,1,38.71194839477539,-9.142979621887207,31,IN_TRANSIT_TO,2025-04-04 07:21:35,10504,6010,81-ZC-09,POINT (-9.142979621887207 38.71194839477539)
567_28E,14986_20250401_75_0_5,75_0,1,38.71437072753906,-9.128470420837402,13,IN_TRANSIT_TO,2025-04-04 07:21:54,50561,567,,POINT (-9.128470420837402 38.71437072753906)
4826_736,5359_20250401_199_0_5,199_0,0,38.74102020263672,-9.146550178527832,8,IN_TRANSIT_TO,2025-04-04 07:21:49,1809,4826,53-VR-05,POINT (-9.146550178527832 38.74102020263672)
413_734,5152_20250401_205_0_2,205_0,1,38.717281341552734,-9.129819869995117,6,IN_TRANSIT_TO,2025-04-04 07:21:50,14803,413,BF-41-TS,POINT (-9.129819869995117 38.717281341552734)
2983_797,8161_20250401_163_0_10,163_0,0,38.72785186767578,-9.130579948425293,7,IN_TRANSIT_TO,2025-04-04 07:21:36,7008,2983,30-VM-08,POINT (-9.130579948425293 38.72785186767578)
2201_735,5206_20250401_172_0_4,172_0,1,38.70718002319336,-9.141599655151367,34,IN_TRANSIT_TO,2025-04-04 07:21:54,3820,2201,72-15-XN,POINT (-9.141599655151367 38.70718002319336)
2839_728,4569_20250401_204_0_3,204_0,1,38.71345138549805,-9.122830390930176,29,IN_TRANSIT_TO,2025-04-04 07:21:40,2114,2839,BF-69-FZ,POINT (-9.122830390930176 38.71345138549805)
4602_753,6573_20250401_167_0_6,167_0,1,38.722469329833984,-9.169599533081055,2,IN_TRANSIT_TO,2025-04-04 07:21:56,14602,4602,96-GL-80,POINT (-9.169599533081055 38.722469329833984)
2743_756,6754_20250401_175_0_5,175_0,0,38.741668701171875,-9.14468002319336,10,IN_TRANSIT_TO,2025-04-04 07:21:56,1904,2743,AG-02-TH,POINT (-9.14468002319336 38.741668701171875)
1707_701,2947_20250401_123_0_4,123_0,1,38.73612976074219,-9.166099548339844,10,IN_TRANSIT_TO,2025-04-04 07:22:02,2711,1707,69-AL-70,POINT (-9.166099548339844 38.73612976074219)
2663_714,3697_20240914_102_0_16,102_0,1,38.72127151489258,-9.221500396728516,4,IN_TRANSIT_TO,2024-10-22 20:26:58,18703,2663,05-VZ-62,POINT (-9.221500396728516 38.72127151489258)
2247_758,6848_20250401_150_0_4,150_0,1,38.749778747558594,-9.194230079650879,6,IN_TRANSIT_TO,2025-04-04 07:22:05,10801,2247,22-34-ZB,POINT (-9.194230079650879 38.749778747558594)
1718_735,5271_20250401_172_1_3,172_1,0,38.71379852294922,-9.123530387878418,5,IN_TRANSIT_TO,2025-04-04 07:21:45,8201,1718,69-AL-81,POINT (-9.123530387878418 38.71379852294922)
2799_754,6609_20250401_201_0_3,201_0,0,38.74502182006836,-9.19968032836914,18,IN_TRANSIT_TO,2025-04-04 07:21:47,10818,2799,AJ-52-LI,POINT (-9.19968032836914 38.74502182006836)
2299_723,4136_20250401_121_0_4,121_0,1,38.726680755615234,-9.145529747009277,30,IN_TRANSIT_TO,2025-04-04 07:22:02,6606,2299,83-14-ZM,POINT (-9.145529747009277 38.726680755615234)
2757_754,6584_20250401_201_0_2,201_0,1,38.74477005004883,-9.199119567871094,18,IN_TRANSIT_TO,2025-04-04 07:22:02,2811,2757,AH-32-ND,POINT (-9.199119567871094 38.74477005004883)
2966_55B,21534_20250401_240_0_4,240_0,0,38.75975036621094,-9.179670333862305,15,IN_TRANSIT_TO,2025-04-04 07:22:00,12828,2966,30-VM-20,POINT (-9.179670333862305 38.75975036621094)
6026_747,6114_20250401_177_0_3,177_0,0,38.768829345703125,-9.195850372314453,19,IN_TRANSIT_TO,2025-04-04 07:21:48,14111,6026,BF-39-BB,POINT (-9.195850372314453 38.768829345703125)
2271_767,7245_20250401_112_0_2,112_0,1,38.75004959106445,-9.195520401000977,14,IN_TRANSIT_TO,2025-04-04 07:21:53,10913,2271,92-54-ZM,POINT (-9.195520401000977 38.75004959106445)
2800_748,6144_20250401_169_0_4,169_0,1,38.718448638916016,-9.21327018737793,6,IN_TRANSIT_TO,2025-04-04 07:22:02,14311,2800,AJ-54-LI,POINT (-9.21327018737793 38.718448638916016)
2248_731,5007_20250401_190_0_4,190_0,1,38.77492141723633,-9.104780197143555,9,IN_TRANSIT_TO,2025-04-04 07:21:40,7908,2248,22-33-ZB,POINT (-9.104780197143555 38.77492141723633)
6036_732,5080_20250401_107_0_2,107_0,1,38.723270416259766,-9.148170471191406,33,IN_TRANSIT_TO,2025-04-04 07:22:04,1103,6036,BG-90-LX,POINT (-9.148170471191406 38.723270416259766)
2980_730,4969_20250401_198_0_4,198_0,1,38.72737121582031,-9.137630462646484,8,IN_TRANSIT_TO,2025-04-04 07:21:47,606,2980,29-VM-90,POINT (-9.137630462646484 38.72737121582031)
275_734,5139_20250401_205_0_3,205_0,0,38.71427917480469,-9.123129844665527,16,IN_TRANSIT_TO,2025-04-04 07:19:07,2110,275,AH-16-TB,POINT (-9.123129844665527 38.71427917480469)
1725_755,6676_20250401_118_0_3,118_0,0,38.75447082519531,-9.13107967376709,27,IN_TRANSIT_TO,2025-04-04 07:22:01,50229,1725,25-AS-37,POINT (-9.13107967376709 38.75447082519531)
2817_782,7793_20250401_152_0_3,152_0,1,38.753231048583984,-9.10342025756836,9,IN_TRANSIT_TO,2025-04-04 07:21:52,2310,2817,90-II-57,POINT (-9.10342025756836 38.753231048583984)
2453_729,4779_20250401_104_0_2,104_0,0,38.76036834716797,-9.194000244140625,8,IN_TRANSIT_TO,2025-04-04 07:22:03,12813,2453,16-AZ-13,POINT (-9.194000244140625 38.76036834716797)
2992_34B,19141_20250401_226_0_3,226_0,0,38.73453140258789,-9.115599632263184,35,IN_TRANSIT_TO,2025-04-04 07:22:01,3602,2992,29-VM-95,POINT (-9.115599632263184 38.73453140258789)
1777_735,5217_20250401_172_1_2,172_1,0,38.762451171875,-9.129549980163574,19,IN_TRANSIT_TO,2025-04-04 07:21:45,509,1777,63-HX-31,POINT (-9.129549980163574 38.762451171875)
203_17B,21713_20250401_247_0_2,247_0,0,38.719871520996094,-9.136070251464844,13,IN_TRANSIT_TO,2025-04-04 07:21:51,813,203,89-59-XD,POINT (-9.136070251464844 38.719871520996094)
6049_760,7061_20250401_171_0_3,171_0,0,38.70899963378906,-9.196100234985352,28,IN_TRANSIT_TO,2025-04-04 07:22:01,10304,6049,BH-47-IR,POINT (-9.196100234985352 38.70899963378906)
2967_702,3047_20250401_146_0_3,146_0,0,38.72657012939453,-9.164429664611816,4,IN_TRANSIT_TO,2025-04-04 07:22:04,6105,2967,30-VM-05,POINT (-9.164429664611816 38.72657012939453)
2246_768,7341_20250401_111_0_5,111_0,1,38.74436950683594,-9.178779602050781,16,IN_TRANSIT_TO,2025-04-04 07:21:37,10703,2246,22-38-ZB,POINT (-9.178779602050781 38.74436950683594)
2769_751,21402_20250401_109_0_6,109_0,0,38.70320129394531,-9.179630279541016,9,IN_TRANSIT_TO,2025-04-04 07:21:36,12121,2769,AH-19-ND,POINT (-9.179630279541016 38.70320129394531)
2455_726,4273_20250401_116_0_3,116_0,0,38.72196960449219,-9.128769874572754,0,IN_TRANSIT_TO,2025-04-04 07:21:42,,2455,16-AZ-12,POINT (-9.128769874572754 38.72196960449219)
2603_781,7755_20250401_151_0_4,151_0,0,38.71432113647461,-9.12162971496582,5,IN_TRANSIT_TO,2025-04-04 07:21:50,2113,2603,16-VF-76,POINT (-9.12162971496582 38.71432113647461)
4630_783,7857_20250401_203_0_3,203_0,0,38.753868103027344,-9.15054988861084,13,IN_TRANSIT_TO,2025-04-04 07:22:06,2017,4630,02-JN-85,POINT (-9.15054988861084 38.753868103027344)
2685_711,3501_20250401_101_0_4,101_0,1,38.720279693603516,-9.145719528198242,30,IN_TRANSIT_TO,2025-04-04 07:21:50,1102,2685,93-XA-46,POINT (-9.145719528198242 38.720279693603516)
234_49B,22225_20250401_251_0_3,251_0,0,38.73691940307617,-9.129679679870605,8,IN_TRANSIT_TO,2025-04-04 07:22:01,50551,234,13-31-XZ,POINT (-9.129679679870605 38.73691940307617)
1721_783,7854_20250401_203_0_5,203_0,0,38.774078369140625,-9.116849899291992,24,IN_TRANSIT_TO,2025-04-04 07:22:06,12208,1721,25-AS-33,POINT (-9.116849899291992 38.774078369140625)
2981_45B,45281_20250401_277_0_2,277_0,1,38.76152038574219,-9.166620254516602,11,IN_TRANSIT_TO,2025-04-04 07:21:54,50006,2981,29-VM-86,POINT (-9.166620254516602 38.76152038574219)
6043_760,7105_20250401_171_0_2,171_0,1,38.703800201416016,-9.190679550170898,19,IN_TRANSIT_TO,2025-04-04 07:21:45,13405,6043,BG-93-LT,POINT (-9.190679550170898 38.703800201416016)
1749_708,3298_20250401_100_0_2,100_0,1,38.779029846191406,-9.095569610595703,10,IN_TRANSIT_TO,2025-04-04 07:21:38,50127,1749,92-HR-06,POINT (-9.095569610595703 38.779029846191406)
1761_755,6663_20250401_118_0_3,118_0,0,38.75429916381836,-9.153820037841797,35,IN_TRANSIT_TO,2025-04-04 07:22:04,5703,1761,63-HX-19,POINT (-9.153820037841797 38.75429916381836)
1768_794,8035_20250401_115_0_2,115_0,1,38.74824905395508,-9.118619918823242,24,IN_TRANSIT_TO,2025-04-04 07:21:46,3605,1768,63-HX-23,POINT (-9.118619918823242 38.74824905395508)
204_41B,19375_20250401_232_0_4,232_0,0,38.774478912353516,-9.155529975891113,15,IN_TRANSIT_TO,2025-04-04 07:22:06,11502,204,89-71-XD,POINT (-9.155529975891113 38.774478912353516)
568_28E,14998_20250401_75_0_2,75_0,0,38.7163200378418,-9.129420280456543,9,IN_TRANSIT_TO,2025-04-04 07:21:50,14804,568,,POINT (-9.129420280456543 38.7163200378418)
2304_708,3358_20250401_100_0_4,100_0,0,38.73242950439453,-9.134400367736816,7,IN_TRANSIT_TO,2025-04-04 07:22:04,505,2304,83-10-ZM,POINT (-9.134400367736816 38.73242950439453)
1770_735,5258_20250401_172_0_2,172_0,1,38.74182891845703,-9.133399963378906,12,IN_TRANSIT_TO,2025-04-04 07:21:54,302,1770,63-HX-17,POINT (-9.133399963378906 38.74182891845703)
2477_729,4817_20250401_104_0_3,104_0,1,38.74502944946289,-9.199780464172363,25,IN_TRANSIT_TO,2025-04-04 07:21:49,2806,2477,91-BE-73,POINT (-9.199780464172363 38.74502944946289)
6008_767,7289_20250401_112_0_3,112_0,0,38.760398864746094,-9.1835298538208,27,IN_TRANSIT_TO,2025-04-04 07:21:38,12804,6008,81-ZC-08,POINT (-9.1835298538208 38.760398864746094)
578_25E,14252_20250401_79_0_4,79_0,0,38.706600189208984,-9.157750129699707,4,IN_TRANSIT_TO,2025-04-04 07:21:45,3912,578,,POINT (-9.157750129699707 38.706600189208984)
2754_720,4101_20250401_143_0_3,143_0,0,38.7140007019043,-9.160969734191895,19,IN_TRANSIT_TO,2025-04-04 07:21:41,8104,2754,AG-01-TH,POINT (-9.160969734191895 38.7140007019043)
4825_736,5331_20250401_199_0_3,199_0,0,38.78929901123047,-9.168530464172363,25,IN_TRANSIT_TO,2025-04-04 07:21:45,7207,4825,20-VQ-72,POINT (-9.168530464172363 38.78929901123047)
2622_759,6896_20250401_144_0_2,144_0,1,38.724098205566406,-9.114069938659668,37,IN_TRANSIT_TO,2025-04-04 07:21:38,9808,2622,66-VI-21,POINT (-9.114069938659668 38.724098205566406)
2207_717,3778_20250401_170_0_2,170_0,1,38.79264831542969,-9.151769638061523,4,IN_TRANSIT_TO,2025-04-04 07:21:42,11605,2207,01-70-XO,POINT (-9.151769638061523 38.79264831542969)
2605_781,7722_20250401_151_0_4,151_0,1,38.768798828125,-9.109950065612793,11,IN_TRANSIT_TO,2025-04-04 07:21:42,7714,2605,66-VI-35,POINT (-9.109950065612793 38.768798828125)
2962_702,3075_20250401_146_0_5,146_0,0,38.730918884277344,-9.17335033416748,13,IN_TRANSIT_TO,2025-04-04 07:22:00,50086,2962,30-VM-07,POINT (-9.17335033416748 38.730918884277344)
2426_767,7201_20250401_112_0_2,112_0,1,38.75326919555664,-9.14430046081543,32,IN_TRANSIT_TO,2025-04-04 07:22:04,104,2426,29-AU-21,POINT (-9.14430046081543 38.75326919555664)
2820_718,3962_20250401_105_0_2,105_0,0,38.73746871948242,-9.13366985321045,29,IN_TRANSIT_TO,2025-04-04 07:22:05,413,2820,90-II-60,POINT (-9.13366985321045 38.73746871948242)
2309_708,3311_20250401_100_0_4,100_0,0,38.79317855834961,-9.098779678344727,38,IN_TRANSIT_TO,2025-04-04 07:21:30,50302,2309,83-15-ZM,POINT (-9.098779678344727 38.79317855834961)
1772_735,5191_20250401_172_0_2,172_0,1,38.70682144165039,-9.141619682312012,34,IN_TRANSIT_TO,2025-04-04 07:21:49,3820,1772,63-HX-22,POINT (-9.141619682312012 38.70682144165039)
2806_718,3937_20250401_105_0_5,105_0,1,38.73582077026367,-9.104100227355957,19,IN_TRANSIT_TO,2025-04-04 07:21:56,12505,2806,01-IH-95,POINT (-9.104100227355957 38.73582077026367)
231_49B,22224_20250401_251_0_4,251_0,0,38.7453498840332,-9.138680458068848,1,IN_TRANSIT_TO,2025-04-04 07:21:42,50564,231,84-47-XQ,POINT (-9.138680458068848 38.7453498840332)
2737_756,6764_20250401_175_0_5,175_0,1,38.74147033691406,-9.145520210266113,13,IN_TRANSIT_TO,2025-04-04 07:21:45,1915,2737,AG-45-EI,POINT (-9.145520210266113 38.74147033691406)
