id,trip_id,route_id,direction_id,latitude,longitude,current_stop_sequence,current_status,timestamp,stop_id,vehicle_id,license_plate,geometry
6032_706,3206_20260101_147_0_10,147_0,0,38.70587921142578,-9.143879890441895,0,IN_TRANSIT_TO,2026-03-31 12:39:55,,6032,BF-93-BC,POINT (-9.143879890441895 38.70587921142578)
1742_717,3783_20260101_170_0_7,170_0,1,38.73606872558594,-9.133930206298828,39,IN_TRANSIT_TO,2026-03-31 12:39:55,410,1742,91-HR-99,POINT (-9.133930206298828 38.73606872558594)
2689_711,3516_20260101_101_0_10,101_0,0,38.710079193115234,-9.135180473327637,2,IN_TRANSIT_TO,2026-03-31 12:39:52,4506,2689,93-XA-45,POINT (-9.135180473327637 38.710079193115234)
4645_750,6304_20260101_106_0_9,106_0,1,38.75217819213867,-9.187350273132324,19,IN_TRANSIT_TO,2026-03-31 12:39:47,10827,4645,98-JO-46,POINT (-9.187350273132324 38.75217819213867)
4648_728,4662_20260101_204_0_6,204_0,0,38.69635009765625,-9.197449684143066,12,IN_TRANSIT_TO,2026-03-31 12:36:15,4101,4648,98-JO-47,POINT (-9.197449684143066 38.69635009765625)
4637_783,7836_20260101_203_0_9,203_0,0,38.784278869628906,-9.12462043762207,27,IN_TRANSIT_TO,2026-03-31 12:39:58,16303,4637,98-JO-44,POINT (-9.12462043762207 38.784278869628906)
2793_738,5549_20260101_117_0_7,117_0,1,38.742530822753906,-9.146650314331055,21,IN_TRANSIT_TO,2026-03-31 12:39:48,1805,2793,AJ-58-LI,POINT (-9.146650314331055 38.742530822753906)
2253_716,3743_20260101_164_0_14,164_0,1,38.747318267822266,-9.189920425415039,6,IN_TRANSIT_TO,2026-03-31 12:39:58,10803,2253,80-52-ZE,POINT (-9.189920425415039 38.747318267822266)
611_15E,11250_20260101_76_0_10,76_0,1,38.69670104980469,-9.206999778747559,6,IN_TRANSIT_TO,2026-03-31 12:39:48,13209,611,,POINT (-9.206999778747559 38.69670104980469)
4607_728,4610_20260101_204_0_8,204_0,0,38.75551986694336,-9.096570014953613,38,IN_TRANSIT_TO,2026-03-31 12:39:30,2410,4607,96-GL-84,POINT (-9.096570014953613 38.75551986694336)
2254_758,6797_20260101_150_0_10,150_0,1,38.74237823486328,-9.172229766845703,13,IN_TRANSIT_TO,2026-03-31 12:39:33,1615,2254,80-51-ZE,POINT (-9.172229766845703 38.74237823486328)
2440_703,3103_20260101_165_0_11,165_0,0,38.78712844848633,-9.142200469970703,0,IN_TRANSIT_TO,2026-03-31 12:39:32,,2440,29-AX-08,POINT (-9.142200469970703 38.78712844848633)
2992_72B,45271_20260101_279_0_9,279_0,0,38.744998931884766,-9.199870109558105,21,IN_TRANSIT_TO,2026-03-31 12:39:54,2806,2992,29-VM-95,POINT (-9.199870109558105 38.744998931884766)
558_28E,15074_20260101_75_0_8,75_0,0,38.72325134277344,-9.132969856262207,4,IN_TRANSIT_TO,2026-03-31 12:39:36,707,558,,POINT (-9.132969856262207 38.72325134277344)
603_15E,11219_20260101_76_0_10,76_0,1,38.70888137817383,-9.136070251464844,22,IN_TRANSIT_TO,2026-03-31 12:39:55,5512,603,,POINT (-9.136070251464844 38.70888137817383)
2766_755,6652_20260101_118_0_9,118_0,1,38.756221771240234,-9.118280410766602,24,IN_TRANSIT_TO,2026-03-31 12:39:50,14702,2766,AH-40-ND,POINT (-9.118280410766602 38.756221771240234)
4604_728,4582_20260101_204_0_9,204_0,1,38.77648162841797,-9.102729797363281,5,IN_TRANSIT_TO,2026-03-31 12:39:51,7906,4604,96-GL-82,POINT (-9.102729797363281 38.77648162841797)
2250_731,19403_20240727_190_0_8,190_0,1,38.78303146362305,-9.114009857177734,3,IN_TRANSIT_TO,2024-08-10 10:41:27,12610,2250,80-41-ZE,POINT (-9.114009857177734 38.78303146362305)
2328_754,6616_20260101_201_0_9,201_0,0,38.741580963134766,-9.169269561767578,9,IN_TRANSIT_TO,2026-03-31 12:39:55,1609,2328,62-96-ZG,POINT (-9.169269561767578 38.741580963134766)
2321_764,7154_20260101_168_0_11,168_0,0,38.74822998046875,-9.164480209350586,3,IN_TRANSIT_TO,2026-03-31 12:39:55,13508,2321,04-47-ZF,POINT (-9.164480209350586 38.74822998046875)
6033_760,7096_20260101_171_0_3,171_0,0,38.70547866821289,-9.185199737548828,20,IN_TRANSIT_TO,2026-03-31 12:39:48,12014,6033,BF-92-AZ,POINT (-9.185199737548828 38.70547866821289)
2954_40B,17569_20260101_212_0_12,212_0,1,38.77907180786133,-9.144479751586914,15,IN_TRANSIT_TO,2026-03-31 12:39:49,11511,2954,62-GQ-56,POINT (-9.144479751586914 38.77907180786133)
4642_728,4570_20260101_204_0_7,204_0,1,38.743080139160156,-9.10177993774414,19,IN_TRANSIT_TO,2026-03-31 12:39:56,12504,4642,90-JI-99,POINT (-9.10177993774414 38.743080139160156)
4616_750,6325_20260101_106_0_8,106_0,1,38.743778228759766,-9.205619812011719,10,IN_TRANSIT_TO,2026-03-31 12:39:35,8835,4616,22-GP-50,POINT (-9.205619812011719 38.743778228759766)
2953_40B,17561_20260101_212_0_12,212_0,0,38.79330062866211,-9.150179862976074,6,IN_TRANSIT_TO,2026-03-31 12:39:37,11608,2953,62-GQ-55,POINT (-9.150179862976074 38.79330062866211)
4611_750,6261_20260101_106_0_8,106_0,1,38.767478942871094,-9.104080200195312,38,IN_TRANSIT_TO,2026-03-31 12:34:43,2315,4611,96-GL-88,POINT (-9.104080200195312 38.767478942871094)
4641_728,4715_20260101_204_0_7,204_0,1,38.71332931518555,-9.122730255126953,29,IN_TRANSIT_TO,2026-03-31 12:39:03,2114,4641,90-JI-98,POINT (-9.122730255126953 38.71332931518555)
2945_26B,17521_20260101_208_0_11,208_0,0,38.76787185668945,-9.097920417785645,17,IN_TRANSIT_TO,2026-03-31 12:39:36,7805,2945,75-GO-14,POINT (-9.097920417785645 38.76787185668945)
4626_783,7818_20260101_203_0_10,203_0,1,38.78580093383789,-9.123970031738281,1,IN_TRANSIT_TO,2026-03-31 12:38:46,16310,4626,90-JI-93,POINT (-9.123970031738281 38.78580093383789)
4646_750,6409_20260101_106_0_9,106_0,0,38.75606918334961,-9.103249549865723,4,IN_TRANSIT_TO,2026-03-31 12:39:31,2320,4646,11-JM-79,POINT (-9.103249549865723 38.75606918334961)
4629_783,7843_20260101_203_0_9,203_0,0,38.756649017333984,-9.145779609680176,13,IN_TRANSIT_TO,2026-03-31 12:39:31,5708,4629,11-JM-77,POINT (-9.145779609680176 38.756649017333984)
2973_702,3034_20260101_146_0_18,146_0,1,38.72507858276367,-9.152299880981445,13,IN_TRANSIT_TO,2026-03-31 12:39:56,50197,2973,30-VM-13,POINT (-9.152299880981445 38.72507858276367)
4818_751,6478_20260101_109_0_13,109_0,0,38.7069206237793,-9.226149559020996,26,IN_TRANSIT_TO,2026-03-31 12:39:58,18404,4818,42-VT-57,POINT (-9.226149559020996 38.7069206237793)
2699_738,5533_20260101_117_0_8,117_0,1,38.75593185424805,-9.169879913330078,31,IN_TRANSIT_TO,2026-03-31 12:39:46,13621,2699,92-XQ-25,POINT (-9.169879913330078 38.75593185424805)
6048_760,7097_20260101_171_0_7,171_0,0,38.70724868774414,-9.141249656677246,11,IN_TRANSIT_TO,2026-03-31 12:39:44,3820,6048,BH-46-IR,POINT (-9.141249656677246 38.70724868774414)
4836_736,5400_20260101_199_0_9,199_0,0,38.788169860839844,-9.169580459594727,24,IN_TRANSIT_TO,2026-03-31 12:39:47,7207,4836,34-VR-23,POINT (-9.169580459594727 38.788169860839844)
2682_713,3620_20260101_122_0_11,122_0,0,38.7286491394043,-9.159700393676758,9,IN_TRANSIT_TO,2026-03-31 12:39:53,6115,2682,93-XA-42,POINT (-9.159700393676758 38.7286491394043)
6047_732,5061_20260101_107_0_6,107_0,1,38.7070198059082,-9.141650199890137,28,IN_TRANSIT_TO,2026-03-31 12:39:54,3803,6047,BH-20-IP,POINT (-9.141650199890137 38.7070198059082)
4618_750,6371_20260101_106_0_7,106_0,0,38.7338981628418,-9.207369804382324,30,IN_TRANSIT_TO,2026-03-31 12:39:33,8808,4618,22-GP-52,POINT (-9.207369804382324 38.7338981628418)
2947_26B,17513_20260101_208_0_12,208_0,1,38.782630920410156,-9.095120429992676,20,IN_TRANSIT_TO,2026-03-31 12:39:53,50289,2947,51-GL-84,POINT (-9.095120429992676 38.782630920410156)
2678_727,4550_20260101_103_0_7,103_0,0,38.710079193115234,-9.153380393981934,20,IN_TRANSIT_TO,2026-03-31 12:39:50,6702,2678,93-XA-39,POINT (-9.153380393981934 38.710079193115234)
2676_709,3403_20260101_148_0_19,148_0,1,38.72249984741211,-9.147780418395996,8,IN_TRANSIT_TO,2026-03-31 12:39:45,1216,2676,87-XB-40,POINT (-9.147780418395996 38.72249984741211)
2957_798,8199_20260101_194_0_17,194_0,0,38.767330169677734,-9.149029731750488,7,IN_TRANSIT_TO,2026-03-31 12:39:51,50154,2957,27-GU-72,POINT (-9.149029731750488 38.767330169677734)
2671_764,7159_20260101_168_0_11,168_0,1,38.74943161010742,-9.172320365905762,27,IN_TRANSIT_TO,2026-03-31 12:39:53,12712,2671,87-XB-43,POINT (-9.172320365905762 38.74943161010742)
2681_714,3704_20260101_102_0_9,102_0,0,38.706329345703125,-9.17533016204834,11,IN_TRANSIT_TO,2026-03-31 12:39:50,9417,2681,93-XA-41,POINT (-9.17533016204834 38.706329345703125)
2679_714,3696_20260101_102_0_9,102_0,0,38.70415115356445,-9.207799911499023,23,IN_TRANSIT_TO,2026-03-31 12:39:56,13124,2679,93-XA-34,POINT (-9.207799911499023 38.70415115356445)
2670_738,5554_20260101_117_0_8,117_0,1,38.71567916870117,-9.158769607543945,12,IN_TRANSIT_TO,2026-03-31 12:39:53,8103,2670,87-XB-32,POINT (-9.158769607543945 38.71567916870117)
2675_723,4184_20260101_121_0_9,121_0,0,38.713871002197266,-9.199199676513672,16,IN_TRANSIT_TO,2026-03-31 12:39:54,10315,2675,87-XB-35,POINT (-9.199199676513672 38.713871002197266)
2964_79B,18672_20260101_221_0_9,221_0,0,38.69572830200195,-9.214980125427246,7,IN_TRANSIT_TO,2026-03-31 12:39:54,50385,2964,30-VM-19,POINT (-9.214980125427246 38.69572830200195)
2961_45B,49564_20260101_277_0_11,277_0,0,38.77384948730469,-9.16135025024414,6,IN_TRANSIT_TO,2026-03-31 12:39:46,50163,2961,26-VD-02,POINT (-9.16135025024414 38.77384948730469)
6031_760,7088_20260101_171_0_7,171_0,0,38.7135009765625,-9.209930419921875,35,IN_TRANSIT_TO,2026-03-31 12:40:00,12906,6031,BF-87-AX,POINT (-9.209930419921875 38.7135009765625)
604_15E,11289_20260101_76_0_11,76_0,0,38.69879913330078,-9.186800003051758,12,IN_TRANSIT_TO,2026-03-31 12:39:49,9504,604,,POINT (-9.186800003051758 38.69879913330078)
547_25E,14266_20260101_79_0_10,79_0,0,38.71492004394531,-9.16646957397461,17,IN_TRANSIT_TO,2026-03-31 12:39:53,8018,547,,POINT (-9.16646957397461 38.71492004394531)
6049_760,7104_20260101_171_0_10,171_0,0,38.71392059326172,-9.13737964630127,8,IN_TRANSIT_TO,2026-03-31 12:39:52,815,6049,BH-47-IR,POINT (-9.13737964630127 38.71392059326172)
2723_744,5804_20260101_200_0_9,200_0,0,38.734920501708984,-9.145170211791992,6,IN_TRANSIT_TO,2026-03-31 12:39:51,1807,2723,92-XQ-43,POINT (-9.145170211791992 38.734920501708984)
2827_728,4725_20260101_204_4_6,204_4,0,38.71358108520508,-9.122400283813477,14,IN_TRANSIT_TO,2026-03-31 12:39:58,8201,2827,BF-61-FZ,POINT (-9.122400283813477 38.71358108520508)
6050_760,7069_20260101_171_0_7,171_0,1,38.70534896850586,-9.19927978515625,15,IN_TRANSIT_TO,2026-03-31 12:39:47,10301,6050,BH-62-IR,POINT (-9.19927978515625 38.70534896850586)
2658_718,3980_20260101_105_0_11,105_0,1,38.741249084472656,-9.133580207824707,2,IN_TRANSIT_TO,2026-03-31 12:39:52,308,2658,05-VZ-71,POINT (-9.133580207824707 38.741249084472656)
2479_729,4812_20260101_104_0_6,104_0,1,38.765968322753906,-9.198269844055176,37,IN_TRANSIT_TO,2026-03-31 12:39:49,13904,2479,91-BE-74,POINT (-9.198269844055176 38.765968322753906)
2414_767,7182_20260101_112_0_6,112_0,1,38.7234992980957,-9.139699935913086,42,IN_TRANSIT_TO,2026-03-31 12:39:49,6901,2414,92-AO-51,POINT (-9.139699935913086 38.7234992980957)
2288_778,18645_20260101_179_0_12,179_0,0,38.75297164916992,-9.189519882202148,23,IN_TRANSIT_TO,2026-03-31 12:39:43,50403,2288,92-59-ZM,POINT (-9.189519882202148 38.75297164916992)
2763_735,5209_20260101_172_0_9,172_0,0,38.75592041015625,-9.148300170898438,29,IN_TRANSIT_TO,2026-03-31 12:39:58,11321,2763,AH-23-ND,POINT (-9.148300170898438 38.75592041015625)
2755_720,4064_20260101_143_0_8,143_0,1,38.736629486083984,-9.134220123291016,24,IN_TRANSIT_TO,2026-03-31 12:39:44,406,2755,AG-95-TG,POINT (-9.134220123291016 38.736629486083984)
2979_702,3057_20260101_146_0_24,146_0,1,38.72650146484375,-9.170720100402832,5,IN_TRANSIT_TO,2026-03-31 12:39:48,2704,2979,30-VM-17,POINT (-9.170720100402832 38.72650146484375)
2257_758,6886_20260101_150_0_10,150_0,1,38.70528030395508,-9.143349647521973,33,IN_TRANSIT_TO,2026-03-31 12:39:53,3826,2257,80-50-ZE,POINT (-9.143349647521973 38.70528030395508)
2282_731,4977_20260101_190_0_8,190_0,1,38.77695083618164,-9.10303020477295,9,IN_TRANSIT_TO,2026-03-31 12:39:23,7904,2282,67-35-ZJ,POINT (-9.10303020477295 38.77695083618164)
2841_751,6522_20260101_109_0_10,109_0,1,38.69878005981445,-9.226829528808594,11,IN_TRANSIT_TO,2026-03-31 12:40:00,4210,2841,BF-55-FZ,POINT (-9.226829528808594 38.69878005981445)
281_734,5165_20260101_205_4_25,205_4,1,38.71495056152344,-9.136630058288574,9,IN_TRANSIT_TO,2026-03-31 12:39:47,805,281,AI-48-OJ,POINT (-9.136630058288574 38.71495056152344)
2301_742,5700_20260101_114_0_8,114_0,1,38.73154830932617,-9.112700462341309,55,IN_TRANSIT_TO,2026-03-31 12:39:30,17567,2301,83-12-ZM,POINT (-9.112700462341309 38.73154830932617)
4811_728,4622_20260101_204_0_8,204_0,0,38.74346923828125,-9.101579666137695,33,IN_TRANSIT_TO,2026-03-31 12:39:52,12511,4811,34-VR-20,POINT (-9.101579666137695 38.74346923828125)
306_708,3352_20260101_100_0_7,100_0,0,38.7859992980957,-9.096500396728516,36,IN_TRANSIT_TO,2026-03-31 12:39:51,50300,306,73-ST-81,POINT (-9.096500396728516 38.7859992980957)
2738_756,6746_20260101_175_0_14,175_0,0,38.74232864379883,-9.135149955749512,7,IN_TRANSIT_TO,2026-03-31 12:39:57,319,2738,AG-46-EI,POINT (-9.135149955749512 38.74232864379883)
307_708,3366_20260101_100_0_10,100_0,0,38.75368118286133,-9.130319595336914,13,IN_TRANSIT_TO,2026-03-31 12:39:59,7307,307,73-ST-82,POINT (-9.130319595336914 38.75368118286133)
4601_750,6389_20260101_106_0_8,106_0,0,38.74380111694336,-9.205730438232422,28,IN_TRANSIT_TO,2026-03-31 12:39:29,8814,4601,96-GL-79,POINT (-9.205730438232422 38.74380111694336)
6035_732,5075_20260101_107_0_6,107_0,1,38.6982307434082,-9.189149856567383,18,IN_TRANSIT_TO,2026-03-31 12:39:49,9507,6035,BG-76-LX,POINT (-9.189149856567383 38.6982307434082)
2783_738,5565_20260101_117_0_6,117_0,0,38.7140007019043,-9.160969734191895,26,IN_TRANSIT_TO,2026-03-31 12:39:45,8104,2783,AI-10-BT,POINT (-9.160969734191895 38.7140007019043)
607_15E,11224_20260101_76_0_10,76_0,1,38.70452117919922,-9.175829887390137,14,IN_TRANSIT_TO,2026-03-31 12:39:40,12115,607,IA-30-13,POINT (-9.175829887390137 38.70452117919922)
2978_71B,45265_20260101_278_0_9,278_0,0,38.7493782043457,-9.19124984741211,2,IN_TRANSIT_TO,2026-03-31 12:39:47,10804,2978,29-VM-92,POINT (-9.19124984741211 38.7493782043457)
2259_758,6867_20260101_150_0_9,150_0,0,38.72024917602539,-9.154879570007324,8,IN_TRANSIT_TO,2026-03-31 12:39:58,6812,2259,67-44-ZJ,POINT (-9.154879570007324 38.72024917602539)
2430_726,4297_20260101_116_0_7,116_0,0,38.75093078613281,-9.173100471496582,21,IN_TRANSIT_TO,2026-03-31 12:39:47,12711,2430,29-AX-12,POINT (-9.173100471496582 38.75093078613281)
2442_778,7531_20260101_179_0_15,179_0,0,38.761680603027344,-9.166219711303711,3,IN_TRANSIT_TO,2026-03-31 12:39:52,50013,2442,29-AX-06,POINT (-9.166219711303711 38.761680603027344)
308_708,3331_20260101_100_0_8,100_0,1,38.785980224609375,-9.096879959106445,6,IN_TRANSIT_TO,2026-03-31 12:39:52,50305,308,68-SX-55,POINT (-9.096879959106445 38.785980224609375)
6038_706,3243_20260101_147_0_9,147_0,1,38.7336311340332,-9.133950233459473,13,IN_TRANSIT_TO,2026-03-31 12:39:51,503,6038,BG-46-LV,POINT (-9.133950233459473 38.7336311340332)
2842_751,6492_20260101_109_0_13,109_0,0,38.6975212097168,-9.195929527282715,14,IN_TRANSIT_TO,2026-03-31 12:39:57,4114,2842,BF-56-FZ,POINT (-9.195929527282715 38.6975212097168)
2272_731,5023_20260101_190_0_9,190_0,0,38.738250732421875,-9.16724967956543,1,IN_TRANSIT_TO,2026-03-31 12:39:51,50038,2272,76-80-ZG,POINT (-9.16724967956543 38.738250732421875)
2796_727,4488_20260101_103_0_7,103_0,1,38.72663116455078,-9.149120330810547,36,IN_TRANSIT_TO,2026-03-31 12:39:59,1207,2796,AJ-59-LI,POINT (-9.149120330810547 38.72663116455078)
4825_736,5417_20260101_199_0_9,199_0,0,38.733970642089844,-9.144729614257812,7,IN_TRANSIT_TO,2026-03-31 12:40:00,1807,4825,20-VQ-72,POINT (-9.144729614257812 38.733970642089844)
2345_768,7345_20260101_111_0_12,111_0,0,38.749229431152344,-9.180120468139648,11,IN_TRANSIT_TO,2026-03-31 12:39:40,10710,2345,53-59-ZJ,POINT (-9.180120468139648 38.749229431152344)
2965_34B,19144_20260101_226_0_8,226_0,0,38.73563003540039,-9.115169525146484,22,IN_TRANSIT_TO,2026-03-31 12:39:47,50411,2965,29-VM-97,POINT (-9.115169525146484 38.73563003540039)
2607_725,4240_20260101_197_0_20,197_0,1,38.784278869628906,-9.124650001525879,5,IN_TRANSIT_TO,2026-03-31 12:39:51,16306,2607,AA-95-TQ,POINT (-9.124650001525879 38.784278869628906)
2824_753,6578_20260101_167_0_15,167_0,0,38.72578048706055,-9.149230003356934,3,IN_TRANSIT_TO,2026-03-31 12:39:40,1202,2824,BF-67-FZ,POINT (-9.149230003356934 38.72578048706055)
2613_793,7990_20260101_145_0_13,145_0,1,38.74385070800781,-9.118450164794922,7,IN_TRANSIT_TO,2026-03-31 12:39:55,8913,2613,66-VI-22,POINT (-9.118450164794922 38.74385070800781)
2264_758,6847_20260101_150_0_9,150_0,0,38.7476692199707,-9.190420150756836,25,IN_TRANSIT_TO,2026-03-31 12:39:43,10826,2264,76-90-ZG,POINT (-9.190420150756836 38.7476692199707)
2739_756,6762_20260101_175_0_13,175_0,1,38.737281799316406,-9.156920433044434,11,IN_TRANSIT_TO,2026-03-31 12:39:54,1511,2739,AG-31-EI,POINT (-9.156920433044434 38.737281799316406)
2602_705,3187_20260101_176_0_10,176_0,1,38.77207946777344,-9.097649574279785,23,IN_TRANSIT_TO,2026-03-31 12:40:00,7824,2602,16-VF-81,POINT (-9.097649574279785 38.77207946777344)
2653_718,3964_20260101_105_0_11,105_0,1,38.75094985961914,-9.110730171203613,28,IN_TRANSIT_TO,2026-03-31 12:39:53,24387,2653,05-VZ-52,POINT (-9.110730171203613 38.75094985961914)
4806_751,6500_20260101_109_0_9,109_0,0,38.72972106933594,-9.168700218200684,2,IN_TRANSIT_TO,2026-03-31 12:39:48,2704,4806,20-VQ-74,POINT (-9.168700218200684 38.72972106933594)
2749_708,3300_20260101_100_0_6,100_0,1,38.744598388671875,-9.131750106811523,34,IN_TRANSIT_TO,2026-03-31 12:39:55,310,2749,AG-03-TH,POINT (-9.131750106811523 38.744598388671875)
5204_746,5988_20260101_108_0_12,108_0,1,38.75257873535156,-9.207369804382324,3,IN_TRANSIT_TO,2026-03-31 12:39:57,11001,5204,CA-76-BZ,POINT (-9.207369804382324 38.75257873535156)
2988_730,4948_20260101_198_0_11,198_0,1,38.72332000732422,-9.129199981689453,11,IN_TRANSIT_TO,2026-03-31 12:39:57,9106,2988,29-VM-94,POINT (-9.129199981689453 38.72332000732422)
2743_742,5685_20260101_114_0_7,114_0,0,38.72813034057617,-9.109729766845703,6,IN_TRANSIT_TO,2026-03-31 12:39:54,8304,2743,AG-02-TH,POINT (-9.109729766845703 38.72813034057617)
2657_722,4108_20260101_196_0_8,196_0,1,38.722171783447266,-9.147379875183105,32,IN_TRANSIT_TO,2026-03-31 12:39:41,1206,2657,05-VZ-66,POINT (-9.147379875183105 38.722171783447266)
4830_736,5300_20260101_199_0_10,199_0,1,38.74842071533203,-9.148770332336426,18,IN_TRANSIT_TO,2026-03-31 12:39:48,2006,4830,20-VQ-63,POINT (-9.148770332336426 38.74842071533203)
6037_706,3228_20260101_147_0_3,147_0,1,38.71406936645508,-9.15347957611084,26,IN_TRANSIT_TO,2026-03-31 12:39:56,6706,6037,BG-37-LT,POINT (-9.15347957611084 38.71406936645508)
2617_722,4130_20260101_196_0_8,196_0,0,38.731178283691406,-9.146269798278809,5,IN_TRANSIT_TO,2026-03-31 12:39:45,1703,2617,66-VI-28,POINT (-9.146269798278809 38.731178283691406)
2648_759,6945_20260101_144_0_8,144_0,1,38.76987838745117,-9.116900444030762,13,IN_TRANSIT_TO,2026-03-31 12:39:48,7727,2648,75-VS-46,POINT (-9.116900444030762 38.76987838745117)
6039_732,5089_20260101_107_0_4,107_0,0,38.6982307434082,-9.19141960144043,30,IN_TRANSIT_TO,2026-03-31 12:39:58,9512,6039,BG-96-LU,POINT (-9.19141960144043 38.6982307434082)
6025_760,7047_20260101_171_0_4,171_0,1,38.70624923706055,-9.145000457763672,30,IN_TRANSIT_TO,2026-03-31 12:39:50,3803,6025,BF-92-AX,POINT (-9.145000457763672 38.70624923706055)
4820_728,4642_20260101_204_0_8,204_0,0,38.70716857910156,-9.141570091247559,19,IN_TRANSIT_TO,2026-03-31 12:39:50,3803,4820,20-VQ-62,POINT (-9.141570091247559 38.70716857910156)
2704_713,3596_20260101_122_0_10,122_0,1,38.70787048339844,-9.159170150756836,13,IN_TRANSIT_TO,2026-03-31 12:39:38,3909,2704,92-XQ-18,POINT (-9.159170150756836 38.70787048339844)
6041_732,5058_20260101_107_0_6,107_0,1,38.738651275634766,-9.145979881286621,39,IN_TRANSIT_TO,2026-03-31 12:40:00,1809,6041,BG-20-LV,POINT (-9.145979881286621 38.738651275634766)
2639_744,5840_20260101_200_0_8,200_0,0,38.77280044555664,-9.099920272827148,29,IN_TRANSIT_TO,2026-03-31 12:39:51,7912,2639,75-VS-47,POINT (-9.099920272827148 38.77280044555664)
2647_759,6926_20260101_144_0_8,144_0,1,38.74713134765625,-9.112919807434082,23,IN_TRANSIT_TO,2026-03-31 12:39:59,3714,2647,75-VS-45,POINT (-9.112919807434082 38.74713134765625)
2989_45B,45284_20260101_277_0_11,277_0,1,38.76802062988281,-9.1693696975708,6,IN_TRANSIT_TO,2026-03-31 12:39:57,50029,2989,29-VM-85,POINT (-9.1693696975708 38.76802062988281)
577_28E,15071_20260101_75_0_6,75_0,0,38.70127868652344,-9.180649757385254,0,IN_TRANSIT_TO,2026-03-31 12:39:24,,577,,POINT (-9.180649757385254 38.70127868652344)
2642_722,4128_20260101_196_0_9,196_0,0,38.75381851196289,-9.130350112915039,17,IN_TRANSIT_TO,2026-03-31 12:39:55,7307,2642,75-VS-51,POINT (-9.130350112915039 38.75381851196289)
573_18E,12194_20260101_78_0_15,78_0,0,38.7047004699707,-9.176899909973145,6,IN_TRANSIT_TO,2026-03-31 12:39:37,4004,573,,POINT (-9.176899909973145 38.7047004699707)
273_64B,21492_20260101_238_0_15,238_0,0,38.72113037109375,-9.168950080871582,6,IN_TRANSIT_TO,2026-03-31 12:39:34,50486,273,AH-15-TB,POINT (-9.168950080871582 38.72113037109375)
2737_756,6732_20260101_175_0_11,175_0,0,38.736351013183594,-9.16016960144043,14,IN_TRANSIT_TO,2026-03-31 12:39:58,50040,2737,AG-45-EI,POINT (-9.16016960144043 38.736351013183594)
2609_29B,17527_20260101_209_0_12,209_0,0,38.77389907836914,-9.111000061035156,13,IN_TRANSIT_TO,2026-03-31 12:39:53,7801,2609,66-VI-36,POINT (-9.111000061035156 38.77389907836914)
2611_759,6977_20260101_144_0_9,144_0,0,38.7318000793457,-9.11378002166748,15,IN_TRANSIT_TO,2026-03-31 12:39:40,17567,2611,66-VI-38,POINT (-9.11378002166748 38.7318000793457)
2632_781,7757_20260101_151_0_10,151_0,1,38.7429313659668,-9.101829528808594,21,IN_TRANSIT_TO,2026-03-31 12:39:52,12504,2632,52-VP-88,POINT (-9.101829528808594 38.7429313659668)
2618_705,3196_20260101_176_0_10,176_0,0,38.77922058105469,-9.12007999420166,10,IN_TRANSIT_TO,2026-03-31 12:39:45,12603,2618,66-VI-42,POINT (-9.12007999420166 38.77922058105469)
548_28E,15019_20260101_75_0_6,75_0,0,38.71084976196289,-9.15095043182373,29,IN_TRANSIT_TO,2026-03-31 12:38:18,8112,548,,POINT (-9.15095043182373 38.71084976196289)
2646_781,7739_20260101_151_0_10,151_0,0,38.713401794433594,-9.12263011932373,4,IN_TRANSIT_TO,2026-03-31 12:39:47,4505,2646,75-VS-48,POINT (-9.12263011932373 38.713401794433594)
2993_797,8164_20260101_163_0_26,163_0,0,38.72602081298828,-9.130029678344727,8,IN_TRANSIT_TO,2026-03-31 12:40:00,9101,2993,29-VM-93,POINT (-9.130029678344727 38.72602081298828)
2733_742,5771_20260101_114_0_8,114_0,1,38.71397018432617,-9.195679664611816,1,IN_TRANSIT_TO,2026-03-31 12:39:55,10315,2733,AG-41-EI,POINT (-9.195679664611816 38.71397018432617)
2664_714,3710_20260101_102_0_9,102_0,0,38.706329345703125,-9.145330429077148,2,IN_TRANSIT_TO,2026-03-31 12:39:44,3802,2664,05-VZ-68,POINT (-9.145330429077148 38.706329345703125)
2654_718,3935_20260101_105_0_9,105_0,0,38.725528717041016,-9.118729591369629,22,IN_TRANSIT_TO,2026-03-31 12:39:56,9802,2654,05-VZ-69,POINT (-9.118729591369629 38.725528717041016)
2707_727,4512_20260101_103_0_7,103_0,1,38.705448150634766,-9.176349639892578,19,IN_TRANSIT_TO,2026-03-31 12:39:56,12105,2707,92-XQ-39,POINT (-9.176349639892578 38.705448150634766)
2612_793,8008_20260101_145_0_13,145_0,0,38.74082946777344,-9.111929893493652,14,IN_TRANSIT_TO,2026-03-31 12:39:51,3701,2612,66-VI-29,POINT (-9.111929893493652 38.74082946777344)
2736_756,6758_20260101_175_0_11,175_0,1,38.74232864379883,-9.135680198669434,17,IN_TRANSIT_TO,2026-03-31 12:39:55,304,2736,AG-47-EI,POINT (-9.135680198669434 38.74232864379883)
6042_706,3268_20260101_147_0_4,147_0,0,38.72766876220703,-9.142000198364258,15,IN_TRANSIT_TO,2026-03-31 12:39:51,6609,6042,BG-97-LU,POINT (-9.142000198364258 38.72766876220703)
542_28E,14993_20260101_75_0_8,75_0,0,38.709529876708984,-9.142000198364258,19,IN_TRANSIT_TO,2026-03-31 12:39:50,10516,542,,POINT (-9.142000198364258 38.709529876708984)
574_28E,14967_20260101_75_0_5,75_0,1,38.71049880981445,-9.143730163574219,13,IN_TRANSIT_TO,2026-03-31 12:39:45,10513,574,,POINT (-9.143730163574219 38.71049880981445)
6040_732,5092_20260101_107_0_6,107_0,0,38.70634841918945,-9.142919540405273,19,IN_TRANSIT_TO,2026-03-31 12:39:56,3820,6040,BG-46-LT,POINT (-9.142919540405273 38.70634841918945)
2996_72B,45270_20260101_279_0_10,279_0,0,38.75469970703125,-9.205599784851074,7,IN_TRANSIT_TO,2026-03-31 12:39:57,13702,2996,30-VM-03,POINT (-9.205599784851074 38.75469970703125)
549_28E,14916_20260101_75_0_9,75_0,1,38.715118408203125,-9.136919975280762,35,IN_TRANSIT_TO,2026-03-31 12:39:43,804,549,,POINT (-9.136919975280762 38.715118408203125)
2636_749,6202_20260101_195_5_14,195_5,0,38.74787139892578,-9.108819961547852,8,IN_TRANSIT_TO,2026-03-31 12:39:50,3719,2636,87-VS-50,POINT (-9.108819961547852 38.74787139892578)
571_28E,14942_20260101_75_0_7,75_0,1,38.71078109741211,-9.130820274353027,21,IN_TRANSIT_TO,2026-03-31 12:39:29,13803,571,,POINT (-9.130820274353027 38.71078109741211)
582_25E,14258_20260101_79_0_13,79_0,1,38.70793151855469,-9.159049987792969,12,IN_TRANSIT_TO,2026-03-31 12:39:45,10009,582,,POINT (-9.159049987792969 38.70793151855469)
2652_759,6898_20260101_144_0_6,144_0,1,38.7159309387207,-9.142250061035156,46,IN_TRANSIT_TO,2026-03-31 12:39:48,919,2652,05-VZ-61,POINT (-9.142250061035156 38.7159309387207)
2626_722,4120_20260101_196_0_9,196_0,1,38.759071350097656,-9.129969596862793,17,IN_TRANSIT_TO,2026-03-31 12:39:59,7514,2626,52-VP-86,POINT (-9.129969596862793 38.759071350097656)
2620_781,7736_20260101_151_0_10,151_0,0,38.7557487487793,-9.10278034210205,13,IN_TRANSIT_TO,2026-03-31 12:39:59,2316,2620,66-VI-33,POINT (-9.10278034210205 38.7557487487793)
4810_728,4707_20260101_204_0_7,204_0,1,38.707950592041016,-9.138500213623047,33,IN_TRANSIT_TO,2026-03-31 12:39:56,5504,4810,20-VQ-60,POINT (-9.138500213623047 38.707950592041016)
2621_759,6904_20260101_144_0_8,144_0,1,38.725521087646484,-9.112899780273438,36,IN_TRANSIT_TO,2026-03-31 12:39:57,8302,2621,66-VI-45,POINT (-9.112899780273438 38.725521087646484)
2622_781,7720_20260101_151_0_10,151_0,1,38.784629821777344,-9.124549865722656,3,IN_TRANSIT_TO,2026-03-31 12:39:58,16306,2622,66-VI-21,POINT (-9.124549865722656 38.784629821777344)
263_734,5167_20260101_205_4_24,205_4,0,38.72140121459961,-9.129520416259766,6,IN_TRANSIT_TO,2026-03-31 12:39:47,9127,263,AG-26-NH,POINT (-9.129520416259766 38.72140121459961)
2985_774,7453_20260101_192_0_19,192_0,0,38.72282028198242,-9.161279678344727,6,IN_TRANSIT_TO,2026-03-31 12:39:58,8520,2985,30-VM-14,POINT (-9.161279678344727 38.72282028198242)
2701_746,5956_20260101_108_0_13,108_0,0,38.73876953125,-9.158249855041504,5,IN_TRANSIT_TO,2026-03-31 12:39:52,1501,2701,92-XQ-35,POINT (-9.158249855041504 38.73876953125)
551_28E,14893_20260101_75_0_8,75_0,0,38.71500015258789,-9.136619567871094,0,IN_TRANSIT_TO,2026-03-31 12:39:39,,551,,POINT (-9.136619567871094 38.71500015258789)
2990_797,8175_20260101_163_0_20,163_0,1,38.73149871826172,-9.127220153808594,7,IN_TRANSIT_TO,2026-03-31 12:39:54,7003,2990,30-VM-06,POINT (-9.127220153808594 38.73149871826172)
2711_744,5832_20260101_200_0_8,200_0,1,38.76150131225586,-9.131349563598633,15,IN_TRANSIT_TO,2026-03-31 12:39:47,7502,2711,92-XQ-44,POINT (-9.131349563598633 38.76150131225586)
2976_52B,21672_20260101_244_0_10,244_0,0,38.73992919921875,-9.167349815368652,21,IN_TRANSIT_TO,2026-03-31 12:39:45,1601,2976,30-VM-00,POINT (-9.167349815368652 38.73992919921875)
2616_759,6982_20260101_144_0_9,144_0,0,38.7140007019043,-9.121950149536133,7,IN_TRANSIT_TO,2026-03-31 12:39:51,2111,2616,66-VI-44,POINT (-9.121950149536133 38.7140007019043)
2702_714,3660_20260101_102_0_10,102_0,1,38.70896911621094,-9.214329719543457,15,IN_TRANSIT_TO,2026-03-31 12:39:36,12403,2702,92-XQ-21,POINT (-9.214329719543457 38.70896911621094)
2604_793,7972_20260101_145_0_13,145_0,1,38.736270904541016,-9.107999801635742,26,IN_TRANSIT_TO,2026-03-31 12:39:55,12515,2604,66-VI-32,POINT (-9.107999801635742 38.736270904541016)
552_28E,15046_20260101_75_0_8,75_0,0,38.71097183227539,-9.130680084228516,14,IN_TRANSIT_TO,2026-03-31 12:39:04,13816,552,,POINT (-9.130680084228516 38.71097183227539)
2332_712,3564_20260101_189_0_10,189_0,1,38.72642135620117,-9.13623046875,20,IN_TRANSIT_TO,2026-03-31 12:39:28,615,2332,53-55-ZJ,POINT (-9.13623046875 38.72642135620117)
2980_770,7366_20260101_191_0_13,191_0,0,38.737998962402344,-9.167449951171875,16,IN_TRANSIT_TO,2026-03-31 12:39:38,2713,2980,29-VM-90,POINT (-9.167449951171875 38.737998962402344)
2663_714,3697_20240914_102_0_16,102_0,1,38.72127151489258,-9.221500396728516,4,IN_TRANSIT_TO,2024-10-22 20:26:58,18703,2663,05-VZ-62,POINT (-9.221500396728516 38.72127151489258)
2659_759,6960_20260101_144_0_7,144_0,0,38.766998291015625,-9.098930358886719,46,IN_TRANSIT_TO,2026-03-31 12:40:00,7825,2659,05-VZ-57,POINT (-9.098930358886719 38.766998291015625)
2615_725,4256_20260101_197_0_19,197_0,0,38.775081634521484,-9.100870132446289,4,IN_TRANSIT_TO,2026-03-31 12:39:59,7823,2615,66-VI-27,POINT (-9.100870132446289 38.775081634521484)
579_18E,12197_20260101_78_0_13,78_0,0,38.706668853759766,-9.143630027770996,1,IN_TRANSIT_TO,2026-03-31 12:39:42,50339,579,,POINT (-9.143630027770996 38.706668853759766)
6043_760,7024_20260101_171_0_7,171_0,1,38.71770095825195,-9.136679649353027,35,IN_TRANSIT_TO,2026-03-31 12:39:37,818,6043,BG-93-LT,POINT (-9.136679649353027 38.71770095825195)
2732_708,3287_20260101_100_0_9,100_0,1,38.7287483215332,-9.13461971282959,39,IN_TRANSIT_TO,2026-03-31 12:39:47,610,2732,AG-39-EI,POINT (-9.13461971282959 38.7287483215332)
543_24E,17855_20260101_213_0_13,213_0,1,38.72105026245117,-9.15608024597168,4,IN_TRANSIT_TO,2026-03-31 12:39:35,6823,543,,POINT (-9.15608024597168 38.72105026245117)
2687_746,5966_20260101_108_0_12,108_0,1,38.728919982910156,-9.149450302124023,23,IN_TRANSIT_TO,2026-03-31 12:40:00,1302,2687,93-XA-44,POINT (-9.149450302124023 38.728919982910156)
404_67B,28220_20260101_253_0_9,253_0,0,38.708030700683594,-9.1737699508667,11,IN_TRANSIT_TO,2026-03-31 12:39:47,9425,404,BF-14-TQ,POINT (-9.1737699508667 38.708030700683594)
265_61B,21523_20260101_241_0_15,241_0,1,38.73973083496094,-9.16841983795166,5,IN_TRANSIT_TO,2026-03-31 12:39:51,50499,265,AG-40-OV,POINT (-9.16841983795166 38.73973083496094)
2708_746,5975_20260101_108_0_14,108_0,1,38.74100112915039,-9.16819953918457,15,IN_TRANSIT_TO,2026-03-31 12:39:51,1610,2708,92-XQ-32,POINT (-9.16819953918457 38.74100112915039)
4813_728,4699_20260101_204_0_5,204_0,1,38.704620361328125,-9.206029891967773,46,IN_TRANSIT_TO,2026-03-31 12:39:53,13107,4813,68-VQ-50,POINT (-9.206029891967773 38.704620361328125)
2696_738,5514_20260101_117_0_9,117_0,0,38.75267028808594,-9.167719841003418,6,IN_TRANSIT_TO,2026-03-31 12:39:46,50462,2696,90-XF-63,POINT (-9.167719841003418 38.75267028808594)
252_13B,21594_20260101_243_0_7,243_0,0,38.71897888183594,-9.123519897460938,18,IN_TRANSIT_TO,2026-03-30 10:24:45,50602,252,AF-89-NU,POINT (-9.123519897460938 38.71897888183594)
572_28E,14941_20260101_75_0_9,75_0,1,38.71152877807617,-9.130629539489746,22,IN_TRANSIT_TO,2026-03-31 12:39:37,13805,572,,POINT (-9.130629539489746 38.71152877807617)
2778_748,6161_20260101_169_0_17,169_0,0,38.72785186767578,-9.212369918823242,5,IN_TRANSIT_TO,2026-03-31 12:39:55,8607,2778,AI-03-BT,POINT (-9.212369918823242 38.72785186767578)
2641_718,3957_20260101_105_0_12,105_0,0,38.745880126953125,-9.104379653930664,10,IN_TRANSIT_TO,2026-03-31 12:39:48,2207,2641,75-VS-49,POINT (-9.104379653930664 38.745880126953125)
268_776,7492_20260101_193_0_28,193_0,0,38.702701568603516,-9.251319885253906,7,IN_TRANSIT_TO,2026-03-31 12:39:52,4304,268,AH-56-CZ,POINT (-9.251319885253906 38.702701568603516)
270_73B,18776_20260101_220_0_9,220_0,0,38.7070198059082,-9.174150466918945,25,IN_TRANSIT_TO,2026-03-31 12:39:58,50375,270,AH-54-CZ,POINT (-9.174150466918945 38.7070198059082)
555_18E,12179_20260101_78_0_16,78_0,1,38.701778411865234,-9.180120468139648,14,IN_TRANSIT_TO,2026-03-31 12:39:57,12115,555,,POINT (-9.180120468139648 38.701778411865234)
266_25E,14265_20260101_79_0_13,79_0,1,38.712669372558594,-9.137669563293457,19,IN_TRANSIT_TO,2026-03-31 12:39:53,50621,266,AH-55-CZ,POINT (-9.137669563293457 38.712669372558594)
575_28E,15086_20260101_75_0_4,75_0,0,38.715450286865234,-9.135979652404785,0,IN_TRANSIT_TO,2026-03-31 12:39:55,,575,,POINT (-9.135979652404785 38.715450286865234)
2660_705,3181_20260101_176_0_11,176_0,0,38.78287124633789,-9.124500274658203,11,IN_TRANSIT_TO,2026-03-31 12:39:52,12601,2660,05-VZ-60,POINT (-9.124500274658203 38.78287124633789)
2655_722,4122_20260101_196_0_9,196_0,1,38.78242874145508,-9.108369827270508,0,IN_TRANSIT_TO,2026-03-31 12:39:48,,2655,05-VZ-67,POINT (-9.108369827270508 38.78242874145508)
269_776,7479_20260101_193_0_33,193_0,1,38.69977951049805,-9.22741985321045,11,IN_TRANSIT_TO,2026-03-31 12:39:48,4202,269,AG-25-NH,POINT (-9.22741985321045 38.69977951049805)
2650_718,3973_20260101_105_0_9,105_0,1,38.727378845214844,-9.110349655151367,15,IN_TRANSIT_TO,2026-03-31 12:39:58,8301,2650,75-VS-50,POINT (-9.110349655151367 38.727378845214844)
2782_727,4505_20260101_103_0_6,103_0,1,38.709171295166016,-9.153079986572266,29,IN_TRANSIT_TO,2026-03-31 12:39:55,7103,2782,AI-99-BS,POINT (-9.153079986572266 38.709171295166016)
4644_750,6400_20260101_106_0_6,106_0,0,38.75925064086914,-9.154729843139648,15,IN_TRANSIT_TO,2026-03-31 12:39:57,5805,4644,27-JO-11,POINT (-9.154729843139648 38.75925064086914)
277_65B,22208_20260101_250_0_11,250_0,0,38.72077178955078,-9.160849571228027,9,IN_TRANSIT_TO,2026-03-31 12:39:55,8514,277,AH-13-TB,POINT (-9.160849571228027 38.72077178955078)
2984_52B,21664_20260101_244_0_11,244_0,0,38.739219665527344,-9.155220031738281,10,IN_TRANSIT_TO,2026-03-31 12:39:58,1513,2984,30-VM-04,POINT (-9.155220031738281 38.739219665527344)
2630_708,3357_20260101_100_0_8,100_0,0,38.76433181762695,-9.116399765014648,21,IN_TRANSIT_TO,2026-03-31 12:39:56,8419,2630,52-VP-89,POINT (-9.116399765014648 38.76433181762695)
2651_781,7749_20260101_151_0_9,151_0,1,38.707279205322266,-9.14115047454834,29,IN_TRANSIT_TO,2026-03-31 12:39:53,3820,2651,05-VZ-54,POINT (-9.14115047454834 38.707279205322266)
2720_744,5847_20260101_200_0_9,200_0,0,38.754051208496094,-9.138649940490723,12,IN_TRANSIT_TO,2026-03-31 12:39:47,11201,2720,92-XQ-28,POINT (-9.138649940490723 38.754051208496094)
4828_736,5409_20260101_199_0_9,199_0,0,38.764930725097656,-9.157170295715332,16,IN_TRANSIT_TO,2026-03-31 12:39:52,5811,4828,20-VQ-64,POINT (-9.157170295715332 38.764930725097656)
272_79B,18664_20260101_221_0_9,221_0,0,38.69824981689453,-9.204000473022461,32,IN_TRANSIT_TO,2026-03-31 12:39:56,9601,272,AH-26-IN,POINT (-9.204000473022461 38.69824981689453)
2627_708,3309_20260101_100_0_9,100_0,1,38.75878143310547,-9.112369537353516,25,IN_TRANSIT_TO,2026-03-31 12:39:48,8413,2627,52-VP-83,POINT (-9.112369537353516 38.75878143310547)
256_58B,19294_20260101_227_0_12,227_0,0,38.745670318603516,-9.181830406188965,15,IN_TRANSIT_TO,2026-03-31 12:39:59,10709,256,AF-57-RM,POINT (-9.181830406188965 38.745670318603516)
2735_742,5745_20260101_114_0_7,114_0,1,38.72766876220703,-9.161720275878906,30,IN_TRANSIT_TO,2026-03-31 12:39:53,6104,2735,AG-37-EI,POINT (-9.161720275878906 38.72766876220703)
282_55B,21537_20260101_240_0_15,240_0,0,38.766319274902344,-9.18358039855957,10,IN_TRANSIT_TO,2026-03-31 12:39:56,50365,282,AI-47-OJ,POINT (-9.18358039855957 38.766319274902344)
279_61B,21531_20260101_241_0_15,241_0,0,38.730430603027344,-9.162320137023926,10,IN_TRANSIT_TO,2026-03-31 12:39:58,6121,279,AI-38-FG,POINT (-9.162320137023926 38.730430603027344)
2972_774,7440_20260101_192_0_19,192_0,0,38.727779388427734,-9.143449783325195,12,IN_TRANSIT_TO,2026-03-31 12:39:47,6609,2972,29-VM-96,POINT (-9.143449783325195 38.727779388427734)
6045_760,7058_20260101_171_0_8,171_0,1,38.703800201416016,-9.17251968383789,25,IN_TRANSIT_TO,2026-03-31 12:39:45,4001,6045,BH-32-IQ,POINT (-9.17251968383789 38.703800201416016)
2316_764,7163_20260101_168_0_9,168_0,1,38.743751525878906,-9.205650329589844,13,IN_TRANSIT_TO,2026-03-31 12:39:53,8811,2316,61-87-ZB,POINT (-9.205650329589844 38.743751525878906)
2260_731,5010_20260101_190_0_6,190_0,0,38.77642822265625,-9.101479530334473,30,IN_TRANSIT_TO,2026-03-31 12:39:57,7909,2260,67-47-ZJ,POINT (-9.101479530334473 38.77642822265625)
5208_709,3388_20260101_148_0_18,148_0,0,38.72249984741211,-9.149869918823242,5,IN_TRANSIT_TO,2026-03-31 12:39:59,1211,5208,CA-73-BZ,POINT (-9.149869918823242 38.72249984741211)
2204_796,8141_20260101_174_0_20,174_0,1,38.777469635009766,-9.164299964904785,10,IN_TRANSIT_TO,2026-03-31 12:39:00,5910,2204,01-72-XO,POINT (-9.164299964904785 38.777469635009766)
2489_726,4323_20260101_116_0_9,116_0,0,38.7269287109375,-9.136719703674316,5,IN_TRANSIT_TO,2026-03-31 12:39:42,605,2489,55-BH-05,POINT (-9.136719703674316 38.7269287109375)
253_37B,18842_20260101_224_0_14,224_0,0,38.723079681396484,-9.115480422973633,0,IN_TRANSIT_TO,2026-03-31 12:39:56,,253,AF-88-NU,POINT (-9.115480422973633 38.723079681396484)
2402_767,7226_20260101_112_0_6,112_0,1,38.76007843017578,-9.175950050354004,22,IN_TRANSIT_TO,2026-03-31 12:39:49,50142,2402,50-AL-13,POINT (-9.175950050354004 38.76007843017578)
2443_747,6076_20260101_177_0_13,177_0,0,38.75962829589844,-9.154970169067383,2,IN_TRANSIT_TO,2026-03-31 12:39:47,5807,2443,29-AX-05,POINT (-9.154970169067383 38.75962829589844)
2490_703,3127_20260101_165_0_8,165_0,1,38.76502990722656,-9.181699752807617,15,IN_TRANSIT_TO,2026-03-31 12:39:32,12834,2490,55-BH-01,POINT (-9.181699752807617 38.76502990722656)
2341_729,4911_20260101_104_0_9,104_0,0,38.75482940673828,-9.192020416259766,9,IN_TRANSIT_TO,2026-03-31 12:39:19,12821,2341,67-50-ZJ,POINT (-9.192020416259766 38.75482940673828)
2750_756,6715_20260101_175_0_13,175_0,1,38.70003128051758,-9.183480262756348,1,IN_TRANSIT_TO,2026-03-31 12:39:48,9511,2750,AG-10-TH,POINT (-9.183480262756348 38.70003128051758)
2471_726,4275_20260101_116_0_8,116_0,1,38.76218032836914,-9.197319984436035,3,IN_TRANSIT_TO,2026-03-31 12:39:31,13905,2471,74-BC-70,POINT (-9.197319984436035 38.76218032836914)
2304_755,6704_20260101_118_0_7,118_0,0,38.75461959838867,-9.132220268249512,28,IN_TRANSIT_TO,2026-03-31 12:39:46,7402,2304,83-10-ZM,POINT (-9.132220268249512 38.75461959838867)
2709_714,3690_20260101_102_0_7,102_0,0,38.7221794128418,-9.21796989440918,34,IN_TRANSIT_TO,2026-03-31 12:39:53,18708,2709,92-XQ-42,POINT (-9.21796989440918 38.7221794128418)
2244_758,6888_20260101_150_0_10,150_0,1,38.72386932373047,-9.160750389099121,22,IN_TRANSIT_TO,2026-03-31 12:39:51,8512,2244,22-44-ZB,POINT (-9.160750389099121 38.72386932373047)
2714_744,5818_20260101_200_0_7,200_0,1,38.73350143432617,-9.145150184631348,27,IN_TRANSIT_TO,2026-03-31 12:39:53,1812,2714,92-XQ-38,POINT (-9.145150184631348 38.73350143432617)
2760_742,5757_20260101_114_0_6,114_0,1,38.71390151977539,-9.174079895019531,24,IN_TRANSIT_TO,2026-03-31 12:39:46,9406,2760,AH-35-ND,POINT (-9.174079895019531 38.71390151977539)
2293_724,4190_20260101_178_0_14,178_0,1,38.725830078125,-9.199399948120117,19,IN_TRANSIT_TO,2026-03-31 12:39:31,50183,2293,92-57-ZM,POINT (-9.199399948120117 38.725830078125)
1751_717,3805_20260101_170_0_10,170_0,1,38.77317810058594,-9.161430358886719,20,IN_TRANSIT_TO,2026-03-31 12:40:00,50163,1751,34-HU-17,POINT (-9.161430358886719 38.77317810058594)
2496_716,3730_20260101_164_0_14,164_0,1,38.738800048828125,-9.165149688720703,14,IN_TRANSIT_TO,2026-03-31 12:39:48,1620,2496,88-BL-70,POINT (-9.165149688720703 38.738800048828125)
1749_717,3827_20260101_170_0_7,170_0,1,38.79832077026367,-9.146570205688477,1,IN_TRANSIT_TO,2026-03-31 12:39:33,16001,1749,92-HR-06,POINT (-9.146570205688477 38.79832077026367)
2970_774,7433_20260101_192_0_14,192_0,1,38.72071838378906,-9.155699729919434,7,IN_TRANSIT_TO,2026-03-31 12:39:52,6812,2970,29-VM-87,POINT (-9.155699729919434 38.72071838378906)
2969_730,4968_20260101_198_0_12,198_0,0,38.72507095336914,-9.129549980163574,14,IN_TRANSIT_TO,2026-03-31 12:39:50,9101,2969,30-VM-09,POINT (-9.129549980163574 38.72507095336914)
2802_723,4167_20260101_121_0_10,121_0,1,38.720699310302734,-9.197500228881836,20,IN_TRANSIT_TO,2026-03-31 12:39:50,21304,2802,01-IH-91,POINT (-9.197500228881836 38.720699310302734)
1744_794,8078_20260101_115_0_9,115_0,1,38.741580963134766,-9.11693000793457,27,IN_TRANSIT_TO,2026-03-31 12:39:48,3603,1744,92-HR-01,POINT (-9.11693000793457 38.741580963134766)
2968_730,4950_20260101_198_0_11,198_0,1,38.73038101196289,-9.143670082092285,0,IN_TRANSIT_TO,2026-03-31 12:39:40,,2968,30-VM-24,POINT (-9.143670082092285 38.73038101196289)
2817_711,3486_20260101_101_0_10,101_0,1,38.73550033569336,-9.204669952392578,13,IN_TRANSIT_TO,2026-03-31 12:39:39,8828,2817,90-II-57,POINT (-9.204669952392578 38.73550033569336)
2453_729,4790_20260101_104_0_7,104_0,0,38.77056884765625,-9.1941499710083,4,IN_TRANSIT_TO,2026-03-31 12:39:30,14101,2453,16-AZ-13,POINT (-9.1941499710083 38.77056884765625)
2459_726,4319_20260101_116_0_9,116_0,0,38.73952865600586,-9.150130271911621,12,IN_TRANSIT_TO,2026-03-31 12:39:37,1407,2459,74-BC-74,POINT (-9.150130271911621 38.73952865600586)
2810_754,6610_20260101_201_0_9,201_0,0,38.740848541259766,-9.208869934082031,22,IN_TRANSIT_TO,2026-03-31 12:39:41,50239,2810,01-IH-99,POINT (-9.208869934082031 38.740848541259766)
2816_727,4444_20260101_103_0_7,103_0,0,38.747371673583984,-9.148320198059082,6,IN_TRANSIT_TO,2026-03-31 12:39:44,2004,2816,90-II-56,POINT (-9.148320198059082 38.747371673583984)
2820_713,3581_20260101_122_0_10,122_0,1,38.72386932373047,-9.160579681396484,26,IN_TRANSIT_TO,2026-03-31 12:39:08,8511,2820,90-II-60,POINT (-9.160579681396484 38.72386932373047)
231_41B,19378_20260101_232_0_16,232_0,0,38.792381286621094,-9.150179862976074,22,IN_TRANSIT_TO,2026-03-31 12:39:42,50440,231,84-47-XQ,POINT (-9.150179862976074 38.792381286621094)
2455_703,3174_20260101_165_0_10,165_0,0,38.779998779296875,-9.159830093383789,13,IN_TRANSIT_TO,2026-03-31 12:39:37,5931,2455,16-AZ-12,POINT (-9.159830093383789 38.779998779296875)
2700_714,3638_20260101_102_0_10,102_0,1,38.70481872558594,-9.177550315856934,27,IN_TRANSIT_TO,2026-03-31 12:39:45,12111,2700,92-XQ-26,POINT (-9.177550315856934 38.70481872558594)
2410_747,6112_20260101_177_0_13,177_0,1,38.7666015625,-9.18535041809082,8,IN_TRANSIT_TO,2026-03-31 12:39:23,12831,2410,92-AO-46,POINT (-9.18535041809082 38.7666015625)
2280_771,21929_20260101_248_0_13,248_0,1,38.72296905517578,-9.163370132446289,16,IN_TRANSIT_TO,2026-03-31 12:39:52,8608,2280,67-40-ZJ,POINT (-9.163370132446289 38.72296905517578)
2794_723,4170_20260101_121_0_10,121_0,1,38.696231842041016,-9.220020294189453,2,IN_TRANSIT_TO,2026-03-31 12:38:14,4209,2794,AJ-60-LI,POINT (-9.220020294189453 38.696231842041016)
2777_754,6585_20260101_201_0_8,201_0,1,38.7447509765625,-9.191200256347656,20,IN_TRANSIT_TO,2026-03-31 12:39:59,10838,2777,AI-01-BT,POINT (-9.191200256347656 38.7447509765625)
302_783,7810_20260101_203_0_10,203_0,1,38.76377868652344,-9.129520416259766,12,IN_TRANSIT_TO,2026-03-31 12:39:50,7602,302,22-SP-89,POINT (-9.129520416259766 38.76377868652344)
2425_767,7203_20260101_112_0_6,112_0,1,38.742919921875,-9.13838005065918,36,IN_TRANSIT_TO,2026-03-31 12:39:43,306,2425,29-AU-20,POINT (-9.13838005065918 38.742919921875)
2710_727,4554_20260101_103_0_7,103_0,0,38.735530853271484,-9.145369529724121,9,IN_TRANSIT_TO,2026-03-31 12:39:46,1810,2710,92-XQ-19,POINT (-9.145369529724121 38.735530853271484)
215_46B,21502_20260101_239_0_11,239_0,0,38.75709915161133,-9.140199661254883,16,IN_TRANSIT_TO,2026-03-31 12:39:55,11307,215,44-42-XM,POINT (-9.140199661254883 38.75709915161133)
2756_720,4092_20260101_143_0_11,143_0,1,38.70466995239258,-9.183369636535645,2,IN_TRANSIT_TO,2026-03-31 12:39:46,12003,2756,AH-27-ND,POINT (-9.183369636535645 38.70466995239258)
301_783,7855_20260101_203_0_10,203_0,1,38.72431945800781,-9.160980224609375,30,IN_TRANSIT_TO,2026-03-31 12:39:47,8501,301,74-SM-62,POINT (-9.160980224609375 38.72431945800781)
2746_701,2990_20260101_123_0_14,123_0,0,38.74842071533203,-9.171600341796875,16,IN_TRANSIT_TO,2026-03-31 12:39:54,12712,2746,AG-97-TG,POINT (-9.171600341796875 38.74842071533203)
2483_703,3163_20260101_165_0_9,165_0,0,38.749698638916016,-9.193570137023926,34,IN_TRANSIT_TO,2026-03-31 12:39:14,10804,2483,74-BC-66,POINT (-9.193570137023926 38.749698638916016)
2300_742,5739_20260101_114_0_7,114_0,1,38.73456954956055,-9.13716983795166,40,IN_TRANSIT_TO,2026-03-31 12:39:44,11115,2300,83-13-ZM,POINT (-9.13716983795166 38.73456954956055)
1775_717,3761_20260101_170_0_9,170_0,1,38.73664855957031,-9.13403034210205,0,IN_TRANSIT_TO,2026-03-31 12:39:57,,1775,53-HX-08,POINT (-9.13403034210205 38.73664855957031)
2797_746,5991_20260101_108_0_9,108_0,0,38.747798919677734,-9.215350151062012,24,IN_TRANSIT_TO,2026-03-31 12:39:38,50326,2797,AJ-57-LI,POINT (-9.215350151062012 38.747798919677734)
2759_742,5722_20260101_114_0_8,114_0,1,38.732948303222656,-9.12516975402832,43,IN_TRANSIT_TO,2026-03-31 12:39:45,502,2759,AH-21-ND,POINT (-9.12516975402832 38.732948303222656)
2284_731,57525_20260101_190_0_8,190_0,1,38.7564697265625,-9.14680004119873,24,IN_TRANSIT_TO,2026-03-31 12:39:49,11321,2284,67-36-ZJ,POINT (-9.14680004119873 38.7564697265625)
2754_783,7858_20260101_203_0_8,203_0,1,38.74285125732422,-9.147120475769043,21,IN_TRANSIT_TO,2026-03-31 12:39:47,2019,2754,AG-01-TH,POINT (-9.147120475769043 38.74285125732422)
2784_727,4542_20260101_103_0_5,103_0,0,38.706268310546875,-9.175519943237305,29,IN_TRANSIT_TO,2026-03-31 12:39:59,12110,2784,AI-09-BT,POINT (-9.175519943237305 38.706268310546875)
4628_736,5432_20260101_199_0_9,199_0,0,38.721500396728516,-9.146769523620605,3,IN_TRANSIT_TO,2026-03-31 12:39:41,1103,4628,27-JO-10,POINT (-9.146769523620605 38.721500396728516)
1770_735,5276_20260101_172_0_8,172_0,1,38.71097183227539,-9.126970291137695,33,IN_TRANSIT_TO,2026-03-31 12:39:28,8204,1770,63-HX-17,POINT (-9.126970291137695 38.71097183227539)
1710_701,2937_20260101_123_0_14,123_0,0,38.76044845581055,-9.156330108642578,0,IN_TRANSIT_TO,2026-03-31 12:39:50,,1710,69-AL-73,POINT (-9.156330108642578 38.76044845581055)
2767_755,6674_20260101_118_0_11,118_0,1,38.75362014770508,-9.15487003326416,7,IN_TRANSIT_TO,2026-03-31 12:39:48,5702,2767,AH-34-ND,POINT (-9.15487003326416 38.75362014770508)
2413_771,21933_20260101_248_0_15,248_0,1,38.702919006347656,-9.194720268249512,0,IN_TRANSIT_TO,2026-03-31 12:39:33,,2413,92-AO-50,POINT (-9.194720268249512 38.702919006347656)
2454_729,4777_20260101_104_0_7,104_0,0,38.750118255615234,-9.195579528808594,12,IN_TRANSIT_TO,2026-03-31 12:39:49,10802,2454,16-AZ-18,POINT (-9.195579528808594 38.750118255615234)
2482_778,18641_20260101_179_0_16,179_0,1,38.77040100097656,-9.170680046081543,11,IN_TRANSIT_TO,2026-03-31 12:39:43,50093,2482,55-BH-02,POINT (-9.170680046081543 38.77040100097656)
1769_720,4057_20260101_143_0_11,143_0,0,38.7421989440918,-9.13267993927002,6,IN_TRANSIT_TO,2026-03-31 12:39:47,301,1769,63-HX-24,POINT (-9.13267993927002 38.7421989440918)
2255_758,6870_20260101_150_0_11,150_0,0,38.71498107910156,-9.144499778747559,5,IN_TRANSIT_TO,2026-03-31 12:39:51,10601,2255,80-54-ZE,POINT (-9.144499778747559 38.71498107910156)
1722_717,3878_20260101_170_0_10,170_0,0,38.750770568847656,-9.137370109558105,8,IN_TRANSIT_TO,2026-03-31 12:39:43,11205,1722,25-AS-34,POINT (-9.137370109558105 38.750770568847656)
2487_767,7284_20260101_112_0_7,112_0,0,38.751121520996094,-9.197469711303711,32,IN_TRANSIT_TO,2026-03-31 12:39:50,10802,2487,54-BH-97,POINT (-9.197469711303711 38.751121520996094)
1754_717,3820_20260101_170_0_10,170_0,1,38.780418395996094,-9.15112018585205,15,IN_TRANSIT_TO,2026-03-31 12:39:40,50344,1754,34-HU-20,POINT (-9.15112018585205 38.780418395996094)
2470_703,3138_20260101_165_0_9,165_0,1,38.74877166748047,-9.192729949951172,7,IN_TRANSIT_TO,2026-03-31 12:39:35,10835,2470,74-BC-71,POINT (-9.192729949951172 38.74877166748047)
2239_799,8212_20260101_120_0_15,120_0,1,38.736698150634766,-9.215729713439941,10,IN_TRANSIT_TO,2026-03-31 12:39:44,18107,2239,06-30-XX,POINT (-9.215729713439941 38.736698150634766)
2771_711,3464_20260101_101_0_10,101_0,1,38.72507095336914,-9.153800010681152,28,IN_TRANSIT_TO,2026-03-31 12:39:51,1224,2771,AH-20-ND,POINT (-9.153800010681152 38.72507095336914)
2322_764,7138_20260101_168_0_11,168_0,0,38.7523193359375,-9.18910026550293,15,IN_TRANSIT_TO,2026-03-31 12:39:48,10808,2322,67-46-ZJ,POINT (-9.18910026550293 38.7523193359375)
1741_742,5784_20260101_114_0_9,114_0,0,38.73698043823242,-9.147600173950195,23,IN_TRANSIT_TO,2026-03-31 12:39:53,1811,1741,08-HN-24,POINT (-9.147600173950195 38.73698043823242)
2774_727,4526_20260101_103_0_7,103_0,1,38.69736862182617,-9.20343017578125,12,IN_TRANSIT_TO,2026-03-31 12:39:47,9603,2774,AH-22-ND,POINT (-9.20343017578125 38.69736862182617)
405_10B,21752_20260101_242_0_14,242_0,0,38.71141815185547,-9.130629539489746,4,IN_TRANSIT_TO,2026-03-31 12:39:54,13803,405,BF-14-TU,POINT (-9.130629539489746 38.71141815185547)
2747_736,5320_20260101_199_0_10,199_0,1,38.76124954223633,-9.157549858093262,14,IN_TRANSIT_TO,2026-03-31 12:39:55,5808,2747,AG-09-TH,POINT (-9.157549858093262 38.76124954223633)
2268_758,6819_20260101_150_0_10,150_0,1,38.750579833984375,-9.197870254516602,5,IN_TRANSIT_TO,2026-03-31 12:39:31,10905,2268,76-87-ZG,POINT (-9.197870254516602 38.750579833984375)
2447_767,7299_20260101_112_0_7,112_0,0,38.76232147216797,-9.162449836730957,20,IN_TRANSIT_TO,2026-03-31 12:39:51,5823,2447,44-BC-33,POINT (-9.162449836730957 38.76232147216797)
1771_755,6689_20260101_118_0_11,118_0,1,38.744651794433594,-9.168479919433594,2,IN_TRANSIT_TO,2026-03-31 12:39:43,1603,1771,63-HX-27,POINT (-9.168479919433594 38.744651794433594)
1772_735,5185_20260101_172_0_10,172_0,1,38.742401123046875,-9.137550354003906,10,IN_TRANSIT_TO,2026-03-31 12:39:51,306,1772,63-HX-22,POINT (-9.137550354003906 38.742401123046875)
4613_750,6291_20260101_106_0_8,106_0,1,38.759681701660156,-9.136429786682129,29,IN_TRANSIT_TO,2026-03-31 12:39:56,11305,4613,22-GP-48,POINT (-9.136429786682129 38.759681701660156)
1718_794,8062_20260101_115_0_9,115_0,1,38.71976852416992,-9.116069793701172,34,IN_TRANSIT_TO,2026-03-31 12:39:57,9812,1718,69-AL-81,POINT (-9.116069793701172 38.71976852416992)
2772_727,4451_20260101_103_0_5,103_0,1,38.74576950073242,-9.137249946594238,46,IN_TRANSIT_TO,2026-03-31 12:39:44,202,2772,AH-24-ND,POINT (-9.137249946594238 38.74576950073242)
2752_735,5235_20260101_172_0_9,172_0,0,38.733299255371094,-9.132780075073242,19,IN_TRANSIT_TO,2026-03-31 12:39:43,509,2752,AG-18-TH,POINT (-9.132780075073242 38.733299255371094)
1760_717,3842_20260101_170_0_9,170_0,0,38.79869842529297,-9.147950172424316,39,IN_TRANSIT_TO,2026-03-31 12:39:50,16004,1760,34-HU-26,POINT (-9.147950172424316 38.79869842529297)
2757_720,4084_20260101_143_0_10,143_0,1,38.72721862792969,-9.14645004272461,17,IN_TRANSIT_TO,2026-03-31 12:39:58,1201,2757,AH-32-ND,POINT (-9.14645004272461 38.72721862792969)
2473_703,3167_20260101_165_0_9,165_0,0,38.76551818847656,-9.182499885559082,26,IN_TRANSIT_TO,2026-03-31 12:39:54,12807,2473,74-BC-68,POINT (-9.182499885559082 38.76551818847656)
1758_735,5194_20260101_172_0_8,172_0,1,38.750118255615234,-9.158419609069824,0,IN_TRANSIT_TO,2026-03-31 12:39:58,,1758,34-HU-24,POINT (-9.158419609069824 38.750118255615234)
406_22B,19423_20260101_236_0_15,236_0,0,38.71562957763672,-9.14883041381836,8,IN_TRANSIT_TO,2026-03-31 12:39:54,50075,406,BF-93-TB,POINT (-9.14883041381836 38.71562957763672)
2461_729,4830_20260101_104_0_9,104_0,1,38.704368591308594,-9.199379920959473,11,IN_TRANSIT_TO,2026-03-31 12:39:36,13308,2461,55-BH-04,POINT (-9.199379920959473 38.704368591308594)
2775_727,4466_20260101_103_0_6,103_0,1,38.74274826049805,-9.146730422973633,42,IN_TRANSIT_TO,2026-03-31 12:39:53,1903,2775,AH-31-ND,POINT (-9.146730422973633 38.74274826049805)
2285_768,7333_20260101_111_0_12,111_0,1,38.7598991394043,-9.182519912719727,12,IN_TRANSIT_TO,2026-03-31 12:39:31,12803,2285,67-55-ZJ,POINT (-9.182519912719727 38.7598991394043)
2967_737,5503_20260101_173_0_19,173_0,0,38.71023178100586,-9.134929656982422,2,IN_TRANSIT_TO,2026-03-31 12:39:48,5601,2967,30-VM-05,POINT (-9.134929656982422 38.71023178100586)
1719_798,8191_20260101_194_0_18,194_0,1,38.78038024902344,-9.151269912719727,10,IN_TRANSIT_TO,2026-03-31 12:39:43,6019,1719,25-AS-31,POINT (-9.151269912719727 38.78038024902344)
2437_767,7292_20260101_112_0_7,112_0,0,38.7601318359375,-9.178119659423828,25,IN_TRANSIT_TO,2026-03-31 12:39:45,50141,2437,29-AX-09,POINT (-9.178119659423828 38.7601318359375)
2423_767,7306_20260101_112_0_7,112_0,0,38.75651931762695,-9.145730018615723,15,IN_TRANSIT_TO,2026-03-31 12:39:35,106,2423,29-AU-18,POINT (-9.145730018615723 38.75651931762695)
2758_720,4042_20260101_143_0_7,143_0,0,38.72587966918945,-9.148079872131348,13,IN_TRANSIT_TO,2026-03-31 12:39:55,6602,2758,AH-36-ND,POINT (-9.148079872131348 38.72587966918945)
2420_726,4336_20260101_116_0_6,116_0,1,38.72611999511719,-9.134249687194824,30,IN_TRANSIT_TO,2026-03-31 12:39:49,604,2420,29-AU-15,POINT (-9.134249687194824 38.72611999511719)
218_773,7422_20260101_124_0_19,124_0,0,38.71207809448242,-9.160369873046875,14,IN_TRANSIT_TO,2026-03-31 12:39:36,10012,218,11-13-XO,POINT (-9.160369873046875 38.71207809448242)
1766_735,5184_20260101_172_1_20,172_1,1,38.70574951171875,-9.143899917602539,24,IN_TRANSIT_TO,2026-03-29 21:34:31,3820,1766,63-HX-33,POINT (-9.143899917602539 38.70574951171875)
1715_794,8040_20260101_115_0_10,115_0,0,38.70758056640625,-9.133000373840332,0,IN_TRANSIT_TO,2026-03-31 12:39:52,,1715,69-AL-78,POINT (-9.133000373840332 38.70758056640625)
2307_731,5019_20260101_190_0_9,190_0,0,38.756099700927734,-9.147600173950195,15,IN_TRANSIT_TO,2026-03-31 12:39:46,5712,2307,83-20-ZM,POINT (-9.147600173950195 38.756099700927734)
2305_742,5763_20260101_114_0_9,114_0,1,38.70471954345703,-9.198829650878906,12,IN_TRANSIT_TO,2026-03-31 12:39:43,13303,2305,83-18-ZM,POINT (-9.198829650878906 38.70471954345703)
1763_708,3278_20260101_100_0_10,100_0,0,38.73271942138672,-9.134349822998047,7,IN_TRANSIT_TO,2026-03-31 12:39:49,505,1763,63-HX-25,POINT (-9.134349822998047 38.73271942138672)
1776_735,5260_20260101_172_0_7,172_0,0,38.719871520996094,-9.123250007629395,10,IN_TRANSIT_TO,2026-03-31 12:39:30,9115,1776,53-HX-09,POINT (-9.123250007629395 38.719871520996094)
1761_717,3846_20260101_170_0_9,170_0,0,38.788330078125,-9.150500297546387,35,IN_TRANSIT_TO,2026-03-31 12:39:36,6002,1761,63-HX-19,POINT (-9.150500297546387 38.788330078125)
2306_742,5664_20260101_114_0_8,114_0,0,38.732749938964844,-9.130399703979492,16,IN_TRANSIT_TO,2026-03-31 12:39:35,501,2306,83-19-ZM,POINT (-9.130399703979492 38.732749938964844)
601_15E,11191_20260101_76_0_9,76_0,0,38.71284866333008,-9.136879920959473,0,IN_TRANSIT_TO,2026-03-31 12:39:50,,601,,POINT (-9.136879920959473 38.71284866333008)
605_15E,11198_20260101_76_0_10,76_0,1,38.70158004760742,-9.180870056152344,12,IN_TRANSIT_TO,2026-03-31 12:39:50,9503,605,,POINT (-9.180870056152344 38.70158004760742)
2403_767,7248_20260101_112_0_7,112_0,1,38.748069763183594,-9.191370010375977,15,IN_TRANSIT_TO,2026-03-31 12:39:51,10835,2403,50-AL-12,POINT (-9.191370010375977 38.748069763183594)
2491_716,3715_20260101_164_0_15,164_0,0,38.73889923095703,-9.157950401306152,8,IN_TRANSIT_TO,2026-03-31 12:39:54,1503,2491,54-BH-98,POINT (-9.157950401306152 38.73889923095703)
1707_794,8094_20260101_115_0_10,115_0,1,38.75320053100586,-9.105799674987793,7,IN_TRANSIT_TO,2026-03-31 12:39:30,24372,1707,69-AL-70,POINT (-9.105799674987793 38.75320053100586)
2791_711,3508_20260101_101_0_9,101_0,0,38.73276901245117,-9.19363021850586,14,IN_TRANSIT_TO,2026-03-31 12:39:49,8715,2791,AJ-61-LI,POINT (-9.19363021850586 38.73276901245117)
2786_723,18953_20260101_121_0_9,121_0,0,38.725399017333984,-9.151169776916504,6,IN_TRANSIT_TO,2026-03-31 12:39:57,1202,2786,AI-52-TL,POINT (-9.151169776916504 38.725399017333984)
408_67B,28219_20260101_253_0_9,253_0,0,38.71382141113281,-9.160369873046875,25,IN_TRANSIT_TO,2026-03-31 12:39:54,6718,408,BF-24-TS,POINT (-9.160369873046875 38.71382141113281)
2401_767,7307_20260101_112_0_7,112_0,0,38.73373031616211,-9.14126968383789,5,IN_TRANSIT_TO,2026-03-31 12:39:36,6502,2401,50-AL-14,POINT (-9.14126968383789 38.73373031616211)
2408_767,7225_20260101_112_0_6,112_0,1,38.75202941894531,-9.14352035522461,32,IN_TRANSIT_TO,2026-03-31 12:39:47,104,2408,50-AL-08,POINT (-9.14352035522461 38.75202941894531)
2776_712,3529_20260101_189_0_8,189_0,1,38.72195053100586,-9.167099952697754,8,IN_TRANSIT_TO,2026-03-31 12:39:53,8011,2776,AI-07-BT,POINT (-9.167099952697754 38.72195053100586)
228_773,7396_20260101_124_0_14,124_0,1,38.712730407714844,-9.166419982910156,9,IN_TRANSIT_TO,2026-03-31 12:39:21,10108,228,84-39-XQ,POINT (-9.166419982910156 38.712730407714844)
2474_726,4352_20260101_116_0_8,116_0,1,38.747650146484375,-9.171119689941406,13,IN_TRANSIT_TO,2026-03-31 12:39:39,12710,2474,74-BC-67,POINT (-9.171119689941406 38.747650146484375)
2481_729,4755_20260101_104_0_8,104_0,0,38.710548400878906,-9.200570106506348,28,IN_TRANSIT_TO,2026-03-31 12:39:50,12903,2481,54-BH-99,POINT (-9.200570106506348 38.710548400878906)
609_15E,11311_20260101_76_0_11,76_0,0,38.71039962768555,-9.135820388793945,1,IN_TRANSIT_TO,2026-03-31 12:39:40,50620,609,,POINT (-9.135820388793945 38.71039962768555)
2406_747,6120_20260101_177_0_12,177_0,0,38.7661018371582,-9.198229789733887,19,IN_TRANSIT_TO,2026-03-31 12:39:59,14111,2406,50-AL-09,POINT (-9.198229789733887 38.7661018371582)
2941_71B,45262_20260101_278_0_9,278_0,0,38.756629943847656,-9.20221996307373,24,IN_TRANSIT_TO,2026-03-31 12:39:52,13701,2941,51-GL-81,POINT (-9.20221996307373 38.756629943847656)
2289_724,4224_20260101_178_0_15,178_0,0,38.761680603027344,-9.196649551391602,27,IN_TRANSIT_TO,2026-03-31 12:39:44,13912,2289,92-60-ZM,POINT (-9.196649551391602 38.761680603027344)
2792_727,4539_20260101_103_0_6,103_0,0,38.69797134399414,-9.190899848937988,33,IN_TRANSIT_TO,2026-03-31 12:39:49,9506,2792,AJ-53-LI,POINT (-9.190899848937988 38.69797134399414)
2464_726,4284_20260101_116_0_9,116_0,0,38.762969970703125,-9.197150230407715,29,IN_TRANSIT_TO,2026-03-31 12:39:46,13912,2464,91-BE-71,POINT (-9.197150230407715 38.762969970703125)
2800_714,3629_20260101_102_0_10,102_0,1,38.705718994140625,-9.176179885864258,28,IN_TRANSIT_TO,2026-03-31 12:39:48,12105,2800,AJ-54-LI,POINT (-9.176179885864258 38.705718994140625)
206_17B,21714_20260101_247_0_10,247_0,0,38.733428955078125,-9.134200096130371,23,IN_TRANSIT_TO,2026-03-31 12:39:50,505,206,33-49-XH,POINT (-9.134200096130371 38.733428955078125)
2610_744,5839_20260101_200_0_10,200_0,1,38.767250061035156,-9.099499702453613,6,IN_TRANSIT_TO,2026-03-31 12:39:58,7825,2610,66-VI-20,POINT (-9.099499702453613 38.767250061035156)
2290_731,19407_20260101_190_0_8,190_0,1,38.742000579833984,-9.16841983795166,33,IN_TRANSIT_TO,2026-03-31 12:39:50,1612,2290,92-55-ZM,POINT (-9.16841983795166 38.742000579833984)
2840_751,6516_20260101_109_0_9,109_0,1,38.69974899291992,-9.205849647521973,17,IN_TRANSIT_TO,2026-03-31 12:39:50,9607,2840,BF-75-FZ,POINT (-9.205849647521973 38.69974899291992)
1728_794,8106_20260101_115_0_10,115_0,0,38.75450134277344,-9.109330177307129,29,IN_TRANSIT_TO,2026-03-31 12:39:40,24370,1728,25-AS-40,POINT (-9.109330177307129 38.75450134277344)
2798_714,3673_20260101_102_0_11,102_0,0,38.72385025024414,-9.226349830627441,1,IN_TRANSIT_TO,2026-03-31 12:39:41,18601,2798,AJ-56-LI,POINT (-9.226349830627441 38.72385025024414)
4838_736,5332_20260101_199_0_8,199_0,1,38.78684997558594,-9.172229766845703,4,IN_TRANSIT_TO,2026-03-31 12:39:47,15107,4838,34-VR-22,POINT (-9.172229766845703 38.78684997558594)
2249_724,4232_20260101_178_0_13,178_0,0,38.74440002441406,-9.196100234985352,16,IN_TRANSIT_TO,2026-03-31 12:39:46,10831,2249,22-32-ZB,POINT (-9.196100234985352 38.74440002441406)
2438_747,6121_20260101_177_0_13,177_0,0,38.76422882080078,-9.176549911499023,8,IN_TRANSIT_TO,2026-03-31 12:39:54,50011,2438,44-BC-29,POINT (-9.176549911499023 38.76422882080078)
1709_701,2976_20260101_123_0_12,123_0,0,38.73735046386719,-9.168230056762695,21,IN_TRANSIT_TO,2026-03-31 12:39:45,2712,1709,69-AL-72,POINT (-9.168230056762695 38.73735046386719)
2276_768,7317_20260101_111_0_8,111_0,1,38.752220153808594,-9.1591796875,26,IN_TRANSIT_TO,2026-03-31 12:39:48,13510,2276,53-57-ZJ,POINT (-9.1591796875 38.752220153808594)
2418_767,7270_20260101_112_0_8,112_0,1,38.749778747558594,-9.212929725646973,5,IN_TRANSIT_TO,2026-03-31 12:39:46,3003,2418,92-AO-54,POINT (-9.212929725646973 38.749778747558594)
2245_758,6859_20260101_150_0_9,150_0,0,38.73979949951172,-9.167269706726074,17,IN_TRANSIT_TO,2026-03-31 12:39:40,2713,2245,22-35-ZB,POINT (-9.167269706726074 38.73979949951172)
2466_729,4822_20260101_104_0_9,104_0,1,38.75067901611328,-9.198470115661621,30,IN_TRANSIT_TO,2026-03-31 12:39:48,10905,2466,16-AZ-16,POINT (-9.198470115661621 38.75067901611328)
2668_711,3495_20260101_101_0_9,101_0,0,38.7528190612793,-9.208169937133789,24,IN_TRANSIT_TO,2026-03-31 12:39:46,50170,2668,87-XB-36,POINT (-9.208169937133789 38.7528190612793)
2296_724,4211_20260101_178_0_14,178_0,1,38.7528190612793,-9.19672966003418,8,IN_TRANSIT_TO,2026-03-31 12:39:46,10911,2296,92-51-ZM,POINT (-9.19672966003418 38.7528190612793)
2770_749,59025_20260101_195_5_13,195_5,1,38.74892044067383,-9.135549545288086,5,IN_TRANSIT_TO,2026-03-31 12:39:47,11204,2770,AH-30-ND,POINT (-9.135549545288086 38.74892044067383)
209_41B,19386_20260101_232_0_15,232_0,0,38.78351974487305,-9.164819717407227,22,IN_TRANSIT_TO,2026-03-31 12:39:46,50440,209,33-46-XH,POINT (-9.164819717407227 38.78351974487305)
564_28E,15020_20260101_75_0_8,75_0,0,38.711029052734375,-9.147820472717285,23,IN_TRANSIT_TO,2026-03-31 12:39:42,9906,564,,POINT (-9.147820472717285 38.711029052734375)
2225_736,5372_20260101_199_0_7,199_0,0,38.78902053833008,-9.177650451660156,28,IN_TRANSIT_TO,2026-03-31 12:39:32,15104,2225,08-03-XS,POINT (-9.177650451660156 38.78902053833008)
2235_703,3112_20260101_165_0_10,165_0,1,38.77388000488281,-9.161820411682129,25,IN_TRANSIT_TO,2026-03-31 12:39:39,5915,2235,06-32-XX,POINT (-9.161820411682129 38.77388000488281)
2213_796,8116_20260101_174_0_21,174_0,0,38.787620544433594,-9.159150123596191,10,IN_TRANSIT_TO,2026-03-31 12:39:54,11618,2213,08-04-XS,POINT (-9.159150123596191 38.787620544433594)
2781_723,4160_20260101_121_0_8,121_0,1,38.72478103637695,-9.15662956237793,27,IN_TRANSIT_TO,2026-03-31 12:39:48,8502,2781,AI-00-BT,POINT (-9.15662956237793 38.72478103637695)
2206_717,3865_20260101_170_0_9,170_0,0,38.76082992553711,-9.157349586486816,16,IN_TRANSIT_TO,2026-03-31 12:39:59,5807,2206,01-67-XO,POINT (-9.157349586486816 38.76082992553711)
6002_706,3258_20260101_147_0_2,147_0,0,38.71902847290039,-9.116780281066895,29,IN_TRANSIT_TO,2026-03-31 12:39:46,9825,6002,98-XU-85,POINT (-9.116780281066895 38.71902847290039)
563_28E,15045_20260101_75_0_8,75_0,0,38.70983123779297,-9.13623046875,16,IN_TRANSIT_TO,2026-03-31 12:39:29,13802,563,,POINT (-9.13623046875 38.70983123779297)
234_49B,22215_20260101_251_0_14,251_0,0,38.74546813964844,-9.135029792785645,17,IN_TRANSIT_TO,2026-03-31 12:33:52,50109,234,13-31-XZ,POINT (-9.135029792785645 38.74546813964844)
566_24E,17835_20260101_213_0_14,213_0,0,38.71421813964844,-9.144000053405762,3,IN_TRANSIT_TO,2026-03-31 12:31:11,10503,566,,POINT (-9.144000053405762 38.71421813964844)
567_25E,14257_20260101_79_0_14,79_0,0,38.707149505615234,-9.158169746398926,7,IN_TRANSIT_TO,2026-03-31 12:39:49,50594,567,,POINT (-9.158169746398926 38.707149505615234)
2226_755,6696_20260101_118_0_10,118_0,0,38.75484848022461,-9.151969909667969,34,IN_TRANSIT_TO,2026-03-31 12:39:41,11321,2226,06-35-XX,POINT (-9.151969909667969 38.75484848022461)
2222_742,5781_20260101_114_0_6,114_0,0,38.71913146972656,-9.171130180358887,32,IN_TRANSIT_TO,2026-03-31 12:39:58,8010,2222,08-17-XS,POINT (-9.171130180358887 38.71913146972656)
562_12E,11029_20260101_77_0_11,77_0,1,38.7150993347168,-9.136799812316895,23,IN_TRANSIT_TO,2026-03-31 12:39:36,804,562,,POINT (-9.136799812316895 38.7150993347168)
2207_717,3862_20260101_170_0_9,170_0,0,38.77724838256836,-9.146369934082031,25,IN_TRANSIT_TO,2026-03-31 12:39:53,11509,2207,01-70-XO,POINT (-9.146369934082031 38.77724838256836)
560_12E,11034_20260101_77_0_9,77_0,1,38.708900451660156,-9.139479637145996,5,IN_TRANSIT_TO,2026-03-31 12:38:12,10521,560,,POINT (-9.139479637145996 38.708900451660156)
2233_765,7174_20260101_110_0_28,110_0,1,38.75632858276367,-9.203929901123047,4,IN_TRANSIT_TO,2026-03-31 12:39:32,10926,2233,06-38-XX,POINT (-9.203929901123047 38.75632858276367)
2231_799,8223_20260101_120_0_12,120_0,0,38.74507141113281,-9.199850082397461,8,IN_TRANSIT_TO,2026-03-31 12:39:27,2806,2231,06-28-XX,POINT (-9.199850082397461 38.74507141113281)
2232_763,46420_20260101_282_0_13,282_0,0,38.77429962158203,-9.159449577331543,4,IN_TRANSIT_TO,2026-03-31 12:39:49,50163,2232,06-23-XX,POINT (-9.159449577331543 38.77429962158203)
414_19B,62309_20260101_245_0_7,245_0,0,38.715999603271484,-9.141599655151367,19,IN_TRANSIT_TO,2026-03-31 12:39:51,50686,414,BF-95-TP,POINT (-9.141599655151367 38.715999603271484)
6027_732,5097_20260101_107_0_5,107_0,0,38.731170654296875,-9.142820358276367,9,IN_TRANSIT_TO,2026-03-31 12:39:48,6506,6027,BF-66-BA,POINT (-9.142820358276367 38.731170654296875)
615_15E,11310_20260101_76_0_9,76_0,0,38.70663070678711,-9.14186954498291,3,IN_TRANSIT_TO,2026-03-31 12:39:47,3820,615,,POINT (-9.14186954498291 38.70663070678711)
613_15E,11245_20260101_76_0_8,76_0,1,38.699581146240234,-9.184800148010254,11,IN_TRANSIT_TO,2026-03-31 12:39:55,9505,613,,POINT (-9.184800148010254 38.699581146240234)
2262_736,5340_20260101_199_0_10,199_0,1,38.78617858886719,-9.183279991149902,0,IN_TRANSIT_TO,2026-03-31 12:39:55,,2262,80-48-ZE,POINT (-9.183279991149902 38.78617858886719)
2287_765,18945_20260101_110_0_29,110_0,0,38.755218505859375,-9.195269584655762,2,IN_TRANSIT_TO,2026-03-31 12:39:46,50242,2287,92-58-ZM,POINT (-9.195269584655762 38.755218505859375)
2265_758,6774_20260101_150_0_10,150_0,1,38.73447036743164,-9.164830207824707,17,IN_TRANSIT_TO,2026-03-31 12:39:30,2710,2265,76-91-ZG,POINT (-9.164830207824707 38.73447036743164)
2261_794,8037_20260101_115_0_7,115_0,0,38.742279052734375,-9.117919921875,13,IN_TRANSIT_TO,2026-03-31 12:39:45,3604,2261,80-49-ZE,POINT (-9.117919921875 38.742279052734375)
2267_763,49572_20260101_282_0_14,282_0,1,38.77198028564453,-9.185020446777344,10,IN_TRANSIT_TO,2026-03-31 12:39:39,14114,2267,76-86-ZG,POINT (-9.185020446777344 38.77198028564453)
2266_758,6878_20260101_150_0_8,150_0,1,38.705318450927734,-9.143799781799316,33,IN_TRANSIT_TO,2026-03-31 12:39:58,3826,2266,76-92-ZG,POINT (-9.143799781799316 38.705318450927734)
