id,trip_id,route_id,direction_id,latitude,longitude,current_stop_sequence,current_status,timestamp,stop_id,vehicle_id,license_plate,geometry
6032_760,7105_20251202_171_0_7,171_0,0,38.70315170288086,-9.192919731140137,24,IN_TRANSIT_TO,2025-12-04 14:24:54,13406,6032,BF-93-BC,POINT (-9.192919731140137 38.70315170288086)
2689_751,6523_20251202_109_0_11,109_0,0,38.72959899902344,-9.168800354003906,1,IN_TRANSIT_TO,2025-12-04 14:25:00,2702,2689,93-XA-45,POINT (-9.168800354003906 38.72959899902344)
4648_728,4661_20251202_204_0_6,204_0,0,38.76268005371094,-9.098119735717773,41,IN_TRANSIT_TO,2025-12-04 14:25:04,2402,4648,98-JO-47,POINT (-9.098119735717773 38.76268005371094)
2253_758,6869_20251202_150_0_11,150_0,0,38.752899169921875,-9.208279609680176,30,IN_TRANSIT_TO,2025-12-04 14:24:48,10902,2253,80-52-ZE,POINT (-9.208279609680176 38.752899169921875)
611_15E,11280_20251202_76_0_12,76_0,1,38.70627975463867,-9.14503002166748,20,IN_TRANSIT_TO,2025-12-04 14:24:54,3803,611,,POINT (-9.14503002166748 38.70627975463867)
4607_750,6421_20251202_106_0_9,106_0,0,38.75740051269531,-9.167400360107422,18,IN_TRANSIT_TO,2025-12-04 14:24:58,50002,4607,96-GL-84,POINT (-9.167400360107422 38.75740051269531)
304_783,7809_20251202_203_0_11,203_0,0,38.725120544433594,-9.150670051574707,3,IN_TRANSIT_TO,2025-12-04 14:24:52,50197,304,22-SP-91,POINT (-9.150670051574707 38.725120544433594)
4606_750,6372_20251202_106_0_8,106_0,1,38.75170135498047,-9.187620162963867,19,IN_TRANSIT_TO,2025-12-04 14:24:41,10827,4606,96-GL-83,POINT (-9.187620162963867 38.75170135498047)
6022_760,7066_20251202_171_0_7,171_0,1,38.71969985961914,-9.13794994354248,37,IN_TRANSIT_TO,2025-12-04 14:25:13,812,6022,BF-48-BB,POINT (-9.13794994354248 38.71969985961914)
2440_767,7201_20251202_112_0_7,112_0,0,38.74637985229492,-9.140299797058105,11,IN_TRANSIT_TO,2025-12-04 14:25:08,307,2440,29-AX-08,POINT (-9.140299797058105 38.74637985229492)
2992_45B,49562_20251202_277_0_12,277_0,1,38.760520935058594,-9.170180320739746,10,IN_TRANSIT_TO,2025-12-04 14:25:04,50010,2992,29-VM-95,POINT (-9.170180320739746 38.760520935058594)
558_25E,14271_20251202_79_0_14,79_0,0,38.70671844482422,-9.141630172729492,3,IN_TRANSIT_TO,2025-12-04 14:25:09,3820,558,,POINT (-9.141630172729492 38.70671844482422)
2766_783,7817_20251202_203_0_10,203_0,1,38.72557067871094,-9.15095043182373,27,IN_TRANSIT_TO,2025-12-04 14:24:46,1206,2766,AH-40-ND,POINT (-9.15095043182373 38.72557067871094)
2250_731,19403_20240727_190_0_8,190_0,1,38.78303146362305,-9.114009857177734,3,IN_TRANSIT_TO,2024-08-10 10:41:27,12610,2250,80-41-ZE,POINT (-9.114009857177734 38.78303146362305)
2292_758,6889_20251202_150_0_11,150_0,0,38.73038101196289,-9.162349700927734,14,IN_TRANSIT_TO,2025-12-04 14:24:57,6121,2292,83-16-ZM,POINT (-9.162349700927734 38.73038101196289)
2321_712,3550_20251202_189_0_12,189_0,1,38.717201232910156,-9.172120094299316,6,IN_TRANSIT_TO,2025-12-04 14:24:48,9302,2321,04-47-ZF,POINT (-9.172120094299316 38.717201232910156)
2256_716,3744_20251202_164_0_13,164_0,0,38.741668701171875,-9.169119834899902,13,IN_TRANSIT_TO,2025-12-04 14:24:53,1607,2256,80-53-ZE,POINT (-9.169119834899902 38.741668701171875)
2346_703,3100_20251202_165_0_9,165_0,1,38.784568786621094,-9.149499893188477,34,IN_TRANSIT_TO,2025-12-04 14:24:47,50045,2346,62-93-ZG,POINT (-9.149499893188477 38.784568786621094)
6033_732,5096_20251202_107_0_5,107_0,0,38.70212173461914,-9.192720413208008,32,IN_TRANSIT_TO,2025-12-04 14:25:00,13404,6033,BF-92-AZ,POINT (-9.192720413208008 38.70212173461914)
4617_750,6335_20251202_106_0_8,106_0,1,38.75775146484375,-9.14264965057373,27,IN_TRANSIT_TO,2025-12-04 14:25:02,11304,4617,22-GP-51,POINT (-9.14264965057373 38.75775146484375)
2951_32B,17548_20251202_211_0_13,211_0,0,38.75252914428711,-9.117070198059082,5,IN_TRANSIT_TO,2025-12-04 14:24:47,24379,2951,62-GQ-53,POINT (-9.117070198059082 38.75252914428711)
2624_744,5830_20251202_200_0_8,200_0,1,38.76974868774414,-9.123950004577637,12,IN_TRANSIT_TO,2025-12-04 14:24:45,12202,2624,72-VP-82,POINT (-9.123950004577637 38.76974868774414)
2943_29B,17534_20251202_209_0_11,209_0,0,38.76219940185547,-9.11658000946045,31,IN_TRANSIT_TO,2025-12-04 14:24:49,8404,2943,51-GL-83,POINT (-9.11658000946045 38.76219940185547)
2953_40B,17558_20251202_212_0_13,212_0,1,38.780250549316406,-9.152750015258789,10,IN_TRANSIT_TO,2025-12-04 14:25:02,6021,2953,62-GQ-55,POINT (-9.152750015258789 38.780250549316406)
2950_31B,17538_20251202_210_0_13,210_0,0,38.751670837402344,-9.109419822692871,5,IN_TRANSIT_TO,2025-12-04 14:25:08,24390,2950,62-GQ-51,POINT (-9.109419822692871 38.751670837402344)
4629_796,8140_20250901_174_0_28,174_0,1,38.7923698425293,-9.156270027160645,4,IN_TRANSIT_TO,2025-11-05 15:40:33,11607,4629,11-JM-77,POINT (-9.156270027160645 38.7923698425293)
2973_34B,19141_20251202_226_0_9,226_0,0,38.74440002441406,-9.118749618530273,3,IN_TRANSIT_TO,2025-12-04 14:24:52,3610,2973,30-VM-13,POINT (-9.118749618530273 38.74440002441406)
2699_738,5561_20251202_117_0_8,117_0,1,38.754180908203125,-9.169170379638672,32,IN_TRANSIT_TO,2025-12-04 14:25:10,13621,2699,92-XQ-25,POINT (-9.169170379638672 38.754180908203125)
2692_738,5566_20251202_117_0_9,117_0,1,38.724178314208984,-9.150620460510254,16,IN_TRANSIT_TO,2025-12-04 14:25:08,1207,2692,90-XF-62,POINT (-9.150620460510254 38.724178314208984)
2691_738,5550_20251202_117_0_9,117_0,0,38.74190139770508,-9.146880149841309,15,IN_TRANSIT_TO,2025-12-04 14:25:02,2020,2691,90-XF-45,POINT (-9.146880149841309 38.74190139770508)
2693_714,3627_20251202_102_0_11,102_0,0,38.7116813659668,-9.21442985534668,26,IN_TRANSIT_TO,2025-12-04 14:25:09,12404,2693,90-XF-46,POINT (-9.21442985534668 38.7116813659668)
6048_732,5057_20251202_107_0_7,107_0,0,38.72922897338867,-9.14367961883545,10,IN_TRANSIT_TO,2025-12-04 14:24:56,1710,6048,BH-46-IR,POINT (-9.14367961883545 38.72922897338867)
2695_711,3512_20251202_101_0_8,101_0,1,38.74702835083008,-9.21597957611084,4,IN_TRANSIT_TO,2025-12-04 14:24:33,3015,2695,90-XF-50,POINT (-9.21597957611084 38.74702835083008)
4836_736,5319_20251202_199_0_11,199_0,0,38.71501922607422,-9.140979766845703,1,IN_TRANSIT_TO,2025-12-04 14:25:00,901,4836,34-VR-23,POINT (-9.140979766845703 38.71501922607422)
2684_727,4528_20251202_103_0_7,103_0,1,38.7287712097168,-9.147720336914062,38,IN_TRANSIT_TO,2025-12-04 14:24:58,1701,2684,99-XE-59,POINT (-9.147720336914062 38.7287712097168)
2683_714,3662_20251202_102_0_11,102_0,0,38.70623016357422,-9.143320083618164,0,IN_TRANSIT_TO,2025-12-04 14:24:50,,2683,99-XE-55,POINT (-9.143320083618164 38.70623016357422)
6046_732,5076_20251202_107_0_6,107_0,1,38.71424865722656,-9.139069557189941,31,IN_TRANSIT_TO,2025-12-04 14:25:11,913,6046,BH-73-IR,POINT (-9.139069557189941 38.71424865722656)
4618_728,4681_20251202_204_0_8,204_0,0,38.72562026977539,-9.110899925231934,27,IN_TRANSIT_TO,2025-12-04 14:24:45,9809,4618,22-GP-52,POINT (-9.110899925231934 38.72562026977539)
2958_765,18944_20251202_110_0_32,110_0,1,38.752620697021484,-9.209420204162598,0,IN_TRANSIT_TO,2025-12-04 14:24:45,,2958,27-GU-73,POINT (-9.209420204162598 38.752620697021484)
2676_776,7476_20251202_193_0_36,193_0,0,38.699100494384766,-9.236300468444824,1,IN_TRANSIT_TO,2025-12-04 14:24:44,4220,2676,87-XB-40,POINT (-9.236300468444824 38.699100494384766)
2957_40B,19262_20251202_212_0_13,212_0,0,38.79072952270508,-9.159379959106445,2,IN_TRANSIT_TO,2025-12-04 14:24:42,50104,2957,27-GU-72,POINT (-9.159379959106445 38.79072952270508)
2677_746,5993_20251202_108_0_10,108_0,1,38.73794937133789,-9.156949996948242,19,IN_TRANSIT_TO,2025-12-04 14:24:58,1506,2677,87-XB-41,POINT (-9.156949996948242 38.73794937133789)
2671_723,4176_20251202_121_0_8,121_0,1,38.72063064575195,-9.13877010345459,34,IN_TRANSIT_TO,2025-12-04 14:24:48,9214,2671,87-XB-43,POINT (-9.13877010345459 38.72063064575195)
2681_776,7489_20251202_193_0_31,193_0,1,38.700599670410156,-9.24269962310791,6,IN_TRANSIT_TO,2025-12-04 14:24:45,14903,2681,93-XA-41,POINT (-9.24269962310791 38.700599670410156)
2673_738,5535_20251202_117_0_8,117_0,0,38.72507858276367,-9.151000022888184,21,IN_TRANSIT_TO,2025-12-04 14:25:08,1206,2673,87-XB-37,POINT (-9.151000022888184 38.72507858276367)
2679_738,5553_20251202_117_0_9,117_0,0,38.75008010864258,-9.161419868469238,7,IN_TRANSIT_TO,2025-12-04 14:25:01,13620,2679,93-XA-34,POINT (-9.161419868469238 38.75008010864258)
2672_711,3501_20251202_101_0_10,101_0,1,38.72488021850586,-9.19379997253418,20,IN_TRANSIT_TO,2025-12-04 14:24:42,8702,2672,87-XB-44,POINT (-9.19379997253418 38.72488021850586)
2670_723,4168_20251202_121_0_11,121_0,0,38.7223014831543,-9.139229774475098,1,IN_TRANSIT_TO,2025-12-04 14:25:11,9209,2670,87-XB-32,POINT (-9.139229774475098 38.7223014831543)
2674_727,4515_20251202_103_0_7,103_0,1,38.73173141479492,-9.145879745483398,39,IN_TRANSIT_TO,2025-12-04 14:24:43,1713,2674,87-XB-38,POINT (-9.145879745483398 38.73173141479492)
2675_723,63530_20251202_121_0_8,121_0,0,38.69831848144531,-9.224920272827148,29,IN_TRANSIT_TO,2025-12-04 14:22:26,13204,2675,87-XB-35,POINT (-9.224920272827148 38.69831848144531)
2964_72B,45276_20251202_279_0_10,279_0,0,38.74504852294922,-9.200349807739258,21,IN_TRANSIT_TO,2025-12-04 14:25:07,2806,2964,30-VM-19,POINT (-9.200349807739258 38.74504852294922)
2962_72B,45275_20251202_279_0_11,279_0,0,38.75674819946289,-9.201749801635742,6,IN_TRANSIT_TO,2025-12-04 14:24:51,13704,2962,30-VM-07,POINT (-9.201749801635742 38.75674819946289)
2961_71B,45267_20251202_278_0_10,278_0,0,38.74967956542969,-9.191200256347656,2,IN_TRANSIT_TO,2025-12-04 14:25:10,10804,2961,26-VD-02,POINT (-9.191200256347656 38.74967956542969)
547_28E,14998_20251202_75_0_11,75_0,1,38.72154998779297,-9.130169868469238,17,IN_TRANSIT_TO,2025-12-04 14:24:56,9128,547,,POINT (-9.130169868469238 38.72154998779297)
6014_706,3259_20251202_147_0_4,147_0,0,38.72697830200195,-9.14447021484375,15,IN_TRANSIT_TO,2025-12-04 14:24:55,6609,6014,67-ZF-30,POINT (-9.14447021484375 38.72697830200195)
2723_727,4553_20251202_103_0_7,103_0,0,38.711029052734375,-9.210780143737793,45,IN_TRANSIT_TO,2025-12-04 14:25:05,50192,2723,92-XQ-43,POINT (-9.210780143737793 38.711029052734375)
2347_763,46424_20251202_282_0_14,282_0,1,38.773250579833984,-9.188619613647461,9,IN_TRANSIT_TO,2025-12-04 14:25:09,50110,2347,53-61-ZJ,POINT (-9.188619613647461 38.773250579833984)
2441_767,7228_20251202_112_0_7,112_0,0,38.722251892089844,-9.13992977142334,0,IN_TRANSIT_TO,2025-12-04 14:24:37,,2441,29-AX-07,POINT (-9.13992977142334 38.722251892089844)
2658_713,3612_20251202_122_0_12,122_0,1,38.71369934082031,-9.1599702835083,19,IN_TRANSIT_TO,2025-12-04 14:24:56,6718,2658,05-VZ-71,POINT (-9.1599702835083 38.71369934082031)
2493_720,4087_20251202_143_0_12,143_0,1,38.70362091064453,-9.168219566345215,6,IN_TRANSIT_TO,2025-12-04 14:24:53,4001,2493,88-BL-65,POINT (-9.168219566345215 38.70362091064453)
2414_747,6119_20251202_177_0_14,177_0,0,38.75960159301758,-9.154950141906738,2,IN_TRANSIT_TO,2025-12-04 14:25:03,5807,2414,92-AO-51,POINT (-9.154950141906738 38.75960159301758)
2295_724,4204_20251202_178_0_15,178_0,0,38.76177978515625,-9.196869850158691,27,IN_TRANSIT_TO,2025-12-04 14:25:08,13912,2295,92-53-ZM,POINT (-9.196869850158691 38.76177978515625)
2763_720,4100_20251202_143_0_11,143_0,0,38.70252990722656,-9.180950164794922,27,IN_TRANSIT_TO,2025-12-04 14:24:51,12112,2763,AH-23-ND,POINT (-9.180950164794922 38.70252990722656)
2755_755,6694_20251202_118_0_11,118_0,1,38.746028900146484,-9.104769706726074,37,IN_TRANSIT_TO,2025-12-04 14:24:50,2209,2755,AG-95-TG,POINT (-9.104769706726074 38.746028900146484)
2298_742,5769_20251202_114_0_7,114_0,1,38.735198974609375,-9.142470359802246,38,IN_TRANSIT_TO,2025-12-04 14:24:52,11101,2298,83-05-ZM,POINT (-9.142470359802246 38.735198974609375)
2257_758,6877_20250901_150_0_8,150_0,1,38.70589828491211,-9.143930435180664,33,IN_TRANSIT_TO,2025-11-28 13:42:19,3826,2257,80-50-ZE,POINT (-9.143930435180664 38.70589828491211)
2282_771,21928_20251202_248_0_13,248_0,0,38.711181640625,-9.195719718933105,18,IN_TRANSIT_TO,2025-12-04 14:25:06,50139,2282,67-35-ZJ,POINT (-9.195719718933105 38.711181640625)
2281_731,4996_20251202_190_0_8,190_0,1,38.75497817993164,-9.151000022888184,24,IN_TRANSIT_TO,2025-12-04 14:25:02,11321,2281,67-56-ZJ,POINT (-9.151000022888184 38.75497817993164)
1717_794,8101_20251202_115_0_10,115_0,1,38.73234939575195,-9.117230415344238,29,IN_TRANSIT_TO,2025-12-04 14:24:52,17576,1717,69-AL-80,POINT (-9.117230415344238 38.73234939575195)
4832_736,5408_20251202_199_0_10,199_0,1,38.78582000732422,-9.173029899597168,4,IN_TRANSIT_TO,2025-12-04 14:25:05,15107,4832,68-VQ-51,POINT (-9.173029899597168 38.78582000732422)
2301_708,3333_20251202_100_0_8,100_0,1,38.73691940307617,-9.133899688720703,37,IN_TRANSIT_TO,2025-12-04 14:25:05,410,2301,83-12-ZM,POINT (-9.133899688720703 38.73691940307617)
2717_746,5977_20251202_108_0_15,108_0,0,38.74140167236328,-9.170220375061035,10,IN_TRANSIT_TO,2025-12-04 14:24:56,1607,2717,92-XQ-16,POINT (-9.170220375061035 38.74140167236328)
2629_722,4121_20251202_196_0_9,196_0,1,38.71527862548828,-9.141670227050781,33,IN_TRANSIT_TO,2025-12-04 14:24:48,1102,2629,52-VP-81,POINT (-9.141670227050781 38.71527862548828)
4835_736,18817_20251202_199_0_11,199_0,0,38.754730224609375,-9.151020050048828,13,IN_TRANSIT_TO,2025-12-04 14:24:46,2017,4835,53-VR-06,POINT (-9.151020050048828 38.754730224609375)
4624_796,8152_20251202_174_0_20,174_0,1,38.7652702331543,-9.157230377197266,15,IN_TRANSIT_TO,2025-12-04 14:24:49,5814,4624,11-JM-75,POINT (-9.157230377197266 38.7652702331543)
6034_760,7081_20251202_171_0_10,171_0,1,38.71052932739258,-9.13523006439209,32,IN_TRANSIT_TO,2025-12-04 14:23:53,5519,6034,BF-61-AX,POINT (-9.13523006439209 38.71052932739258)
307_783,7854_20251202_203_0_11,203_0,0,38.77347946166992,-9.116470336914062,23,IN_TRANSIT_TO,2025-12-04 14:24:48,12205,307,73-ST-82,POINT (-9.116470336914062 38.77347946166992)
4601_728,4724_20251202_204_4_7,204_4,1,38.69771957397461,-9.204500198364258,15,IN_TRANSIT_TO,2025-12-04 14:24:45,4102,4601,96-GL-79,POINT (-9.204500198364258 38.69771957397461)
6035_716,3753_20251202_164_0_14,164_0,1,38.741981506347656,-9.170929908752441,12,IN_TRANSIT_TO,2025-12-04 14:25:02,1615,6035,BG-76-LX,POINT (-9.170929908752441 38.741981506347656)
2765_742,5788_20251202_114_0_7,114_0,1,38.71371841430664,-9.198699951171875,1,IN_TRANSIT_TO,2025-12-04 14:25:07,10315,2765,AH-37-ND,POINT (-9.198699951171875 38.71371841430664)
2783_713,3592_20251202_122_0_11,122_0,0,38.73707962036133,-9.14663028717041,3,IN_TRANSIT_TO,2025-12-04 14:25:08,11118,2783,AI-10-BT,POINT (-9.14663028717041 38.73707962036133)
607_15E,11288_20251202_76_0_12,76_0,1,38.70478057861328,-9.177180290222168,14,IN_TRANSIT_TO,2025-12-04 14:24:59,12115,607,,POINT (-9.177180290222168 38.70478057861328)
4633_783,7835_20251202_203_0_10,203_0,1,38.7476692199707,-9.148429870605469,19,IN_TRANSIT_TO,2025-12-04 14:25:06,2006,4633,90-JI-94,POINT (-9.148429870605469 38.7476692199707)
2259_758,6848_20251202_150_0_10,150_0,1,38.72719955444336,-9.162280082702637,19,IN_TRANSIT_TO,2025-12-04 14:23:40,6122,2259,67-44-ZJ,POINT (-9.162280082702637 38.72719955444336)
2430_767,7308_20251202_112_0_7,112_0,0,38.750118255615234,-9.195579528808594,32,IN_TRANSIT_TO,2025-12-04 14:24:49,10802,2430,29-AX-12,POINT (-9.195579528808594 38.750118255615234)
2442_703,3173_20251202_165_0_9,165_0,0,38.77043151855469,-9.17212963104248,20,IN_TRANSIT_TO,2025-12-04 14:24:53,5914,2442,29-AX-06,POINT (-9.17212963104248 38.77043151855469)
2703_711,3454_20251202_101_0_10,101_0,0,38.72570037841797,-9.189849853515625,10,IN_TRANSIT_TO,2025-12-04 14:24:44,8607,2703,92-XQ-24,POINT (-9.189849853515625 38.72570037841797)
2495_720,4044_20251202_143_0_11,143_0,0,38.735469818115234,-9.141579627990723,9,IN_TRANSIT_TO,2025-12-04 14:25:08,11109,2495,88-BL-69,POINT (-9.141579627990723 38.735469818115234)
6038_732,5088_20251202_107_0_4,107_0,0,38.71377182006836,-9.214500427246094,44,IN_TRANSIT_TO,2025-12-04 14:24:58,12402,6038,BG-46-LV,POINT (-9.214500427246094 38.71377182006836)
251_58B,19291_20251202_227_0_13,227_0,0,38.74578094482422,-9.181929588317871,15,IN_TRANSIT_TO,2025-12-04 14:24:46,10709,251,AF-87-NU,POINT (-9.181929588317871 38.74578094482422)
4833_736,5424_20251202_199_0_7,199_0,0,38.790279388427734,-9.17590045928955,28,IN_TRANSIT_TO,2025-12-04 14:25:13,50083,4833,20-VQ-65,POINT (-9.17590045928955 38.790279388427734)
4839_736,5379_20251202_199_0_8,199_0,1,38.74932098388672,-9.149319648742676,18,IN_TRANSIT_TO,2025-12-04 14:24:53,2006,4839,53-VR-08,POINT (-9.149319648742676 38.74932098388672)
2272_758,6770_20251202_150_0_11,150_0,0,38.71913146972656,-9.153519630432129,7,IN_TRANSIT_TO,2025-12-04 14:24:51,10607,2272,76-80-ZG,POINT (-9.153519630432129 38.71913146972656)
2345_768,7335_20251202_111_0_13,111_0,0,38.74570083618164,-9.181750297546387,10,IN_TRANSIT_TO,2025-12-04 14:25:10,10702,2345,53-59-ZJ,POINT (-9.181750297546387 38.74570083618164)
275_28E,48628_20251202_75_8_20,75_8,0,38.71186828613281,-9.15404987335205,8,IN_TRANSIT_TO,2025-12-04 14:24:50,6721,275,AH-16-TB,POINT (-9.15404987335205 38.71186828613281)
2997_774,7430_20251202_192_0_21,192_0,0,38.71644973754883,-9.169429779052734,1,IN_TRANSIT_TO,2025-12-04 14:24:44,8028,2997,34-VN-03,POINT (-9.169429779052734 38.71644973754883)
4815_748,6160_20251202_169_0_19,169_0,0,38.72557830810547,-9.14922046661377,0,IN_TRANSIT_TO,2025-12-04 14:24:53,,4815,34-VR-24,POINT (-9.14922046661377 38.72557830810547)
4821_736,5299_20251202_199_0_9,199_0,0,38.72719955444336,-9.148730278015137,4,IN_TRANSIT_TO,2025-12-04 14:24:58,1205,4821,20-VQ-68,POINT (-9.148730278015137 38.72719955444336)
2821_728,4621_20251202_204_0_9,204_0,1,38.78010177612305,-9.104780197143555,3,IN_TRANSIT_TO,2025-12-04 14:24:53,12619,2821,BF-71-FZ,POINT (-9.104780197143555 38.78010177612305)
2613_722,4127_20251202_196_0_10,196_0,1,38.768348693847656,-9.127650260925293,16,IN_TRANSIT_TO,2025-12-04 14:24:40,7602,2613,66-VI-22,POINT (-9.127650260925293 38.768348693847656)
4827_783,7842_20251202_203_0_10,203_0,1,38.764068603515625,-9.129549980163574,12,IN_TRANSIT_TO,2025-12-04 14:25:10,7602,4827,34-VR-15,POINT (-9.129549980163574 38.764068603515625)
2697_711,3475_20251202_101_0_11,101_0,0,38.712379455566406,-9.136019706726074,3,IN_TRANSIT_TO,2025-12-04 14:24:44,913,2697,90-XF-59,POINT (-9.136019706726074 38.712379455566406)
2601_759,6973_20251202_144_0_10,144_0,1,38.7735481262207,-9.118650436401367,11,IN_TRANSIT_TO,2025-12-04 14:25:01,12206,2601,04-VA-70,POINT (-9.118650436401367 38.7735481262207)
6036_760,7022_20251202_171_0_8,171_0,0,38.70473098754883,-9.177669525146484,18,IN_TRANSIT_TO,2025-12-04 14:25:01,12121,6036,BG-90-LX,POINT (-9.177669525146484 38.70473098754883)
2706_711,3517_20251202_101_0_9,101_0,0,38.74977111816406,-9.215020179748535,26,IN_TRANSIT_TO,2025-12-04 14:25:00,50234,2706,92-XQ-46,POINT (-9.215020179748535 38.74977111816406)
602_15E,11264_20251202_76_0_11,76_0,1,38.71232986450195,-9.13757038116455,23,IN_TRANSIT_TO,2025-12-04 14:24:54,50621,602,,POINT (-9.13757038116455 38.71232986450195)
2653_781,7747_20251202_151_0_10,151_0,0,38.73176956176758,-9.10498046875,6,IN_TRANSIT_TO,2025-12-04 14:24:49,8309,2653,05-VZ-52,POINT (-9.10498046875 38.73176956176758)
4806_728,4641_20251202_204_0_8,204_0,0,38.78377151489258,-9.112569808959961,52,IN_TRANSIT_TO,2025-12-04 14:24:42,12610,4806,20-VQ-74,POINT (-9.112569808959961 38.78377151489258)
4826_736,5351_20251202_199_0_10,199_0,1,38.73352813720703,-9.14501953125,23,IN_TRANSIT_TO,2025-12-04 14:25:07,1812,4826,53-VR-05,POINT (-9.14501953125 38.73352813720703)
2657_718,3937_20251202_105_0_13,105_0,1,38.734901428222656,-9.133950233459473,4,IN_TRANSIT_TO,2025-12-04 14:25:00,402,2657,05-VZ-66,POINT (-9.133950233459473 38.734901428222656)
2637_718,3991_20251202_105_0_10,105_0,1,38.75680160522461,-9.112879753112793,30,IN_TRANSIT_TO,2025-12-04 14:25:06,24370,2637,87-VS-51,POINT (-9.112879753112793 38.75680160522461)
2638_718,3994_20251202_105_0_11,105_0,1,38.723480224609375,-9.114469528198242,13,IN_TRANSIT_TO,2025-12-04 14:25:08,9805,2638,87-VS-48,POINT (-9.114469528198242 38.723480224609375)
6037_760,7044_20251202_171_0_5,171_0,0,38.70804977416992,-9.138179779052734,10,IN_TRANSIT_TO,2025-12-04 14:25:02,5502,6037,BG-37-LT,POINT (-9.138179779052734 38.70804977416992)
2633_759,6970_20251202_144_0_8,144_0,1,38.75497055053711,-9.114020347595215,20,IN_TRANSIT_TO,2025-12-04 14:24:50,24367,2633,52-VP-79,POINT (-9.114020347595215 38.75497055053711)
6025_760,7085_20251202_171_0_8,171_0,1,38.704830169677734,-9.158780097961426,27,IN_TRANSIT_TO,2025-12-04 14:24:48,3905,6025,BF-92-AX,POINT (-9.158780097961426 38.704830169677734)
2704_764,7151_20251202_168_0_10,168_0,0,38.74961853027344,-9.172320365905762,7,IN_TRANSIT_TO,2025-12-04 14:25:07,12709,2704,92-XQ-18,POINT (-9.172320365905762 38.74961853027344)
2639_722,4107_20251202_196_0_9,196_0,0,38.74623107910156,-9.13107967376709,15,IN_TRANSIT_TO,2025-12-04 14:24:46,313,2639,75-VS-47,POINT (-9.13107967376709 38.74623107910156)
2989_79B,18671_20251202_221_0_8,221_0,0,38.69878005981445,-9.227129936218262,40,IN_TRANSIT_TO,2025-12-04 14:25:09,4208,2989,29-VM-85,POINT (-9.227129936218262 38.69878005981445)
2642_718,3975_20251202_105_0_12,105_0,0,38.733951568603516,-9.105330467224121,14,IN_TRANSIT_TO,2025-12-04 14:24:50,12506,2642,75-VS-51,POINT (-9.105330467224121 38.733951568603516)
273_61B,21520_20251202_241_0_16,241_0,0,38.734169006347656,-9.170920372009277,16,IN_TRANSIT_TO,2025-12-04 14:25:02,2703,273,AH-15-TB,POINT (-9.170920372009277 38.734169006347656)
2661_711,3484_20251202_101_0_8,101_0,1,38.71562957763672,-9.14192008972168,31,IN_TRANSIT_TO,2025-12-04 14:24:55,1004,2661,05-VZ-58,POINT (-9.14192008972168 38.71562957763672)
2609_744,5819_20251202_200_0_9,200_0,1,38.75397872924805,-9.138500213623047,19,IN_TRANSIT_TO,2025-12-04 14:25:13,7411,2609,66-VI-36,POINT (-9.138500213623047 38.75397872924805)
2611_759,6943_20251202_144_0_9,144_0,0,38.708370208740234,-9.13634967803955,4,IN_TRANSIT_TO,2025-12-04 14:24:48,5501,2611,66-VI-38,POINT (-9.13634967803955 38.708370208740234)
2326_712,3541_20251202_189_0_11,189_0,1,38.726318359375,-9.134530067443848,20,IN_TRANSIT_TO,2025-12-04 14:25:07,615,2326,67-49-ZJ,POINT (-9.134530067443848 38.726318359375)
2618_744,5805_20251202_200_0_8,200_0,1,38.72816848754883,-9.148200035095215,29,IN_TRANSIT_TO,2025-12-04 14:25:01,1702,2618,66-VI-42,POINT (-9.148200035095215 38.72816848754883)
2643_781,7762_20251202_151_0_10,151_0,1,38.76927185058594,-9.109780311584473,11,IN_TRANSIT_TO,2025-12-04 14:24:58,7714,2643,75-VS-44,POINT (-9.109780311584473 38.76927185058594)
2993_730,4947_20251202_198_0_12,198_0,0,38.721431732177734,-9.129770278930664,16,IN_TRANSIT_TO,2025-12-04 14:25:09,9105,2993,29-VM-93,POINT (-9.129770278930664 38.721431732177734)
2733_735,5191_20251202_172_0_8,172_0,1,38.707828521728516,-9.132619857788086,31,IN_TRANSIT_TO,2025-12-04 14:25:02,8202,2733,AG-41-EI,POINT (-9.132619857788086 38.707828521728516)
2640_759,6987_20251202_144_0_9,144_0,0,38.7670783996582,-9.098930358886719,46,IN_TRANSIT_TO,2025-12-04 14:24:50,7825,2640,75-VS-43,POINT (-9.098930358886719 38.7670783996582)
541_24E,17852_20251202_213_0_14,213_0,0,38.72761917114258,-9.162150382995605,11,IN_TRANSIT_TO,2025-12-04 14:24:49,6129,541,,POINT (-9.162150382995605 38.72761917114258)
2707_723,4136_20251202_121_0_9,121_0,0,38.717079162597656,-9.210769653320312,22,IN_TRANSIT_TO,2025-12-04 14:25:01,10404,2707,92-XQ-39,POINT (-9.210769653320312 38.717079162597656)
501_15E,11303_20251202_76_0_10,76_0,1,38.69744873046875,-9.19398021697998,9,IN_TRANSIT_TO,2025-12-04 14:25:07,4115,501,,POINT (-9.19398021697998 38.69744873046875)
2736_756,6761_20251202_175_0_14,175_0,0,38.71406936645508,-9.176070213317871,20,IN_TRANSIT_TO,2025-12-04 14:24:47,11904,2736,AG-47-EI,POINT (-9.176070213317871 38.71406936645508)
542_28E,14960_20251202_75_0_14,75_0,0,38.721431732177734,-9.130080223083496,6,IN_TRANSIT_TO,2025-12-04 14:24:57,9127,542,,POINT (-9.130080223083496 38.721431732177734)
2713_727,4485_20251202_103_0_8,103_0,0,38.73828125,-9.145919799804688,9,IN_TRANSIT_TO,2025-12-04 14:25:10,1810,2713,92-XQ-34,POINT (-9.145919799804688 38.73828125)
2635_744,5850_20251202_200_0_9,200_0,0,38.721771240234375,-9.146829605102539,2,IN_TRANSIT_TO,2025-12-04 14:25:01,1103,2635,52-VP-90,POINT (-9.146829605102539 38.721771240234375)
2799_727,4454_20251202_103_0_6,103_0,0,38.70927810668945,-9.153169631958008,21,IN_TRANSIT_TO,2025-12-04 14:23:55,7104,2799,AJ-52-LI,POINT (-9.153169631958008 38.70927810668945)
544_18E,12182_20251202_78_0_16,78_0,1,38.70209884643555,-9.180170059204102,13,IN_TRANSIT_TO,2025-12-04 14:25:08,12119,544,,POINT (-9.180170059204102 38.70209884643555)
2996_774,7437_20251202_192_0_16,192_0,1,38.72285079956055,-9.160229682922363,9,IN_TRANSIT_TO,2025-12-04 14:25:03,8517,2996,30-VM-03,POINT (-9.160229682922363 38.72285079956055)
2769_754,6622_20251202_201_0_9,201_0,0,38.74354934692383,-9.206000328063965,21,IN_TRANSIT_TO,2025-12-04 14:24:59,8814,2769,AH-19-ND,POINT (-9.206000328063965 38.74354934692383)
556_28E,15024_20251202_75_0_5,75_0,1,38.721248626708984,-9.129949569702148,16,IN_TRANSIT_TO,2025-12-04 14:24:56,9130,556,,POINT (-9.129949569702148 38.721248626708984)
549_28E,14920_20251202_75_0_14,75_0,0,38.71043014526367,-9.14210033416748,20,IN_TRANSIT_TO,2025-12-04 14:25:05,10514,549,,POINT (-9.14210033416748 38.71043014526367)
2686_713,3576_20251202_122_0_11,122_0,0,38.71992111206055,-9.155630111694336,14,IN_TRANSIT_TO,2025-12-04 14:24:49,50191,2686,99-XE-58,POINT (-9.155630111694336 38.71992111206055)
571_28E,14934_20251202_75_0_6,75_0,0,38.715030670166016,-9.128729820251465,9,IN_TRANSIT_TO,2025-12-04 14:24:51,14804,571,,POINT (-9.128729820251465 38.715030670166016)
2626_759,6896_20251202_144_0_7,144_0,0,38.75899887084961,-9.111929893493652,27,IN_TRANSIT_TO,2025-12-04 14:25:02,8416,2626,52-VP-86,POINT (-9.111929893493652 38.75899887084961)
2620_759,6949_20251202_144_0_8,144_0,1,38.71295166015625,-9.123350143432617,40,IN_TRANSIT_TO,2025-12-04 14:24:49,2118,2620,66-VI-33,POINT (-9.123350143432617 38.71295166015625)
4810_751,6476_20251202_109_0_14,109_0,1,38.702781677246094,-9.180069923400879,23,IN_TRANSIT_TO,2025-12-04 14:24:51,9503,4810,20-VQ-60,POINT (-9.180069923400879 38.702781677246094)
2621_759,6961_20251202_144_0_8,144_0,1,38.72951889038086,-9.108329772949219,33,IN_TRANSIT_TO,2025-12-04 14:24:06,8316,2621,66-VI-45,POINT (-9.108329772949219 38.72951889038086)
2649_744,5841_20251202_200_0_9,200_0,0,38.769081115722656,-9.119179725646973,20,IN_TRANSIT_TO,2025-12-04 14:24:47,12209,2649,75-VS-42,POINT (-9.119179725646973 38.769081115722656)
2656_781,7737_20251202_151_0_10,151_0,0,38.77854919433594,-9.11935043334961,24,IN_TRANSIT_TO,2025-12-04 14:24:56,12305,2656,05-VZ-53,POINT (-9.11935043334961 38.77854919433594)
2985_34B,19151_20251202_226_0_8,226_0,0,38.72677993774414,-9.110199928283691,35,IN_TRANSIT_TO,2025-12-04 14:25:14,17577,2985,30-VM-14,POINT (-9.110199928283691 38.72677993774414)
2986_702,3030_20251202_146_0_20,146_0,1,38.72779846191406,-9.159520149230957,10,IN_TRANSIT_TO,2025-12-04 14:25:06,6101,2986,30-VM-12,POINT (-9.159520149230957 38.72779846191406)
2701_723,4186_20251202_121_0_10,121_0,1,38.713748931884766,-9.198599815368652,17,IN_TRANSIT_TO,2025-12-04 14:24:51,12923,2701,92-XQ-35,POINT (-9.198599815368652 38.713748931884766)
551_25E,14255_20251202_79_0_13,79_0,1,38.71406936645508,-9.161520004272461,4,IN_TRANSIT_TO,2025-12-04 14:24:53,8107,551,,POINT (-9.161520004272461 38.71406936645508)
2990_45B,45280_20251202_277_0_12,277_0,0,38.773799896240234,-9.161499977111816,6,IN_TRANSIT_TO,2025-12-04 14:24:45,50163,2990,30-VM-06,POINT (-9.161499977111816 38.773799896240234)
2616_744,5849_20251202_200_0_8,200_0,0,38.74298095703125,-9.14680004119873,8,IN_TRANSIT_TO,2025-12-04 14:25:07,1901,2616,66-VI-44,POINT (-9.14680004119873 38.74298095703125)
2604_744,5838_20251202_200_0_9,200_0,0,38.77497863769531,-9.09766960144043,27,IN_TRANSIT_TO,2025-12-04 14:25:03,7823,2604,66-VI-32,POINT (-9.09766960144043 38.77497863769531)
2980_730,4949_20251202_198_0_12,198_0,0,38.73268127441406,-9.121299743652344,0,IN_TRANSIT_TO,2025-12-04 14:24:56,,2980,29-VM-90,POINT (-9.121299743652344 38.73268127441406)
2663_714,3697_20240914_102_0_16,102_0,1,38.72127151489258,-9.221500396728516,4,IN_TRANSIT_TO,2024-10-22 20:26:58,18703,2663,05-VZ-62,POINT (-9.221500396728516 38.72127151489258)
576_18E,12186_20251202_78_0_16,78_0,1,38.70537185668945,-9.185429573059082,11,IN_TRANSIT_TO,2025-12-04 14:24:56,12011,576,,POINT (-9.185429573059082 38.70537185668945)
581_24E,17842_20251202_213_0_21,213_0,1,38.71828079223633,-9.152350425720215,5,IN_TRANSIT_TO,2025-12-04 14:25:01,6808,581,,POINT (-9.152350425720215 38.71828079223633)
2615_705,3180_20251202_176_0_12,176_0,1,38.782718658447266,-9.125349998474121,15,IN_TRANSIT_TO,2025-12-04 14:25:04,16302,2615,66-VI-27,POINT (-9.125349998474121 38.782718658447266)
579_12E,11035_20251202_77_0_11,77_0,1,38.7239990234375,-9.133179664611816,20,IN_TRANSIT_TO,2025-12-04 14:25:06,708,579,,POINT (-9.133179664611816 38.7239990234375)
6043_732,5080_20251202_107_0_6,107_0,1,38.71126937866211,-9.135549545288086,30,IN_TRANSIT_TO,2025-12-04 14:24:58,5519,6043,BG-93-LT,POINT (-9.135549545288086 38.71126937866211)
554_18E,12202_20251202_78_0_13,78_0,0,38.7034797668457,-9.168620109558105,7,IN_TRANSIT_TO,2025-12-04 14:24:47,12116,554,,POINT (-9.168620109558105 38.7034797668457)
2732_756,6730_20251202_175_0_12,175_0,1,38.74258041381836,-9.13757038116455,17,IN_TRANSIT_TO,2025-12-04 14:25:02,304,2732,AG-39-EI,POINT (-9.13757038116455 38.74258041381836)
2963_71B,45266_20251202_278_0_10,278_0,0,38.7482795715332,-9.207449913024902,19,IN_TRANSIT_TO,2025-12-04 14:25:11,2909,2963,29-VM-88,POINT (-9.207449913024902 38.7482795715332)
2687_764,7166_20251202_168_0_10,168_0,1,38.74396896362305,-9.211020469665527,9,IN_TRANSIT_TO,2025-12-04 14:25:11,8823,2687,93-XA-44,POINT (-9.211020469665527 38.74396896362305)
265_76B,18630_20251202_219_0_16,219_0,0,38.709129333496094,-9.195899963378906,9,IN_TRANSIT_TO,2025-12-04 14:25:08,50368,265,AG-40-OV,POINT (-9.195899963378906 38.709129333496094)
4813_728,4569_20251202_204_0_7,204_0,1,38.699031829833984,-9.205470085144043,43,IN_TRANSIT_TO,2025-12-04 14:24:46,9604,4813,68-VQ-50,POINT (-9.205470085144043 38.699031829833984)
2828_728,4698_20251202_204_0_6,204_0,0,38.70656967163086,-9.14192008972168,19,IN_TRANSIT_TO,2025-12-04 14:24:48,3803,2828,BF-60-FZ,POINT (-9.14192008972168 38.70656967163086)
578_25E,14252_20251202_79_0_13,79_0,1,38.70627975463867,-9.145299911499023,15,IN_TRANSIT_TO,2025-12-04 14:24:54,7101,578,,POINT (-9.145299911499023 38.70627975463867)
2662_738,5572_20251202_117_0_10,117_0,1,38.70555114746094,-9.16784954071045,7,IN_TRANSIT_TO,2025-12-04 14:25:03,10203,2662,05-VZ-51,POINT (-9.16784954071045 38.70555114746094)
507_15E,11254_20251202_76_0_11,76_0,0,38.71080017089844,-9.136019706726074,1,IN_TRANSIT_TO,2025-12-04 14:24:29,50620,507,,POINT (-9.136019706726074 38.71080017089844)
2977_702,3068_20251202_146_0_21,146_0,0,38.727481842041016,-9.162819862365723,4,IN_TRANSIT_TO,2025-12-04 14:24:44,6105,2977,30-VM-21,POINT (-9.162819862365723 38.727481842041016)
502_15E,11228_20251202_76_0_11,76_0,0,38.704750061035156,-9.177519798278809,10,IN_TRANSIT_TO,2025-12-04 14:24:58,12116,502,,POINT (-9.177519798278809 38.704750061035156)
2427_767,7272_20251202_112_0_8,112_0,1,38.74821853637695,-9.141349792480469,34,IN_TRANSIT_TO,2025-12-04 14:24:44,204,2427,29-AX-14,POINT (-9.141349792480469 38.74821853637695)
4808_751,6437_20251202_109_0_14,109_0,1,38.7263298034668,-9.171950340270996,30,IN_TRANSIT_TO,2025-12-04 14:25:06,8601,4808,20-VQ-73,POINT (-9.171950340270996 38.7263298034668)
572_12E,11025_20251202_77_0_12,77_0,0,38.712249755859375,-9.130419731140137,6,IN_TRANSIT_TO,2025-12-04 14:25:06,13812,572,,POINT (-9.130419731140137 38.712249755859375)
4824_736,5331_20251202_199_0_8,199_0,1,38.723880767822266,-9.148900032043457,26,IN_TRANSIT_TO,2025-12-04 14:25:03,1206,4824,34-VR-19,POINT (-9.148900032043457 38.723880767822266)
2778_727,4537_20251202_103_0_7,103_0,1,38.707679748535156,-9.153180122375488,27,IN_TRANSIT_TO,2025-12-04 14:25:02,3922,2778,AI-03-BT,POINT (-9.153180122375488 38.707679748535156)
2641_759,6921_20251202_144_0_9,144_0,0,38.729000091552734,-9.108969688415527,14,IN_TRANSIT_TO,2025-12-04 14:25:03,8303,2641,75-VS-49,POINT (-9.108969688415527 38.729000091552734)
555_25E,14268_20251202_79_0_14,79_0,0,38.706729888916016,-9.141630172729492,3,IN_TRANSIT_TO,2025-12-04 14:25:05,3820,555,,POINT (-9.141630172729492 38.706729888916016)
2974_774,7467_20251202_192_0_15,192_0,0,38.7222785949707,-9.157279968261719,7,IN_TRANSIT_TO,2025-12-04 14:24:58,8516,2974,30-VM-22,POINT (-9.157279968261719 38.7222785949707)
4817_751,6490_20251202_109_0_14,109_0,1,38.698429107666016,-9.227470397949219,11,IN_TRANSIT_TO,2025-12-04 14:24:53,4210,4817,00-VV-37,POINT (-9.227470397949219 38.698429107666016)
6006_768,7319_20251202_111_0_9,111_0,0,38.77016830444336,-9.192919731140137,23,IN_TRANSIT_TO,2025-12-04 14:25:12,50511,6006,82-ZC-09,POINT (-9.192919731140137 38.77016830444336)
2660_714,3640_20251202_102_0_11,102_0,0,38.70743179321289,-9.173850059509277,11,IN_TRANSIT_TO,2025-12-04 14:24:46,9417,2660,05-VZ-60,POINT (-9.173850059509277 38.70743179321289)
4807_728,4581_20251202_204_0_9,204_0,1,38.70642852783203,-9.152270317077637,36,IN_TRANSIT_TO,2025-12-04 14:24:29,7102,4807,20-VQ-69,POINT (-9.152270317077637 38.70642852783203)
2782_727,4544_20251202_103_0_5,103_0,1,38.70029830932617,-9.183079719543457,17,IN_TRANSIT_TO,2025-12-04 14:25:11,9503,2782,AI-99-BS,POINT (-9.183079719543457 38.70029830932617)
4805_728,4722_20251202_204_4_8,204_4,1,38.71232986450195,-9.124170303344727,2,IN_TRANSIT_TO,2025-12-04 14:24:52,2114,4805,20-VQ-66,POINT (-9.124170303344727 38.71232986450195)
2740_755,6711_20251202_118_0_11,118_0,1,38.75006866455078,-9.164620399475098,4,IN_TRANSIT_TO,2025-12-04 14:24:44,12705,2740,AG-43-EI,POINT (-9.164620399475098 38.75006866455078)
2630_756,6757_20251202_175_0_12,175_0,0,38.705299377441406,-9.17650032043457,24,IN_TRANSIT_TO,2025-12-04 14:25:04,12122,2630,52-VP-89,POINT (-9.17650032043457 38.705299377441406)
4803_753,6577_20251202_167_0_16,167_0,1,38.72507095336914,-9.152899742126465,5,IN_TRANSIT_TO,2025-12-04 14:25:12,1224,4803,77-VP-16,POINT (-9.152899742126465 38.72507095336914)
2651_781,57699_20251202_151_0_10,151_0,1,38.757301330566406,-9.108420372009277,16,IN_TRANSIT_TO,2025-12-04 14:24:44,2301,2651,05-VZ-54,POINT (-9.108420372009277 38.757301330566406)
272_28E,44753_20251202_75_8_20,75_8,1,38.714969635009766,-9.166150093078613,13,IN_TRANSIT_TO,2025-12-04 14:24:53,8002,272,AH-26-IN,POINT (-9.166150093078613 38.714969635009766)
2645_781,7722_20251202_151_0_10,151_0,0,38.78730010986328,-9.123729705810547,28,IN_TRANSIT_TO,2025-12-04 14:19:10,16305,2645,87-VS-49,POINT (-9.123729705810547 38.78730010986328)
262_734,5144_20251202_205_0_19,205_0,1,38.71752166748047,-9.121700286865234,2,IN_TRANSIT_TO,2025-12-04 14:24:59,2103,262,AF-49-ZD,POINT (-9.121700286865234 38.71752166748047)
276_28E,48783_20250901_75_8_35,75_8,1,38.71432876586914,-9.169320106506348,15,IN_TRANSIT_TO,2025-11-16 23:22:53,8017,276,AH-12-TB,POINT (-9.169320106506348 38.71432876586914)
4635_783,7846_20251202_203_0_10,203_0,1,38.790218353271484,-9.124199867248535,0,IN_TRANSIT_TO,2025-12-04 14:24:54,,4635,90-JI-95,POINT (-9.124199867248535 38.790218353271484)
2725_727,4463_20251202_103_0_7,103_0,0,38.72549819946289,-9.151020050048828,13,IN_TRANSIT_TO,2025-12-04 14:25:07,1206,2725,92-XQ-30,POINT (-9.151020050048828 38.72549819946289)
2715_746,5986_20251202_108_0_13,108_0,0,38.7304801940918,-9.150679588317871,2,IN_TRANSIT_TO,2025-12-04 14:25:03,1301,2715,92-XQ-22,POINT (-9.150679588317871 38.7304801940918)
2608_705,3186_20251202_176_0_12,176_0,1,38.74544906616211,-9.135299682617188,0,IN_TRANSIT_TO,2025-12-04 14:24:55,,2608,66-VI-39,POINT (-9.135299682617188 38.74544906616211)
2966_737,5489_20251202_173_0_28,173_0,1,38.712120056152344,-9.132719993591309,0,IN_TRANSIT_TO,2025-12-04 14:25:01,,2966,30-VM-20,POINT (-9.132719993591309 38.712120056152344)
2631_717,3803_20251202_170_0_11,170_0,0,38.749080657958984,-9.136199951171875,7,IN_TRANSIT_TO,2025-12-04 14:24:45,11203,2631,52-VP-80,POINT (-9.136199951171875 38.749080657958984)
2722_738,5512_20251202_117_0_9,117_0,0,38.70452117919922,-9.183019638061523,34,IN_TRANSIT_TO,2025-12-04 14:25:01,12114,2722,92-XQ-36,POINT (-9.183019638061523 38.70452117919922)
2625_718,3962_20251202_105_0_10,105_0,0,38.73030090332031,-9.124750137329102,24,IN_TRANSIT_TO,2025-12-04 14:24:53,11701,2625,72-VP-79,POINT (-9.124750137329102 38.73030090332031)
2274_799,8222_20251202_120_0_13,120_0,1,38.75035095214844,-9.197480201721191,20,IN_TRANSIT_TO,2025-12-04 14:25:13,10907,2274,76-79-ZG,POINT (-9.197480201721191 38.75035095214844)
2330_723,4149_20251202_121_0_8,121_0,0,38.72357940673828,-9.164799690246582,9,IN_TRANSIT_TO,2025-12-04 14:24:59,8501,2330,67-52-ZJ,POINT (-9.164799690246582 38.72357940673828)
2316_714,3709_20251202_102_0_9,102_0,0,38.72397994995117,-9.21222972869873,30,IN_TRANSIT_TO,2025-12-04 14:24:46,10406,2316,61-87-ZB,POINT (-9.21222972869873 38.72397994995117)
2327_712,3565_20250901_189_0_8,189_0,1,38.72502899169922,-9.15291976928711,14,IN_TRANSIT_TO,2025-11-11 11:30:40,1224,2327,67-53-ZJ,POINT (-9.15291976928711 38.72502899169922)
2310_712,3565_20251202_189_0_11,189_0,0,38.72536849975586,-9.148429870605469,17,IN_TRANSIT_TO,2025-12-04 14:24:59,1202,2310,83-07-ZM,POINT (-9.148429870605469 38.72536849975586)
2489_726,4286_20251202_116_0_10,116_0,1,38.735198974609375,-9.146280288696289,25,IN_TRANSIT_TO,2025-12-04 14:24:58,1806,2489,55-BH-05,POINT (-9.146280288696289 38.735198974609375)
253_13B,21591_20251202_243_0_15,243_0,0,38.71833038330078,-9.123100280761719,17,IN_TRANSIT_TO,2025-12-04 14:24:46,2105,253,AF-88-NU,POINT (-9.123100280761719 38.71833038330078)
2443_716,3747_20251202_164_0_15,164_0,0,38.7382698059082,-9.139579772949219,3,IN_TRANSIT_TO,2025-12-04 14:25:12,11109,2443,29-AX-05,POINT (-9.139579772949219 38.7382698059082)
6044_732,5038_20251202_107_0_6,107_0,0,38.70677947998047,-9.141619682312012,19,IN_TRANSIT_TO,2025-12-04 14:24:56,3820,6044,BG-87-LX,POINT (-9.141619682312012 38.70677947998047)
2341_763,49570_20251202_282_0_15,282_0,0,38.76131820678711,-9.196579933166504,18,IN_TRANSIT_TO,2025-12-04 14:25:13,13911,2341,67-50-ZJ,POINT (-9.196579933166504 38.76131820678711)
2750_756,6713_20251202_175_0_14,175_0,0,38.74222946166992,-9.132049560546875,6,IN_TRANSIT_TO,2025-12-04 14:24:53,301,2750,AG-10-TH,POINT (-9.132049560546875 38.74222946166992)
2780_714,3697_20251202_102_0_10,102_0,1,38.717098236083984,-9.212730407714844,10,IN_TRANSIT_TO,2025-12-04 14:24:52,10405,2780,AI-06-BT,POINT (-9.212730407714844 38.717098236083984)
2785_723,4182_20251202_121_0_10,121_0,1,38.722721099853516,-9.168580055236816,25,IN_TRANSIT_TO,2025-12-04 14:24:50,50324,2785,AI-05-BT,POINT (-9.168580055236816 38.722721099853516)
2994_774,7450_20251202_192_0_20,192_0,1,38.72365188598633,-9.147669792175293,4,IN_TRANSIT_TO,2025-12-04 14:25:08,1217,2994,29-VM-91,POINT (-9.147669792175293 38.72365188598633)
2248_731,4974_20251202_190_0_7,190_0,0,38.73762893676758,-9.164620399475098,0,IN_TRANSIT_TO,2025-12-04 14:25:12,,2248,22-33-ZB,POINT (-9.164620399475098 38.73762893676758)
1708_701,2987_20251202_123_0_15,123_0,1,38.73331832885742,-9.162969589233398,9,IN_TRANSIT_TO,2025-12-04 14:25:08,6123,1708,69-AL-71,POINT (-9.162969589233398 38.73331832885742)
2244_768,7341_20251202_111_0_12,111_0,1,38.750099182128906,-9.161829948425293,21,IN_TRANSIT_TO,2025-12-04 14:25:05,12705,2244,22-44-ZB,POINT (-9.161829948425293 38.750099182128906)
2714_748,6144_20251202_169_0_19,169_0,0,38.71495056152344,-9.2293701171875,9,IN_TRANSIT_TO,2025-12-04 14:24:44,14306,2714,92-XQ-38,POINT (-9.2293701171875 38.71495056152344)
2286_771,21940_20251202_248_0_13,248_0,1,38.73183059692383,-9.162449836730957,20,IN_TRANSIT_TO,2025-12-04 14:25:09,6121,2286,67-42-ZJ,POINT (-9.162449836730957 38.73183059692383)
2299_742,5777_20251202_114_0_7,114_0,1,38.710121154785156,-9.171730041503906,22,IN_TRANSIT_TO,2025-12-04 14:24:47,9404,2299,83-14-ZM,POINT (-9.171730041503906 38.710121154785156)
6013_706,3218_20251202_147_0_3,147_0,1,38.720821380615234,-9.153050422668457,23,IN_TRANSIT_TO,2025-12-04 14:25:12,6820,6013,68-ZF-53,POINT (-9.153050422668457 38.720821380615234)
2293_724,4236_20251202_178_0_14,178_0,1,38.759830474853516,-9.2014799118042,2,IN_TRANSIT_TO,2025-12-04 14:24:46,13911,2293,92-57-ZM,POINT (-9.2014799118042 38.759830474853516)
2496_735,5275_20251202_172_0_9,172_0,0,38.73733139038086,-9.13368034362793,20,IN_TRANSIT_TO,2025-12-04 14:25:00,414,2496,88-BL-70,POINT (-9.13368034362793 38.73733139038086)
4621_755,6682_20251202_118_0_9,118_0,1,38.74406814575195,-9.113329887390137,32,IN_TRANSIT_TO,2025-12-04 14:24:51,3706,4621,90-JI-90,POINT (-9.113329887390137 38.74406814575195)
1747_794,8035_20251202_115_0_8,115_0,1,38.76797103881836,-9.099769592285156,0,IN_TRANSIT_TO,2025-12-04 14:24:54,,1747,92-HR-04,POINT (-9.099769592285156 38.76797103881836)
2969_737,5502_20251202_173_0_23,173_0,0,38.71009826660156,-9.134920120239258,2,IN_TRANSIT_TO,2025-12-04 14:25:08,5601,2969,30-VM-09,POINT (-9.134920120239258 38.71009826660156)
1746_794,8043_20251202_115_0_10,115_0,0,38.76852035522461,-9.101129531860352,37,IN_TRANSIT_TO,2025-12-04 14:25:00,2315,1746,92-HR-03,POINT (-9.101129531860352 38.76852035522461)
4636_796,8144_20251202_174_0_25,174_0,0,38.76258087158203,-9.156749725341797,1,IN_TRANSIT_TO,2025-12-04 14:25:08,5826,4636,90-JI-97,POINT (-9.156749725341797 38.76258087158203)
4812_751,6517_20251202_109_0_10,109_0,0,38.69783020019531,-9.191699981689453,13,IN_TRANSIT_TO,2025-12-04 14:24:53,9508,4812,20-VQ-70,POINT (-9.191699981689453 38.69783020019531)
1748_796,8113_20251202_174_0_18,174_0,1,38.78784942626953,-9.158980369567871,6,IN_TRANSIT_TO,2025-12-04 14:25:05,11620,1748,92-HR-05,POINT (-9.158980369567871 38.78784942626953)
2806_793,7989_20251202_145_0_14,145_0,0,38.7423210144043,-9.132880210876465,27,IN_TRANSIT_TO,2025-12-04 14:24:55,301,2806,01-IH-95,POINT (-9.132880210876465 38.7423210144043)
2960_798,8190_20251202_194_0_18,194_0,1,38.77220153808594,-9.153380393981934,15,IN_TRANSIT_TO,2025-12-04 14:25:11,11513,2960,27-GU-75,POINT (-9.153380393981934 38.77220153808594)
2453_729,4817_20251202_104_0_8,104_0,0,38.696231842041016,-9.209420204162598,35,IN_TRANSIT_TO,2025-12-04 14:25:05,9610,2453,16-AZ-13,POINT (-9.209420204162598 38.696231842041016)
2459_726,4350_20251202_116_0_9,116_0,0,38.73780059814453,-9.156330108642578,14,IN_TRANSIT_TO,2025-12-04 14:24:53,1503,2459,74-BC-74,POINT (-9.156330108642578 38.73780059814453)
4625_783,7857_20251202_203_0_9,203_0,0,38.74753189086914,-9.148420333862305,10,IN_TRANSIT_TO,2025-12-04 14:24:47,2021,4625,90-JI-92,POINT (-9.148420333862305 38.74753189086914)
1753_717,3781_20251202_170_0_7,170_0,1,38.798648834228516,-9.147680282592773,2,IN_TRANSIT_TO,2025-12-04 14:25:10,16003,1753,34-HU-19,POINT (-9.147680282592773 38.798648834228516)
1750_755,6632_20251202_118_0_7,118_0,0,38.746299743652344,-9.16781997680664,40,IN_TRANSIT_TO,2025-12-04 14:24:47,12704,1750,92-HR-07,POINT (-9.16781997680664 38.746299743652344)
2761_742,5731_20251202_114_0_8,114_0,0,38.736778259277344,-9.148929595947266,23,IN_TRANSIT_TO,2025-12-04 14:25:13,1811,2761,AH-33-ND,POINT (-9.148929595947266 38.736778259277344)
2810_793,7973_20251202_145_0_14,145_0,1,38.74201965332031,-9.133350372314453,2,IN_TRANSIT_TO,2025-12-04 14:25:02,308,2810,01-IH-99,POINT (-9.133350372314453 38.74201965332031)
1752_736,18816_20251202_199_0_9,199_0,0,38.78076934814453,-9.162949562072754,22,IN_TRANSIT_TO,2025-12-04 14:24:47,5911,1752,34-HU-18,POINT (-9.162949562072754 38.78076934814453)
2700_713,3614_20251202_122_0_8,122_0,1,38.7059211730957,-9.172679901123047,8,IN_TRANSIT_TO,2025-12-04 14:24:58,9418,2700,92-XQ-26,POINT (-9.172679901123047 38.7059211730957)
2410_778,18640_20251202_179_0_17,179_0,0,38.75347900390625,-9.1904296875,22,IN_TRANSIT_TO,2025-12-04 14:24:56,12821,2410,92-AO-46,POINT (-9.1904296875 38.75347900390625)
2794_764,7142_20251202_168_0_12,168_0,0,38.74436950683594,-9.19480037689209,19,IN_TRANSIT_TO,2025-12-04 14:25:03,10818,2794,AJ-60-LI,POINT (-9.19480037689209 38.74436950683594)
2762_742,5747_20251202_114_0_9,114_0,0,38.727481842041016,-9.110480308532715,6,IN_TRANSIT_TO,2025-12-04 14:24:52,8304,2762,AH-38-ND,POINT (-9.110480308532715 38.727481842041016)
302_708,3276_20251202_100_0_10,100_0,0,38.790321350097656,-9.099579811096191,37,IN_TRANSIT_TO,2025-12-04 14:25:07,50340,302,22-SP-89,POINT (-9.099579811096191 38.790321350097656)
2623_705,3195_20251202_176_0_12,176_0,0,38.77492141723633,-9.103919982910156,5,IN_TRANSIT_TO,2025-12-04 14:24:58,7908,2623,66-VI-26,POINT (-9.103919982910156 38.77492141723633)
2756_742,5782_20251202_114_0_6,114_0,1,38.70492935180664,-9.187419891357422,16,IN_TRANSIT_TO,2025-12-04 14:24:56,12007,2756,AH-27-ND,POINT (-9.187419891357422 38.70492935180664)
2450_767,7305_20251202_112_0_7,112_0,0,38.75225067138672,-9.21033000946045,41,IN_TRANSIT_TO,2025-12-04 14:24:46,11006,2450,44-BC-36,POINT (-9.21033000946045 38.75225067138672)
2483_726,4317_20251202_116_0_10,116_0,1,38.76224899291992,-9.197279930114746,3,IN_TRANSIT_TO,2025-12-04 14:24:53,13905,2483,74-BC-66,POINT (-9.197279930114746 38.76224899291992)
2499_742,5687_20251202_114_0_9,114_0,0,38.70391845703125,-9.18572998046875,43,IN_TRANSIT_TO,2025-12-04 14:24:56,12002,2499,03-BM-58,POINT (-9.18572998046875 38.70391845703125)
1770_717,3800_20251202_170_0_11,170_0,0,38.75920104980469,-9.15470027923584,15,IN_TRANSIT_TO,2025-12-04 14:24:59,5805,1770,63-HX-17,POINT (-9.15470027923584 38.75920104980469)
2486_726,4295_20251202_116_0_8,116_0,1,38.753421783447266,-9.174599647521973,11,IN_TRANSIT_TO,2025-12-04 14:24:46,13618,2486,91-BE-78,POINT (-9.174599647521973 38.753421783447266)
217_773,20155_20251202_124_0_18,124_0,1,38.709320068359375,-9.16211986541748,15,IN_TRANSIT_TO,2025-12-04 14:24:13,10013,217,29-98-XM,POINT (-9.16211986541748 38.709320068359375)
2767_754,6584_20251202_201_0_9,201_0,0,38.7445182800293,-9.179300308227539,12,IN_TRANSIT_TO,2025-12-04 14:24:50,10704,2767,AH-34-ND,POINT (-9.179300308227539 38.7445182800293)
2413_747,6101_20251202_177_0_13,177_0,0,38.76591873168945,-9.19832992553711,19,IN_TRANSIT_TO,2025-12-04 14:25:06,14111,2413,92-AO-50,POINT (-9.19832992553711 38.76591873168945)
403_19B,62308_20251202_245_0_8,245_0,0,38.720001220703125,-9.155280113220215,7,IN_TRANSIT_TO,2025-12-04 14:24:19,6810,403,BF-84-TA,POINT (-9.155280113220215 38.720001220703125)
2454_729,4825_20251202_104_0_7,104_0,0,38.737098693847656,-9.201970100402832,19,IN_TRANSIT_TO,2025-12-04 14:24:59,2810,2454,16-AZ-18,POINT (-9.201970100402832 38.737098693847656)
2482_767,7294_20251202_112_0_8,112_0,1,38.756771087646484,-9.201530456542969,9,IN_TRANSIT_TO,2025-12-04 14:25:02,13712,2482,55-BH-02,POINT (-9.201530456542969 38.756771087646484)
1769_717,3845_20251202_170_0_10,170_0,1,38.778621673583984,-9.148920059204102,16,IN_TRANSIT_TO,2025-12-04 14:25:10,6015,1769,63-HX-24,POINT (-9.148920059204102 38.778621673583984)
1768_717,3844_20251202_170_0_10,170_0,1,38.7559814453125,-9.139619827270508,30,IN_TRANSIT_TO,2025-12-04 14:25:03,11314,1768,63-HX-23,POINT (-9.139619827270508 38.7559814453125)
2255_767,7250_20251202_112_0_7,112_0,1,38.745269775390625,-9.139730453491211,35,IN_TRANSIT_TO,2025-12-04 14:24:47,202,2255,80-54-ZE,POINT (-9.139730453491211 38.745269775390625)
2768_754,6592_20251202_201_0_10,201_0,1,38.742401123046875,-9.172220230102539,28,IN_TRANSIT_TO,2025-12-04 14:24:56,1615,2768,AH-25-ND,POINT (-9.172220230102539 38.742401123046875)
2666_709,3384_20251202_148_0_20,148_0,0,38.71651840209961,-9.142230033874512,3,IN_TRANSIT_TO,2025-12-04 14:25:06,1003,2666,87-XB-39,POINT (-9.142230033874512 38.71651840209961)
1722_717,3825_20251202_170_0_7,170_0,1,38.75254821777344,-9.137869834899902,31,IN_TRANSIT_TO,2025-12-04 14:22:46,7411,1722,25-AS-34,POINT (-9.137869834899902 38.75254821777344)
1756_735,5182_20251202_172_0_10,172_0,1,38.7057991027832,-9.14387035369873,34,IN_TRANSIT_TO,2025-12-04 14:24:46,3820,1756,34-HU-22,POINT (-9.14387035369873 38.7057991027832)
2487_729,4836_20251202_104_0_6,104_0,1,38.76945114135742,-9.189249992370605,42,IN_TRANSIT_TO,2025-12-04 14:24:52,14106,2487,54-BH-97,POINT (-9.189249992370605 38.76945114135742)
2470_778,18644_20251202_179_0_14,179_0,0,38.7617301940918,-9.165080070495605,2,IN_TRANSIT_TO,2025-12-04 14:24:50,5823,2470,74-BC-71,POINT (-9.165080070495605 38.7617301940918)
2433_703,3175_20251202_165_0_11,165_0,0,38.774051666259766,-9.160980224609375,15,IN_TRANSIT_TO,2025-12-04 14:24:57,5925,2433,44-BC-28,POINT (-9.160980224609375 38.774051666259766)
2239_758,6877_20251202_150_0_9,150_0,0,38.742881774902344,-9.173500061035156,20,IN_TRANSIT_TO,2025-12-04 14:24:55,1616,2239,06-30-XX,POINT (-9.173500061035156 38.742881774902344)
2771_709,3412_20251202_148_0_16,148_0,0,38.71548080444336,-9.163579940795898,10,IN_TRANSIT_TO,2025-12-04 14:24:58,8110,2771,AH-20-ND,POINT (-9.163579940795898 38.71548080444336)
2412_716,3718_20251202_164_0_16,164_0,1,38.74298095703125,-9.173919677734375,11,IN_TRANSIT_TO,2025-12-04 14:25:04,10705,2412,92-AO-48,POINT (-9.173919677734375 38.74298095703125)
2469_726,4273_20251202_116_0_8,116_0,1,38.73012161254883,-9.137630462646484,28,IN_TRANSIT_TO,2025-12-04 14:24:45,6503,2469,16-AZ-09,POINT (-9.137630462646484 38.73012161254883)
2747_742,5759_20251202_114_0_8,114_0,1,38.7274284362793,-9.110380172729492,53,IN_TRANSIT_TO,2025-12-04 14:24:59,8303,2747,AG-09-TH,POINT (-9.110380172729492 38.7274284362793)
1704_794,8108_20251202_115_0_11,115_0,1,38.75674819946289,-9.120880126953125,14,IN_TRANSIT_TO,2025-12-04 14:25:01,24381,1704,35-AL-14,POINT (-9.120880126953125 38.75674819946289)
2268_703,3124_20251202_165_0_10,165_0,1,38.77561950683594,-9.160530090332031,27,IN_TRANSIT_TO,2025-12-04 14:25:05,5924,2268,76-87-ZG,POINT (-9.160530090332031 38.77561950683594)
1772_717,3759_20251202_170_0_10,170_0,0,38.769718170166016,-9.159350395202637,18,IN_TRANSIT_TO,2025-12-04 14:23:04,5901,1772,63-HX-22,POINT (-9.159350395202637 38.769718170166016)
4613_750,6390_20251202_106_0_9,106_0,1,38.73487854003906,-9.206680297851562,8,IN_TRANSIT_TO,2025-12-04 14:24:53,8803,4613,22-GP-48,POINT (-9.206680297851562 38.73487854003906)
1779_742,5676_20251202_114_0_6,114_0,0,38.70378112792969,-9.182279586791992,41,IN_TRANSIT_TO,2025-12-04 14:24:51,12112,1779,63-HX-20,POINT (-9.182279586791992 38.70378112792969)
2467_726,4325_20251202_116_0_9,116_0,0,38.7598991394043,-9.186530113220215,25,IN_TRANSIT_TO,2025-12-04 14:24:46,12804,2467,16-AZ-14,POINT (-9.186530113220215 38.7598991394043)
2757_720,4066_20251202_143_0_10,143_0,1,38.741981506347656,-9.131879806518555,26,IN_TRANSIT_TO,2025-12-04 14:25:01,411,2757,AH-32-ND,POINT (-9.131879806518555 38.741981506347656)
2473_726,4264_20251202_116_0_11,116_0,0,38.726280212402344,-9.134200096130371,4,IN_TRANSIT_TO,2025-12-04 14:24:52,603,2473,74-BC-68,POINT (-9.134200096130371 38.726280212402344)
2333_714,3689_20251202_102_0_8,102_0,1,38.69715118408203,-9.200980186462402,21,IN_TRANSIT_TO,2025-12-04 14:25:14,9609,2333,62-97-ZG,POINT (-9.200980186462402 38.69715118408203)
406_67B,28217_20251202_253_0_10,253_0,0,38.71372985839844,-9.160470008850098,0,IN_TRANSIT_TO,2025-12-04 14:21:46,,406,BF-93-TB,POINT (-9.160470008850098 38.71372985839844)
2497_720,4094_20251202_143_0_12,143_0,1,38.703468322753906,-9.182000160217285,3,IN_TRANSIT_TO,2025-12-04 14:24:59,12005,2497,88-BL-71,POINT (-9.182000160217285 38.703468322753906)
2461_767,7286_20251202_112_0_8,112_0,1,38.754451751708984,-9.195929527282715,12,IN_TRANSIT_TO,2025-12-04 14:24:53,10909,2461,55-BH-04,POINT (-9.195929527282715 38.754451751708984)
2422_703,3135_20251202_165_0_10,165_0,1,38.76729965209961,-9.181320190429688,16,IN_TRANSIT_TO,2025-12-04 14:25:07,50359,2422,29-AU-17,POINT (-9.181320190429688 38.76729965209961)
2285_758,6868_20251202_150_0_9,150_0,0,38.75294876098633,-9.208430290222168,30,IN_TRANSIT_TO,2025-12-04 14:24:58,10902,2285,67-55-ZJ,POINT (-9.208430290222168 38.75294876098633)
2449_747,6110_20251202_177_0_14,177_0,0,38.76433181762695,-9.177069664001465,9,IN_TRANSIT_TO,2025-12-04 14:24:25,50007,2449,44-BC-35,POINT (-9.177069664001465 38.76433181762695)
2437_703,3162_20251202_165_0_11,165_0,1,38.747650146484375,-9.20715045928955,0,IN_TRANSIT_TO,2025-12-04 14:24:49,,2437,29-AX-09,POINT (-9.20715045928955 38.747650146484375)
2269_767,7281_20251202_112_0_6,112_0,1,38.76007080078125,-9.175569534301758,22,IN_TRANSIT_TO,2025-12-04 14:25:11,50142,2269,76-88-ZG,POINT (-9.175569534301758 38.76007080078125)
2758_755,6654_20251202_118_0_10,118_0,0,38.75503158569336,-9.135950088500977,29,IN_TRANSIT_TO,2025-12-04 14:25:05,7404,2758,AH-36-ND,POINT (-9.135950088500977 38.75503158569336)
2420_778,7529_20251202_179_0_16,179_0,1,38.77048110961914,-9.170450210571289,11,IN_TRANSIT_TO,2025-12-04 14:24:47,50093,2420,29-AU-15,POINT (-9.170450210571289 38.77048110961914)
1703_796,8127_20251202_174_0_24,174_0,1,38.79212188720703,-9.150300025939941,0,IN_TRANSIT_TO,2025-12-04 14:25:12,,1703,35-AL-13,POINT (-9.150300025939941 38.79212188720703)
4622_755,6702_20251202_118_0_11,118_0,1,38.75725173950195,-9.116829872131348,25,IN_TRANSIT_TO,2025-12-04 14:24:55,8425,4622,90-JI-91,POINT (-9.116829872131348 38.75725173950195)
1715_798,8202_20251202_194_0_19,194_0,0,38.768821716308594,-9.148530006408691,7,IN_TRANSIT_TO,2025-12-04 14:25:13,50154,1715,69-AL-78,POINT (-9.148530006408691 38.768821716308594)
1777_717,3864_20251202_170_0_10,170_0,1,38.79570007324219,-9.14972972869873,3,IN_TRANSIT_TO,2025-12-04 14:24:52,16005,1777,63-HX-31,POINT (-9.14972972869873 38.79570007324219)
2787_764,7162_20251202_168_0_12,168_0,1,38.752281188964844,-9.188870429992676,19,IN_TRANSIT_TO,2025-12-04 14:24:51,10807,2787,AI-55-TL,POINT (-9.188870429992676 38.752281188964844)
2305_742,5776_20251202_114_0_9,114_0,1,38.73522186279297,-9.144129753112793,37,IN_TRANSIT_TO,2025-12-04 14:24:50,1806,2305,83-18-ZM,POINT (-9.144129753112793 38.73522186279297)
1765_794,8073_20251202_115_0_10,115_0,0,38.73139953613281,-9.117130279541016,9,IN_TRANSIT_TO,2025-12-04 14:25:04,17577,1765,63-HX-28,POINT (-9.117130279541016 38.73139953613281)
2498_742,5666_20251202_114_0_7,114_0,0,38.71025085449219,-9.195469856262207,56,IN_TRANSIT_TO,2025-12-04 14:25:13,10314,2498,03-BM-57,POINT (-9.195469856262207 38.71025085449219)
1763_735,5283_20251202_172_0_9,172_0,0,38.72063064575195,-9.123970031738281,11,IN_TRANSIT_TO,2025-12-04 14:25:02,9113,1763,63-HX-25,POINT (-9.123970031738281 38.72063064575195)
4612_750,6290_20251202_106_0_9,106_0,0,38.76285171508789,-9.103930473327637,3,IN_TRANSIT_TO,2025-12-04 14:25:13,2322,4612,96-GL-89,POINT (-9.103930473327637 38.76285171508789)
4603_750,6262_20251202_106_0_9,106_0,0,38.75526809692383,-9.150369644165039,13,IN_TRANSIT_TO,2025-12-04 14:25:01,11301,4603,96-GL-81,POINT (-9.150369644165039 38.75526809692383)
2306_735,5267_20251202_172_0_9,172_0,0,38.756500244140625,-9.145750045776367,28,IN_TRANSIT_TO,2025-12-04 14:25:08,103,2306,83-19-ZM,POINT (-9.145750045776367 38.756500244140625)
1712_701,2960_20251202_123_0_10,123_0,0,38.75017166137695,-9.159749984741211,9,IN_TRANSIT_TO,2025-12-04 14:24:58,13503,1712,69-AL-75,POINT (-9.159749984741211 38.75017166137695)
220_37B,18839_20251202_224_0_15,224_0,0,38.72600173950195,-9.12572956085205,8,IN_TRANSIT_TO,2025-12-04 14:24:48,50397,220,11-07-XO,POINT (-9.12572956085205 38.72600173950195)
2484_729,4828_20251202_104_0_8,104_0,0,38.7612190246582,-9.196599960327148,7,IN_TRANSIT_TO,2025-12-04 14:25:03,13911,2484,91-BE-76,POINT (-9.196599960327148 38.7612190246582)
601_15E,11202_20251202_76_0_11,76_0,0,38.69588088989258,-9.218700408935547,19,IN_TRANSIT_TO,2025-12-04 14:25:04,13206,601,,POINT (-9.218700408935547 38.69588088989258)
1707_701,2979_20251202_123_0_13,123_0,1,38.75284957885742,-9.167900085449219,21,IN_TRANSIT_TO,2025-12-04 14:24:46,50462,1707,69-AL-70,POINT (-9.167900085449219 38.75284957885742)
2786_727,4552_20251202_103_0_8,103_0,1,38.71092987060547,-9.20514965057373,6,IN_TRANSIT_TO,2025-12-04 14:24:56,12913,2786,AI-52-TL,POINT (-9.20514965057373 38.71092987060547)
2426_726,4334_20251202_116_0_7,116_0,0,38.75545120239258,-9.176750183105469,22,IN_TRANSIT_TO,2025-12-04 14:25:02,13617,2426,29-AU-21,POINT (-9.176750183105469 38.75545120239258)
221_773,7398_20251202_124_0_16,124_0,0,38.7117805480957,-9.163680076599121,17,IN_TRANSIT_TO,2025-12-04 14:24:39,10109,221,11-06-XO,POINT (-9.163680076599121 38.7117805480957)
2837_753,6541_20251202_167_0_17,167_0,0,38.66709899902344,-9.166279792785645,8,IN_TRANSIT_TO,2025-12-04 14:20:01,14601,2837,BF-66-FZ,POINT (-9.166279792785645 38.66709899902344)
2776_713,20157_20251202_122_0_9,122_0,0,38.706268310546875,-9.173399925231934,29,IN_TRANSIT_TO,2025-12-04 14:24:47,9417,2776,AI-07-BT,POINT (-9.173399925231934 38.706268310546875)
2474_729,4757_20251202_104_0_9,104_0,1,38.75252914428711,-9.189599990844727,33,IN_TRANSIT_TO,2025-12-04 14:24:58,50134,2474,74-BC-67,POINT (-9.189599990844727 38.75252914428711)
2303_717,3863_20251202_170_0_10,170_0,1,38.77836990356445,-9.148920059204102,16,IN_TRANSIT_TO,2025-12-04 14:25:12,6015,2303,83-11-ZM,POINT (-9.148920059204102 38.77836990356445)
606_15E,11318_20251202_76_0_12,76_0,1,38.698280334472656,-9.225000381469727,3,IN_TRANSIT_TO,2025-12-04 14:24:57,4209,606,,POINT (-9.225000381469727 38.698280334472656)
2335_751,6510_20251202_109_0_8,109_0,0,38.7122688293457,-9.22542953491211,28,IN_TRANSIT_TO,2025-12-04 14:25:00,14312,2335,62-98-ZG,POINT (-9.22542953491211 38.7122688293457)
2481_768,7347_20251202_111_0_13,111_0,1,38.756099700927734,-9.177069664001465,11,IN_TRANSIT_TO,2025-12-04 14:25:05,13605,2481,54-BH-99,POINT (-9.177069664001465 38.756099700927734)
4609_728,4706_20251202_204_0_8,204_0,0,38.69626998901367,-9.198349952697754,12,IN_TRANSIT_TO,2025-12-04 14:24:51,4101,4609,96-GL-86,POINT (-9.198349952697754 38.69626998901367)
1720_794,8067_20251202_115_0_10,115_0,0,38.75798034667969,-9.123029708862305,24,IN_TRANSIT_TO,2025-12-04 14:25:08,14704,1720,25-AS-32,POINT (-9.123029708862305 38.75798034667969)
2406_747,6079_20251202_177_0_14,177_0,1,38.76628112792969,-9.18356990814209,9,IN_TRANSIT_TO,2025-12-04 14:24:42,50365,2406,50-AL-09,POINT (-9.18356990814209 38.76628112792969)
2753_742,5737_20251202_114_0_7,114_0,0,38.7333984375,-9.133330345153809,17,IN_TRANSIT_TO,2025-12-04 14:24:58,503,2753,AG-08-TH,POINT (-9.133330345153809 38.7333984375)
2788_727,4441_20251202_103_0_7,103_0,0,38.70552062988281,-9.176300048828125,29,IN_TRANSIT_TO,2025-12-04 14:24:55,12110,2788,AI-51-TL,POINT (-9.176300048828125 38.70552062988281)
2792_754,6609_20251202_201_0_10,201_0,1,38.7482795715332,-9.18101978302002,24,IN_TRANSIT_TO,2025-12-04 14:24:58,10707,2792,AJ-53-LI,POINT (-9.18101978302002 38.7482795715332)
2464_767,7223_20251202_112_0_7,112_0,0,38.73596954345703,-9.136899948120117,7,IN_TRANSIT_TO,2025-12-04 14:24:44,11108,2464,91-BE-71,POINT (-9.136899948120117 38.73596954345703)
223_773,7423_20251202_124_0_14,124_0,0,38.711299896240234,-9.15822982788086,11,IN_TRANSIT_TO,2025-12-04 14:25:12,10003,223,84-38-XQ,POINT (-9.15822982788086 38.711299896240234)
1726_755,6709_20251202_118_0_11,118_0,1,38.75334930419922,-9.143199920654297,10,IN_TRANSIT_TO,2025-12-04 14:24:53,104,1726,25-AS-38,POINT (-9.143199920654297 38.75334930419922)
2291_724,4222_20251202_178_0_15,178_0,0,38.72187042236328,-9.186200141906738,6,IN_TRANSIT_TO,2025-12-04 14:25:06,21305,2291,92-56-ZM,POINT (-9.186200141906738 38.72187042236328)
4610_750,6313_20251202_106_0_9,106_0,1,38.76362991333008,-9.103699684143066,37,IN_TRANSIT_TO,2025-12-04 14:24:43,2313,4610,96-GL-87,POINT (-9.103699684143066 38.76362991333008)
2773_727,4536_20251202_103_0_7,103_0,1,38.71976852416992,-9.15552043914795,33,IN_TRANSIT_TO,2025-12-04 14:24:55,6817,2773,AH-39-ND,POINT (-9.15552043914795 38.71976852416992)
2751_742,5768_20251202_114_0_6,114_0,1,38.72753143310547,-9.11952018737793,47,IN_TRANSIT_TO,2025-12-04 14:25:11,11704,2751,AG-12-TH,POINT (-9.11952018737793 38.72753143310547)
2825_728,4609_20251202_204_0_9,204_0,1,38.76110076904297,-9.096369743347168,12,IN_TRANSIT_TO,2025-12-04 14:24:53,2403,2825,BF-53-FZ,POINT (-9.096369743347168 38.76110076904297)
6029_760,7103_20251202_171_0_10,171_0,0,38.70317077636719,-9.193300247192383,25,IN_TRANSIT_TO,2025-12-04 14:24:58,13408,6029,BF-52-AX,POINT (-9.193300247192383 38.70317077636719)
2418_703,3170_20251202_165_0_11,165_0,0,38.75667190551758,-9.185649871826172,32,IN_TRANSIT_TO,2025-12-04 14:24:49,12802,2418,92-AO-54,POINT (-9.185649871826172 38.75667190551758)
2944_29B,17524_20251202_209_0_13,209_0,0,38.77667999267578,-9.117950439453125,17,IN_TRANSIT_TO,2025-12-04 14:24:54,12208,2944,75-GO-13,POINT (-9.117950439453125 38.77667999267578)
2245_731,5022_20251202_190_0_9,190_0,0,38.779930114746094,-9.104849815368652,32,IN_TRANSIT_TO,2025-12-04 14:25:05,7902,2245,22-35-ZB,POINT (-9.104849815368652 38.779930114746094)
2466_729,4779_20251202_104_0_7,104_0,1,38.74869918823242,-9.200719833374023,26,IN_TRANSIT_TO,2025-12-04 14:25:11,2808,2466,16-AZ-16,POINT (-9.200719833374023 38.74869918823242)
4829_736,5399_20251202_199_0_10,199_0,1,38.76512908935547,-9.157179832458496,13,IN_TRANSIT_TO,2025-12-04 14:24:47,5814,4829,34-VR-21,POINT (-9.157179832458496 38.76512908935547)
208_41B,19375_20251202_232_0_16,232_0,0,38.781219482421875,-9.162980079650879,19,IN_TRANSIT_TO,2025-12-04 14:22:50,5909,208,33-47-XH,POINT (-9.162980079650879 38.781219482421875)
2296_716,3734_20251202_164_0_9,164_0,0,38.75086975097656,-9.201930046081543,23,IN_TRANSIT_TO,2025-12-04 14:25:12,10904,2296,92-51-ZM,POINT (-9.201930046081543 38.75086975097656)
2770_754,6615_20251202_201_0_9,201_0,0,38.73326873779297,-9.219679832458496,29,IN_TRANSIT_TO,2025-12-04 14:24:32,18106,2770,AH-30-ND,POINT (-9.219679832458496 38.73326873779297)
203_17B,21703_20251202_247_0_12,247_0,0,38.72624969482422,-9.134169578552246,18,IN_TRANSIT_TO,2025-12-04 14:25:11,603,203,89-59-XD,POINT (-9.134169578552246 38.72624969482422)
212_46B,21499_20251202_239_0_10,239_0,0,38.757469177246094,-9.137999534606934,14,IN_TRANSIT_TO,2025-12-04 14:25:11,11318,212,44-11-XL,POINT (-9.137999534606934 38.757469177246094)
564_28E,15012_20251202_75_0_11,75_0,1,38.70977020263672,-9.136879920959473,0,IN_TRANSIT_TO,2025-12-04 14:25:11,,564,,POINT (-9.136879920959473 38.70977020263672)
409_73B,18773_20251202_220_0_10,220_0,0,38.70814895629883,-9.176529884338379,19,IN_TRANSIT_TO,2025-12-04 14:25:05,50387,409,BF-73-TQ,POINT (-9.176529884338379 38.70814895629883)
2235_758,6831_20251202_150_0_9,150_0,1,38.71672821044922,-9.14857006072998,28,IN_TRANSIT_TO,2025-12-04 14:25:08,10606,2235,06-32-XX,POINT (-9.14857006072998 38.71672821044922)
410_22B,19420_20251202_236_0_16,236_0,0,38.70746994018555,-9.145319938659668,14,IN_TRANSIT_TO,2025-12-04 14:24:52,9902,410,BF-21-VF,POINT (-9.145319938659668 38.70746994018555)
2789_727,4502_20251202_103_0_7,103_0,0,38.74612045288086,-9.132969856262207,0,IN_TRANSIT_TO,2025-12-04 14:25:04,,2789,AI-53-TL,POINT (-9.132969856262207 38.74612045288086)
2217_708,3351_20251202_100_0_8,100_0,1,38.761871337890625,-9.1154203414917,23,IN_TRANSIT_TO,2025-12-04 14:24:46,8433,2217,07-99-XS,POINT (-9.1154203414917 38.761871337890625)
2214_713,3605_20251202_122_0_8,122_0,1,38.7252311706543,-9.159930229187012,27,IN_TRANSIT_TO,2025-12-04 14:25:05,8509,2214,08-02-XS,POINT (-9.159930229187012 38.7252311706543)
2213_708,3298_20251202_100_0_7,100_0,0,38.758628845214844,-9.111599922180176,19,IN_TRANSIT_TO,2025-12-04 14:24:46,8409,2213,08-04-XS,POINT (-9.111599922180176 38.758628845214844)
2215_735,5206_20251202_172_0_10,172_0,1,38.722450256347656,-9.12891960144043,19,IN_TRANSIT_TO,2025-12-04 14:24:52,9108,2215,08-01-XS,POINT (-9.12891960144043 38.722450256347656)
2781_709,3401_20251202_148_0_21,148_0,1,38.714778900146484,-9.160670280456543,4,IN_TRANSIT_TO,2025-12-04 14:24:54,8105,2781,AI-00-BT,POINT (-9.160670280456543 38.714778900146484)
2218_742,5720_20251202_114_0_9,114_0,0,38.73706817626953,-9.146880149841309,23,IN_TRANSIT_TO,2025-12-04 14:24:45,1811,2218,07-98-XS,POINT (-9.146880149841309 38.73706817626953)
2712_764,7135_20251202_168_0_11,168_0,0,38.74237060546875,-9.211600303649902,25,IN_TRANSIT_TO,2025-12-04 14:24:50,8820,2712,92-XQ-33,POINT (-9.211600303649902 38.74237060546875)
2221_720,4101_20251202_143_0_9,143_0,0,38.720001220703125,-9.15530014038086,17,IN_TRANSIT_TO,2025-12-04 14:25:10,6804,2221,07-95-XS,POINT (-9.15530014038086 38.720001220703125)
6028_760,7061_20251202_171_0_9,171_0,0,38.727020263671875,-9.141719818115234,2,IN_TRANSIT_TO,2025-12-04 14:24:46,6611,6028,BF-68-AX,POINT (-9.141719818115234 38.727020263671875)
234_49B,22224_20251202_251_0_13,251_0,0,38.742431640625,-9.138279914855957,3,IN_TRANSIT_TO,2025-12-04 14:24:46,50567,234,13-31-XZ,POINT (-9.138279914855957 38.742431640625)
566_28E,14895_20251202_75_0_15,75_0,1,38.709800720214844,-9.136580467224121,6,IN_TRANSIT_TO,2025-12-04 14:25:04,50149,566,,POINT (-9.136580467224121 38.709800720214844)
568_25E,14276_20251202_79_0_11,79_0,1,38.712650299072266,-9.137619972229004,19,IN_TRANSIT_TO,2025-12-04 14:25:03,50621,568,,POINT (-9.137619972229004 38.712650299072266)
567_28E,14946_20251202_75_0_12,75_0,0,38.71527099609375,-9.12891960144043,9,IN_TRANSIT_TO,2025-12-04 14:24:58,14804,567,,POINT (-9.12891960144043 38.71527099609375)
2230_767,7184_20251202_112_0_7,112_0,0,38.76029968261719,-9.182769775390625,27,IN_TRANSIT_TO,2025-12-04 14:24:53,12804,2230,06-36-XX,POINT (-9.182769775390625 38.76029968261719)
2222_708,3289_20251202_100_0_10,100_0,0,38.76422119140625,-9.109700202941895,24,IN_TRANSIT_TO,2025-12-04 14:24:58,7724,2222,08-17-XS,POINT (-9.109700202941895 38.76422119140625)
2836_753,6564_20251202_167_0_17,167_0,0,38.724220275878906,-9.161430358886719,6,IN_TRANSIT_TO,2025-12-04 14:24:52,8501,2836,BF-70-FZ,POINT (-9.161430358886719 38.724220275878906)
413_51E,62225_20251202_158_0_2,158_0,0,38.71603012084961,-9.142230033874512,0,IN_TRANSIT_TO,2025-12-04 14:24:26,,413,BF-41-TS,POINT (-9.142230033874512 38.71603012084961)
4615_748,6132_20251202_169_0_16,169_0,1,38.719879150390625,-9.208419799804688,6,IN_TRANSIT_TO,2025-12-04 14:24:54,14311,4615,22-GP-49,POINT (-9.208419799804688 38.719879150390625)
560_25E,14263_20251202_79_0_12,79_0,0,38.71366882324219,-9.160050392150879,13,IN_TRANSIT_TO,2025-12-04 14:25:09,8112,560,,POINT (-9.160050392150879 38.71366882324219)
565_28E,14908_20251202_75_0_9,75_0,1,38.7081298828125,-9.140130043029785,5,IN_TRANSIT_TO,2025-12-04 14:25:02,10521,565,,POINT (-9.140130043029785 38.7081298828125)
2229_735,5232_20251202_172_0_10,172_0,1,38.74544906616211,-9.139869689941406,9,IN_TRANSIT_TO,2025-12-04 14:24:55,202,2229,06-37-XX,POINT (-9.139869689941406 38.74544906616211)
2231_706,3260_20251202_147_0_10,147_0,0,38.7086296081543,-9.151849746704102,6,IN_TRANSIT_TO,2025-12-04 14:24:51,7105,2231,06-28-XX,POINT (-9.151849746704102 38.7086296081543)
2234_729,4810_20251202_104_0_7,104_0,0,38.69873046875,-9.225279808044434,39,IN_TRANSIT_TO,2025-12-04 14:24:57,4208,2234,06-26-XX,POINT (-9.225279808044434 38.69873046875)
2835_728,4589_20251202_204_0_9,204_0,1,38.72787857055664,-9.108619689941406,24,IN_TRANSIT_TO,2025-12-04 14:25:11,8312,2835,BF-62-FZ,POINT (-9.108619689941406 38.72787857055664)
6027_760,7098_20251202_171_0_7,171_0,0,38.71221923828125,-9.211050033569336,36,IN_TRANSIT_TO,2025-12-04 14:25:13,12922,6027,BF-66-BA,POINT (-9.211050033569336 38.71221923828125)
2242_731,5018_20251202_190_0_7,190_0,1,38.78607940673828,-9.111530303955078,3,IN_TRANSIT_TO,2025-12-04 14:25:11,50578,2242,22-42-ZB,POINT (-9.111530303955078 38.78607940673828)
615_15E,11212_20251202_76_0_11,76_0,0,38.69525146484375,-9.212430000305176,18,IN_TRANSIT_TO,2025-12-04 14:25:12,13210,615,,POINT (-9.212430000305176 38.69525146484375)
407_734,5150_20251202_205_0_18,205_0,0,38.716400146484375,-9.129449844360352,9,IN_TRANSIT_TO,2025-12-04 14:24:45,14804,407,BF-55-TT,POINT (-9.129449844360352 38.716400146484375)
613_15E,11238_20251202_76_0_9,76_0,0,38.70637130737305,-9.147330284118652,4,IN_TRANSIT_TO,2025-12-04 14:25:02,3802,613,,POINT (-9.147330284118652 38.70637130737305)
2241_758,6885_20251202_150_0_11,150_0,0,38.741249084472656,-9.16819953918457,18,IN_TRANSIT_TO,2025-12-04 14:24:52,50472,2241,22-37-ZB,POINT (-9.16819953918457 38.741249084472656)
2262_708,3347_20251202_100_0_7,100_0,1,38.7452507019043,-9.13129997253418,33,IN_TRANSIT_TO,2025-12-04 14:24:36,7308,2262,80-48-ZE,POINT (-9.13129997253418 38.7452507019043)
2287_731,5007_20251202_190_0_8,190_0,1,38.775169372558594,-9.10241985321045,11,IN_TRANSIT_TO,2025-12-04 14:24:40,7908,2287,92-58-ZM,POINT (-9.10241985321045 38.775169372558594)
2273_771,21942_20251202_248_0_15,248_0,1,38.71397018432617,-9.196929931640625,9,IN_TRANSIT_TO,2025-12-04 14:24:50,10315,2273,76-81-ZG,POINT (-9.196929931640625 38.71397018432617)
2261_742,5698_20251202_114_0_8,114_0,0,38.702430725097656,-9.180769920349121,41,IN_TRANSIT_TO,2025-12-04 14:24:46,12112,2261,80-49-ZE,POINT (-9.180769920349121 38.702430725097656)
303_708,3311_20251202_100_0_10,100_0,0,38.72105026245117,-9.135430335998535,3,IN_TRANSIT_TO,2025-12-04 14:25:04,803,303,22-SP-90,POINT (-9.135430335998535 38.72105026245117)
2267_731,5025_20251202_190_0_7,190_0,0,38.76737976074219,-9.119319915771484,22,IN_TRANSIT_TO,2025-12-04 14:24:56,8403,2267,76-86-ZG,POINT (-9.119319915771484 38.76737976074219)
2266_703,3158_20251202_165_0_10,165_0,1,38.74932861328125,-9.19260025024414,7,IN_TRANSIT_TO,2025-12-04 14:25:02,10835,2266,76-92-ZG,POINT (-9.19260025024414 38.74932861328125)
