id,trip_id,route_id,direction_id,latitude,longitude,current_stop_sequence,current_status,timestamp,stop_id,vehicle_id,license_plate,geometry
6032_760,7092_20250901_171_3_4,171_3,0,38.72753143310547,-9.140600204467773,1,IN_TRANSIT_TO,2025-09-01 05:56:11,6909,6032,BF-93-BC,POINT (-9.140600204467773 38.72753143310547)
4648_750,6288_20250901_106_0_2,106_0,1,38.75736999511719,-9.177470207214355,21,IN_TRANSIT_TO,2025-09-01 05:56:11,13603,4648,98-JO-47,POINT (-9.177470207214355 38.75736999511719)
2302_708,3343_20250901_100_0_4,100_0,0,38.75862121582031,-9.11161994934082,19,IN_TRANSIT_TO,2025-09-01 05:56:25,8409,2302,83-08-ZM,POINT (-9.11161994934082 38.75862121582031)
2253_799,8214_20250901_120_0_2,120_0,0,38.7452507019043,-9.202179908752441,8,IN_TRANSIT_TO,2025-09-01 05:56:07,2806,2253,80-52-ZE,POINT (-9.202179908752441 38.7452507019043)
4607_753,18783_20250901_167_0_2,167_0,1,38.66767120361328,-9.163880348205566,1,IN_TRANSIT_TO,2025-09-01 05:56:25,19001,4607,96-GL-84,POINT (-9.163880348205566 38.66767120361328)
4606_748,6170_20250901_169_0_2,169_0,1,38.724369049072266,-9.149849891662598,8,IN_TRANSIT_TO,2025-09-01 05:56:18,8502,4606,96-GL-83,POINT (-9.149849891662598 38.724369049072266)
2254_758,6866_20250901_150_0_4,150_0,1,38.7481803894043,-9.192119598388672,8,IN_TRANSIT_TO,2025-09-01 05:56:15,10803,2254,80-51-ZE,POINT (-9.192119598388672 38.7481803894043)
6022_732,5045_20250901_107_0_2,107_0,1,38.704078674316406,-9.160719871520996,25,IN_TRANSIT_TO,2025-09-01 05:56:16,3905,6022,BF-48-BB,POINT (-9.160719871520996 38.704078674316406)
2315_717,3813_20250901_170_0_3,170_0,0,38.751651763916016,-9.137350082397461,8,IN_TRANSIT_TO,2025-09-01 05:56:22,11205,2315,61-88-ZB,POINT (-9.137350082397461 38.751651763916016)
2250_731,19403_20240727_190_0_8,190_0,1,38.78303146362305,-9.114009857177734,3,IN_TRANSIT_TO,2024-08-10 10:41:27,12610,2250,80-41-ZE,POINT (-9.114009857177734 38.78303146362305)
4602_750,6266_20250901_106_0_3,106_0,1,38.7612190246582,-9.121780395507812,31,IN_TRANSIT_TO,2025-09-01 05:54:17,7503,4602,96-GL-80,POINT (-9.121780395507812 38.7612190246582)
2494_783,7840_20250901_203_3_3,203_3,0,38.76782989501953,-9.128680229187012,22,IN_TRANSIT_TO,2025-09-01 05:55:54,7601,2494,88-BL-68,POINT (-9.128680229187012 38.76782989501953)
4617_728,4703_20250901_204_0_3,204_0,1,38.779720306396484,-9.104419708251953,4,IN_TRANSIT_TO,2025-09-01 05:56:17,7904,4617,22-GP-51,POINT (-9.104419708251953 38.779720306396484)
4620_750,6306_20250901_106_0_3,106_0,1,38.74386978149414,-9.205530166625977,11,IN_TRANSIT_TO,2025-09-01 05:55:33,8811,4620,22-GP-54,POINT (-9.205530166625977 38.74386978149414)
2955_798,8197_20250901_194_3_3,194_3,0,38.79050064086914,-9.150679588317871,29,IN_TRANSIT_TO,2025-09-01 05:56:03,6002,2955,27-GU-70,POINT (-9.150679588317871 38.79050064086914)
2624_781,7740_20250901_151_0_2,151_0,1,38.77696990966797,-9.117620468139648,6,IN_TRANSIT_TO,2025-09-01 05:56:03,12604,2624,72-VP-82,POINT (-9.117620468139648 38.77696990966797)
4642_750,6403_20250901_106_0_3,106_0,0,38.767601013183594,-9.099920272827148,0,IN_TRANSIT_TO,2025-09-01 05:55:18,,4642,90-JI-99,POINT (-9.099920272827148 38.767601013183594)
4614_750,6349_20250901_106_0_2,106_0,0,38.74504852294922,-9.205080032348633,27,IN_TRANSIT_TO,2025-09-01 05:55:35,8816,4614,96-GL-90,POINT (-9.205080032348633 38.74504852294922)
2953_798,8193_20250901_194_0_4,194_0,1,38.7670783996582,-9.15073013305664,16,IN_TRANSIT_TO,2025-09-01 05:56:09,11504,2953,62-GQ-55,POINT (-9.15073013305664 38.7670783996582)
4611_728,4616_20250901_204_0_3,204_0,1,38.70153045654297,-9.176219940185547,40,IN_TRANSIT_TO,2025-09-01 05:56:11,4002,4611,96-GL-88,POINT (-9.176219940185547 38.70153045654297)
2950_29B,17523_20250901_209_0_2,209_0,0,38.76163101196289,-9.113750457763672,1,IN_TRANSIT_TO,2025-09-01 05:56:06,50090,2950,62-GQ-51,POINT (-9.113750457763672 38.76163101196289)
4629_736,5428_20250901_199_0_2,199_0,1,38.72447967529297,-9.150270462036133,26,IN_TRANSIT_TO,2025-09-01 05:53:37,1206,4629,11-JM-77,POINT (-9.150270462036133 38.72447967529297)
2973_702,3058_20250901_146_0_4,146_0,1,38.73081970214844,-9.168549537658691,5,IN_TRANSIT_TO,2025-09-01 05:56:22,2704,2973,30-VM-13,POINT (-9.168549537658691 38.73081970214844)
4818_751,6482_20250901_109_0_2,109_0,1,38.70207977294922,-9.180899620056152,23,IN_TRANSIT_TO,2025-09-01 05:56:25,9503,4818,42-VT-57,POINT (-9.180899620056152 38.70207977294922)
2699_738,5509_20250901_117_0_2,117_0,0,38.75022888183594,-9.165419578552246,7,IN_TRANSIT_TO,2025-09-01 05:56:19,13620,2699,92-XQ-25,POINT (-9.165419578552246 38.75022888183594)
2692_723,4172_20250901_121_0_3,121_0,0,38.725521087646484,-9.148550033569336,6,IN_TRANSIT_TO,2025-09-01 05:56:08,1202,2692,90-XF-62,POINT (-9.148550033569336 38.725521087646484)
2691_713,3616_20250901_122_0_3,122_0,0,38.7045783996582,-9.163579940795898,25,IN_TRANSIT_TO,2025-09-01 05:56:04,3908,2691,90-XF-45,POINT (-9.163579940795898 38.7045783996582)
2690_714,3675_20250901_102_0_3,102_0,0,38.711181640625,-9.214719772338867,26,IN_TRANSIT_TO,2025-09-01 05:56:09,12404,2690,99-XE-57,POINT (-9.214719772338867 38.711181640625)
2694_723,4165_20250901_121_0_3,121_0,0,38.715118408203125,-9.205249786376953,18,IN_TRANSIT_TO,2025-09-01 05:56:26,12906,2694,90-XF-49,POINT (-9.205249786376953 38.715118408203125)
2669_738,5536_20250901_117_0_2,117_0,1,38.704200744628906,-9.182829856872559,2,IN_TRANSIT_TO,2025-09-01 05:56:16,12003,2669,87-XB-34,POINT (-9.182829856872559 38.704200744628906)
2684_713,3582_20250901_122_0_3,122_0,0,38.736900329589844,-9.13634967803955,0,IN_TRANSIT_TO,2025-09-01 05:56:05,,2684,99-XE-59,POINT (-9.13634967803955 38.736900329589844)
2683_746,5961_20250901_108_0_3,108_0,0,38.75,-9.213769912719727,23,IN_TRANSIT_TO,2025-09-01 05:56:26,50234,2683,99-XE-55,POINT (-9.213769912719727 38.75)
4618_728,4712_20250901_204_0_2,204_0,0,38.76626968383789,-9.097920417785645,42,IN_TRANSIT_TO,2025-09-01 05:56:02,2512,4618,22-GP-52,POINT (-9.097920417785645 38.76626968383789)
2677_751,6518_20250901_109_0_2,109_0,1,38.71324920654297,-9.225279808044434,5,IN_TRANSIT_TO,2025-09-01 05:56:02,14309,2677,87-XB-41,POINT (-9.225279808044434 38.71324920654297)
2680_713,3609_20250901_122_0_4,122_0,1,38.70439910888672,-9.16553020477295,10,IN_TRANSIT_TO,2025-09-01 05:56:06,10209,2680,93-XA-36,POINT (-9.16553020477295 38.70439910888672)
2679_727,4548_20250901_103_0_8,103_0,1,38.71207046508789,-9.152979850769043,30,IN_TRANSIT_TO,2025-09-01 05:56:03,6701,2679,93-XA-34,POINT (-9.152979850769043 38.71207046508789)
6001_706,3254_20250901_147_3_2,147_3,0,38.7194709777832,-9.116479873657227,33,IN_TRANSIT_TO,2025-09-01 05:53:57,9825,6001,99-XU-70,POINT (-9.116479873657227 38.7194709777832)
2674_713,3571_20250901_122_0_3,122_0,0,38.72782897949219,-9.16100025177002,9,IN_TRANSIT_TO,2025-09-01 05:56:19,6115,2674,87-XB-38,POINT (-9.16100025177002 38.72782897949219)
2675_764,7150_20250901_168_0_3,168_0,1,38.74087905883789,-9.211179733276367,10,IN_TRANSIT_TO,2025-09-01 05:55:59,8819,2675,87-XB-35,POINT (-9.211179733276367 38.74087905883789)
2961_702,3035_20250901_146_0_5,146_0,0,38.72687911987305,-9.158499717712402,2,IN_TRANSIT_TO,2025-09-01 05:56:22,6127,2961,26-VD-02,POINT (-9.158499717712402 38.72687911987305)
6031_732,5056_20250901_107_0_2,107_0,1,38.70471954345703,-9.198829650878906,12,IN_TRANSIT_TO,2025-09-01 05:56:24,13301,6031,BF-87-AX,POINT (-9.198829650878906 38.70471954345703)
604_15E,11251_20250901_76_0_2,76_0,1,38.70888137817383,-9.136079788208008,22,IN_TRANSIT_TO,2025-09-01 05:56:25,5512,604,,POINT (-9.136079788208008 38.70888137817383)
6014_706,3262_20250901_147_0_2,147_0,0,38.727569580078125,-9.140800476074219,16,IN_TRANSIT_TO,2025-09-01 05:56:27,6906,6014,67-ZF-30,POINT (-9.140800476074219 38.727569580078125)
6050_760,7041_20250901_171_3_3,171_3,0,38.705020904541016,-9.196049690246582,26,IN_TRANSIT_TO,2025-09-01 05:56:13,13410,6050,BH-62-IR,POINT (-9.196049690246582 38.705020904541016)
2441_767,7295_20250901_112_0_2,112_0,1,38.75872039794922,-9.180549621582031,20,IN_TRANSIT_TO,2025-09-01 05:56:00,12803,2441,29-AX-07,POINT (-9.180549621582031 38.75872039794922)
2741_756,6721_20250901_175_0_3,175_0,1,38.7234992980957,-9.174570083618164,8,IN_TRANSIT_TO,2025-09-01 05:56:04,8601,2741,AG-99-TG,POINT (-9.174570083618164 38.7234992980957)
2658_714,3634_20250901_102_0_4,102_0,1,38.719730377197266,-9.209630012512207,9,IN_TRANSIT_TO,2025-09-01 05:56:05,18111,2658,05-VZ-71,POINT (-9.209630012512207 38.719730377197266)
2479_729,4806_20250901_104_0_3,104_0,1,38.723480224609375,-9.193770408630371,20,IN_TRANSIT_TO,2025-09-01 05:56:19,21302,2479,91-BE-74,POINT (-9.193770408630371 38.723480224609375)
4634_783,7804_20250901_203_0_2,203_0,1,38.722068786621094,-9.161849975585938,30,IN_TRANSIT_TO,2025-09-01 05:56:28,8501,4634,11-JM-78,POINT (-9.161849975585938 38.722068786621094)
2493_783,7824_20250901_203_0_4,203_0,1,38.7735481262207,-9.118630409240723,8,IN_TRANSIT_TO,2025-09-01 05:56:20,12206,2493,88-BL-65,POINT (-9.118630409240723 38.7735481262207)
608_15E,11287_20250901_76_0_4,76_0,1,38.69831848144531,-9.225199699401855,3,IN_TRANSIT_TO,2025-09-01 05:56:20,4209,608,,POINT (-9.225199699401855 38.69831848144531)
2281_724,4197_20250901_178_0_4,178_0,1,38.73622131347656,-9.205470085144043,15,IN_TRANSIT_TO,2025-09-01 05:56:08,8828,2281,67-56-ZJ,POINT (-9.205470085144043 38.73622131347656)
2628_722,4123_20250901_196_0_2,196_0,0,38.74123001098633,-9.137419700622559,10,IN_TRANSIT_TO,2025-09-01 05:55:56,11104,2628,52-VP-82,POINT (-9.137419700622559 38.74123001098633)
4832_736,5362_20250901_199_0_3,199_0,0,38.78684997558594,-9.170249938964844,25,IN_TRANSIT_TO,2025-09-01 05:56:21,7207,4832,68-VQ-51,POINT (-9.170249938964844 38.78684997558594)
4835_736,5386_20250901_199_0_3,199_0,0,38.751529693603516,-9.149250030517578,12,IN_TRANSIT_TO,2025-09-01 05:56:28,2015,4835,53-VR-06,POINT (-9.149250030517578 38.751529693603516)
2738_720,4090_20250901_143_0_1,143_0,0,38.70425033569336,-9.174030303955078,25,IN_TRANSIT_TO,2025-09-01 05:55:59,4004,2738,AG-46-EI,POINT (-9.174030303955078 38.70425033569336)
6035_760,7021_20250901_171_3_2,171_3,1,38.70309829711914,-9.1941499710083,18,IN_TRANSIT_TO,2025-09-01 05:56:17,13401,6035,BG-76-LX,POINT (-9.1941499710083 38.70309829711914)
2765_754,6600_20250901_201_0_2,201_0,1,38.74470138549805,-9.198599815368652,18,IN_TRANSIT_TO,2025-09-01 05:55:55,2811,2765,AH-37-ND,POINT (-9.198599815368652 38.74470138549805)
2978_774,7436_20250901_192_0_4,192_0,1,38.72658157348633,-9.145050048828125,3,IN_TRANSIT_TO,2025-09-01 05:54:31,6610,2978,29-VM-92,POINT (-9.145050048828125 38.72658157348633)
4633_736,18886_20250801_199_0_5,199_0,0,38.788631439208984,-9.173379898071289,28,IN_TRANSIT_TO,2025-08-31 09:25:04,50083,4633,90-JI-94,POINT (-9.173379898071289 38.788631439208984)
2442_703,3157_20250901_165_0_3,165_0,1,38.74517059326172,-9.202949523925781,2,IN_TRANSIT_TO,2025-09-01 05:56:08,2907,2442,29-AX-06,POINT (-9.202949523925781 38.74517059326172)
2495_736,5472_20250901_199_3_3,199_3,0,38.73740005493164,-9.13206958770752,11,IN_TRANSIT_TO,2025-09-01 05:56:12,409,2495,88-BL-69,POINT (-9.13206958770752 38.73740005493164)
4833_736,5366_20250901_199_0_3,199_0,0,38.770469665527344,-9.159819602966309,19,IN_TRANSIT_TO,2025-09-01 05:56:26,5903,4833,20-VQ-65,POINT (-9.159819602966309 38.770469665527344)
2614_759,6936_20250901_144_0_2,144_0,1,38.71337890625,-9.137649536132812,45,IN_TRANSIT_TO,2025-09-01 05:56:17,913,2614,66-VI-24,POINT (-9.137649536132812 38.71337890625)
2997_774,7429_20250901_192_0_4,192_0,1,38.71834945678711,-9.169249534606934,14,IN_TRANSIT_TO,2025-09-01 05:56:28,8009,2997,34-VN-03,POINT (-9.169249534606934 38.71834945678711)
2607_759,6962_20250901_144_0_4,144_0,1,38.76559829711914,-9.119629859924316,15,IN_TRANSIT_TO,2025-09-01 05:56:14,7702,2607,AA-95-TQ,POINT (-9.119629859924316 38.76559829711914)
4815_751,6450_20250901_109_0_5,109_0,0,38.710330963134766,-9.225669860839844,27,IN_TRANSIT_TO,2025-09-01 05:56:00,18402,4815,34-VR-24,POINT (-9.225669860839844 38.710330963134766)
2821_753,6539_20250901_167_0_4,167_0,1,38.730079650878906,-9.143619537353516,0,IN_TRANSIT_TO,2025-09-01 05:56:04,,2821,BF-71-FZ,POINT (-9.143619537353516 38.730079650878906)
2824_728,4704_20250901_204_0_2,204_0,0,38.780250549316406,-9.101579666137695,48,IN_TRANSIT_TO,2025-09-01 05:56:26,7903,2824,BF-67-FZ,POINT (-9.101579666137695 38.780250549316406)
2613_781,7724_20250901_151_0_2,151_0,1,38.7086296081543,-9.135669708251953,27,IN_TRANSIT_TO,2025-09-01 05:56:17,4502,2613,66-VI-22,POINT (-9.135669708251953 38.7086296081543)
4827_736,5301_20250801_199_0_6,199_0,1,38.726280212402344,-9.1496000289917,26,IN_TRANSIT_TO,2025-08-28 08:45:10,1206,4827,34-VR-15,POINT (-9.1496000289917 38.726280212402344)
2606_759,6971_20250901_144_0_3,144_0,0,38.768001556396484,-9.100350379943848,45,IN_TRANSIT_TO,2025-09-01 05:56:27,7824,2606,66-VI-40,POINT (-9.100350379943848 38.768001556396484)
2601_705,3189_20250901_176_0_1,176_0,0,38.78266906738281,-9.12594985961914,11,IN_TRANSIT_TO,2025-09-01 05:56:29,12601,2601,04-VA-70,POINT (-9.12594985961914 38.78266906738281)
6026_760,7064_20250901_171_3_3,171_3,0,38.704620361328125,-9.176429748535156,17,IN_TRANSIT_TO,2025-09-01 05:56:14,4004,6026,BF-39-BB,POINT (-9.176429748535156 38.704620361328125)
2739_749,6200_20250901_195_5_3,195_5,1,38.74855041503906,-9.146419525146484,4,IN_TRANSIT_TO,2025-09-01 05:56:14,2053,2739,AG-31-EI,POINT (-9.146419525146484 38.74855041503906)
2602_759,6972_20250901_144_0_3,144_0,0,38.763179779052734,-9.117349624633789,31,IN_TRANSIT_TO,2025-09-01 05:56:18,8437,2602,16-VF-81,POINT (-9.117349624633789 38.763179779052734)
2749_742,5723_20250901_114_0_2,114_0,0,38.72549819946289,-9.118749618530273,11,IN_TRANSIT_TO,2025-09-01 05:56:30,9802,2749,AG-03-TH,POINT (-9.118749618530273 38.72549819946289)
2657_720,4080_20250901_143_0_4,143_0,1,38.70357894897461,-9.169099807739258,6,IN_TRANSIT_TO,2025-09-01 05:56:07,4001,2657,05-VZ-66,POINT (-9.169099807739258 38.70357894897461)
6037_747,6117_20250901_177_0_2,177_0,0,38.76459884643555,-9.17704963684082,10,IN_TRANSIT_TO,2025-09-01 05:56:00,50021,6037,BG-37-LT,POINT (-9.17704963684082 38.76459884643555)
2617_781,7753_20250901_151_0_2,151_0,0,38.73691940307617,-9.103269577026367,8,IN_TRANSIT_TO,2025-09-01 05:56:14,12513,2617,66-VI-28,POINT (-9.103269577026367 38.73691940307617)
4820_748,6177_20250901_169_0_6,169_0,1,38.71323013305664,-9.22523021697998,5,IN_TRANSIT_TO,2025-09-01 05:56:13,14309,4820,20-VQ-62,POINT (-9.22523021697998 38.71323013305664)
283_734,5138_20250801_205_0_6,205_0,0,38.71443176269531,-9.123080253601074,16,IN_TRANSIT_TO,2025-08-07 08:52:19,2110,283,AI-49-OJ,POINT (-9.123080253601074 38.71443176269531)
573_28E,14983_20250901_75_0_2,75_0,0,38.714351654052734,-9.169320106506348,34,IN_TRANSIT_TO,2025-09-01 05:56:06,8017,573,,POINT (-9.169320106506348 38.714351654052734)
2724_711,3504_20250901_101_0_1,101_0,1,38.735721588134766,-9.203229904174805,13,IN_TRANSIT_TO,2025-09-01 05:56:28,8828,2724,92-XQ-40,POINT (-9.203229904174805 38.735721588134766)
2737_708,3354_20250901_100_0_4,100_0,0,38.71913146972656,-9.135629653930664,2,IN_TRANSIT_TO,2025-09-01 05:56:15,818,2737,AG-45-EI,POINT (-9.135629653930664 38.71913146972656)
2721_711,3448_20250901_101_0_3,101_0,0,38.72568130493164,-9.18986988067627,10,IN_TRANSIT_TO,2025-09-01 05:56:20,8607,2721,92-XQ-37,POINT (-9.18986988067627 38.72568130493164)
2326_717,3790_20250901_170_0_3,170_0,0,38.777069091796875,-9.14603042602539,29,IN_TRANSIT_TO,2025-09-01 05:56:27,11511,2326,67-49-ZJ,POINT (-9.14603042602539 38.777069091796875)
2632_781,7735_20250901_151_0_2,151_0,1,38.74266815185547,-9.102100372314453,21,IN_TRANSIT_TO,2025-09-01 05:56:16,12504,2632,52-VP-88,POINT (-9.102100372314453 38.74266815185547)
2618_781,7758_20250901_151_0_2,151_0,0,38.707679748535156,-9.139570236206055,2,IN_TRANSIT_TO,2025-09-01 05:56:11,3824,2618,66-VI-42,POINT (-9.139570236206055 38.707679748535156)
548_25E,14254_20250901_79_0_2,79_0,0,38.714298248291016,-9.16942024230957,18,IN_TRANSIT_TO,2025-09-01 05:56:10,8017,548,,POINT (-9.16942024230957 38.714298248291016)
2993_797,8158_20250901_163_0_6,163_0,0,38.73667907714844,-9.133999824523926,2,IN_TRANSIT_TO,2025-09-01 05:56:12,402,2993,29-VM-93,POINT (-9.133999824523926 38.73667907714844)
2664_764,7134_20250901_168_0_3,168_0,0,38.74906921386719,-9.164719581604004,3,IN_TRANSIT_TO,2025-09-01 05:56:12,13508,2664,05-VZ-68,POINT (-9.164719581604004 38.74906921386719)
541_28E,14931_20250901_75_0_3,75_0,1,38.71072006225586,-9.143899917602539,13,IN_TRANSIT_TO,2025-09-01 05:56:06,10513,541,,POINT (-9.143899917602539 38.71072006225586)
2612_759,6911_20250901_144_0_3,144_0,0,38.72896957397461,-9.108920097351074,14,IN_TRANSIT_TO,2025-09-01 05:56:06,8303,2612,66-VI-29,POINT (-9.108920097351074 38.72896957397461)
2736_742,5756_20250901_114_0_2,114_0,1,38.73516845703125,-9.142470359802246,38,IN_TRANSIT_TO,2025-09-01 05:56:03,11101,2736,AG-47-EI,POINT (-9.142470359802246 38.73516845703125)
2713_727,4509_20250901_103_0_2,103_0,0,38.738380432128906,-9.146069526672363,9,IN_TRANSIT_TO,2025-09-01 05:56:14,1810,2713,92-XQ-34,POINT (-9.146069526672363 38.738380432128906)
2799_738,5525_20250901_117_0_2,117_0,1,38.73128128051758,-9.146269798278809,19,IN_TRANSIT_TO,2025-09-01 05:56:04,1713,2799,AJ-52-LI,POINT (-9.146269798278809 38.73128128051758)
2258_768,7327_20250901_111_0_3,111_0,0,38.745819091796875,-9.18202018737793,10,IN_TRANSIT_TO,2025-09-01 05:56:26,10702,2258,53-58-ZJ,POINT (-9.18202018737793 38.745819091796875)
2769_714,3694_20250901_102_0_3,102_0,0,38.705230712890625,-9.17667007446289,12,IN_TRANSIT_TO,2025-09-01 05:56:11,12110,2769,AH-19-ND,POINT (-9.17667007446289 38.705230712890625)
2626_705,3179_20250901_176_0_2,176_0,1,38.77170181274414,-9.125530242919922,10,IN_TRANSIT_TO,2025-09-01 05:56:23,7603,2626,52-VP-86,POINT (-9.125530242919922 38.77170181274414)
2620_759,6953_20250901_144_0_2,144_0,1,38.75202941894531,-9.11400032043457,22,IN_TRANSIT_TO,2025-09-01 05:56:27,24375,2620,66-VI-33,POINT (-9.11400032043457 38.75202941894531)
2829_753,6574_20250901_167_0_3,167_0,0,38.67033004760742,-9.172929763793945,8,IN_TRANSIT_TO,2025-09-01 05:47:24,14601,2829,BF-58-FZ,POINT (-9.172929763793945 38.67033004760742)
2649_755,6692_20250901_118_0_4,118_0,0,38.75230026245117,-9.113570213317871,14,IN_TRANSIT_TO,2025-09-01 05:56:07,24377,2649,75-VS-42,POINT (-9.113570213317871 38.75230026245117)
2975_774,7449_20250901_192_0_3,192_0,0,38.72726821899414,-9.144229888916016,12,IN_TRANSIT_TO,2025-09-01 05:56:20,6609,2975,30-VM-11,POINT (-9.144229888916016 38.72726821899414)
2701_764,7141_20250901_168_0_3,168_0,1,38.750179290771484,-9.172880172729492,26,IN_TRANSIT_TO,2025-09-01 05:56:13,13618,2701,92-XQ-35,POINT (-9.172880172729492 38.750179290771484)
2711_746,5953_20250901_108_3_3,108_3,0,38.750701904296875,-9.198579788208008,24,IN_TRANSIT_TO,2025-09-01 05:56:15,10802,2711,92-XQ-44,POINT (-9.198579788208008 38.750701904296875)
2616_781,7750_20250901_151_0_2,151_0,0,38.774818420410156,-9.111550331115723,22,IN_TRANSIT_TO,2025-09-01 05:56:17,12309,2616,66-VI-44,POINT (-9.111550331115723 38.774818420410156)
2702_709,3392_20250901_148_0_5,148_0,1,38.7147216796875,-9.167220115661621,1,IN_TRANSIT_TO,2025-09-01 05:56:13,8029,2702,92-XQ-21,POINT (-9.167220115661621 38.7147216796875)
2604_722,4115_20250901_196_0_2,196_0,0,38.78057098388672,-9.1110200881958,32,IN_TRANSIT_TO,2025-09-01 05:56:00,12624,2604,66-VI-32,POINT (-9.1110200881958 38.78057098388672)
2605_722,4126_20250901_196_0_2,196_0,1,38.715248107910156,-9.141670227050781,33,IN_TRANSIT_TO,2025-09-01 05:56:11,1102,2605,66-VI-35,POINT (-9.141670227050781 38.715248107910156)
2663_714,3697_20240914_102_0_16,102_0,1,38.72127151489258,-9.221500396728516,4,IN_TRANSIT_TO,2024-10-22 20:26:58,18703,2663,05-VZ-62,POINT (-9.221500396728516 38.72127151489258)
2659_776,7488_20250901_193_0_4,193_0,0,38.70389938354492,-9.252449989318848,10,IN_TRANSIT_TO,2025-09-01 05:52:35,4305,2659,05-VZ-57,POINT (-9.252449989318848 38.70389938354492)
2615_759,6951_20250901_144_0_2,144_0,1,38.72446823120117,-9.113730430603027,36,IN_TRANSIT_TO,2025-09-01 05:56:09,8302,2615,66-VI-27,POINT (-9.113730430603027 38.72446823120117)
579_28E,14969_20250901_75_0_2,75_0,0,38.71424865722656,-9.169500350952148,34,IN_TRANSIT_TO,2025-09-01 05:56:09,8017,579,,POINT (-9.169500350952148 38.71424865722656)
6043_760,7107_20250901_171_3_4,171_3,1,38.70642852783203,-9.154250144958496,28,IN_TRANSIT_TO,2025-09-01 05:56:10,3901,6043,BG-93-LT,POINT (-9.154250144958496 38.70642852783203)
554_28E,15047_20250901_75_0_2,75_0,0,38.72203063964844,-9.135419845581055,3,IN_TRANSIT_TO,2025-09-01 05:55:45,701,554,,POINT (-9.135419845581055 38.72203063964844)
1714_701,2969_20250901_123_0_2,123_0,1,38.714351654052734,-9.16996955871582,0,IN_TRANSIT_TO,2025-09-01 05:56:08,,1714,69-AL-77,POINT (-9.16996955871582 38.714351654052734)
4804_728,4572_20250901_204_0_2,204_0,0,38.724151611328125,-9.112170219421387,26,IN_TRANSIT_TO,2025-09-01 05:55:35,9811,4804,53-VR-07,POINT (-9.112170219421387 38.724151611328125)
550_18E,12193_20250901_78_0_3,78_0,0,38.706329345703125,-9.146249771118164,1,IN_TRANSIT_TO,2025-09-01 05:56:12,50339,550,,POINT (-9.146249771118164 38.706329345703125)
505_15E,11225_20250901_76_0_3,76_0,0,38.713218688964844,-9.137800216674805,0,IN_TRANSIT_TO,2025-09-01 05:54:38,,505,,POINT (-9.137800216674805 38.713218688964844)
2687_714,3702_20250901_102_0_3,102_0,0,38.706298828125,-9.145150184631348,1,IN_TRANSIT_TO,2025-09-01 05:56:03,3812,2687,93-XA-44,POINT (-9.145150184631348 38.706298828125)
4813_728,4576_20250901_204_0_4,204_0,0,38.72127914428711,-9.114649772644043,25,IN_TRANSIT_TO,2025-09-01 05:56:29,2127,4813,68-VQ-50,POINT (-9.114649772644043 38.72127914428711)
2696_746,5978_20250901_108_0_5,108_0,0,38.741329193115234,-9.168219566345215,9,IN_TRANSIT_TO,2025-09-01 05:56:16,50472,2696,90-XF-63,POINT (-9.168219566345215 38.741329193115234)
2662_713,3610_20250901_122_0_4,122_0,1,38.73134994506836,-9.168569564819336,0,IN_TRANSIT_TO,2025-09-01 05:56:20,,2662,05-VZ-51,POINT (-9.168569564819336 38.73134994506836)
507_15E,11277_20250901_76_0_4,76_0,1,38.70227813720703,-9.180700302124023,13,IN_TRANSIT_TO,2025-09-01 05:56:19,12111,507,,POINT (-9.180700302124023 38.70227813720703)
2427_767,7296_20250901_112_0_2,112_0,1,38.74966812133789,-9.1912202835083,16,IN_TRANSIT_TO,2025-09-01 05:56:28,10807,2427,29-AX-14,POINT (-9.1912202835083 38.74966812133789)
4824_736,20048_20250901_199_0_4,199_0,1,38.73868179321289,-9.146180152893066,21,IN_TRANSIT_TO,2025-09-01 05:56:12,1902,4824,34-VR-19,POINT (-9.146180152893066 38.73868179321289)
2778_714,3631_20250901_102_0_4,102_0,1,38.700130462646484,-9.183480262756348,25,IN_TRANSIT_TO,2025-09-01 05:56:22,9505,2778,AI-03-BT,POINT (-9.183480262756348 38.700130462646484)
4817_751,6439_20250901_109_0_3,109_0,1,38.70183181762695,-9.21912956237793,13,IN_TRANSIT_TO,2025-09-01 05:56:08,9710,4817,00-VV-37,POINT (-9.21912956237793 38.70183181762695)
2660_711,3506_20250901_101_0_3,101_0,1,38.74687957763672,-9.216170310974121,4,IN_TRANSIT_TO,2025-09-01 05:56:17,3015,2660,05-VZ-60,POINT (-9.216170310974121 38.74687957763672)
2655_742,5701_20250901_114_0_3,114_0,0,38.73112869262695,-9.126529693603516,14,IN_TRANSIT_TO,2025-09-01 05:55:40,7013,2655,05-VZ-67,POINT (-9.126529693603516 38.73112869262695)
4807_751,6461_20250901_109_0_3,109_0,1,38.70684814453125,-9.176199913024902,25,IN_TRANSIT_TO,2025-09-01 05:56:24,12105,4807,20-VQ-69,POINT (-9.176199913024902 38.70684814453125)
2782_712,3554_20250901_189_0_4,189_0,1,38.7034797668457,-9.17473030090332,0,IN_TRANSIT_TO,2025-09-01 05:56:25,,2782,AI-99-BS,POINT (-9.17473030090332 38.7034797668457)
2630_744,5812_20250901_200_0_3,200_0,0,38.76959991455078,-9.124030113220215,19,IN_TRANSIT_TO,2025-09-01 05:56:00,7603,2630,52-VP-89,POINT (-9.124030113220215 38.76959991455078)
2744_755,6634_20250901_118_0_3,118_0,1,38.75408172607422,-9.124670028686523,18,IN_TRANSIT_TO,2025-09-01 05:56:26,14711,2744,AG-13-TH,POINT (-9.124670028686523 38.75408172607422)
2720_711,3514_20250901_101_0_3,101_0,0,38.75368118286133,-9.208979606628418,25,IN_TRANSIT_TO,2025-09-01 05:56:11,11006,2720,92-XQ-28,POINT (-9.208979606628418 38.75368118286133)
2627_705,3194_20250901_176_0_2,176_0,0,38.767730712890625,-9.100150108337402,0,IN_TRANSIT_TO,2025-09-01 05:56:16,,2627,52-VP-83,POINT (-9.100150108337402 38.767730712890625)
4635_783,7850_20250901_203_0_3,203_0,0,38.7277717590332,-9.148380279541016,4,IN_TRANSIT_TO,2025-09-01 05:56:03,1225,4635,90-JI-95,POINT (-9.148380279541016 38.7277717590332)
2742_756,6720_20250901_175_0_3,175_0,1,38.7421989440918,-9.134480476379395,18,IN_TRANSIT_TO,2025-09-01 05:56:16,302,2742,AG-94-TG,POINT (-9.134480476379395 38.7421989440918)
2725_712,3552_20250901_189_0_4,189_0,1,38.724300384521484,-9.165149688720703,9,IN_TRANSIT_TO,2025-09-01 05:56:22,8610,2725,92-XQ-30,POINT (-9.165149688720703 38.724300384521484)
2608_744,5845_20250901_200_0_1,200_0,1,38.763431549072266,-9.129520416259766,14,IN_TRANSIT_TO,2025-09-01 05:56:13,50592,2608,66-VI-39,POINT (-9.129520416259766 38.763431549072266)
2631_744,5842_20250901_200_0_2,200_0,1,38.73828125,-9.146169662475586,26,IN_TRANSIT_TO,2025-09-01 05:56:26,1814,2631,52-VP-80,POINT (-9.146169662475586 38.73828125)
2274_768,7336_20250901_111_0_3,111_0,1,38.746028900146484,-9.16808032989502,19,IN_TRANSIT_TO,2025-09-01 05:56:29,1603,2274,76-79-ZG,POINT (-9.16808032989502 38.746028900146484)
2310_794,8055_20250901_115_0_3,115_0,1,38.755680084228516,-9.113100051879883,9,IN_TRANSIT_TO,2025-09-01 05:56:21,24368,2310,83-07-ZM,POINT (-9.113100051879883 38.755680084228516)
6044_732,5086_20250901_107_0_2,107_0,0,38.71485137939453,-9.140999794006348,15,IN_TRANSIT_TO,2025-09-01 05:56:19,1006,6044,BG-87-LX,POINT (-9.140999794006348 38.71485137939453)
2341_768,7321_20250901_111_0_4,111_0,1,38.769779205322266,-9.193949699401855,2,IN_TRANSIT_TO,2025-09-01 05:56:26,50645,2341,67-50-ZJ,POINT (-9.193949699401855 38.769779205322266)
2750_756,6744_20250901_175_0_2,175_0,1,38.74232864379883,-9.133769989013672,0,IN_TRANSIT_TO,2025-09-01 05:56:16,,2750,AG-10-TH,POINT (-9.133769989013672 38.74232864379883)
2780_723,4173_20250901_121_0_2,121_0,1,38.72475051879883,-9.156550407409668,27,IN_TRANSIT_TO,2025-09-01 05:56:26,8502,2780,AI-06-BT,POINT (-9.156550407409668 38.72475051879883)
2304_793,7975_20250901_145_0_4,145_0,1,38.743099212646484,-9.132929801940918,2,IN_TRANSIT_TO,2025-09-01 05:56:21,308,2304,83-10-ZM,POINT (-9.132929801940918 38.743099212646484)
2709_712,3546_20250901_189_0_2,189_0,1,38.72917175292969,-9.14387035369873,17,IN_TRANSIT_TO,2025-09-01 05:56:17,6601,2709,92-XQ-42,POINT (-9.14387035369873 38.72917175292969)
1708_717,3861_20250901_170_0_4,170_0,1,38.77429962158203,-9.156599998474121,18,IN_TRANSIT_TO,2025-09-01 05:56:22,11510,1708,69-AL-71,POINT (-9.156599998474121 38.77429962158203)
2714_746,5983_20250901_108_0_2,108_0,1,38.73765182495117,-9.156729698181152,20,IN_TRANSIT_TO,2025-09-01 05:56:07,1506,2714,92-XQ-38,POINT (-9.156729698181152 38.73765182495117)
6013_706,3207_20250901_147_3_2,147_3,0,38.70587158203125,-9.143879890441895,5,IN_TRANSIT_TO,2025-09-01 05:56:14,3804,6013,68-ZF-53,POINT (-9.143879890441895 38.70587158203125)
2293_731,4995_20250901_190_0_2,190_0,1,38.77632141113281,-9.102620124816895,10,IN_TRANSIT_TO,2025-09-01 05:56:29,7906,2293,92-57-ZM,POINT (-9.102620124816895 38.77632141113281)
1751_794,8032_20250901_115_0_3,115_0,1,38.7330207824707,-9.117170333862305,29,IN_TRANSIT_TO,2025-09-01 05:56:27,17576,1751,34-HU-17,POINT (-9.117170333862305 38.7330207824707)
2496_735,5262_20250901_172_0_3,172_0,0,38.707218170166016,-9.141349792480469,1,IN_TRANSIT_TO,2025-09-01 05:55:59,3801,2496,88-BL-70,POINT (-9.141349792480469 38.707218170166016)
2814_725,4251_20250901_197_0_4,197_0,1,38.76716995239258,-9.098919868469238,15,IN_TRANSIT_TO,2025-09-01 05:56:08,7825,2814,90-II-54,POINT (-9.098919868469238 38.76716995239258)
4639_783,7849_20250901_203_0_3,203_0,0,38.75891876220703,-9.138799667358398,16,IN_TRANSIT_TO,2025-09-01 05:56:26,11303,4639,27-JO-13,POINT (-9.138799667358398 38.75891876220703)
2815_718,3943_20250901_105_0_3,105_0,1,38.741920471191406,-9.10241985321045,20,IN_TRANSIT_TO,2025-09-01 05:56:28,12509,2815,90-II-55,POINT (-9.10241985321045 38.741920471191406)
4647_750,6375_20250901_106_0_3,106_0,0,38.75777816772461,-9.17533016204834,19,IN_TRANSIT_TO,2025-09-01 05:56:19,12805,4647,02-JN-88,POINT (-9.17533016204834 38.75777816772461)
1749_735,5250_20250901_172_0_3,172_0,0,38.72597885131836,-9.128450393676758,14,IN_TRANSIT_TO,2025-09-01 05:55:36,9107,1749,92-HR-06,POINT (-9.128450393676758 38.72597885131836)
1747_796,8126_20250901_174_0_6,174_0,1,38.774070739746094,-9.162019729614258,11,IN_TRANSIT_TO,2025-09-01 05:56:08,5908,1747,92-HR-04,POINT (-9.162019729614258 38.774070739746094)
2969_730,4955_20250901_198_0_2,198_0,0,38.72195053100586,-9.129229545593262,15,IN_TRANSIT_TO,2025-09-01 05:56:12,9103,2969,30-VM-09,POINT (-9.129229545593262 38.72195053100586)
4636_796,8143_20250901_174_0_5,174_0,0,38.770118713378906,-9.15958023071289,3,IN_TRANSIT_TO,2025-09-01 05:56:10,5901,4636,90-JI-97,POINT (-9.15958023071289 38.770118713378906)
4802_751,6496_20250901_109_0_5,109_0,0,38.6974983215332,-9.195449829101562,13,IN_TRANSIT_TO,2025-09-01 05:56:03,9508,4802,77-VP-17,POINT (-9.195449829101562 38.6974983215332)
4812_728,4592_20250901_204_0_4,204_0,0,38.706581115722656,-9.141929626464844,19,IN_TRANSIT_TO,2025-09-01 05:56:09,3803,4812,20-VQ-70,POINT (-9.141929626464844 38.706581115722656)
2968_730,4959_20250901_198_0_3,198_0,1,38.73197937011719,-9.127949714660645,15,IN_TRANSIT_TO,2025-09-01 05:56:14,7003,2968,30-VM-24,POINT (-9.127949714660645 38.73197937011719)
2453_726,4330_20250901_116_0_2,116_0,1,38.74087905883789,-9.168129920959473,16,IN_TRANSIT_TO,2025-09-01 05:56:13,1610,2453,16-AZ-13,POINT (-9.168129920959473 38.74087905883789)
4640_755,6656_20250901_118_0_4,118_0,0,38.75463104248047,-9.152449607849121,35,IN_TRANSIT_TO,2025-09-01 05:55:58,5703,4640,02-JN-87,POINT (-9.152449607849121 38.75463104248047)
4831_736,42809_20250901_199_0_4,199_0,1,38.775970458984375,-9.163269996643066,9,IN_TRANSIT_TO,2025-09-01 05:56:15,5908,4831,20-VQ-61,POINT (-9.163269996643066 38.775970458984375)
2761_727,4489_20250901_103_0_2,103_0,0,38.71084976196289,-9.153579711914062,20,IN_TRANSIT_TO,2025-09-01 05:56:22,6702,2761,AH-33-ND,POINT (-9.153579711914062 38.71084976196289)
1755_708,3340_20250901_100_0_4,100_0,0,38.783199310302734,-9.094070434570312,35,IN_TRANSIT_TO,2025-09-01 05:56:02,50130,1755,34-HU-21,POINT (-9.094070434570312 38.783199310302734)
2816_718,3965_20250901_105_0_2,105_0,0,38.73099899291992,-9.126399993896484,25,IN_TRANSIT_TO,2025-09-01 05:55:55,7013,2816,90-II-56,POINT (-9.126399993896484 38.73099899291992)
1752_759,6914_20250901_144_0_3,144_0,0,38.7132682800293,-9.139519691467285,2,IN_TRANSIT_TO,2025-09-01 05:56:04,908,1752,34-HU-18,POINT (-9.139519691467285 38.7132682800293)
2455_729,4803_20250901_104_0_3,104_0,1,38.75,-9.195329666137695,27,IN_TRANSIT_TO,2025-09-01 05:56:18,50611,2455,16-AZ-12,POINT (-9.195329666137695 38.75)
2280_747,6123_20250901_177_0_3,177_0,0,38.76163101196289,-9.157230377197266,0,IN_TRANSIT_TO,2025-09-01 05:56:24,,2280,67-40-ZJ,POINT (-9.157230377197266 38.76163101196289)
2777_712,3544_20250901_189_0_3,189_0,1,38.713748931884766,-9.174079895019531,5,IN_TRANSIT_TO,2025-09-01 05:27:26,9406,2777,AI-01-BT,POINT (-9.174079895019531 38.713748931884766)
2710_709,3389_20250901_148_0_4,148_0,0,38.71821975708008,-9.143919944763184,3,IN_TRANSIT_TO,2025-09-01 05:56:27,1003,2710,92-XQ-19,POINT (-9.143919944763184 38.71821975708008)
2623_722,4109_20250901_196_0_2,196_0,1,38.769901275634766,-9.125320434570312,14,IN_TRANSIT_TO,2025-09-01 05:56:25,12202,2623,66-VI-26,POINT (-9.125320434570312 38.769901275634766)
2734_756,6737_20250901_175_0_4,175_0,0,38.729949951171875,-9.166930198669434,16,IN_TRANSIT_TO,2025-09-01 05:56:08,6126,2734,AG-50-EI,POINT (-9.166930198669434 38.729949951171875)
2790_713,3587_20250901_122_0_4,122_0,1,38.72407150268555,-9.160479545593262,26,IN_TRANSIT_TO,2025-09-01 05:56:14,8511,2790,AI-54-TL,POINT (-9.160479545593262 38.72407150268555)
301_744,5820_20250901_200_0_3,200_0,0,38.7486686706543,-9.145700454711914,10,IN_TRANSIT_TO,2025-09-01 05:56:03,2053,301,74-SM-62,POINT (-9.145700454711914 38.7486686706543)
2483_726,4288_20250901_116_0_3,116_0,0,38.73603057861328,-9.141779899597168,9,IN_TRANSIT_TO,2025-09-01 05:56:06,11102,2483,74-BC-66,POINT (-9.141779899597168 38.73603057861328)
1711_798,8189_20250901_194_3_5,194_3,0,38.75714874267578,-9.152580261230469,8,IN_TRANSIT_TO,2025-09-01 05:56:03,5705,1711,69-AL-74,POINT (-9.152580261230469 38.75714874267578)
2499_735,5257_20250901_172_1_1,172_1,1,38.72544860839844,-9.128479957580566,6,IN_TRANSIT_TO,2025-09-01 05:56:21,7006,2499,03-BM-58,POINT (-9.128479957580566 38.72544860839844)
2300_794,8092_20250901_115_0_4,115_0,0,38.74359893798828,-9.117569923400879,13,IN_TRANSIT_TO,2025-09-01 05:56:27,3604,2300,83-13-ZM,POINT (-9.117569923400879 38.74359893798828)
1773_794,8074_20250901_115_0_3,115_0,0,38.750450134277344,-9.104450225830078,32,IN_TRANSIT_TO,2025-09-01 05:56:16,2220,1773,53-HX-06,POINT (-9.104450225830078 38.750450134277344)
4628_783,7823_20250901_203_0_2,203_0,1,38.7552490234375,-9.150569915771484,16,IN_TRANSIT_TO,2025-09-01 05:56:18,11321,4628,27-JO-10,POINT (-9.150569915771484 38.7552490234375)
1710_701,2933_20250901_123_0_6,123_0,0,38.75157165527344,-9.167530059814453,10,IN_TRANSIT_TO,2025-09-01 05:56:09,13508,1710,69-AL-73,POINT (-9.167530059814453 38.75157165527344)
2480_716,3742_20250901_164_0_4,164_0,1,38.73902130126953,-9.150130271911621,18,IN_TRANSIT_TO,2025-09-01 05:56:28,33101,2480,91-BE-75,POINT (-9.150130271911621 38.73902130126953)
2252_771,21927_20250901_248_0_2,248_0,0,38.72438049316406,-9.160969734191895,10,IN_TRANSIT_TO,2025-09-01 05:55:59,8501,2252,80-40-ZE,POINT (-9.160969734191895 38.72438049316406)
217_773,7405_20250901_124_0_5,124_0,0,38.713321685791016,-9.162079811096191,16,IN_TRANSIT_TO,2025-09-01 05:56:09,8102,217,29-98-XM,POINT (-9.162079811096191 38.713321685791016)
2454_703,3106_20250901_165_0_2,165_0,0,38.78239822387695,-9.158679962158203,12,IN_TRANSIT_TO,2025-09-01 05:56:15,5933,2454,16-AZ-18,POINT (-9.158679962158203 38.78239822387695)
2801_718,3954_20250901_105_0_3,105_0,1,38.73685073852539,-9.133970260620117,4,IN_TRANSIT_TO,2025-09-01 05:56:23,402,2801,38-HU-27,POINT (-9.133970260620117 38.73685073852539)
1780_717,3869_20250901_170_0_1,170_0,1,38.78131866455078,-9.141119956970215,11,IN_TRANSIT_TO,2025-09-01 05:56:15,6011,1780,63-HX-18,POINT (-9.141119956970215 38.78131866455078)
1769_717,3854_20250901_170_0_2,170_0,1,38.75094985961914,-9.137080192565918,39,IN_TRANSIT_TO,2025-09-01 05:56:07,410,1769,63-HX-24,POINT (-9.137080192565918 38.75094985961914)
1768_755,6637_20250901_118_0_1,118_0,0,38.74385070800781,-9.167670249938965,41,IN_TRANSIT_TO,2025-09-01 05:56:01,12702,1768,63-HX-23,POINT (-9.167670249938965 38.74385070800781)
2255_758,6858_20250901_150_0_2,150_0,1,38.737430572509766,-9.168319702148438,16,IN_TRANSIT_TO,2025-09-01 05:56:11,2712,2255,80-54-ZE,POINT (-9.168319702148438 38.737430572509766)
1722_749,59005_20250901_195_5_2,195_5,0,38.74985122680664,-9.104680061340332,9,IN_TRANSIT_TO,2025-09-01 05:56:16,2218,1722,25-AS-34,POINT (-9.104680061340332 38.74985122680664)
2433_703,3132_20250901_165_0_2,165_0,1,38.77439880371094,-9.166130065917969,23,IN_TRANSIT_TO,2025-09-01 05:56:20,5919,2433,44-BC-28,POINT (-9.166130065917969 38.77439880371094)
2239_747,6086_20250901_177_0_2,177_0,1,38.76533126831055,-9.178500175476074,11,IN_TRANSIT_TO,2025-09-01 05:56:03,12830,2239,06-30-XX,POINT (-9.178500175476074 38.76533126831055)
2771_712,3562_20250901_189_0_3,189_0,0,38.71609878540039,-9.231200218200684,0,IN_TRANSIT_TO,2025-09-01 05:36:42,,2771,AH-20-ND,POINT (-9.231200218200684 38.71609878540039)
2469_703,3146_20250901_165_0_2,165_0,1,38.758731842041016,-9.180480003356934,12,IN_TRANSIT_TO,2025-09-01 05:56:22,12803,2469,16-AZ-09,POINT (-9.180480003356934 38.758731842041016)
2747_708,3302_20250901_100_0_2,100_0,1,38.76580047607422,-9.113269805908203,21,IN_TRANSIT_TO,2025-09-01 05:56:19,7723,2747,AG-09-TH,POINT (-9.113269805908203 38.76580047607422)
1725_701,2951_20250901_123_3_5,123_3,1,38.74837875366211,-9.147979736328125,14,IN_TRANSIT_TO,2025-09-01 05:56:15,2010,1725,25-AS-37,POINT (-9.147979736328125 38.74837875366211)
2823_728,4636_20250901_204_0_3,204_0,1,38.70996856689453,-9.12852954864502,30,IN_TRANSIT_TO,2025-09-01 05:56:27,8204,2823,BF-64-FZ,POINT (-9.12852954864502 38.70996856689453)
2473_729,4826_20250901_104_0_2,104_0,0,38.695098876953125,-9.216320037841797,37,IN_TRANSIT_TO,2025-09-01 05:56:18,13206,2473,74-BC-68,POINT (-9.216320037841797 38.695098876953125)
2497_735,5229_20250901_172_0_3,172_0,0,38.754051208496094,-9.154470443725586,30,IN_TRANSIT_TO,2025-09-01 05:56:18,5703,2497,88-BL-71,POINT (-9.154470443725586 38.754051208496094)
2461_747,6107_20250901_177_0_2,177_0,0,38.76116943359375,-9.1970796585083,21,IN_TRANSIT_TO,2025-09-01 05:56:17,13907,2461,55-BH-04,POINT (-9.1970796585083 38.76116943359375)
2422_767,7265_20250901_112_0_3,112_0,0,38.72454833984375,-9.14015007019043,2,IN_TRANSIT_TO,2025-09-01 05:56:25,9212,2422,29-AU-17,POINT (-9.14015007019043 38.72454833984375)
2775_723,4140_20250901_121_0_2,121_0,1,38.71384811401367,-9.200730323791504,19,IN_TRANSIT_TO,2025-09-01 05:56:13,10315,2775,AH-31-ND,POINT (-9.200730323791504 38.71384811401367)
2285_731,5021_20250901_190_0_3,190_0,0,38.745601654052734,-9.155280113220215,8,IN_TRANSIT_TO,2025-09-01 05:56:25,50543,2285,67-55-ZJ,POINT (-9.155280113220215 38.745601654052734)
2967_702,3045_20250901_146_0_2,146_0,1,38.72489929199219,-9.156570434570312,11,IN_TRANSIT_TO,2025-09-01 05:56:19,6128,2967,30-VM-05,POINT (-9.156570434570312 38.72489929199219)
2437_726,4310_20250901_116_0_2,116_0,1,38.73915100097656,-9.15017032623291,22,IN_TRANSIT_TO,2025-09-01 05:56:03,33101,2437,29-AX-09,POINT (-9.15017032623291 38.73915100097656)
2269_758,6874_20250901_150_0_3,150_0,0,38.75366973876953,-9.20913028717041,31,IN_TRANSIT_TO,2025-09-01 05:56:07,11006,2269,76-88-ZG,POINT (-9.20913028717041 38.75366973876953)
2758_727,4555_20250901_103_0_2,103_0,1,38.70521926879883,-9.202329635620117,9,IN_TRANSIT_TO,2025-09-01 05:56:11,13113,2758,AH-36-ND,POINT (-9.202329635620117 38.70521926879883)
2420_778,7528_20250901_179_0_3,179_0,0,38.770999908447266,-9.168800354003906,13,IN_TRANSIT_TO,2025-09-01 05:55:38,50095,2420,29-AU-15,POINT (-9.168800354003906 38.770999908447266)
1703_794,8098_20250901_115_0_4,115_0,0,38.70732879638672,-9.133580207824707,0,IN_TRANSIT_TO,2025-09-01 05:56:06,,1703,35-AL-13,POINT (-9.133580207824707 38.70732879638672)
2465_716,3749_20250901_164_0_4,164_0,1,38.74222946166992,-9.171870231628418,11,IN_TRANSIT_TO,2025-09-01 05:56:12,1615,2465,55-BH-00,POINT (-9.171870231628418 38.74222946166992)
1715_720,4097_20250901_143_0_4,143_0,0,38.731468200683594,-9.141819953918457,11,IN_TRANSIT_TO,2025-09-01 05:55:47,6501,1715,69-AL-78,POINT (-9.141819953918457 38.731468200683594)
2307_793,7996_20250901_145_0_4,145_0,0,38.73487854003906,-9.108880043029785,5,IN_TRANSIT_TO,2025-09-01 05:56:16,12516,2307,83-20-ZM,POINT (-9.108880043029785 38.73487854003906)
2271_731,5017_20250901_190_0_3,190_0,0,38.769020080566406,-9.115650177001953,24,IN_TRANSIT_TO,2025-09-01 05:56:04,7703,2271,92-54-ZM,POINT (-9.115650177001953 38.769020080566406)
1776_717,3769_20250901_170_0_3,170_0,0,38.79747009277344,-9.14352035522461,40,IN_TRANSIT_TO,2025-09-01 05:56:21,16002,1776,53-HX-09,POINT (-9.14352035522461 38.79747009277344)
4605_750,6310_20250901_106_0_3,106_0,1,38.721900939941406,-9.211170196533203,5,IN_TRANSIT_TO,2025-09-01 05:56:24,18402,4605,31-GN-72,POINT (-9.211170196533203 38.721900939941406)
2306_742,5773_20250901_114_0_3,114_0,1,38.709999084472656,-9.195130348205566,4,IN_TRANSIT_TO,2025-09-01 05:56:18,50139,2306,83-19-ZM,POINT (-9.195130348205566 38.709999084472656)
2477_726,4343_20250901_116_0_2,116_0,1,38.76593017578125,-9.201180458068848,2,IN_TRANSIT_TO,2025-09-01 05:56:10,13903,2477,91-BE-73,POINT (-9.201180458068848 38.76593017578125)
220_773,7403_20250901_124_0_6,124_0,1,38.704681396484375,-9.16907024383545,3,IN_TRANSIT_TO,2025-09-01 05:56:12,10207,220,11-07-XO,POINT (-9.16907024383545 38.704681396484375)
2484_729,4759_20250901_104_0_1,104_0,0,38.744449615478516,-9.195870399475098,18,IN_TRANSIT_TO,2025-09-01 05:56:12,2805,2484,91-BE-76,POINT (-9.195870399475098 38.744449615478516)
601_15E,11261_20250901_76_0_3,76_0,1,38.70441818237305,-9.159720420837402,17,IN_TRANSIT_TO,2025-09-01 05:56:17,3905,601,,POINT (-9.159720420837402 38.70441818237305)
605_15E,11209_20250901_76_0_3,76_0,0,38.70627975463867,-9.144729614257812,3,IN_TRANSIT_TO,2025-09-01 05:56:09,3820,605,,POINT (-9.144729614257812 38.70627975463867)
1707_796,8112_20250901_174_0_4,174_0,1,38.78929901123047,-9.157670021057129,5,IN_TRANSIT_TO,2025-09-01 05:56:11,11609,1707,69-AL-70,POINT (-9.157670021057129 38.78929901123047)
2426_767,7287_20250901_112_0_2,112_0,1,38.7612190246582,-9.157400131225586,28,IN_TRANSIT_TO,2025-09-01 05:56:09,5808,2426,29-AU-21,POINT (-9.157400131225586 38.7612190246582)
2838_751,6497_20250901_109_0_4,109_0,0,38.73072052001953,-9.168580055236816,2,IN_TRANSIT_TO,2025-09-01 05:56:01,2704,2838,BF-59-FZ,POINT (-9.168580055236816 38.73072052001953)
2309_742,5764_20250901_114_0_2,114_0,1,38.72401809692383,-9.165450096130371,27,IN_TRANSIT_TO,2025-09-01 05:56:20,8011,2309,83-15-ZM,POINT (-9.165450096130371 38.72401809692383)
2474_729,4762_20250901_104_0_2,104_0,0,38.7557487487793,-9.194899559020996,9,IN_TRANSIT_TO,2025-09-01 05:56:04,12821,2474,74-BC-67,POINT (-9.194899559020996 38.7557487487793)
2303_793,7985_20250901_145_0_4,145_0,0,38.74542999267578,-9.119680404663086,22,IN_TRANSIT_TO,2025-09-01 05:56:25,3607,2303,83-11-ZM,POINT (-9.119680404663086 38.74542999267578)
2481_726,4400_20250901_116_3_5,116_3,0,38.74599838256836,-9.169670104980469,10,IN_TRANSIT_TO,2025-09-01 05:56:29,12707,2481,54-BH-99,POINT (-9.169670104980469 38.74599838256836)
4609_750,6402_20250901_106_0_3,106_0,0,38.76316833496094,-9.128849983215332,9,IN_TRANSIT_TO,2025-09-01 05:56:23,7506,4609,96-GL-86,POINT (-9.128849983215332 38.76316833496094)
2289_731,4988_20250901_190_0_2,190_0,1,38.75645065307617,-9.146849632263184,24,IN_TRANSIT_TO,2025-09-01 05:56:22,11321,2289,92-60-ZM,POINT (-9.146849632263184 38.75645065307617)
2451_726,4346_20250901_116_0_3,116_0,0,38.75654983520508,-9.177379608154297,23,IN_TRANSIT_TO,2025-09-01 05:56:11,13606,2451,75-AQ-16,POINT (-9.177379608154297 38.75654983520508)
2405_703,3099_20250901_165_0_3,165_0,0,38.77006912231445,-9.176730155944824,22,IN_TRANSIT_TO,2025-09-01 05:56:05,50391,2405,50-AL-10,POINT (-9.176730155944824 38.77006912231445)
2464_716,3720_20250901_164_0_5,164_0,0,38.738731384277344,-9.157380104064941,8,IN_TRANSIT_TO,2025-09-01 05:56:05,1503,2464,91-BE-71,POINT (-9.157380104064941 38.738731384277344)
1723_701,2980_20250901_123_0_4,123_0,0,38.74047088623047,-9.167830467224121,20,IN_TRANSIT_TO,2025-09-01 05:56:14,1610,1723,25-AS-35,POINT (-9.167830467224121 38.74047088623047)
2800_748,6131_20250901_169_0_2,169_0,1,38.71567153930664,-9.230130195617676,0,IN_TRANSIT_TO,2025-09-01 05:56:22,,2800,AJ-54-LI,POINT (-9.230130195617676 38.71567153930664)
1726_717,3768_20250901_170_0_4,170_0,1,38.79193115234375,-9.15071964263916,5,IN_TRANSIT_TO,2025-09-01 05:56:03,11603,1726,25-AS-38,POINT (-9.15071964263916 38.79193115234375)
4838_755,6631_20250801_118_0_4,118_0,0,38.75141906738281,-9.123479843139648,25,IN_TRANSIT_TO,2025-08-28 05:46:24,14715,4838,34-VR-22,POINT (-9.123479843139648 38.75141906738281)
2751_720,4061_20250901_143_0_4,143_0,1,38.72869873046875,-9.144479751586914,18,IN_TRANSIT_TO,2025-09-01 05:56:01,6601,2751,AG-12-TH,POINT (-9.144479751586914 38.72869873046875)
2249_758,6829_20250901_150_0_2,150_0,1,38.70528030395508,-9.143269538879395,34,IN_TRANSIT_TO,2025-09-01 05:56:07,3826,2249,22-32-ZB,POINT (-9.143269538879395 38.70528030395508)
2438_767,7273_20250901_112_0_2,112_0,1,38.73802947998047,-9.140979766845703,38,IN_TRANSIT_TO,2025-09-01 05:56:04,11109,2438,44-BC-29,POINT (-9.140979766845703 38.73802947998047)
2825_753,6562_20250901_167_0_4,167_0,1,38.72407150268555,-9.16077995300293,3,IN_TRANSIT_TO,2025-09-01 05:56:17,8608,2825,BF-53-FZ,POINT (-9.16077995300293 38.72407150268555)
1709_701,2954_20250901_123_0_2,123_0,1,38.75040054321289,-9.172929763793945,14,IN_TRANSIT_TO,2025-09-01 05:56:27,12709,1709,69-AL-72,POINT (-9.172929763793945 38.75040054321289)
2276_758,6775_20250901_150_0_3,150_0,0,38.72751998901367,-9.161470413208008,12,IN_TRANSIT_TO,2025-09-01 05:56:16,8509,2276,53-57-ZJ,POINT (-9.161470413208008 38.72751998901367)
2418_703,3161_20250901_165_0_3,165_0,0,38.74945068359375,-9.192179679870605,34,IN_TRANSIT_TO,2025-09-01 05:56:19,10804,2418,92-AO-54,POINT (-9.192179679870605 38.74945068359375)
4829_736,5420_20250901_199_0_4,199_0,1,38.724430084228516,-9.14976978302002,26,IN_TRANSIT_TO,2025-09-01 05:56:29,1206,4829,34-VR-21,POINT (-9.14976978302002 38.724430084228516)
2225_708,3280_20250901_100_0_3,100_0,1,38.73733139038086,-9.133899688720703,36,IN_TRANSIT_TO,2025-09-01 05:56:09,404,2225,08-03-XS,POINT (-9.133899688720703 38.73733139038086)
2235_758,6842_20250901_150_0_2,150_0,1,38.71215057373047,-9.142999649047852,32,IN_TRANSIT_TO,2025-09-01 05:55:39,10504,2235,06-32-XX,POINT (-9.142999649047852 38.71215057373047)
2210_742,5661_20250901_114_0_3,114_0,0,38.71392822265625,-9.19556999206543,57,IN_TRANSIT_TO,2025-09-01 05:56:24,50140,2210,01-66-XO,POINT (-9.19556999206543 38.71392822265625)
2213_717,3882_20250901_170_4_2,170_4,1,38.77442169189453,-9.156949996948242,18,IN_TRANSIT_TO,2025-09-01 05:56:07,11510,2213,08-04-XS,POINT (-9.156949996948242 38.77442169189453)
2834_728,4596_20250901_204_0_2,204_0,0,38.697330474853516,-9.203450202941895,10,IN_TRANSIT_TO,2025-09-01 05:56:17,9603,2834,BF-76-FZ,POINT (-9.203450202941895 38.697330474853516)
614_15E,11199_20250901_76_0_3,76_0,0,38.70473098754883,-9.177619934082031,10,IN_TRANSIT_TO,2025-09-01 05:56:00,12116,614,,POINT (-9.177619934082031 38.70473098754883)
2781_764,7157_20250901_168_0_3,168_0,0,38.74686813354492,-9.216520309448242,28,IN_TRANSIT_TO,2025-09-01 05:56:05,3014,2781,AI-00-BT,POINT (-9.216520309448242 38.74686813354492)
2205_720,4039_20250901_143_0_5,143_0,0,38.738121032714844,-9.123080253601074,1,IN_TRANSIT_TO,2025-09-01 05:56:02,8907,2205,01-71-XO,POINT (-9.123080253601074 38.738121032714844)
2216_735,5181_20250901_172_0_2,172_0,1,38.74114990234375,-9.133480072021484,12,IN_TRANSIT_TO,2025-09-01 05:56:07,302,2216,08-00-XS,POINT (-9.133480072021484 38.74114990234375)
2206_793,8006_20250901_145_0_3,145_0,1,38.73693084716797,-9.112669944763184,23,IN_TRANSIT_TO,2025-09-01 05:56:21,3712,2206,01-67-XO,POINT (-9.112669944763184 38.73693084716797)
229_58B,19290_20250901_227_0_2,227_0,0,38.74222183227539,-9.171770095825195,1,IN_TRANSIT_TO,2025-09-01 05:56:26,1619,229,97-24-XT,POINT (-9.171770095825195 38.74222183227539)
2221_720,4091_20250901_143_0_3,143_0,0,38.716949462890625,-9.157899856567383,18,IN_TRANSIT_TO,2025-09-01 05:56:17,6802,2221,07-95-XS,POINT (-9.157899856567383 38.716949462890625)
6028_732,5094_20250901_107_0_2,107_0,0,38.74761962890625,-9.152379989624023,2,IN_TRANSIT_TO,2025-09-01 05:55:55,13502,6028,BF-68-AX,POINT (-9.152379989624023 38.74761962890625)
561_28E,15021_20250901_75_0_2,75_0,0,38.70814895629883,-9.142029762268066,19,IN_TRANSIT_TO,2025-09-01 05:56:05,10516,561,,POINT (-9.142029762268066 38.70814895629883)
566_28E,14917_20250901_75_0_3,75_0,1,38.71757125854492,-9.129949569702148,27,IN_TRANSIT_TO,2025-09-01 05:56:12,14803,566,,POINT (-9.129949569702148 38.71757125854492)
2222_742,5772_20250901_114_0_4,114_0,1,38.70463180541992,-9.184679985046387,17,IN_TRANSIT_TO,2025-09-01 05:56:24,12003,2222,08-17-XS,POINT (-9.184679985046387 38.70463180541992)
4615_728,4672_20250901_204_0_3,204_0,1,38.76892852783203,-9.104630470275879,8,IN_TRANSIT_TO,2025-09-01 05:56:18,7806,4615,22-GP-49,POINT (-9.104630470275879 38.76892852783203)
2233_758,6807_20250901_150_0_3,150_0,0,38.7159309387207,-9.146920204162598,5,IN_TRANSIT_TO,2025-09-01 05:56:01,10601,2233,06-38-XX,POINT (-9.146920204162598 38.7159309387207)
2232_778,18639_20250901_179_0_4,179_0,1,38.75627899169922,-9.194470405578613,2,IN_TRANSIT_TO,2025-09-01 05:56:17,50242,2232,06-23-XX,POINT (-9.194470405578613 38.75627899169922)
6008_706,3244_20250901_147_0_3,147_0,1,38.732818603515625,-9.130720138549805,12,IN_TRANSIT_TO,2025-09-01 05:56:20,501,6008,81-ZC-08,POINT (-9.130720138549805 38.732818603515625)
230_773,7384_20250901_124_0_4,124_0,1,38.71464920043945,-9.149970054626465,21,IN_TRANSIT_TO,2025-09-01 05:56:12,6713,230,13-33-XZ,POINT (-9.149970054626465 38.71464920043945)
2242_763,46417_20250901_282_0_3,282_0,0,38.770870208740234,-9.186980247497559,12,IN_TRANSIT_TO,2025-09-01 05:56:12,14116,2242,22-42-ZB,POINT (-9.186980247497559 38.770870208740234)
615_15E,11312_20250901_76_0_3,76_0,0,38.69858169555664,-9.225330352783203,21,IN_TRANSIT_TO,2025-09-01 05:56:15,4208,615,,POINT (-9.225330352783203 38.69858169555664)
2262_742,5677_20250801_114_0_7,114_0,0,38.7215690612793,-9.167180061340332,32,IN_TRANSIT_TO,2025-08-28 13:20:05,8010,2262,80-48-ZE,POINT (-9.167180061340332 38.7215690612793)
2265_758,6855_20250901_150_0_2,150_0,1,38.72391891479492,-9.160770416259766,22,IN_TRANSIT_TO,2025-09-01 05:56:05,6120,2265,76-91-ZG,POINT (-9.160770416259766 38.72391891479492)
2273_724,4219_20250901_178_0_2,178_0,1,38.758201599121094,-9.203749656677246,2,IN_TRANSIT_TO,2025-09-01 05:56:02,13911,2273,76-81-ZG,POINT (-9.203749656677246 38.758201599121094)
303_744,17811_20250901_200_0_2,200_0,1,38.76782989501953,-9.09801959991455,5,IN_TRANSIT_TO,2025-09-01 05:56:16,7822,303,22-SP-90,POINT (-9.09801959991455 38.76782989501953)
2267_763,46419_20250901_282_0_2,282_0,1,38.77383041381836,-9.161179542541504,18,IN_TRANSIT_TO,2025-09-01 05:56:09,5905,2267,76-86-ZG,POINT (-9.161179542541504 38.77383041381836)
