id,trip_id,route_id,direction_id,latitude,longitude,current_stop_sequence,current_status,timestamp,stop_id,vehicle_id,license_plate,geometry
6032_732,5089_20250401_107_0_8,107_0,0,38.701480865478516,-9.191969871520996,31,IN_TRANSIT_TO,2025-04-08 19:11:33,9510,6032,BF-93-BC,POINT (-9.191969871520996 38.701480865478516)
4648_728,4610_20250401_204_0_12,204_0,0,38.774871826171875,-9.101420402526855,46,IN_TRANSIT_TO,2025-04-08 19:11:28,7909,4648,98-JO-47,POINT (-9.101420402526855 38.774871826171875)
4637_783,7818_20250401_203_0_16,203_0,1,38.769630432128906,-9.123479843139648,10,IN_TRANSIT_TO,2025-04-08 19:11:07,12202,4637,98-JO-44,POINT (-9.123479843139648 38.769630432128906)
557_24E,17855_20250401_213_0_27,213_0,1,38.72312927246094,-9.158829689025879,3,IN_TRANSIT_TO,2025-04-08 19:11:20,8516,557,,POINT (-9.158829689025879 38.72312927246094)
2302_708,3371_20250401_100_0_10,100_0,1,38.76274871826172,-9.129899978637695,28,IN_TRANSIT_TO,2025-04-08 19:11:36,7504,2302,83-08-ZM,POINT (-9.129899978637695 38.76274871826172)
4607_750,6291_20250401_106_0_13,106_0,0,38.7452507019043,-9.203479766845703,28,IN_TRANSIT_TO,2025-04-08 19:11:20,8816,4607,96-GL-84,POINT (-9.203479766845703 38.7452507019043)
2315_793,7990_20250401_145_0_22,145_0,0,38.74074935913086,-9.109199523925781,12,IN_TRANSIT_TO,2025-04-08 19:11:25,50583,2315,61-88-ZB,POINT (-9.109199523925781 38.74074935913086)
2440_778,18645_20250401_179_0_23,179_0,1,38.76287841796875,-9.159850120544434,22,IN_TRANSIT_TO,2025-04-08 19:11:30,50014,2440,29-AX-08,POINT (-9.159850120544434 38.76287841796875)
2992_774,7470_20250401_192_0_8,192_0,0,38.72024917602539,-9.15552043914795,8,IN_TRANSIT_TO,2025-04-08 19:11:10,6823,2992,29-VM-95,POINT (-9.15552043914795 38.72024917602539)
2448_767,7306_20250401_112_0_12,112_0,1,38.75286865234375,-9.208499908447266,6,IN_TRANSIT_TO,2025-04-08 19:11:08,11001,2448,44-BC-34,POINT (-9.208499908447266 38.75286865234375)
2317_742,5739_20250401_114_0_12,114_0,0,38.70637893676758,-9.173569679260254,37,IN_TRANSIT_TO,2025-04-08 19:11:19,9403,2317,61-86-ZB,POINT (-9.173569679260254 38.70637893676758)
603_15E,11289_20250401_76_0_17,76_0,0,38.699520111083984,-9.228429794311523,19,IN_TRANSIT_TO,2025-04-08 19:11:07,4218,603,,POINT (-9.228429794311523 38.699520111083984)
4604_750,6261_20250401_106_0_13,106_0,0,38.749481201171875,-9.192399978637695,23,IN_TRANSIT_TO,2025-04-08 19:11:32,10806,4604,96-GL-82,POINT (-9.192399978637695 38.749481201171875)
2250_731,19403_20240727_190_0_8,190_0,1,38.78303146362305,-9.114009857177734,3,IN_TRANSIT_TO,2024-08-10 10:41:27,12610,2250,80-41-ZE,POINT (-9.114009857177734 38.78303146362305)
4602_750,6325_20250401_106_0_12,106_0,1,38.75709915161133,-9.107600212097168,34,IN_TRANSIT_TO,2025-04-08 19:11:12,2301,4602,96-GL-80,POINT (-9.107600212097168 38.75709915161133)
2795_723,4170_20250401_121_0_16,121_0,1,38.71807098388672,-9.199029922485352,19,IN_TRANSIT_TO,2025-04-08 19:11:27,21304,2795,AJ-55-LI,POINT (-9.199029922485352 38.71807098388672)
2494_742,5757_20250401_114_0_11,114_0,0,38.73781967163086,-9.141900062561035,21,IN_TRANSIT_TO,2025-04-08 19:11:25,11107,2494,88-BL-68,POINT (-9.141900062561035 38.73781967163086)
2346_758,6794_20250401_150_0_4,150_0,1,38.7098503112793,-9.143050193786621,32,IN_TRANSIT_TO,2025-04-05 06:46:50,10502,2346,62-93-ZG,POINT (-9.143050193786621 38.7098503112793)
6033_732,5075_20250401_107_0_10,107_0,1,38.708980560302734,-9.214170455932617,5,IN_TRANSIT_TO,2025-04-08 19:11:25,12403,6033,BF-92-AZ,POINT (-9.214170455932617 38.708980560302734)
4617_750,6371_20250401_106_0_13,106_0,0,38.76102066040039,-9.12012004852295,8,IN_TRANSIT_TO,2025-04-08 19:10:46,8408,4617,22-GP-51,POINT (-9.12012004852295 38.76102066040039)
2624_781,7736_20250401_151_0_18,151_0,1,38.763248443603516,-9.109419822692871,13,IN_TRANSIT_TO,2025-04-08 19:11:11,7718,2624,72-VP-82,POINT (-9.109419822692871 38.763248443603516)
4642_750,6400_20250401_106_0_11,106_0,1,38.75347900390625,-9.186200141906738,19,IN_TRANSIT_TO,2025-04-08 19:11:27,10827,4642,90-JI-99,POINT (-9.186200141906738 38.75347900390625)
4816_751,6500_20250401_109_0_21,109_0,1,38.715999603271484,-9.175519943237305,28,IN_TRANSIT_TO,2025-04-08 19:11:04,11903,4816,34-VR-17,POINT (-9.175519943237305 38.715999603271484)
4614_750,6409_20250401_106_0_14,106_0,1,38.735931396484375,-9.206049919128418,9,IN_TRANSIT_TO,2025-04-08 19:11:06,8807,4614,96-GL-90,POINT (-9.206049919128418 38.735931396484375)
4616_750,6347_20250401_106_0_14,106_0,0,38.761680603027344,-9.122550010681152,8,IN_TRANSIT_TO,2025-04-08 19:11:19,8408,4616,22-GP-50,POINT (-9.122550010681152 38.761680603027344)
2943_26B,17513_20250401_208_0_22,208_0,1,38.76118087768555,-9.096150398254395,4,IN_TRANSIT_TO,2025-04-08 19:11:13,2404,2943,51-GL-83,POINT (-9.096150398254395 38.76118087768555)
4611_728,4650_20250401_204_0_4,204_0,0,38.75035095214844,-9.096199989318848,36,IN_TRANSIT_TO,2025-04-08 19:09:50,2204,4611,96-GL-88,POINT (-9.096199989318848 38.75035095214844)
2950_29B,17527_20250401_209_0_22,209_0,0,38.780521392822266,-9.119850158691406,19,IN_TRANSIT_TO,2025-04-08 19:11:33,12603,2950,62-GQ-51,POINT (-9.119850158691406 38.780521392822266)
4650_750,6336_20250401_106_0_5,106_0,0,38.75627136230469,-9.147379875183105,13,IN_TRANSIT_TO,2025-04-08 19:11:27,11301,4650,11-JM-80,POINT (-9.147379875183105 38.75627136230469)
4629_755,6652_20250401_118_0_15,118_0,1,38.74681854248047,-9.10968017578125,34,IN_TRANSIT_TO,2025-04-08 19:11:28,3719,4629,11-JM-77,POINT (-9.10968017578125 38.74681854248047)
4631_736,5425_20250401_199_0_4,199_0,1,38.74235153198242,-9.146980285644531,20,IN_TRANSIT_TO,2025-04-08 19:11:27,2019,4631,02-JN-86,POINT (-9.146980285644531 38.74235153198242)
4822_736,42397_20250401_199_0_3,199_0,0,38.79010009765625,-9.17572021484375,28,IN_TRANSIT_TO,2025-04-08 19:11:00,50083,4822,58-VS-27,POINT (-9.17572021484375 38.79010009765625)
4630_783,7858_20250401_203_0_14,203_0,1,38.72367858886719,-9.163200378417969,30,IN_TRANSIT_TO,2025-04-08 19:11:34,8501,4630,02-JN-85,POINT (-9.163200378417969 38.72367858886719)
4818_751,6516_20250401_109_0_11,109_0,0,38.71580123901367,-9.234999656677246,32,IN_TRANSIT_TO,2025-04-08 19:11:32,50059,4818,42-VT-57,POINT (-9.234999656677246 38.71580123901367)
2699_746,5975_20250401_108_0_22,108_0,1,38.74702835083008,-9.18712043762207,9,IN_TRANSIT_TO,2025-04-08 19:11:33,10821,2699,92-XQ-25,POINT (-9.18712043762207 38.74702835083008)
2692_713,3611_20250401_122_0_14,122_0,1,38.705970764160156,-9.172679901123047,0,IN_TRANSIT_TO,2025-04-08 19:11:24,,2692,90-XF-62,POINT (-9.172679901123047 38.705970764160156)
2693_713,3608_20250401_122_0_18,122_0,1,38.71297073364258,-9.158220291137695,19,IN_TRANSIT_TO,2025-04-08 19:11:14,6718,2693,90-XF-46,POINT (-9.158220291137695 38.71297073364258)
2669_713,3623_20250401_122_0_5,122_0,0,38.7200813293457,-9.155630111694336,14,IN_TRANSIT_TO,2025-04-08 19:11:24,50191,2669,87-XB-34,POINT (-9.155630111694336 38.7200813293457)
6048_760,7097_20250401_171_0_12,171_0,1,38.71446990966797,-9.136269569396973,34,IN_TRANSIT_TO,2025-04-08 19:11:35,905,6048,BH-46-IR,POINT (-9.136269569396973 38.71446990966797)
4836_736,5300_20250401_199_0_15,199_0,0,38.78913116455078,-9.177630424499512,29,IN_TRANSIT_TO,2025-04-08 19:11:26,15104,4836,34-VR-23,POINT (-9.177630424499512 38.78913116455078)
2705_713,21384_20250401_122_0_14,122_0,1,38.73527908325195,-9.142749786376953,34,IN_TRANSIT_TO,2025-04-08 19:11:15,1806,2705,92-XQ-29,POINT (-9.142749786376953 38.73527908325195)
6047_760,7078_20250401_171_0_15,171_0,0,38.70637893676758,-9.142900466918945,11,IN_TRANSIT_TO,2025-04-08 19:11:09,3820,6047,BH-20-IP,POINT (-9.142900466918945 38.70637893676758)
4618_750,6405_20250401_106_0_11,106_0,1,38.75749969482422,-9.1766996383667,21,IN_TRANSIT_TO,2025-04-08 19:11:29,13603,4618,22-GP-52,POINT (-9.1766996383667 38.75749969482422)
2678_764,7154_20250401_168_0_18,168_0,1,38.74382019042969,-9.220170021057129,5,IN_TRANSIT_TO,2025-04-08 19:11:24,3011,2678,93-XA-39,POINT (-9.220170021057129 38.74382019042969)
4643_728,4570_20250401_204_0_11,204_0,1,38.73735046386719,-9.103179931640625,21,IN_TRANSIT_TO,2025-04-08 19:11:36,12510,4643,98-JO-45,POINT (-9.103179931640625 38.73735046386719)
2671_15E,11500_20250401_76_8_28,76_8,1,38.70637130737305,-9.149620056152344,4,IN_TRANSIT_TO,2025-04-08 19:11:14,3901,2671,87-XB-43,POINT (-9.149620056152344 38.70637130737305)
2680_754,6585_20250401_201_0_15,201_0,0,38.744998931884766,-9.180500030517578,12,IN_TRANSIT_TO,2025-04-08 19:11:23,10704,2680,93-XA-36,POINT (-9.180500030517578 38.744998931884766)
2670_754,6616_20250401_201_0_15,201_0,0,38.73497009277344,-9.219670295715332,28,IN_TRANSIT_TO,2025-04-08 19:11:36,18129,2670,87-XB-32,POINT (-9.219670295715332 38.73497009277344)
2675_727,4554_20250401_103_0_11,103_0,0,38.70656967163086,-9.15779972076416,37,IN_TRANSIT_TO,2025-04-08 19:11:13,9604,2675,87-XB-35,POINT (-9.15779972076416 38.70656967163086)
2962_702,3069_20250401_146_0_33,146_0,0,38.72520065307617,-9.1533203125,1,IN_TRANSIT_TO,2025-04-08 19:11:19,50188,2962,30-VM-07,POINT (-9.1533203125 38.72520065307617)
6031_732,5072_20250401_107_0_4,107_0,1,38.706329345703125,-9.155320167541504,26,IN_TRANSIT_TO,2025-04-08 19:11:09,3901,6031,BF-87-AX,POINT (-9.155320167541504 38.706329345703125)
604_15E,11224_20250401_76_0_21,76_0,0,38.706321716308594,-9.144729614257812,0,IN_TRANSIT_TO,2025-04-08 19:11:24,,604,,POINT (-9.144729614257812 38.706321716308594)
4819_751,6509_20250401_109_0_18,109_0,1,38.71500015258789,-9.175780296325684,27,IN_TRANSIT_TO,2025-04-08 19:11:30,9411,4819,34-VR-16,POINT (-9.175780296325684 38.71500015258789)
547_18E,12194_20250401_78_0_22,78_0,1,38.704978942871094,-9.187600135803223,9,IN_TRANSIT_TO,2025-04-08 19:11:05,13405,547,,POINT (-9.187600135803223 38.704978942871094)
6049_760,7069_20250401_171_0_12,171_0,0,38.70526885986328,-9.196049690246582,27,IN_TRANSIT_TO,2025-04-08 19:11:35,13312,6049,BH-47-IR,POINT (-9.196049690246582 38.70526885986328)
2723_746,5991_20250401_108_0_17,108_0,0,38.743831634521484,-9.176529884338379,12,IN_TRANSIT_TO,2025-04-08 19:11:08,10706,2723,92-XQ-43,POINT (-9.176529884338379 38.743831634521484)
2827_753,6578_20250401_167_0_25,167_0,0,38.7138786315918,-9.177550315856934,7,IN_TRANSIT_TO,2025-04-08 19:11:28,8607,2827,BF-61-FZ,POINT (-9.177550315856934 38.7138786315918)
6050_760,7088_20250401_171_0_13,171_0,0,38.71012878417969,-9.135669708251953,9,IN_TRANSIT_TO,2025-04-08 19:11:27,906,6050,BH-62-IR,POINT (-9.135669708251953 38.71012878417969)
2347_724,4224_20250401_178_0_25,178_0,0,38.750518798828125,-9.197420120239258,19,IN_TRANSIT_TO,2025-04-08 19:10:46,10907,2347,53-61-ZJ,POINT (-9.197420120239258 38.750518798828125)
2658_738,5565_20250401_117_0_12,117_0,0,38.737518310546875,-9.145899772644043,17,IN_TRANSIT_TO,2025-04-08 19:11:27,1810,2658,05-VZ-71,POINT (-9.145899772644043 38.737518310546875)
2493_708,3300_20250401_100_0_11,100_0,0,38.76084899902344,-9.111969947814941,20,IN_TRANSIT_TO,2025-04-08 19:11:24,8414,2493,88-BL-65,POINT (-9.111969947814941 38.76084899902344)
2288_763,49573_20250401_282_0_7,282_0,0,38.76253128051758,-9.197270393371582,17,IN_TRANSIT_TO,2025-04-08 19:11:31,13909,2288,92-59-ZM,POINT (-9.197270393371582 38.76253128051758)
2295_724,4190_20250401_178_0_24,178_0,1,38.73225021362305,-9.203280448913574,18,IN_TRANSIT_TO,2025-04-08 19:11:31,8849,2295,92-53-ZM,POINT (-9.203280448913574 38.73225021362305)
2979_702,3034_20250401_146_0_32,146_0,1,38.724971771240234,-9.156620025634766,11,IN_TRANSIT_TO,2025-04-08 19:11:18,6128,2979,30-VM-17,POINT (-9.156620025634766 38.724971771240234)
2257_731,5019_20250401_190_0_14,190_0,0,38.74032974243164,-9.167280197143555,1,IN_TRANSIT_TO,2025-04-08 19:11:27,50038,2257,80-50-ZE,POINT (-9.167280197143555 38.74032974243164)
2281_799,8216_20250401_120_0_17,120_0,0,38.73836898803711,-9.218130111694336,16,IN_TRANSIT_TO,2025-04-08 19:11:09,50053,2281,67-56-ZJ,POINT (-9.218130111694336 38.73836898803711)
255_37B,18842_20250401_224_0_25,224_0,0,38.72962188720703,-9.123479843139648,20,IN_TRANSIT_TO,2025-04-08 19:11:34,7012,255,AF-58-RM,POINT (-9.123479843139648 38.72962188720703)
2628_722,4128_20250401_196_0_15,196_0,0,38.781551361083984,-9.108349800109863,33,IN_TRANSIT_TO,2025-04-08 19:11:33,12625,2628,52-VP-82,POINT (-9.108349800109863 38.781551361083984)
1717_717,3805_20250401_170_0_16,170_0,1,38.798221588134766,-9.146300315856934,0,IN_TRANSIT_TO,2025-04-08 19:11:05,,1717,69-AL-80,POINT (-9.146300315856934 38.798221588134766)
4832_736,5389_20250401_199_0_5,199_0,0,38.747779846191406,-9.148019790649414,11,IN_TRANSIT_TO,2025-04-08 19:11:28,2011,4832,68-VQ-51,POINT (-9.148019790649414 38.747779846191406)
6015_706,3270_20250401_147_0_13,147_0,0,38.71977996826172,-9.155529975891113,11,IN_TRANSIT_TO,2025-04-08 19:11:33,6817,6015,69-ZF-01,POINT (-9.155529975891113 38.71977996826172)
2629_744,5804_20250401_200_0_15,200_0,0,38.719730377197266,-9.14503002166748,2,IN_TRANSIT_TO,2025-04-08 19:11:21,1103,2629,52-VP-81,POINT (-9.14503002166748 38.719730377197266)
4835_736,5340_20250401_199_0_15,199_0,0,38.77444839477539,-9.162030220031738,20,IN_TRANSIT_TO,2025-04-08 19:11:18,5907,4835,53-VR-06,POINT (-9.162030220031738 38.77444839477539)
271_61B,21531_20250401_241_0_28,241_0,1,38.73748016357422,-9.168230056762695,6,IN_TRANSIT_TO,2025-04-08 19:11:14,2712,271,AH-27-IN,POINT (-9.168230056762695 38.73748016357422)
6024_732,5040_20250401_107_0_9,107_0,1,38.74776840209961,-9.152629852294922,43,IN_TRANSIT_TO,2025-04-08 19:11:28,2009,6024,BF-69-BA,POINT (-9.152629852294922 38.74776840209961)
2259_706,3261_20250401_147_0_6,147_0,0,38.72019958496094,-9.117630004882812,29,IN_TRANSIT_TO,2025-04-08 19:11:36,9825,2259,67-44-ZJ,POINT (-9.117630004882812 38.72019958496094)
2430_767,7203_20250401_112_0_11,112_0,0,38.760101318359375,-9.175649642944336,24,IN_TRANSIT_TO,2025-04-08 19:11:31,50015,2430,29-AX-12,POINT (-9.175649642944336 38.760101318359375)
2442_767,7299_20250401_112_0_11,112_0,0,38.7601318359375,-9.179070472717285,25,IN_TRANSIT_TO,2025-04-08 19:11:34,50141,2442,29-AX-06,POINT (-9.179070472717285 38.7601318359375)
2703_738,5514_20250401_117_0_14,117_0,1,38.75012969970703,-9.162220001220703,30,IN_TRANSIT_TO,2025-04-08 19:11:10,13508,2703,92-XQ-24,POINT (-9.162220001220703 38.75012969970703)
2495_742,5664_20250401_114_0_13,114_0,1,38.70425033569336,-9.186280250549316,16,IN_TRANSIT_TO,2025-04-08 19:11:33,12007,2495,88-BL-69,POINT (-9.186280250549316 38.70425033569336)
2842_728,4602_20250401_204_0_11,204_0,1,38.78107833862305,-9.111379623413086,2,IN_TRANSIT_TO,2025-04-08 19:11:16,12615,2842,BF-56-FZ,POINT (-9.111379623413086 38.78107833862305)
4833_736,5332_20250401_199_0_13,199_0,0,38.77457809448242,-9.161800384521484,20,IN_TRANSIT_TO,2025-04-08 19:11:15,5907,4833,20-VQ-65,POINT (-9.161800384521484 38.77457809448242)
6009_706,3228_20250401_147_0_9,147_0,1,38.71855163574219,-9.155579566955566,24,IN_TRANSIT_TO,2025-04-08 19:10:45,6810,6009,81-ZC-18,POINT (-9.155579566955566 38.71855163574219)
2272_763,46420_20250401_282_0_22,282_0,1,38.76782989501953,-9.196869850158691,6,IN_TRANSIT_TO,2025-04-08 19:11:17,13906,2272,76-80-ZG,POINT (-9.196869850158691 38.76782989501953)
2796_764,7159_20250401_168_0_18,168_0,0,38.74617004394531,-9.212380409240723,26,IN_TRANSIT_TO,2025-04-08 19:09:17,8824,2796,AJ-59-LI,POINT (-9.212380409240723 38.74617004394531)
2607_782,7787_20250401_152_0_12,152_0,0,38.77431869506836,-9.097220420837402,19,IN_TRANSIT_TO,2025-04-08 19:11:20,7821,2607,AA-95-TQ,POINT (-9.097220420837402 38.77431869506836)
6023_732,5092_20250401_107_0_10,107_0,0,38.70983123779297,-9.138270378112793,17,IN_TRANSIT_TO,2025-04-08 19:11:21,5510,6023,BF-03-BD,POINT (-9.138270378112793 38.70983123779297)
4821_736,18835_20250401_199_0_14,199_0,1,38.74414825439453,-9.147430419921875,20,IN_TRANSIT_TO,2025-04-08 19:11:26,2019,4821,20-VQ-68,POINT (-9.147430419921875 38.74414825439453)
2821_753,6540_20250401_167_0_26,167_0,1,38.72425079345703,-9.160149574279785,4,IN_TRANSIT_TO,2025-04-08 19:11:35,8502,2821,BF-71-FZ,POINT (-9.160149574279785 38.72425079345703)
2697_711,3502_20250401_101_0_11,101_0,0,38.75339889526367,-9.208479881286621,24,IN_TRANSIT_TO,2025-04-08 19:11:25,50170,2697,90-XF-59,POINT (-9.208479881286621 38.75339889526367)
2601_705,3187_20250401_176_0_19,176_0,0,38.75373077392578,-9.130579948425293,21,IN_TRANSIT_TO,2025-04-08 19:11:15,7413,2601,04-VA-70,POINT (-9.130579948425293 38.75373077392578)
6036_760,7096_20250401_171_0_9,171_0,0,38.7276496887207,-9.141200065612793,1,IN_TRANSIT_TO,2025-04-08 19:11:12,6909,6036,BG-90-LX,POINT (-9.141200065612793 38.7276496887207)
2706_764,7138_20250401_168_0_18,168_0,1,38.715728759765625,-9.231430053710938,4,IN_TRANSIT_TO,2025-04-08 19:11:18,3001,2706,92-XQ-46,POINT (-9.231430053710938 38.715728759765625)
2739_708,3346_20250401_100_0_12,100_0,0,38.765621185302734,-9.11340045928955,22,IN_TRANSIT_TO,2025-04-08 19:11:23,8443,2739,AG-31-EI,POINT (-9.11340045928955 38.765621185302734)
2602_781,7754_20250401_151_0_18,151_0,0,38.731468200683594,-9.105170249938965,6,IN_TRANSIT_TO,2025-04-08 19:11:09,8309,2602,16-VF-81,POINT (-9.105170249938965 38.731468200683594)
2653_727,4534_20250401_103_0_11,103_0,1,38.720420837402344,-9.153650283813477,34,IN_TRANSIT_TO,2025-04-08 19:11:09,6805,2653,05-VZ-52,POINT (-9.153650283813477 38.720420837402344)
2749_756,6738_20250401_175_0_6,175_0,1,38.74153137207031,-9.129400253295898,19,IN_TRANSIT_TO,2025-04-08 19:11:20,9008,2749,AG-03-TH,POINT (-9.129400253295898 38.74153137207031)
2988_72B,45270_20250401_279_0_18,279_0,0,38.745819091796875,-9.20637035369873,12,IN_TRANSIT_TO,2025-04-08 19:11:09,2907,2988,29-VM-94,POINT (-9.20637035369873 38.745819091796875)
2743_756,6715_20250401_175_0_22,175_0,0,38.73912048339844,-9.12617015838623,3,IN_TRANSIT_TO,2025-04-08 19:11:16,8905,2743,AG-02-TH,POINT (-9.12617015838623 38.73912048339844)
2657_754,6623_20250401_201_0_15,201_0,0,38.73603057861328,-9.21127986907959,34,IN_TRANSIT_TO,2025-04-08 19:11:21,8844,2657,05-VZ-66,POINT (-9.21127986907959 38.73603057861328)
2637_759,6926_20250401_144_0_13,144_0,0,38.76734924316406,-9.098030090332031,46,IN_TRANSIT_TO,2025-04-08 19:11:16,7822,2637,87-VS-51,POINT (-9.098030090332031 38.76734924316406)
2617_759,6904_20250401_144_0_13,144_0,0,38.774330139160156,-9.097100257873535,22,IN_TRANSIT_TO,2025-04-08 19:11:09,3715,2617,66-VI-28,POINT (-9.097100257873535 38.774330139160156)
6005_799,8231_20250401_120_0_17,120_0,1,38.73918151855469,-9.214130401611328,11,IN_TRANSIT_TO,2025-04-08 19:11:17,18109,6005,81-ZC-91,POINT (-9.214130401611328 38.73918151855469)
2648_714,3704_20250401_102_0_15,102_0,0,38.697418212890625,-9.199230194091797,19,IN_TRANSIT_TO,2025-04-08 19:11:30,4112,2648,75-VS-46,POINT (-9.199230194091797 38.697418212890625)
2619_722,4120_20250401_196_0_15,196_0,1,38.71670150756836,-9.142600059509277,33,IN_TRANSIT_TO,2025-04-08 19:11:34,1102,2619,66-VI-37,POINT (-9.142600059509277 38.71670150756836)
2704_714,3682_20250401_102_0_6,102_0,1,38.72235107421875,-9.229780197143555,9,IN_TRANSIT_TO,2025-04-08 19:11:36,18111,2704,92-XQ-18,POINT (-9.229780197143555 38.72235107421875)
2639_705,3200_20250401_176_0_15,176_0,1,38.762451171875,-9.129429817199707,10,IN_TRANSIT_TO,2025-04-08 19:11:17,50099,2639,75-VS-47,POINT (-9.129429817199707 38.762451171875)
2647_782,7767_20250401_152_0_14,152_0,0,38.70841979980469,-9.136320114135742,3,IN_TRANSIT_TO,2025-04-08 19:11:24,5501,2647,75-VS-45,POINT (-9.136320114135742 38.70841979980469)
2989_72B,45271_20250401_279_0_18,279_0,0,38.7554817199707,-9.195030212402344,2,IN_TRANSIT_TO,2025-04-08 19:11:28,50242,2989,29-VM-85,POINT (-9.195030212402344 38.7554817199707)
573_28E,14916_20250401_75_0_22,75_0,0,38.71662902832031,-9.129549980163574,9,IN_TRANSIT_TO,2025-04-08 19:11:28,14804,573,,POINT (-9.129549980163574 38.71662902832031)
2724_723,4184_20250401_121_0_17,121_0,1,38.723079681396484,-9.18198013305664,23,IN_TRANSIT_TO,2025-04-08 19:11:08,21306,2724,92-XQ-40,POINT (-9.18198013305664 38.723079681396484)
2737_708,3287_20250401_100_0_15,100_0,1,38.788700103759766,-9.099320411682129,5,IN_TRANSIT_TO,2025-04-08 19:11:23,50304,2737,AG-45-EI,POINT (-9.099320411682129 38.788700103759766)
2609_759,6969_20250401_144_0_14,144_0,1,38.71440124511719,-9.139200210571289,46,IN_TRANSIT_TO,2025-04-08 19:11:09,919,2609,66-VI-36,POINT (-9.139200210571289 38.71440124511719)
2618_744,5847_20250401_200_0_15,200_0,0,38.757049560546875,-9.139069557189941,14,IN_TRANSIT_TO,2025-04-08 19:11:18,11315,2618,66-VI-42,POINT (-9.139069557189941 38.757049560546875)
2643_749,6202_20250401_195_0_29,195_0,1,38.75682067871094,-9.112870216369629,14,IN_TRANSIT_TO,2025-04-08 19:11:32,24370,2643,75-VS-44,POINT (-9.112870216369629 38.75682067871094)
2646_759,6945_20250401_144_0_13,144_0,0,38.77362823486328,-9.11322021484375,38,IN_TRANSIT_TO,2025-04-08 19:11:12,7721,2646,75-VS-48,POINT (-9.11322021484375 38.77362823486328)
2993_730,4970_20250401_198_0_20,198_0,1,38.72637176513672,-9.135430335998535,8,IN_TRANSIT_TO,2025-04-08 19:11:31,606,2993,29-VM-93,POINT (-9.135430335998535 38.72637176513672)
2733_742,5771_20250401_114_0_12,114_0,1,38.727420806884766,-9.110349655151367,53,IN_TRANSIT_TO,2025-04-08 19:11:26,8303,2733,AG-41-EI,POINT (-9.110349655151367 38.727420806884766)
2468_767,7292_20250401_112_0_12,112_0,1,38.74903106689453,-9.191180229187012,16,IN_TRANSIT_TO,2025-04-08 19:11:13,10807,2468,16-AZ-10,POINT (-9.191180229187012 38.74903106689453)
2664_727,4505_20250401_103_0_11,103_0,0,38.73357009887695,-9.14507007598877,10,IN_TRANSIT_TO,2025-04-08 19:11:36,1802,2664,05-VZ-68,POINT (-9.14507007598877 38.73357009887695)
2308_793,7972_20250401_145_0_22,145_0,0,38.74037170410156,-9.127400398254395,25,IN_TRANSIT_TO,2025-04-08 19:11:31,8910,2308,83-17-ZM,POINT (-9.127400398254395 38.74037170410156)
2654_714,3629_20250401_102_0_16,102_0,1,38.69990158081055,-9.183879852294922,25,IN_TRANSIT_TO,2025-04-08 19:11:10,9505,2654,05-VZ-69,POINT (-9.183879852294922 38.69990158081055)
6042_732,5058_20250401_107_0_10,107_0,1,38.72576904296875,-9.147979736328125,33,IN_TRANSIT_TO,2025-04-08 19:11:20,1103,6042,BG-97-LU,POINT (-9.147979736328125 38.72576904296875)
542_25E,14274_20250401_79_0_6,79_0,0,38.701080322265625,-9.1808500289917,3,IN_TRANSIT_TO,2025-04-08 19:08:10,7102,542,,POINT (-9.1808500289917 38.701080322265625)
574_28E,15019_20250401_75_0_21,75_0,1,38.713279724121094,-9.130270004272461,11,IN_TRANSIT_TO,2025-04-08 19:11:21,13811,574,,POINT (-9.130270004272461 38.713279724121094)
2713_746,5988_20250401_108_0_20,108_0,1,38.735321044921875,-9.154780387878418,20,IN_TRANSIT_TO,2025-04-08 19:11:21,1502,2713,92-XQ-34,POINT (-9.154780387878418 38.735321044921875)
2635_705,3181_20250401_176_0_20,176_0,1,38.75727081298828,-9.130000114440918,6,IN_TRANSIT_TO,2025-04-08 19:11:31,7401,2635,52-VP-90,POINT (-9.130000114440918 38.75727081298828)
2799_727,4495_20250401_103_0_4,103_0,0,38.720298767089844,-9.153980255126953,15,IN_TRANSIT_TO,2025-04-08 19:11:29,6806,2799,AJ-52-LI,POINT (-9.153980255126953 38.720298767089844)
2258_768,7345_20250401_111_0_19,111_0,0,38.7618293762207,-9.197019577026367,20,IN_TRANSIT_TO,2025-04-08 19:11:36,13904,2258,53-58-ZJ,POINT (-9.197019577026367 38.7618293762207)
544_18E,12210_20250401_78_0_20,78_0,1,38.70624923706055,-9.145270347595215,19,IN_TRANSIT_TO,2025-04-08 19:11:24,7101,544,,POINT (-9.145270347595215 38.70624923706055)
2769_714,3696_20250401_102_0_15,102_0,0,38.717079162597656,-9.212430000305176,29,IN_TRANSIT_TO,2025-04-08 19:11:13,10404,2769,AH-19-ND,POINT (-9.212430000305176 38.717079162597656)
556_25E,14272_20250401_79_0_29,79_0,1,38.706581115722656,-9.141929626464844,16,IN_TRANSIT_TO,2025-04-08 19:11:26,3803,556,,POINT (-9.141929626464844 38.706581115722656)
402_67B,28220_20250401_253_0_17,253_0,0,38.71247863769531,-9.165499687194824,4,IN_TRANSIT_TO,2025-04-08 19:11:27,50529,402,BF-81-TP,POINT (-9.165499687194824 38.71247863769531)
549_28E,14967_20250401_75_0_21,75_0,1,38.7171516418457,-9.129779815673828,15,IN_TRANSIT_TO,2025-04-08 19:11:26,14803,549,,POINT (-9.129779815673828 38.7171516418457)
2686_713,3574_20250401_122_0_17,122_0,0,38.72801971435547,-9.16057014465332,9,IN_TRANSIT_TO,2025-04-08 19:11:15,6115,2686,99-XE-58,POINT (-9.16057014465332 38.72801971435547)
571_28E,14893_20250401_75_0_22,75_0,0,38.710079193115234,-9.135129928588867,16,IN_TRANSIT_TO,2025-04-08 19:11:04,13802,571,,POINT (-9.135129928588867 38.710079193115234)
2652_727,4488_20250401_103_0_12,103_0,0,38.70195007324219,-9.180899620056152,31,IN_TRANSIT_TO,2025-04-08 19:11:24,12108,2652,05-VZ-61,POINT (-9.180899620056152 38.70195007324219)
2626_718,3989_20250401_105_0_19,105_0,1,38.73162078857422,-9.127420425415039,6,IN_TRANSIT_TO,2025-04-08 19:11:08,502,2626,52-VP-86,POINT (-9.127420425415039 38.73162078857422)
2829_753,18386_20250401_167_0_13,167_0,0,38.7246208190918,-9.159729957580566,5,IN_TRANSIT_TO,2025-04-08 19:11:34,1223,2829,BF-58-FZ,POINT (-9.159729957580566 38.7246208190918)
503_15E,11191_20250401_76_0_21,76_0,0,38.697418212890625,-9.199419975280762,13,IN_TRANSIT_TO,2025-04-08 19:11:27,4112,503,,POINT (-9.199419975280762 38.697418212890625)
2622_781,7720_20250401_151_0_18,151_0,1,38.744300842285156,-9.101249694824219,21,IN_TRANSIT_TO,2025-04-08 19:11:33,12504,2622,66-VI-21,POINT (-9.101249694824219 38.744300842285156)
2649_746,5966_20250401_108_0_21,108_0,0,38.745670318603516,-9.181699752807617,14,IN_TRANSIT_TO,2025-04-08 19:11:35,10702,2649,75-VS-42,POINT (-9.181699752807617 38.745670318603516)
2975_79B,18672_20250401_221_0_15,221_0,0,38.717071533203125,-9.212900161743164,19,IN_TRANSIT_TO,2025-04-08 19:11:25,10404,2975,30-VM-11,POINT (-9.212900161743164 38.717071533203125)
2986_71B,45265_20250401_278_0_17,278_0,0,38.74591827392578,-9.204680442810059,17,IN_TRANSIT_TO,2025-04-08 19:11:19,2906,2986,30-VM-12,POINT (-9.204680442810059 38.74591827392578)
2701_776,7479_20250401_193_0_56,193_0,0,38.707271575927734,-9.252070426940918,11,IN_TRANSIT_TO,2025-04-08 19:11:28,50406,2701,92-XQ-35,POINT (-9.252070426940918 38.707271575927734)
551_18E,12179_20250401_78_0_22,78_0,1,38.7064208984375,-9.17947006225586,13,IN_TRANSIT_TO,2025-04-08 19:11:16,12119,551,,POINT (-9.17947006225586 38.7064208984375)
2982_45B,45284_20250401_277_0_19,277_0,1,38.759620666503906,-9.154979705810547,13,IN_TRANSIT_TO,2025-04-08 19:11:22,5803,2982,30-VM-23,POINT (-9.154979705810547 38.759620666503906)
2711_776,7492_20250401_193_0_51,193_0,1,38.69926834106445,-9.230520248413086,10,IN_TRANSIT_TO,2025-04-08 19:11:18,4217,2711,92-XQ-44,POINT (-9.230520248413086 38.69926834106445)
2976_55B,21537_20250401_240_0_28,240_0,0,38.766178131103516,-9.183369636535645,11,IN_TRANSIT_TO,2025-04-08 19:11:18,50365,2976,30-VM-00,POINT (-9.183369636535645 38.766178131103516)
2616_759,6982_20250401_144_0_14,144_0,1,38.733848571777344,-9.112700462341309,30,IN_TRANSIT_TO,2025-04-08 19:11:10,17572,2616,66-VI-44,POINT (-9.112700462341309 38.733848571777344)
2604_705,3191_20250401_176_0_16,176_0,0,38.77510070800781,-9.102470397949219,5,IN_TRANSIT_TO,2025-04-08 19:11:35,7908,2604,66-VI-32,POINT (-9.102470397949219 38.77510070800781)
2332_40B,17569_20250401_212_0_23,212_0,0,38.79256820678711,-9.150300025939941,6,IN_TRANSIT_TO,2025-04-08 19:11:06,11608,2332,53-55-ZJ,POINT (-9.150300025939941 38.79256820678711)
2605_759,6957_20250401_144_0_15,144_0,0,38.73406982421875,-9.11262035369873,17,IN_TRANSIT_TO,2025-04-08 19:11:16,17569,2605,66-VI-35,POINT (-9.11262035369873 38.73406982421875)
2980_765,18945_20250401_110_0_53,110_0,0,38.75672912597656,-9.20205020904541,6,IN_TRANSIT_TO,2025-04-08 19:11:31,13704,2980,29-VM-90,POINT (-9.20205020904541 38.75672912597656)
2663_714,3697_20240914_102_0_16,102_0,1,38.72127151489258,-9.221500396728516,4,IN_TRANSIT_TO,2024-10-22 20:26:58,18703,2663,05-VZ-62,POINT (-9.221500396728516 38.72127151489258)
2659_15E,11492_20250401_76_8_31,76_8,0,38.70378112792969,-9.162300109863281,7,IN_TRANSIT_TO,2025-04-08 19:11:27,3906,2659,05-VZ-57,POINT (-9.162300109863281 38.70378112792969)
6043_706,3234_20250401_147_0_5,147_0,1,38.72544860839844,-9.146080017089844,20,IN_TRANSIT_TO,2025-04-08 19:11:22,6610,6043,BG-93-LT,POINT (-9.146080017089844 38.72544860839844)
2995_774,7440_20250401_192_0_32,192_0,1,38.7210693359375,-9.16100025177002,10,IN_TRANSIT_TO,2025-04-08 19:11:15,8519,2995,30-VM-15,POINT (-9.16100025177002 38.7210693359375)
580_28E,15020_20250401_75_0_12,75_0,0,38.71232986450195,-9.13053035736084,12,IN_TRANSIT_TO,2025-04-08 19:11:30,13814,580,,POINT (-9.13053035736084 38.71232986450195)
543_28E,14993_20250401_75_0_22,75_0,0,38.71315002441406,-9.130450248718262,20,IN_TRANSIT_TO,2025-04-08 19:11:09,10516,543,,POINT (-9.130450248718262 38.71315002441406)
4804_728,4715_20250401_204_0_11,204_0,1,38.703529357910156,-9.166600227355957,38,IN_TRANSIT_TO,2025-04-08 19:11:10,3906,4804,53-VR-07,POINT (-9.166600227355957 38.703529357910156)
550_12E,11029_20250401_77_0_22,77_0,0,38.715518951416016,-9.135950088500977,0,IN_TRANSIT_TO,2025-04-08 19:11:29,,550,,POINT (-9.135950088500977 38.715518951416016)
404_10B,21752_20250401_242_0_27,242_0,0,38.71260070800781,-9.126429557800293,13,IN_TRANSIT_TO,2025-04-08 19:11:15,50518,404,BF-14-TQ,POINT (-9.126429557800293 38.71260070800781)
4813_751,6456_20250401_109_0_23,109_0,0,38.70064926147461,-9.222200393676758,21,IN_TRANSIT_TO,2025-04-08 19:11:17,9709,4813,68-VQ-50,POINT (-9.222200393676758 38.70064926147461)
2828_728,4717_20250401_204_0_3,204_0,1,38.70832061767578,-9.136770248413086,32,IN_TRANSIT_TO,2025-04-08 19:10:51,4502,2828,BF-60-FZ,POINT (-9.136770248413086 38.70832061767578)
2696_714,3690_20250401_102_0_13,102_0,0,38.717079162597656,-9.210370063781738,29,IN_TRANSIT_TO,2025-04-08 19:11:21,10404,2696,90-XF-63,POINT (-9.210370063781738 38.717079162597656)
507_15E,11245_20250401_76_0_18,76_0,1,38.70634841918945,-9.148429870605469,19,IN_TRANSIT_TO,2025-04-08 19:11:33,7101,507,,POINT (-9.148429870605469 38.70634841918945)
2977_730,4950_20250401_198_0_20,198_0,0,38.7264518737793,-9.13623046875,19,IN_TRANSIT_TO,2025-04-08 19:11:24,605,2977,30-VM-21,POINT (-9.13623046875 38.7264518737793)
2427_767,7270_20250401_112_0_12,112_0,1,38.76277160644531,-9.16016960144043,26,IN_TRANSIT_TO,2025-04-08 19:11:14,50014,2427,29-AX-14,POINT (-9.16016960144043 38.76277160644531)
4824_736,5417_20250401_199_0_14,199_0,1,38.715049743652344,-9.14115047454834,28,IN_TRANSIT_TO,2025-04-08 19:11:32,1006,4824,34-VR-19,POINT (-9.14115047454834 38.715049743652344)
2778_727,4526_20250401_103_0_11,103_0,1,38.74687957763672,-9.140620231628418,46,IN_TRANSIT_TO,2025-04-08 19:11:29,202,2778,AI-03-BT,POINT (-9.140620231628418 38.74687957763672)
268_734,5167_20250401_205_4_52,205_4,0,38.72142028808594,-9.129480361938477,6,IN_TRANSIT_TO,2025-04-08 19:11:33,9127,268,AH-56-CZ,POINT (-9.129480361938477 38.72142028808594)
555_12E,11034_20250401_77_0_19,77_0,1,38.71202087402344,-9.130249977111816,10,IN_TRANSIT_TO,2025-04-08 19:11:20,13805,555,,POINT (-9.130249977111816 38.71202087402344)
2974_52B,21664_20250401_244_0_21,244_0,0,38.74169921875,-9.163969993591309,1,IN_TRANSIT_TO,2025-04-08 19:11:11,1604,2974,30-VM-22,POINT (-9.163969993591309 38.74169921875)
4817_751,6479_20250401_109_0_21,109_0,0,38.71017074584961,-9.174249649047852,6,IN_TRANSIT_TO,2025-04-08 19:11:11,9412,4817,00-VV-37,POINT (-9.174249649047852 38.71017074584961)
266_76B,18633_20250401_219_0_28,219_0,0,38.70372009277344,-9.194930076599121,2,IN_TRANSIT_TO,2025-04-08 19:11:19,13410,266,AH-55-CZ,POINT (-9.194930076599121 38.70372009277344)
575_24E,17845_20250401_213_0_23,213_0,1,38.72542953491211,-9.16018009185791,1,IN_TRANSIT_TO,2025-04-08 14:21:33,6130,575,,POINT (-9.16018009185791 38.72542953491211)
2660_754,6610_20250401_201_0_16,201_0,1,38.74272155761719,-9.16586971282959,29,IN_TRANSIT_TO,2025-04-08 19:11:25,1603,2660,05-VZ-60,POINT (-9.16586971282959 38.74272155761719)
269_61B,21523_20250401_241_0_28,241_0,0,38.729801177978516,-9.164400100708008,9,IN_TRANSIT_TO,2025-04-08 19:11:27,50509,269,AG-25-NH,POINT (-9.164400100708008 38.729801177978516)
1729_796,8116_20250401_174_0_36,174_0,1,38.79087829589844,-9.151450157165527,2,IN_TRANSIT_TO,2025-04-08 19:11:06,11601,1729,25-AS-41,POINT (-9.151450157165527 38.79087829589844)
277_65B,22208_20250401_250_0_24,250_0,0,38.72037887573242,-9.155630111694336,12,IN_TRANSIT_TO,2025-04-08 19:11:25,50191,277,AH-13-TB,POINT (-9.155630111694336 38.72037887573242)
2630_744,5817_20250401_200_0_14,200_0,1,38.77006912231445,-9.126850128173828,12,IN_TRANSIT_TO,2025-04-08 19:11:06,12202,2630,52-VP-89,POINT (-9.126850128173828 38.77006912231445)
4803_748,6191_20250401_169_0_1,169_0,1,38.710819244384766,-9.226349830627441,6,IN_TRANSIT_TO,2025-04-08 19:11:14,14311,4803,77-VP-16,POINT (-9.226349830627441 38.710819244384766)
2651_722,4130_20250401_196_0_14,196_0,0,38.73651885986328,-9.136369705200195,8,IN_TRANSIT_TO,2025-04-08 19:11:18,11108,2651,05-VZ-54,POINT (-9.136369705200195 38.73651885986328)
2983_702,3057_20250401_146_0_37,146_0,0,38.7322998046875,-9.172630310058594,12,IN_TRANSIT_TO,2025-04-08 19:11:21,50085,2983,30-VM-08,POINT (-9.172630310058594 38.7322998046875)
257_58B,19294_20250401_227_0_24,227_0,0,38.74195098876953,-9.173620223999023,21,IN_TRANSIT_TO,2025-04-08 19:11:32,50416,257,AF-59-RM,POINT (-9.173620223999023 38.74195098876953)
4635_783,7843_20250401_203_0_15,203_0,0,38.76782989501953,-9.1287202835083,19,IN_TRANSIT_TO,2025-04-08 19:11:16,7601,4635,90-JI-95,POINT (-9.1287202835083 38.76782989501953)
2742_735,5209_20250401_172_0_16,172_0,1,38.74272918701172,-9.138420104980469,10,IN_TRANSIT_TO,2025-04-08 19:11:08,306,2742,AG-94-TG,POINT (-9.138420104980469 38.74272918701172)
2715_714,3660_20250401_102_0_16,102_0,1,38.709720611572266,-9.21537971496582,14,IN_TRANSIT_TO,2025-04-08 19:10:49,12407,2715,92-XQ-22,POINT (-9.21537971496582 38.709720611572266)
2608_718,3996_20250401_105_0_7,105_0,1,38.74538040161133,-9.135700225830078,0,IN_TRANSIT_TO,2025-04-08 19:11:11,,2608,66-VI-39,POINT (-9.135700225830078 38.74538040161133)
2719_711,3508_20250401_101_0_15,101_0,0,38.72494888305664,-9.156169891357422,8,IN_TRANSIT_TO,2025-04-08 19:11:23,1223,2719,92-XQ-17,POINT (-9.156169891357422 38.72494888305664)
2631_722,4122_20250401_196_0_15,196_0,1,38.768951416015625,-9.128000259399414,16,IN_TRANSIT_TO,2025-04-08 19:11:32,7602,2631,52-VP-80,POINT (-9.128000259399414 38.768951416015625)
2722_738,5533_20250401_117_0_14,117_0,1,38.75017166137695,-9.161020278930664,29,IN_TRANSIT_TO,2025-04-08 19:11:10,13507,2722,92-XQ-36,POINT (-9.161020278930664 38.75017166137695)
2735_720,4084_20250401_143_0_16,143_0,1,38.73830032348633,-9.133649826049805,25,IN_TRANSIT_TO,2025-04-08 19:11:26,414,2735,AG-37-EI,POINT (-9.133649826049805 38.73830032348633)
279_734,5165_20250401_205_4_51,205_4,1,38.71495056152344,-9.136500358581543,9,IN_TRANSIT_TO,2025-04-08 18:44:08,805,279,AI-38-FG,POINT (-9.136500358581543 38.71495056152344)
2972_34B,19152_20250401_226_0_14,226_0,0,38.73884963989258,-9.125049591064453,39,IN_TRANSIT_TO,2025-04-08 19:11:15,8912,2972,29-VM-96,POINT (-9.125049591064453 38.73884963989258)
2625_781,7760_20250401_151_0_17,151_0,1,38.70787811279297,-9.13877010345459,27,IN_TRANSIT_TO,2025-04-08 19:11:05,4502,2625,72-VP-79,POINT (-9.13877010345459 38.70787811279297)
2419_716,3751_20250401_164_0_16,164_0,0,38.740501403808594,-9.167369842529297,12,IN_TRANSIT_TO,2025-04-08 19:11:26,50472,2419,92-AO-55,POINT (-9.167369842529297 38.740501403808594)
2260_724,4211_20250401_178_0_23,178_0,0,38.765220642089844,-9.19871997833252,27,IN_TRANSIT_TO,2025-04-08 19:11:15,13912,2260,67-47-ZJ,POINT (-9.19871997833252 38.765220642089844)
2428_767,7204_20250401_112_0_5,112_0,0,38.75904846191406,-9.154549598693848,18,IN_TRANSIT_TO,2025-04-08 19:11:10,5805,2428,29-AX-13,POINT (-9.154549598693848 38.75904846191406)
2310_717,3862_20250401_170_0_15,170_0,0,38.7695198059082,-9.159199714660645,18,IN_TRANSIT_TO,2025-04-08 19:11:18,5901,2310,83-07-ZM,POINT (-9.159199714660645 38.7695198059082)
2489_703,3127_20250401_165_0_14,165_0,1,38.78485107421875,-9.14957046508789,35,IN_TRANSIT_TO,2025-04-08 19:11:12,50048,2489,55-BH-05,POINT (-9.14957046508789 38.78485107421875)
2402_767,7269_20250401_112_0_4,112_0,1,38.72779846191406,-9.140520095825195,41,IN_TRANSIT_TO,2025-04-08 19:11:26,6903,2402,50-AL-13,POINT (-9.140520095825195 38.72779846191406)
6044_767,7300_20250401_112_0_3,112_0,0,38.761531829833984,-9.195619583129883,30,IN_TRANSIT_TO,2025-04-08 19:11:13,10808,6044,BG-87-LX,POINT (-9.195619583129883 38.761531829833984)
2341_731,5015_20250401_190_0_17,190_0,0,38.74726867675781,-9.156749725341797,11,IN_TRANSIT_TO,2025-04-08 19:11:34,3311,2341,67-50-ZJ,POINT (-9.156749725341797 38.74726867675781)
2750_701,2993_20250401_123_0_5,123_0,1,38.74760055541992,-9.170949935913086,14,IN_TRANSIT_TO,2025-04-08 19:11:18,12707,2750,AG-10-TH,POINT (-9.170949935913086 38.74760055541992)
2780_764,7167_20250401_168_0_18,168_0,0,38.74504852294922,-9.199780464172363,20,IN_TRANSIT_TO,2025-04-08 19:11:16,2806,2780,AI-06-BT,POINT (-9.199780464172363 38.74504852294922)
2785_712,3559_20250401_189_0_17,189_0,0,38.70671844482422,-9.173680305480957,30,IN_TRANSIT_TO,2025-04-08 19:10:59,9401,2785,AI-05-BT,POINT (-9.173680305480957 38.70671844482422)
2994_770,7366_20250401_191_3_24,191_3,0,38.730899810791016,-9.173179626464844,12,IN_TRANSIT_TO,2025-04-08 19:11:14,50087,2994,29-VM-91,POINT (-9.173179626464844 38.730899810791016)
2471_703,3112_20250401_165_0_17,165_0,0,38.78715133666992,-9.142200469970703,0,IN_TRANSIT_TO,2025-04-08 19:11:27,,2471,74-BC-70,POINT (-9.142200469970703 38.78715133666992)
2304_735,5272_20250401_172_0_14,172_0,1,38.7276496887207,-9.123929977416992,17,IN_TRANSIT_TO,2025-04-08 19:11:18,7004,2304,83-10-ZM,POINT (-9.123929977416992 38.7276496887207)
2244_768,7343_20250401_111_0_23,111_0,1,38.76021957397461,-9.185179710388184,8,IN_TRANSIT_TO,2025-04-08 19:11:14,12819,2244,22-44-ZB,POINT (-9.185179710388184 38.76021957397461)
2286_731,4992_20250401_190_0_15,190_0,0,38.77389907836914,-9.10651969909668,29,IN_TRANSIT_TO,2025-04-08 19:11:36,12301,2286,67-42-ZJ,POINT (-9.10651969909668 38.77389907836914)
2760_712,3568_20250401_189_0_4,189_0,1,38.71976852416992,-9.116849899291992,23,IN_TRANSIT_TO,2025-04-08 19:11:30,9110,2760,AH-35-ND,POINT (-9.116849899291992 38.71976852416992)
2299_723,4138_20250401_121_0_16,121_0,1,38.72468185424805,-9.150670051574707,28,IN_TRANSIT_TO,2025-04-08 19:11:21,1212,2299,83-14-ZM,POINT (-9.150670051574707 38.72468185424805)
6013_760,7109_20250401_171_0_6,171_0,1,38.7067985534668,-9.198249816894531,14,IN_TRANSIT_TO,2025-04-08 19:11:29,10303,6013,68-ZF-53,POINT (-9.198249816894531 38.7067985534668)
2293_724,4232_20250401_178_0_23,178_0,0,38.709781646728516,-9.179479598999023,3,IN_TRANSIT_TO,2025-04-08 19:11:24,11801,2293,92-57-ZM,POINT (-9.179479598999023 38.709781646728516)
1727_783,7810_20250401_203_0_10,203_0,1,38.78303146362305,-9.124679565429688,4,IN_TRANSIT_TO,2025-04-08 12:25:58,16304,1727,25-AS-39,POINT (-9.124679565429688 38.78303146362305)
2478_767,7225_20250401_112_0_11,112_0,0,38.75822067260742,-9.153630256652832,18,IN_TRANSIT_TO,2025-04-08 19:11:06,5805,2478,91-BE-80,POINT (-9.153630256652832 38.75822067260742)
1778_742,5784_20250401_114_0_14,114_0,1,38.70677185058594,-9.198619842529297,10,IN_TRANSIT_TO,2025-04-08 19:11:19,10303,1778,63-HX-30,POINT (-9.198619842529297 38.70677185058594)
4814_728,4682_20250401_204_0_12,204_0,0,38.70627975463867,-9.14501953125,19,IN_TRANSIT_TO,2025-04-08 19:11:24,3803,4814,68-VQ-52,POINT (-9.14501953125 38.70627975463867)
1751_735,5245_20250401_172_1_13,172_1,1,38.72930145263672,-9.125570297241211,4,IN_TRANSIT_TO,2025-04-08 19:11:19,7004,1751,34-HU-17,POINT (-9.125570297241211 38.72930145263672)
2812_718,3980_20250401_105_0_19,105_0,1,38.731468200683594,-9.127050399780273,7,IN_TRANSIT_TO,2025-04-08 19:11:21,7010,2812,90-II-61,POINT (-9.127050399780273 38.731468200683594)
4621_755,6704_20250401_118_0_13,118_0,0,38.75333023071289,-9.143600463867188,32,IN_TRANSIT_TO,2025-04-08 19:11:14,108,4621,90-JI-90,POINT (-9.143600463867188 38.75333023071289)
4647_728,4622_20250401_204_0_12,204_0,0,38.75748062133789,-9.096400260925293,38,IN_TRANSIT_TO,2025-04-08 19:11:23,2410,4647,02-JN-88,POINT (-9.096400260925293 38.75748062133789)
2970_45B,49564_20250401_277_0_19,277_0,0,38.76055145263672,-9.168720245361328,15,IN_TRANSIT_TO,2025-04-08 19:11:27,50005,2970,29-VM-87,POINT (-9.168720245361328 38.76055145263672)
2808_781,7737_20250101_151_0_17,151_0,0,38.78879928588867,-9.123950004577637,29,IN_TRANSIT_TO,2025-01-28 20:19:57,16307,2808,01-IH-97,POINT (-9.123950004577637 38.78879928588867)
1747_717,3783_20250401_170_0_13,170_0,1,38.756099700927734,-9.147649765014648,27,IN_TRANSIT_TO,2025-04-08 19:11:35,5706,1747,92-HR-04,POINT (-9.147649765014648 38.756099700927734)
2971_34B,19144_20250401_226_0_15,226_0,0,38.74433135986328,-9.11674976348877,4,IN_TRANSIT_TO,2025-04-08 19:05:27,50546,2971,29-VM-98,POINT (-9.11674976348877 38.74433135986328)
4636_783,7836_20250401_203_0_15,203_0,0,38.78942108154297,-9.124699592590332,30,IN_TRANSIT_TO,2025-04-08 19:03:41,16307,4636,90-JI-97,POINT (-9.124699592590332 38.78942108154297)
2811_718,3964_20250401_105_0_20,105_0,0,38.751399993896484,-9.113800048828125,3,IN_TRANSIT_TO,2025-04-08 19:11:10,24376,2811,02-IH-00,POINT (-9.113800048828125 38.751399993896484)
4812_750,6269_20250401_106_0_2,106_0,1,38.72077941894531,-9.213370323181152,5,IN_TRANSIT_TO,2025-04-08 19:11:23,18402,4812,20-VQ-70,POINT (-9.213370323181152 38.72077941894531)
2807_725,4256_20250401_197_0_34,197_0,1,38.792701721191406,-9.121649742126465,0,IN_TRANSIT_TO,2025-04-08 19:11:07,,2807,01-IH-96,POINT (-9.121649742126465 38.792701721191406)
2968_737,5492_20250401_173_0_51,173_0,0,38.71392822265625,-9.137999534606934,0,IN_TRANSIT_TO,2025-04-08 19:11:20,,2968,30-VM-24,POINT (-9.137999534606934 38.71392822265625)
2806_725,4240_20250401_197_0_37,197_0,0,38.76873016357422,-9.10023021697998,1,IN_TRANSIT_TO,2025-04-08 19:11:29,7808,2806,01-IH-95,POINT (-9.10023021697998 38.76873016357422)
2960_40B,19263_20250401_212_0_22,212_0,1,38.773780822753906,-9.161470413208008,1,IN_TRANSIT_TO,2025-04-08 19:11:18,50155,2960,27-GU-75,POINT (-9.161470413208008 38.773780822753906)
2453_729,4838_20250401_104_0_10,104_0,0,38.7447509765625,-9.19884967803955,18,IN_TRANSIT_TO,2025-04-08 19:11:22,2805,2453,16-AZ-13,POINT (-9.19884967803955 38.7447509765625)
2459_716,3743_20250401_164_0_22,164_0,1,38.74562072753906,-9.181730270385742,9,IN_TRANSIT_TO,2025-04-08 19:11:32,10701,2459,74-BC-74,POINT (-9.181730270385742 38.74562072753906)
4640_736,18837_20250401_199_0_14,199_0,1,38.76689910888672,-9.157879829406738,12,IN_TRANSIT_TO,2025-04-08 19:11:34,5902,4640,02-JN-87,POINT (-9.157879829406738 38.76689910888672)
4831_736,41525_20250401_199_0_6,199_0,1,38.76137161254883,-9.157429695129395,14,IN_TRANSIT_TO,2025-04-05 10:55:18,5808,4831,20-VQ-61,POINT (-9.157429695129395 38.76137161254883)
4625_755,6705_20250401_118_0_16,118_0,0,38.742549896240234,-9.16742992401123,3,IN_TRANSIT_TO,2025-04-08 19:11:08,12523,4625,90-JI-92,POINT (-9.16742992401123 38.742549896240234)
1753_717,3761_20250401_170_0_15,170_0,1,38.73627853393555,-9.133950233459473,39,IN_TRANSIT_TO,2025-04-08 19:11:16,410,1753,34-HU-19,POINT (-9.133950233459473 38.73627853393555)
1750_742,5763_20250401_114_0_13,114_0,1,38.72447967529297,-9.117620468139648,48,IN_TRANSIT_TO,2025-04-08 19:11:29,9801,1750,92-HR-07,POINT (-9.117620468139648 38.72447967529297)
1752_794,8103_20250401_115_0_15,115_0,0,38.7669792175293,-9.104029655456543,37,IN_TRANSIT_TO,2025-04-08 19:11:33,2315,1752,34-HU-18,POINT (-9.104029655456543 38.7669792175293)
2455_703,3152_20250401_165_0_16,165_0,1,38.77415084838867,-9.162679672241211,25,IN_TRANSIT_TO,2025-04-08 19:11:08,5915,2455,16-AZ-12,POINT (-9.162679672241211 38.77415084838867)
2411_747,6076_20250401_177_0_23,177_0,0,38.759368896484375,-9.155030250549316,2,IN_TRANSIT_TO,2025-04-08 19:11:19,5807,2411,62-AL-11,POINT (-9.155030250549316 38.759368896484375)
2700_713,3620_20250401_122_0_17,122_0,0,38.71498107910156,-9.175800323486328,31,IN_TRANSIT_TO,2025-04-08 19:11:34,9411,2700,92-XQ-26,POINT (-9.175800323486328 38.71498107910156)
2251_758,6859_20250401_150_0_15,150_0,0,38.74140167236328,-9.16963005065918,19,IN_TRANSIT_TO,2025-04-08 19:08:47,1607,2251,22-31-ZB,POINT (-9.16963005065918 38.74140167236328)
2410_716,3727_20250401_164_0_19,164_0,0,38.737449645996094,-9.1360502243042,2,IN_TRANSIT_TO,2025-04-08 19:11:32,407,2410,92-AO-46,POINT (-9.1360502243042 38.737449645996094)
2280_758,19411_20250401_150_0_4,150_0,1,38.71672821044922,-9.148530006408691,28,IN_TRANSIT_TO,2025-04-08 19:11:13,10606,2280,67-40-ZJ,POINT (-9.148530006408691 38.71672821044922)
2425_747,6120_20250401_177_0_23,177_0,1,38.76417922973633,-9.197330474853516,1,IN_TRANSIT_TO,2025-04-08 19:11:24,13913,2425,29-AU-20,POINT (-9.197330474853516 38.76417922973633)
2734_720,4092_20250401_143_0_17,143_0,1,38.721920013427734,-9.152029991149902,14,IN_TRANSIT_TO,2025-04-08 19:11:21,6805,2734,AG-50-EI,POINT (-9.152029991149902 38.721920013427734)
2756_712,3551_20250401_189_0_17,189_0,0,38.726478576660156,-9.136119842529297,12,IN_TRANSIT_TO,2025-04-08 19:11:10,605,2756,AH-27-ND,POINT (-9.136119842529297 38.726478576660156)
301_744,5832_20250401_200_0_13,200_0,0,38.77442169189453,-9.10081958770752,28,IN_TRANSIT_TO,2025-04-08 19:11:35,7911,301,74-SM-62,POINT (-9.10081958770752 38.77442169189453)
2499_783,7847_20250401_203_0_15,203_0,0,38.753318786621094,-9.150219917297363,13,IN_TRANSIT_TO,2025-04-08 19:11:35,2017,2499,03-BM-58,POINT (-9.150219917297363 38.753318786621094)
2818_718,3957_20250401_105_0_20,105_0,0,38.72589874267578,-9.112600326538086,18,IN_TRANSIT_TO,2025-04-08 19:11:26,8302,2818,90-II-58,POINT (-9.112600326538086 38.72589874267578)
1773_755,6689_20250401_118_0_17,118_0,1,38.75238037109375,-9.126020431518555,16,IN_TRANSIT_TO,2025-04-08 19:11:08,50230,1773,53-HX-06,POINT (-9.126020431518555 38.75238037109375)
2759_712,3543_20250401_189_0_18,189_0,1,38.72711944580078,-9.13716983795166,20,IN_TRANSIT_TO,2025-04-08 19:11:25,615,2759,AH-21-ND,POINT (-9.13716983795166 38.72711944580078)
2754_756,6758_20250401_175_0_21,175_0,1,38.70774841308594,-9.173480033874512,4,IN_TRANSIT_TO,2025-04-08 19:11:05,9415,2754,AG-01-TH,POINT (-9.173480033874512 38.70774841308594)
1770_708,3278_20250401_100_0_15,100_0,1,38.761878967285156,-9.115280151367188,23,IN_TRANSIT_TO,2025-04-08 19:11:17,8433,1770,63-HX-17,POINT (-9.115280151367188 38.761878967285156)
217_773,7376_20250401_124_0_30,124_0,1,38.712249755859375,-9.152870178222656,18,IN_TRANSIT_TO,2025-04-08 19:11:19,6708,217,29-98-XM,POINT (-9.152870178222656 38.712249755859375)
2413_729,4831_20250401_104_0_14,104_0,1,38.69892883300781,-9.227149963378906,0,IN_TRANSIT_TO,2025-04-08 19:11:31,,2413,92-AO-50,POINT (-9.227149963378906 38.69892883300781)
403_73B,18776_20250401_220_0_17,220_0,0,38.704471588134766,-9.178400039672852,14,IN_TRANSIT_TO,2025-04-08 19:11:18,12104,403,BF-84-TA,POINT (-9.178400039672852 38.704471588134766)
2482_747,6125_20250401_177_0_7,177_0,0,38.76055145263672,-9.169719696044922,8,IN_TRANSIT_TO,2025-04-08 19:11:26,50011,2482,55-BH-02,POINT (-9.169719696044922 38.76055145263672)
2801_744,5839_20250401_200_0_15,200_0,0,38.77191925048828,-9.097620010375977,26,IN_TRANSIT_TO,2025-04-08 19:11:13,7821,2801,38-HU-27,POINT (-9.097620010375977 38.77191925048828)
1769_755,6684_20250401_118_0_15,118_0,1,38.754180908203125,-9.124750137329102,18,IN_TRANSIT_TO,2025-04-08 19:11:18,14711,1769,63-HX-24,POINT (-9.124750137329102 38.754180908203125)
1768_717,3842_20250401_170_0_15,170_0,0,38.776451110839844,-9.146280288696289,24,IN_TRANSIT_TO,2025-04-08 19:11:20,11501,1768,63-HX-23,POINT (-9.146280288696289 38.776451110839844)
1756_756,6743_20250401_175_0_7,175_0,1,38.739219665527344,-9.15250015258789,11,IN_TRANSIT_TO,2025-04-08 19:11:20,1504,1756,34-HU-22,POINT (-9.15250015258789 38.739219665527344)
2487_726,4262_20250401_116_0_16,116_0,1,38.74599838256836,-9.169580459594727,13,IN_TRANSIT_TO,2025-04-08 19:11:12,12710,2487,54-BH-97,POINT (-9.169580459594727 38.74599838256836)
1757_755,6710_20250401_118_0_12,118_0,0,38.755619049072266,-9.113369941711426,0,IN_TRANSIT_TO,2025-04-08 19:11:00,,1757,34-HU-23,POINT (-9.113369941711426 38.755619049072266)
2470_716,3730_20250401_164_0_22,164_0,1,38.7359504699707,-9.136850357055664,24,IN_TRANSIT_TO,2025-04-08 19:11:35,11108,2470,74-BC-71,POINT (-9.136850357055664 38.7359504699707)
2239_767,7312_20250401_112_0_9,112_0,0,38.759429931640625,-9.180020332336426,26,IN_TRANSIT_TO,2025-04-08 19:11:29,12828,2239,06-30-XX,POINT (-9.180020332336426 38.759429931640625)
2771_711,3520_20250401_101_0_5,101_0,0,38.708099365234375,-9.133219718933105,2,IN_TRANSIT_TO,2025-04-08 19:11:24,4506,2771,AH-20-ND,POINT (-9.133219718933105 38.708099365234375)
2412_716,3748_20250401_164_0_17,164_0,0,38.73952865600586,-9.166769981384277,11,IN_TRANSIT_TO,2025-04-08 19:11:27,1601,2412,92-AO-48,POINT (-9.166769981384277 38.73952865600586)
2774_727,4542_20250401_103_0_9,103_0,1,38.71916961669922,-9.155550003051758,33,IN_TRANSIT_TO,2025-04-08 19:11:34,6817,2774,AH-22-ND,POINT (-9.155550003051758 38.71916961669922)
405_22B,19423_20250401_236_0_28,236_0,0,38.71482849121094,-9.150250434875488,9,IN_TRANSIT_TO,2025-04-08 19:11:29,6716,405,BF-14-TU,POINT (-9.150250434875488 38.71482849121094)
2268_758,6774_20250401_150_0_16,150_0,1,38.73752975463867,-9.168330192565918,15,IN_TRANSIT_TO,2025-04-08 19:11:27,2712,2268,76-87-ZG,POINT (-9.168330192565918 38.73752975463867)
1771_794,8035_20250401_115_0_14,115_0,1,38.763031005859375,-9.103949546813965,3,IN_TRANSIT_TO,2025-04-03 20:13:10,2322,1771,63-HX-27,POINT (-9.103949546813965 38.763031005859375)
1772_742,5781_20250401_114_0_11,114_0,1,38.727821350097656,-9.16051959991455,31,IN_TRANSIT_TO,2025-04-08 19:11:05,6106,1772,63-HX-22,POINT (-9.16051959991455 38.727821350097656)
1725_701,2976_20250401_123_0_20,123_0,0,38.75157165527344,-9.173580169677734,16,IN_TRANSIT_TO,2025-04-08 19:11:27,13618,1725,25-AS-37,POINT (-9.173580169677734 38.75157165527344)
2772_738,5549_20250401_117_0_13,117_0,1,38.75088119506836,-9.148929595947266,25,IN_TRANSIT_TO,2025-04-08 19:11:26,2003,2772,AH-24-ND,POINT (-9.148929595947266 38.75088119506836)
2467_703,3103_20250401_165_0_17,165_0,0,38.769020080566406,-9.176630020141602,22,IN_TRANSIT_TO,2025-04-08 19:11:13,50391,2467,16-AZ-14,POINT (-9.176630020141602 38.769020080566406)
2752_735,5268_20250401_172_0_15,172_0,0,38.745849609375,-9.140000343322754,24,IN_TRANSIT_TO,2025-04-08 19:11:27,307,2752,AG-18-TH,POINT (-9.140000343322754 38.745849609375)
1760_755,6697_20250401_118_0_13,118_0,1,38.74811935424805,-9.164369583129883,4,IN_TRANSIT_TO,2025-04-08 19:11:16,12705,1760,34-HU-26,POINT (-9.164369583129883 38.74811935424805)
2757_713,3581_20250401_122_0_17,122_0,0,38.736820220947266,-9.13634967803955,0,IN_TRANSIT_TO,2025-04-08 19:11:13,,2757,AH-32-ND,POINT (-9.13634967803955 38.736820220947266)
2497_742,5729_20250401_114_0_11,114_0,0,38.70602035522461,-9.175820350646973,39,IN_TRANSIT_TO,2025-04-08 19:11:27,12110,2497,88-BL-71,POINT (-9.175820350646973 38.70602035522461)
2461_726,4336_20250401_116_0_12,116_0,1,38.72425079345703,-9.132399559020996,29,IN_TRANSIT_TO,2025-04-08 19:11:32,604,2461,55-BH-04,POINT (-9.132399559020996 38.72425079345703)
2422_767,7248_20250401_112_0_12,112_0,0,38.732730865478516,-9.141050338745117,5,IN_TRANSIT_TO,2025-04-08 19:11:33,6502,2422,29-AU-17,POINT (-9.141050338745117 38.732730865478516)
2775_751,6522_20250401_109_0_8,109_0,1,38.714229583740234,-9.227370262145996,1,IN_TRANSIT_TO,2025-04-08 19:11:34,29367,2775,AH-31-ND,POINT (-9.227370262145996 38.714229583740234)
2285_731,5023_20250401_190_0_16,190_0,1,38.774871826171875,-9.104900360107422,9,IN_TRANSIT_TO,2025-04-08 19:11:33,7908,2285,67-55-ZJ,POINT (-9.104900360107422 38.774871826171875)
2449_729,4822_20250401_104_0_15,104_0,1,38.75094985961914,-9.202520370483398,28,IN_TRANSIT_TO,2025-04-08 19:11:20,10920,2449,44-BC-35,POINT (-9.202520370483398 38.75094985961914)
2423_747,6121_20250401_177_0_23,177_0,0,38.766319274902344,-9.183369636535645,13,IN_TRANSIT_TO,2025-04-08 19:11:23,50360,2423,29-AU-18,POINT (-9.183369636535645 38.766319274902344)
2269_799,8223_20250401_120_0_23,120_0,1,38.75297927856445,-9.189620018005371,23,IN_TRANSIT_TO,2025-04-08 19:11:06,10917,2269,76-88-ZG,POINT (-9.189620018005371 38.75297927856445)
2338_742,5745_20250401_114_0_12,114_0,0,38.727779388427734,-9.161419868469238,28,IN_TRANSIT_TO,2025-04-08 19:11:34,6115,2338,53-62-ZJ,POINT (-9.161419868469238 38.727779388427734)
2420_767,7182_20250401_112_0_11,112_0,0,38.75318145751953,-9.196379661560059,33,IN_TRANSIT_TO,2025-04-08 19:11:19,10914,2420,29-AU-15,POINT (-9.196379661560059 38.75318145751953)
4622_796,8145_20250401_174_0_35,174_0,0,38.789920806884766,-9.157649993896484,10,IN_TRANSIT_TO,2025-04-08 19:11:11,11618,4622,90-JI-91,POINT (-9.157649993896484 38.789920806884766)
2465_778,18641_20250401_179_0_27,179_0,0,38.76890182495117,-9.167969703674316,11,IN_TRANSIT_TO,2025-04-08 19:11:14,50280,2465,55-BH-00,POINT (-9.167969703674316 38.76890182495117)
1777_794,8037_20250401_115_0_13,115_0,0,38.726131439208984,-9.11359977722168,6,IN_TRANSIT_TO,2025-04-08 19:11:10,9822,1777,63-HX-31,POINT (-9.11359977722168 38.726131439208984)
2787_709,3410_20250401_148_0_9,148_0,0,38.714378356933594,-9.168549537658691,12,IN_TRANSIT_TO,2025-04-08 19:11:29,8018,2787,AI-55-TL,POINT (-9.168549537658691 38.714378356933594)
2307_794,8078_20250401_115_0_15,115_0,1,38.73548126220703,-9.117119789123535,28,IN_TRANSIT_TO,2025-04-08 19:11:16,3601,2307,83-20-ZM,POINT (-9.117119789123535 38.73548126220703)
1763_717,3846_20250401_170_0_15,170_0,0,38.77267074584961,-9.161069869995117,19,IN_TRANSIT_TO,2025-04-08 19:11:10,5903,1763,63-HX-25,POINT (-9.161069869995117 38.77267074584961)
1761_735,5185_20250401_172_1_16,172_1,1,38.70537185668945,-9.14387035369873,21,IN_TRANSIT_TO,2025-04-08 19:11:32,3820,1761,63-HX-19,POINT (-9.14387035369873 38.70537185668945)
2306_735,5276_20250401_172_0_15,172_0,0,38.72991943359375,-9.126319885253906,7,IN_TRANSIT_TO,2025-04-08 19:11:30,2103,2306,83-19-ZM,POINT (-9.126319885253906 38.72991943359375)
2477_703,3167_20250401_165_0_16,165_0,1,38.745201110839844,-9.203269958496094,2,IN_TRANSIT_TO,2025-04-08 19:11:16,2907,2477,91-BE-73,POINT (-9.203269958496094 38.745201110839844)
2484_768,7351_20250401_111_0_6,111_0,1,38.75004959106445,-9.159680366516113,22,IN_TRANSIT_TO,2025-04-08 19:11:05,13509,2484,91-BE-76,POINT (-9.159680366516113 38.75004959106445)
225_773,7396_20250401_124_0_26,124_0,1,38.71323013305664,-9.162019729614258,11,IN_TRANSIT_TO,2025-04-08 19:11:21,8101,225,84-37-XQ,POINT (-9.162019729614258 38.71323013305664)
601_15E,11219_20250401_76_0_21,76_0,0,38.703529357910156,-9.167679786682129,4,IN_TRANSIT_TO,2025-04-08 19:11:24,3906,601,,POINT (-9.167679786682129 38.703529357910156)
2240_771,21929_20250401_248_0_23,248_0,1,38.72132110595703,-9.197199821472168,10,IN_TRANSIT_TO,2025-04-08 19:11:04,21304,2240,06-31-XX,POINT (-9.197199821472168 38.72132110595703)
2403_726,4306_20250401_116_0_13,116_0,0,38.7435188293457,-9.167180061340332,19,IN_TRANSIT_TO,2025-04-08 19:11:17,1611,2403,50-AL-12,POINT (-9.167180061340332 38.7435188293457)
2491_720,4057_20250401_143_1_19,143_1,0,38.72209930419922,-9.15198040008545,16,IN_TRANSIT_TO,2025-04-08 19:11:08,6806,2491,54-BH-98,POINT (-9.15198040008545 38.72209930419922)
1707_701,2958_20250401_123_0_18,123_0,1,38.75362014770508,-9.17455005645752,17,IN_TRANSIT_TO,2025-04-08 19:11:15,13617,1707,69-AL-70,POINT (-9.17455005645752 38.75362014770508)
2786_709,3388_20250401_148_0_31,148_0,1,38.71342086791992,-9.138830184936523,11,IN_TRANSIT_TO,2025-04-08 19:11:24,902,2786,AI-52-TL,POINT (-9.138830184936523 38.71342086791992)
2426_771,39063_20250401_248_0_15,248_0,1,38.715431213378906,-9.201250076293945,22,IN_TRANSIT_TO,2025-04-08 19:11:33,2711,2426,29-AU-21,POINT (-9.201250076293945 38.715431213378906)
2401_747,6113_20250401_177_0_16,177_0,1,38.760799407958984,-9.196330070495605,1,IN_TRANSIT_TO,2025-04-08 19:11:24,13913,2401,50-AL-14,POINT (-9.196330070495605 38.760799407958984)
2309_742,5685_20250401_114_0_10,114_0,1,38.73004913330078,-9.10873031616211,54,IN_TRANSIT_TO,2025-04-07 17:47:30,8317,2309,83-15-ZM,POINT (-9.10873031616211 38.73004913330078)
2837_728,4590_20250401_204_0_13,204_0,1,38.76832962036133,-9.098930358886719,9,IN_TRANSIT_TO,2025-04-08 19:11:07,7805,2837,BF-66-FZ,POINT (-9.098930358886719 38.76832962036133)
2474_729,4823_20250401_104_0_5,104_0,1,38.697349548339844,-9.20337963104248,0,IN_TRANSIT_TO,2025-04-08 19:11:12,,2474,74-BC-67,POINT (-9.20337963104248 38.697349548339844)
2942_782,7777_20250401_152_0_13,152_0,1,38.734771728515625,-9.10398006439209,15,IN_TRANSIT_TO,2025-04-08 19:11:22,12514,2942,51-GL-82,POINT (-9.10398006439209 38.734771728515625)
2748_756,6732_20250401_175_0_20,175_0,1,38.73775100708008,-9.126179695129395,20,IN_TRANSIT_TO,2025-04-08 19:11:19,9006,2748,AG-96-TG,POINT (-9.126179695129395 38.73775100708008)
2283_768,7317_20250401_111_0_22,111_0,1,38.741249084472656,-9.168800354003906,18,IN_TRANSIT_TO,2025-04-08 19:11:29,1615,2283,67-39-ZJ,POINT (-9.168800354003906 38.741249084472656)
4840_736,5372_20250401_199_0_13,199_0,0,38.76047134399414,-9.155550003051758,15,IN_TRANSIT_TO,2025-04-08 19:11:23,5805,4840,45-VX-93,POINT (-9.155550003051758 38.76047134399414)
2481_703,3174_20250401_165_0_16,165_0,0,38.76388168334961,-9.18136978149414,26,IN_TRANSIT_TO,2025-04-08 19:10:23,12807,2481,54-BH-99,POINT (-9.18136978149414 38.76388168334961)
609_15E,11276_20250401_76_0_20,76_0,1,38.6998291015625,-9.227270126342773,2,IN_TRANSIT_TO,2025-04-08 19:11:30,4219,609,,POINT (-9.227270126342773 38.6998291015625)
4609_748,6141_20250401_169_0_18,169_0,1,38.724979400634766,-9.15369987487793,9,IN_TRANSIT_TO,2025-04-08 19:11:22,1224,4609,96-GL-86,POINT (-9.15369987487793 38.724979400634766)
204_41B,19378_20250401_232_0_28,232_0,0,38.774051666259766,-9.160929679870605,17,IN_TRANSIT_TO,2025-04-08 19:11:17,50163,204,89-71-XD,POINT (-9.160929679870605 38.774051666259766)
1720_701,2990_20250401_123_0_21,123_0,1,38.759979248046875,-9.155170440673828,30,IN_TRANSIT_TO,2025-04-08 19:11:22,5805,1720,25-AS-32,POINT (-9.155170440673828 38.759979248046875)
2406_747,6097_20250401_177_0_22,177_0,1,38.765830993652344,-9.157429695129395,19,IN_TRANSIT_TO,2025-04-08 19:11:09,5816,2406,50-AL-09,POINT (-9.157429695129395 38.765830993652344)
2451_726,4352_20250401_116_0_14,116_0,1,38.73522186279297,-9.141779899597168,24,IN_TRANSIT_TO,2025-04-08 19:09:34,1806,2451,75-AQ-16,POINT (-9.141779899597168 38.73522186279297)
2464_726,4319_20250401_116_0_15,116_0,0,38.73891830444336,-9.153499603271484,13,IN_TRANSIT_TO,2025-04-08 19:11:27,33102,2464,91-BE-71,POINT (-9.153499603271484 38.73891830444336)
1723_717,3878_20250401_170_0_15,170_0,1,38.765350341796875,-9.157270431518555,24,IN_TRANSIT_TO,2025-04-08 19:11:21,5814,1723,25-AS-35,POINT (-9.157270431518555 38.765350341796875)
223_773,7414_20250401_124_0_26,124_0,1,38.72023010253906,-9.153929710388184,24,IN_TRANSIT_TO,2025-04-08 19:04:11,10607,223,84-38-XQ,POINT (-9.153929710388184 38.72023010253906)
2488_729,4799_20250401_104_0_15,104_0,1,38.7557487487793,-9.194549560546875,34,IN_TRANSIT_TO,2025-04-08 19:11:10,50242,2488,91-BE-79,POINT (-9.194549560546875 38.7557487487793)
4610_748,6133_20250401_169_0_19,169_0,0,38.701351165771484,-9.227899551391602,0,IN_TRANSIT_TO,2025-04-08 19:11:33,,4610,96-GL-87,POINT (-9.227899551391602 38.701351165771484)
2610_759,6977_20250401_144_0_14,144_0,1,38.76163101196289,-9.113829612731934,18,IN_TRANSIT_TO,2025-04-08 19:11:26,8435,2610,66-VI-20,POINT (-9.113829612731934 38.76163101196289)
2773_723,4167_20250401_121_0_5,121_0,0,38.70056915283203,-9.21597957611084,26,IN_TRANSIT_TO,2025-04-08 19:11:32,9711,2773,AH-39-ND,POINT (-9.21597957611084 38.70056915283203)
1728_783,7855_20250401_203_0_17,203_0,0,38.72568130493164,-9.14957046508789,3,IN_TRANSIT_TO,2025-04-08 19:11:16,50197,1728,25-AS-40,POINT (-9.14957046508789 38.72568130493164)
6012_706,3258_20250401_147_0_9,147_0,1,38.73278045654297,-9.130800247192383,12,IN_TRANSIT_TO,2025-04-08 19:11:22,501,6012,67-ZF-26,POINT (-9.130800247192383 38.73278045654297)
2798_711,3464_20250401_101_0_16,101_0,1,38.717350006103516,-9.184069633483887,22,IN_TRANSIT_TO,2025-04-08 19:11:07,21306,2798,AJ-56-LI,POINT (-9.184069633483887 38.717350006103516)
2751_756,6762_20250401_175_0_22,175_0,0,38.709228515625,-9.173830032348633,21,IN_TRANSIT_TO,2025-04-08 19:11:36,9412,2751,AG-12-TH,POINT (-9.173830032348633 38.709228515625)
2249_771,21937_20250401_248_0_22,248_0,0,38.7411003112793,-9.16847038269043,1,IN_TRANSIT_TO,2025-04-08 19:11:11,50538,2249,22-32-ZB,POINT (-9.16847038269043 38.7411003112793)
2825_753,6572_20250401_167_0_25,167_0,0,38.67396926879883,-9.173999786376953,7,IN_TRANSIT_TO,2025-04-08 19:11:24,8607,2825,BF-53-FZ,POINT (-9.173999786376953 38.67396926879883)
2668_712,3567_20250401_189_0_18,189_0,0,38.72227096557617,-9.130949974060059,9,IN_TRANSIT_TO,2025-04-08 19:11:28,9125,2668,87-XB-36,POINT (-9.130949974060059 38.72227096557617)
4834_736,5400_20250401_199_0_15,199_0,0,38.73392105102539,-9.144729614257812,7,IN_TRANSIT_TO,2025-04-08 19:11:15,1807,4834,20-VQ-71,POINT (-9.144729614257812 38.73392105102539)
2296_724,4223_20250401_178_0_7,178_0,0,38.76084899902344,-9.196880340576172,26,IN_TRANSIT_TO,2025-04-08 19:11:14,13711,2296,92-51-ZM,POINT (-9.196880340576172 38.76084899902344)
203_17B,21706_20250401_247_0_17,247_0,0,38.72256851196289,-9.13932991027832,10,IN_TRANSIT_TO,2025-04-08 19:11:31,9211,203,89-59-XD,POINT (-9.13932991027832 38.72256851196289)
209_41B,19386_20250401_232_0_28,232_0,1,38.776371002197266,-9.146280288696289,0,IN_TRANSIT_TO,2025-04-08 19:11:28,,209,33-46-XH,POINT (-9.146280288696289 38.776371002197266)
2209_708,3331_20250401_100_0_15,100_0,0,38.76845169067383,-9.098600387573242,28,IN_TRANSIT_TO,2025-04-08 19:11:18,7805,2209,01-68-XO,POINT (-9.098600387573242 38.76845169067383)
2225_708,3352_20250401_100_0_13,100_0,0,38.73025131225586,-9.134679794311523,6,IN_TRANSIT_TO,2025-04-08 19:11:20,609,2225,08-03-XS,POINT (-9.134679794311523 38.73025131225586)
2224_720,4096_20250401_143_0_18,143_0,1,38.703369140625,-9.181870460510254,3,IN_TRANSIT_TO,2025-04-08 19:11:33,12005,2224,08-15-XS,POINT (-9.181870460510254 38.703369140625)
2214_708,3309_20250401_100_0_14,100_0,0,38.77492141723633,-9.095620155334473,30,IN_TRANSIT_TO,2025-04-08 19:11:10,7823,2214,08-02-XS,POINT (-9.095620155334473 38.77492141723633)
2215_735,5220_20250401_172_1_14,172_1,0,38.73646926879883,-9.133830070495605,19,IN_TRANSIT_TO,2025-04-08 19:11:08,509,2215,08-01-XS,POINT (-9.133830070495605 38.73646926879883)
2781_727,4521_20250401_103_0_5,103_0,0,38.74571990966797,-9.139619827270508,2,IN_TRANSIT_TO,2025-04-08 19:11:15,11211,2781,AI-00-BT,POINT (-9.139619827270508 38.74571990966797)
2205_708,3338_20250401_100_0_4,100_0,0,38.759681701660156,-9.111519813537598,19,IN_TRANSIT_TO,2025-04-08 19:11:23,8409,2205,01-71-XO,POINT (-9.111519813537598 38.759681701660156)
2208_717,3865_20250401_170_0_15,170_0,0,38.7577018737793,-9.14052963256836,11,IN_TRANSIT_TO,2025-04-08 19:11:05,11307,2208,01-69-XO,POINT (-9.14052963256836 38.7577018737793)
2216_742,5778_20250401_114_0_12,114_0,1,38.73517990112305,-9.142450332641602,38,IN_TRANSIT_TO,2025-04-08 19:11:08,11101,2216,08-00-XS,POINT (-9.142450332641602 38.73517990112305)
2206_735,5264_20250401_172_0_14,172_0,1,38.706748962402344,-9.141579627990723,34,IN_TRANSIT_TO,2025-04-08 19:11:34,3820,2206,01-67-XO,POINT (-9.141579627990723 38.706748962402344)
2712_738,5554_20250401_117_0_14,117_0,1,38.70471954345703,-9.183099746704102,2,IN_TRANSIT_TO,2025-04-08 19:11:25,12003,2712,92-XQ-33,POINT (-9.183099746704102 38.70471954345703)
563_28E,14941_20250401_75_0_13,75_0,1,38.71908187866211,-9.129850387573242,16,IN_TRANSIT_TO,2025-04-08 19:11:35,9130,563,,POINT (-9.129850387573242 38.71908187866211)
561_25E,14258_20250401_79_0_28,79_0,0,38.711151123046875,-9.161080360412598,9,IN_TRANSIT_TO,2025-04-08 19:11:25,10014,561,,POINT (-9.161080360412598 38.711151123046875)
567_28E,14994_20250401_75_0_19,75_0,1,38.712398529052734,-9.13053035736084,11,IN_TRANSIT_TO,2025-04-08 19:10:44,13811,567,,POINT (-9.13053035736084 38.712398529052734)
2226_798,8199_20250401_194_0_30,194_0,1,38.790771484375,-9.15073013305664,1,IN_TRANSIT_TO,2025-04-08 19:11:16,11608,2226,06-35-XX,POINT (-9.15073013305664 38.790771484375)
2228_742,5766_20250401_114_0_11,114_0,1,38.7246208190918,-9.113519668579102,51,IN_TRANSIT_TO,2025-04-08 19:11:21,9807,2228,06-24-XX,POINT (-9.113519668579102 38.7246208190918)
2230_758,6878_20250401_150_0_15,150_0,0,38.71952819824219,-9.153820037841797,7,IN_TRANSIT_TO,2025-04-08 19:11:09,10607,2230,06-36-XX,POINT (-9.153820037841797 38.71952819824219)
2222_794,8081_20250401_115_0_6,115_0,1,38.75265121459961,-9.117449760437012,13,IN_TRANSIT_TO,2025-04-08 19:11:17,24379,2222,08-17-XS,POINT (-9.117449760437012 38.75265121459961)
413_67B,28219_20250401_253_0_17,253_0,0,38.70774841308594,-9.152979850769043,20,IN_TRANSIT_TO,2025-04-08 19:11:23,3922,413,BF-41-TS,POINT (-9.152979850769043 38.70774841308594)
4615_750,6394_20250401_106_0_2,106_0,1,38.76115036010742,-9.12147045135498,31,IN_TRANSIT_TO,2025-04-08 19:11:16,7503,4615,22-GP-49,POINT (-9.12147045135498 38.76115036010742)
565_24E,17835_20250401_213_0_30,213_0,0,38.71799850463867,-9.129850387573242,1,IN_TRANSIT_TO,2025-04-08 19:11:14,10513,565,,POINT (-9.129850387573242 38.71799850463867)
2229_796,8130_20250401_174_0_37,174_0,0,38.78261947631836,-9.162569999694824,8,IN_TRANSIT_TO,2025-04-08 19:11:11,7217,2229,06-37-XX,POINT (-9.162569999694824 38.78261947631836)
2233_726,4323_20250401_116_0_15,116_0,0,38.73168182373047,-9.139869689941406,7,IN_TRANSIT_TO,2025-04-08 19:11:10,6504,2233,06-38-XX,POINT (-9.139869689941406 38.73168182373047)
6008_706,3268_20250401_147_0_10,147_0,0,38.715518951416016,-9.120530128479004,30,IN_TRANSIT_TO,2025-04-08 19:11:04,2128,6008,81-ZC-08,POINT (-9.120530128479004 38.715518951416016)
2238_758,6830_20250401_150_0_15,150_0,1,38.747318267822266,-9.1876802444458,7,IN_TRANSIT_TO,2025-04-08 19:11:32,10803,2238,06-29-XX,POINT (-9.1876802444458 38.747318267822266)
2201_735,5254_20250401_172_1_7,172_1,0,38.7081184387207,-9.133330345153809,4,IN_TRANSIT_TO,2025-04-08 19:11:17,4501,2201,72-15-XN,POINT (-9.133330345153809 38.7081184387207)
6004_760,7106_20250401_171_0_12,171_0,1,38.703521728515625,-9.166999816894531,26,IN_TRANSIT_TO,2025-04-08 19:11:13,10201,6004,82-ZC-35,POINT (-9.166999816894531 38.703521728515625)
2234_758,6870_20250401_150_0_17,150_0,0,38.7211799621582,-9.16195011138916,10,IN_TRANSIT_TO,2025-04-08 19:11:34,8513,2234,06-26-XX,POINT (-9.16195011138916 38.7211799621582)
6027_732,5097_20250401_107_0_9,107_0,0,38.731849670410156,-9.141500473022461,9,IN_TRANSIT_TO,2025-04-08 19:11:36,6506,6027,BF-66-BA,POINT (-9.141500473022461 38.731849670410156)
613_15E,11250_20250401_76_0_22,76_0,1,38.6974983215332,-9.196120262145996,8,IN_TRANSIT_TO,2025-04-08 19:11:19,4113,613,,POINT (-9.196120262145996 38.6974983215332)
2241_771,21933_20250401_248_0_24,248_0,0,38.706878662109375,-9.198949813842773,20,IN_TRANSIT_TO,2025-04-08 19:11:33,10303,2241,22-37-ZB,POINT (-9.198949813842773 38.706878662109375)
2832_728,4725_20250401_204_4_15,204_4,1,38.707271575927734,-9.14126968383789,7,IN_TRANSIT_TO,2025-04-08 19:11:09,3820,2832,BF-68-FZ,POINT (-9.14126968383789 38.707271575927734)
303_744,5840_20250401_200_0_14,200_0,0,38.771480560302734,-9.0974702835083,26,IN_TRANSIT_TO,2025-04-08 19:11:26,7821,303,22-SP-90,POINT (-9.0974702835083 38.771480560302734)
