id,trip_id,route_id,direction_id,latitude,longitude,current_stop_sequence,current_status,timestamp,stop_id,vehicle_id,license_plate,geometry
2689_713,3603_20250601_122_0_4,122_0,1,38.735069274902344,-9.145529747009277,34,IN_TRANSIT_TO,2025-06-11 07:44:47,1806,2689,93-XA-45,POINT (-9.145529747009277 38.735069274902344)
4645_750,6405_20250601_106_0_4,106_0,0,38.759918212890625,-9.103619575500488,4,IN_TRANSIT_TO,2025-06-11 07:44:37,2320,4645,98-JO-46,POINT (-9.103619575500488 38.759918212890625)
4648_750,6325_20250601_106_0_4,106_0,1,38.70252990722656,-9.227350234985352,2,IN_TRANSIT_TO,2025-06-11 07:44:35,4202,4648,98-JO-47,POINT (-9.227350234985352 38.70252990722656)
2793_738,5554_20250601_117_0_3,117_0,0,38.72011947631836,-9.154800415039062,24,IN_TRANSIT_TO,2025-06-11 07:44:38,6804,2793,AJ-58-LI,POINT (-9.154800415039062 38.72011947631836)
557_24E,17835_20250601_213_0_5,213_0,1,38.71072006225586,-9.143070220947266,10,IN_TRANSIT_TO,2025-06-11 07:44:54,10504,557,,POINT (-9.143070220947266 38.71072006225586)
2302_794,8040_20250601_115_0_5,115_0,1,38.73466873168945,-9.117230415344238,29,IN_TRANSIT_TO,2025-06-11 07:43:23,17576,2302,83-08-ZM,POINT (-9.117230415344238 38.73466873168945)
2253_716,3748_20250601_164_0_3,164_0,0,38.737701416015625,-9.143099784851074,4,IN_TRANSIT_TO,2025-06-11 07:45:03,11118,2253,80-52-ZE,POINT (-9.143099784851074 38.737701416015625)
611_15E,11310_20250601_76_0_4,76_0,1,38.6994514465332,-9.228569984436035,2,IN_TRANSIT_TO,2025-06-11 07:44:51,4219,611,,POINT (-9.228569984436035 38.6994514465332)
4606_753,6572_20250601_167_0_5,167_0,0,38.72624969482422,-9.147600173950195,2,IN_TRANSIT_TO,2025-06-11 07:44:59,6602,4606,96-GL-83,POINT (-9.147600173950195 38.72624969482422)
2254_758,6854_20250601_150_0_2,150_0,1,38.727298736572266,-9.162300109863281,19,IN_TRANSIT_TO,2025-06-11 07:44:44,6122,2254,80-51-ZE,POINT (-9.162300109863281 38.727298736572266)
2448_767,7284_20250601_112_0_4,112_0,1,38.752349853515625,-9.209349632263184,5,IN_TRANSIT_TO,2025-06-11 07:45:04,3003,2448,44-BC-34,POINT (-9.209349632263184 38.752349853515625)
558_28E,15020_20250601_75_0_5,75_0,1,38.71549987792969,-9.164079666137695,3,IN_TRANSIT_TO,2025-06-11 07:44:42,8001,558,,POINT (-9.164079666137695 38.71549987792969)
2317_794,8062_20250601_115_0_5,115_0,1,38.75627899169922,-9.103219985961914,4,IN_TRANSIT_TO,2025-06-11 07:44:37,2320,2317,61-86-ZB,POINT (-9.103219985961914 38.75627899169922)
2766_723,18953_20250601_121_0_4,121_0,1,38.69974899291992,-9.214079856872559,5,IN_TRANSIT_TO,2025-06-11 07:44:49,50415,2766,AH-40-ND,POINT (-9.214079856872559 38.69974899291992)
4604_750,6282_20250601_106_0_2,106_0,1,38.75807189941406,-9.141380310058594,27,IN_TRANSIT_TO,2025-06-11 07:44:56,11304,4604,96-GL-82,POINT (-9.141380310058594 38.75807189941406)
2250_731,19403_20240727_190_0_8,190_0,1,38.78303146362305,-9.114009857177734,3,IN_TRANSIT_TO,2024-08-10 10:41:27,12610,2250,80-41-ZE,POINT (-9.114009857177734 38.78303146362305)
4602_728,4701_20250601_204_0_4,204_0,0,38.71397018432617,-9.12201976776123,23,IN_TRANSIT_TO,2025-06-11 07:44:35,8201,4602,96-GL-80,POINT (-9.12201976776123 38.71397018432617)
6021_732,5097_20250601_107_0_2,107_0,1,38.709678649902344,-9.209879875183105,6,IN_TRANSIT_TO,2025-06-11 07:44:42,12405,6021,BD-91-QG,POINT (-9.209879875183105 38.709678649902344)
612_15E,11276_20250601_76_0_6,76_0,1,38.702701568603516,-9.180170059204102,13,IN_TRANSIT_TO,2025-06-11 07:45:04,12111,612,,POINT (-9.180170059204102 38.702701568603516)
2256_763,49572_20250601_282_0_6,282_0,1,38.77397918701172,-9.16077995300293,18,IN_TRANSIT_TO,2025-06-11 07:45:04,5905,2256,80-53-ZE,POINT (-9.16077995300293 38.77397918701172)
2494_735,5268_20250601_172_0_4,172_0,1,38.72597122192383,-9.128419876098633,19,IN_TRANSIT_TO,2025-06-11 07:44:39,7006,2494,88-BL-68,POINT (-9.128419876098633 38.72597122192383)
2830_753,18386_20250601_167_0_2,167_0,1,38.725120544433594,-9.151129722595215,5,IN_TRANSIT_TO,2025-06-11 07:44:52,1224,2830,BF-57-FZ,POINT (-9.151129722595215 38.725120544433594)
2346_731,5019_20250601_190_0_2,190_0,0,38.78036880493164,-9.102849960327148,32,IN_TRANSIT_TO,2025-06-11 07:44:00,7902,2346,62-93-ZG,POINT (-9.102849960327148 38.78036880493164)
4620_750,6347_20250601_106_0_4,106_0,0,38.70087814331055,-9.227919578552246,40,IN_TRANSIT_TO,2025-06-11 07:44:54,4213,4620,22-GP-54,POINT (-9.227919578552246 38.70087814331055)
2951_79B,18664_20250601_221_0_3,221_0,0,38.699520111083984,-9.214030265808105,36,IN_TRANSIT_TO,2025-06-11 07:44:41,50415,2951,62-GQ-53,POINT (-9.214030265808105 38.699520111083984)
2954_40B,17561_20250601_212_0_4,212_0,0,38.79267120361328,-9.148130416870117,7,IN_TRANSIT_TO,2025-06-11 07:44:44,50193,2954,62-GQ-56,POINT (-9.148130416870117 38.79267120361328)
2624_781,7746_20250601_151_0_4,151_0,1,38.76232147216797,-9.109780311584473,13,IN_TRANSIT_TO,2025-06-11 07:45:01,7718,2624,72-VP-82,POINT (-9.109780311584473 38.76232147216797)
4642_750,6304_20250601_106_0_5,106_0,1,38.7481689453125,-9.191920280456543,17,IN_TRANSIT_TO,2025-06-11 07:45:01,10803,4642,90-JI-99,POINT (-9.191920280456543 38.7481689453125)
4614_750,6291_20250601_106_0_4,106_0,1,38.7547492980957,-9.151650428771973,25,IN_TRANSIT_TO,2025-06-11 07:45:02,5804,4614,96-GL-90,POINT (-9.151650428771973 38.7547492980957)
4616_750,6389_20250601_106_0_4,106_0,0,38.75736999511719,-9.167619705200195,18,IN_TRANSIT_TO,2025-06-11 07:44:54,50002,4616,22-GP-50,POINT (-9.167619705200195 38.75736999511719)
4611_750,6371_20250601_106_0_3,106_0,0,38.70587158203125,-9.226699829101562,38,IN_TRANSIT_TO,2025-06-11 07:42:43,18403,4611,96-GL-88,POINT (-9.226699829101562 38.70587158203125)
2950_29B,17527_20250601_209_0_4,209_0,0,38.76393127441406,-9.123250007629395,28,IN_TRANSIT_TO,2025-06-11 07:44:55,7519,2950,62-GQ-51,POINT (-9.123250007629395 38.76393127441406)
4641_750,6261_20250601_106_0_4,106_0,1,38.762420654296875,-9.130180358886719,30,IN_TRANSIT_TO,2025-06-11 07:44:55,7501,4641,90-JI-98,POINT (-9.130180358886719 38.762420654296875)
2945_29B,17535_20250601_209_0_3,209_0,0,38.77452850341797,-9.1112699508667,14,IN_TRANSIT_TO,2025-06-11 07:44:54,12309,2945,75-GO-14,POINT (-9.1112699508667 38.77452850341797)
4646_728,4602_20250601_204_0_3,204_0,1,38.70872116088867,-9.130629539489746,31,IN_TRANSIT_TO,2025-06-11 07:44:57,8202,4646,11-JM-79,POINT (-9.130629539489746 38.70872116088867)
4631_736,5409_20250601_199_0_5,199_0,0,38.7182502746582,-9.143799781799316,2,IN_TRANSIT_TO,2025-06-11 07:44:46,1010,4631,02-JN-86,POINT (-9.143799781799316 38.7182502746582)
4630_736,5400_20250601_199_0_5,199_0,0,38.73875045776367,-9.145930290222168,8,IN_TRANSIT_TO,2025-06-11 07:45:04,1809,4630,02-JN-85,POINT (-9.145930290222168 38.73875045776367)
4627_796,8149_20250601_174_0_4,174_0,1,38.7932014465332,-9.154500007629395,16,IN_TRANSIT_TO,2025-06-11 07:44:58,5808,4627,11-JM-76,POINT (-9.154500007629395 38.7932014465332)
2699_714,3704_20250601_102_0_4,102_0,1,38.70642852783203,-9.154219627380371,36,IN_TRANSIT_TO,2025-06-11 07:45:00,3927,2699,92-XQ-25,POINT (-9.154219627380371 38.70642852783203)
2692_714,3651_20250601_102_0_3,102_0,0,38.72032165527344,-9.227470397949219,40,IN_TRANSIT_TO,2025-06-11 07:44:41,18602,2692,90-XF-62,POINT (-9.227470397949219 38.72032165527344)
2691_738,5530_20250601_117_0_4,117_0,1,38.7198486328125,-9.15542984008789,13,IN_TRANSIT_TO,2025-06-11 07:45:04,6801,2691,90-XF-45,POINT (-9.15542984008789 38.7198486328125)
2690_746,5988_20250601_108_0_5,108_0,0,38.75048065185547,-9.197150230407715,18,IN_TRANSIT_TO,2025-06-11 07:45:02,10802,2690,99-XE-57,POINT (-9.197150230407715 38.75048065185547)
2693_748,6161_20250601_169_0_4,169_0,1,38.71324920654297,-9.2252197265625,5,IN_TRANSIT_TO,2025-06-11 07:44:44,14309,2693,90-XF-46,POINT (-9.2252197265625 38.71324920654297)
2694_711,3495_20250601_101_0_5,101_0,0,38.711849212646484,-9.135729789733887,2,IN_TRANSIT_TO,2025-06-11 07:44:36,4506,2694,90-XF-49,POINT (-9.135729789733887 38.711849212646484)
2669_713,3611_20250601_122_0_2,122_0,1,38.715450286865234,-9.160619735717773,20,IN_TRANSIT_TO,2025-06-11 07:45:04,8114,2669,87-XB-34,POINT (-9.160619735717773 38.715450286865234)
2695_713,21384_20250601_122_0_6,122_0,1,38.72962951660156,-9.169219970703125,20,IN_TRANSIT_TO,2025-06-11 07:44:54,8114,2695,90-XF-50,POINT (-9.169219970703125 38.72962951660156)
4836_736,5372_20250601_199_0_3,199_0,0,38.75809860229492,-9.153550148010254,15,IN_TRANSIT_TO,2025-06-11 07:44:34,5805,4836,34-VR-23,POINT (-9.153550148010254 38.75809860229492)
2684_751,6501_20250601_109_4_3,109_4,1,38.70537185668945,-9.176469802856445,7,IN_TRANSIT_TO,2025-06-11 07:44:44,12107,2684,99-XE-59,POINT (-9.176469802856445 38.70537185668945)
2683_764,7167_20250601_168_0_5,168_0,1,38.74222946166992,-9.20557975769043,12,IN_TRANSIT_TO,2025-06-11 07:44:50,50240,2683,99-XE-55,POINT (-9.20557975769043 38.74222946166992)
6047_760,7069_20250601_171_0_2,171_0,0,38.71083068847656,-9.20514965057373,39,IN_TRANSIT_TO,2025-06-11 07:44:45,12913,6047,BH-20-IP,POINT (-9.20514965057373 38.71083068847656)
6046_767,7291_20250601_112_0_4,112_0,1,38.74959945678711,-9.22012996673584,2,IN_TRANSIT_TO,2025-06-11 07:44:44,50336,6046,BH-73-IR,POINT (-9.22012996673584 38.74959945678711)
4619_728,4699_20250601_204_0_2,204_0,0,38.72465133666992,-9.111720085144043,27,IN_TRANSIT_TO,2025-06-11 07:44:50,9809,4619,22-GP-53,POINT (-9.111720085144043 38.72465133666992)
4618_728,4630_20250601_204_0_3,204_0,1,38.774871826171875,-9.104229927062988,6,IN_TRANSIT_TO,2025-06-11 07:44:42,7908,4618,22-GP-52,POINT (-9.104229927062988 38.774871826171875)
2947_32B,17551_20250601_211_0_4,211_0,0,38.74679946899414,-9.105879783630371,22,IN_TRANSIT_TO,2025-06-11 07:44:44,50654,2947,51-GL-84,POINT (-9.105879783630371 38.74679946899414)
2952_765,7174_20250601_110_0_10,110_0,1,38.754520416259766,-9.19657039642334,8,IN_TRANSIT_TO,2025-06-11 07:45:00,10909,2952,62-GQ-54,POINT (-9.19657039642334 38.754520416259766)
4643_750,6378_20250601_106_0_4,106_0,0,38.74528121948242,-9.204480171203613,28,IN_TRANSIT_TO,2025-06-11 07:45:03,8816,4643,98-JO-45,POINT (-9.204480171203613 38.74528121948242)
2957_40B,17569_20250601_212_0_4,212_0,1,38.791648864746094,-9.146599769592285,21,IN_TRANSIT_TO,2025-06-11 07:44:56,50393,2957,27-GU-72,POINT (-9.146599769592285 38.791648864746094)
2680_714,3673_20250601_102_0_5,102_0,0,38.69738006591797,-9.202580451965332,19,IN_TRANSIT_TO,2025-06-11 07:44:46,4112,2680,93-XA-36,POINT (-9.202580451965332 38.69738006591797)
2681_727,4512_20250601_103_0_3,103_0,1,38.74652862548828,-9.147669792175293,43,IN_TRANSIT_TO,2025-06-11 07:44:36,2022,2681,93-XA-41,POINT (-9.147669792175293 38.74652862548828)
2673_711,3516_20250601_101_0_5,101_0,1,38.75284957885742,-9.208680152893066,7,IN_TRANSIT_TO,2025-06-11 07:44:37,11001,2673,87-XB-37,POINT (-9.208680152893066 38.75284957885742)
2672_709,3413_20250601_148_0_4,148_0,0,38.717769622802734,-9.15725040435791,8,IN_TRANSIT_TO,2025-06-11 07:44:55,6802,2672,87-XB-44,POINT (-9.15725040435791 38.717769622802734)
2670_711,3486_20250601_101_0_5,101_0,0,38.724849700927734,-9.157819747924805,8,IN_TRANSIT_TO,2025-06-11 07:44:50,1223,2670,87-XB-32,POINT (-9.157819747924805 38.724849700927734)
6001_763,46421_20250601_282_0_5,282_0,0,38.776851654052734,-9.164420127868652,6,IN_TRANSIT_TO,2025-06-11 07:44:27,5912,6001,99-XU-70,POINT (-9.164420127868652 38.776851654052734)
2674_709,3403_20250601_148_0_9,148_0,1,38.715118408203125,-9.16510009765625,2,IN_TRANSIT_TO,2025-06-11 07:44:56,8019,2674,87-XB-38,POINT (-9.16510009765625 38.715118408203125)
2675_727,4539_20250601_103_0_3,103_0,1,38.706878662109375,-9.202500343322754,8,IN_TRANSIT_TO,2025-06-11 07:44:58,13111,2675,87-XB-35,POINT (-9.202500343322754 38.706878662109375)
2961_774,7453_20250601_192_0_8,192_0,1,38.721229553222656,-9.163330078125,10,IN_TRANSIT_TO,2025-06-11 07:44:46,8519,2961,26-VD-02,POINT (-9.163330078125 38.721229553222656)
510_15E,11289_20250601_76_0_6,76_0,1,38.697330474853516,-9.204500198364258,6,IN_TRANSIT_TO,2025-06-11 07:44:38,13209,510,,POINT (-9.204500198364258 38.697330474853516)
6031_760,7097_20250601_171_0_3,171_0,0,38.72766876220703,-9.142029762268066,1,IN_TRANSIT_TO,2025-06-11 07:44:56,6909,6031,BF-87-AX,POINT (-9.142029762268066 38.72766876220703)
2718_712,3559_20250601_189_0_4,189_0,1,38.72816848754883,-9.1451997756958,16,IN_TRANSIT_TO,2025-06-11 07:44:36,1201,2718,92-XQ-23,POINT (-9.1451997756958 38.72816848754883)
547_28E,15019_20250601_75_0_3,75_0,1,38.711570739746094,-9.153499603271484,8,IN_TRANSIT_TO,2025-06-11 07:44:05,6721,547,,POINT (-9.153499603271484 38.711570739746094)
6014_706,3217_20250601_147_0_4,147_0,0,38.72768020629883,-9.142729759216309,15,IN_TRANSIT_TO,2025-06-11 07:44:38,6609,6014,67-ZF-30,POINT (-9.142729759216309 38.72768020629883)
6049_760,7088_20250601_171_0_3,171_0,0,38.703529357910156,-9.167730331420898,16,IN_TRANSIT_TO,2025-06-11 07:45:00,10202,6049,BH-47-IR,POINT (-9.167730331420898 38.703529357910156)
2723_711,3464_20250601_101_0_5,101_0,0,38.74552917480469,-9.20602035522461,20,IN_TRANSIT_TO,2025-06-11 07:44:57,8811,2723,92-XQ-43,POINT (-9.20602035522461 38.74552917480469)
2827_753,6563_20250601_167_0_7,167_0,0,38.723228454589844,-9.166629791259766,7,IN_TRANSIT_TO,2025-06-11 07:44:49,8607,2827,BF-61-FZ,POINT (-9.166629791259766 38.723228454589844)
6050_760,7024_20250601_171_0_3,171_0,1,38.70357894897461,-9.163080215454102,26,IN_TRANSIT_TO,2025-06-11 07:44:40,10201,6050,BH-62-IR,POINT (-9.163080215454102 38.70357894897461)
2347_799,8226_20250601_120_0_5,120_0,0,38.73957824707031,-9.222049713134766,23,IN_TRANSIT_TO,2025-06-11 07:44:48,18126,2347,53-61-ZJ,POINT (-9.222049713134766 38.73957824707031)
2741_756,6762_20250601_175_0_6,175_0,0,38.7411003112793,-9.148429870605469,11,IN_TRANSIT_TO,2025-06-11 07:43:36,1914,2741,AG-99-TG,POINT (-9.148429870605469 38.7411003112793)
2658_714,3710_20250601_102_0_4,102_0,1,38.69913101196289,-9.185870170593262,25,IN_TRANSIT_TO,2025-06-11 07:44:52,9505,2658,05-VZ-71,POINT (-9.185870170593262 38.69913101196289)
2479_726,4284_20250601_116_0_5,116_0,0,38.7264518737793,-9.135769844055176,4,IN_TRANSIT_TO,2025-06-11 07:44:57,605,2479,91-BE-74,POINT (-9.135769844055176 38.7264518737793)
2844_728,4622_20250601_204_0_5,204_0,1,38.756080627441406,-9.096630096435547,13,IN_TRANSIT_TO,2025-06-11 07:45:00,50316,2844,BF-73-FZ,POINT (-9.096630096435547 38.756080627441406)
2288_731,5026_20250601_190_0_5,190_0,0,38.74477005004883,-9.151780128479004,9,IN_TRANSIT_TO,2025-06-11 07:45:02,3309,2288,92-59-ZM,POINT (-9.151780128479004 38.74477005004883)
2295_724,4190_20250601_178_0_7,178_0,0,38.72904968261719,-9.204130172729492,9,IN_TRANSIT_TO,2025-06-11 07:44:49,8712,2295,92-53-ZM,POINT (-9.204130172729492 38.72904968261719)
2298_723,4175_20250601_121_0_5,121_0,0,38.72431945800781,-9.161049842834473,0,IN_TRANSIT_TO,2025-06-11 07:44:45,,2298,83-05-ZM,POINT (-9.161049842834473 38.72431945800781)
608_15E,11191_20250601_76_0_3,76_0,0,38.69953155517578,-9.228400230407715,22,IN_TRANSIT_TO,2025-06-11 07:45:02,4218,608,,POINT (-9.228400230407715 38.69953155517578)
610_15E,11245_20250601_76_0_3,76_0,0,38.70957946777344,-9.135479927062988,1,IN_TRANSIT_TO,2025-06-11 07:44:52,50620,610,,POINT (-9.135479927062988 38.70957946777344)
2257_758,6847_20250601_150_0_4,150_0,1,38.726619720458984,-9.161529541015625,20,IN_TRANSIT_TO,2025-06-11 07:44:45,6102,2257,80-50-ZE,POINT (-9.161529541015625 38.726619720458984)
2282_799,8223_20250601_120_0_3,120_0,1,38.73662185668945,-9.216150283813477,10,IN_TRANSIT_TO,2025-06-11 07:45:02,18107,2282,67-35-ZJ,POINT (-9.216150283813477 38.73662185668945)
2281_758,6797_20250601_150_0_5,150_0,0,38.719730377197266,-9.153980255126953,7,IN_TRANSIT_TO,2025-06-11 07:44:27,10607,2281,67-56-ZJ,POINT (-9.153980255126953 38.719730377197266)
2628_744,5804_20250601_200_0_4,200_0,1,38.73365020751953,-9.145079612731934,26,IN_TRANSIT_TO,2025-06-11 07:44:45,1814,2628,52-VP-82,POINT (-9.145079612731934 38.73365020751953)
2841_728,4682_20250601_204_0_4,204_0,0,38.735931396484375,-9.103529930114746,31,IN_TRANSIT_TO,2025-06-11 07:44:52,12513,2841,BF-55-FZ,POINT (-9.103529930114746 38.735931396484375)
1717_783,7810_20250601_203_0_5,203_0,0,38.762420654296875,-9.13010025024414,18,IN_TRANSIT_TO,2025-06-11 07:45:01,7513,1717,69-AL-80,POINT (-9.13010025024414 38.762420654296875)
4832_736,18835_20250601_199_0_4,199_0,1,38.74502182006836,-9.147649765014648,20,IN_TRANSIT_TO,2025-06-11 07:44:52,2019,4832,68-VQ-51,POINT (-9.147649765014648 38.74502182006836)
2301_723,4147_20250601_121_0_2,121_0,0,38.69578170776367,-9.214949607849121,28,IN_TRANSIT_TO,2025-06-11 07:44:36,50385,2301,83-12-ZM,POINT (-9.214949607849121 38.69578170776367)
2717_723,4170_20250601_121_0_3,121_0,0,38.725250244140625,-9.152970314025879,7,IN_TRANSIT_TO,2025-06-11 07:44:46,1209,2717,92-XQ-16,POINT (-9.152970314025879 38.725250244140625)
4835_783,7855_20250601_203_0_6,203_0,1,38.78527069091797,-9.12421989440918,3,IN_TRANSIT_TO,2025-06-11 07:44:50,16306,4835,53-VR-06,POINT (-9.12421989440918 38.78527069091797)
4624_736,18836_20250601_199_0_6,199_0,1,38.75392150878906,-9.152520179748535,15,IN_TRANSIT_TO,2025-06-11 07:44:53,5806,4624,11-JM-75,POINT (-9.152520179748535 38.75392150878906)
4811_751,6457_20250601_109_4_6,109_4,0,38.697200775146484,-9.200900077819824,15,IN_TRANSIT_TO,2025-06-11 07:45:00,4112,4811,34-VR-20,POINT (-9.200900077819824 38.697200775146484)
6034_767,20158_20250601_112_1_2,112_1,0,38.74943161010742,-9.219599723815918,26,IN_TRANSIT_TO,2025-06-11 07:44:42,3002,6034,BF-61-AX,POINT (-9.219599723815918 38.74943161010742)
6007_706,3250_20250601_147_0_5,147_0,1,38.711769104003906,-9.153380393981934,27,IN_TRANSIT_TO,2025-06-11 07:44:17,6704,6007,80-ZC-62,POINT (-9.153380393981934 38.711769104003906)
4633_755,6652_20250601_118_0_4,118_0,0,38.754600524902344,-9.152569770812988,35,IN_TRANSIT_TO,2025-06-11 07:44:52,5703,4633,90-JI-94,POINT (-9.152569770812988 38.754600524902344)
2259_726,4275_20250601_116_0_3,116_0,0,38.73733139038086,-9.144980430603027,9,IN_TRANSIT_TO,2025-06-11 07:44:53,11118,2259,67-44-ZJ,POINT (-9.144980430603027 38.73733139038086)
2270_758,6841_20250601_150_0_2,150_0,1,38.72037124633789,-9.155599594116211,25,IN_TRANSIT_TO,2025-06-11 07:44:56,6813,2270,76-82-ZG,POINT (-9.155599594116211 38.72037124633789)
2430_716,3715_20250601_164_0_8,164_0,1,38.738128662109375,-9.149849891662598,20,IN_TRANSIT_TO,2025-06-11 07:44:36,1408,2430,29-AX-12,POINT (-9.149849891662598 38.738128662109375)
2442_767,7306_20250601_112_0_3,112_0,0,38.75135040283203,-9.197549819946289,32,IN_TRANSIT_TO,2025-06-11 07:44:52,10802,2442,29-AX-06,POINT (-9.197549819946289 38.75135040283203)
2779_712,3548_20250601_189_0_5,189_0,0,38.72119903564453,-9.127129554748535,8,IN_TRANSIT_TO,2025-06-11 07:44:58,9111,2779,AI-02-BT,POINT (-9.127129554748535 38.72119903564453)
2703_709,3388_20250601_148_0_8,148_0,0,38.71900177001953,-9.14447021484375,3,IN_TRANSIT_TO,2025-06-11 07:45:05,1003,2703,92-XQ-24,POINT (-9.14447021484375 38.71900177001953)
2842_728,4590_20250601_204_0_5,204_0,1,38.708431243896484,-9.133330345153809,32,IN_TRANSIT_TO,2025-06-11 07:45:06,4502,2842,BF-56-FZ,POINT (-9.133330345153809 38.708431243896484)
251_37B,18842_20250601_224_0_5,224_0,0,38.73630142211914,-9.131230354309082,15,IN_TRANSIT_TO,2025-06-11 07:44:15,50394,251,AF-87-NU,POINT (-9.131230354309082 38.73630142211914)
4833_783,7830_20250601_203_0_3,203_0,0,38.72867965698242,-9.14783000946045,5,IN_TRANSIT_TO,2025-06-11 07:44:59,1701,4833,20-VQ-65,POINT (-9.14783000946045 38.72867965698242)
6009_706,3253_20250601_147_0_3,147_0,1,38.72003173828125,-9.155130386352539,24,IN_TRANSIT_TO,2025-06-11 07:43:15,6810,6009,81-ZC-18,POINT (-9.155130386352539 38.72003173828125)
4839_755,6630_20250601_118_0_3,118_0,0,38.74617004394531,-9.167969703674316,40,IN_TRANSIT_TO,2025-06-11 07:44:48,12704,4839,53-VR-08,POINT (-9.167969703674316 38.74617004394531)
2272_758,6875_20250601_150_0_2,150_0,1,38.75001907348633,-9.19534969329834,5,IN_TRANSIT_TO,2025-06-11 07:45:01,10905,2272,76-80-ZG,POINT (-9.19534969329834 38.75001907348633)
4825_783,7836_20250601_203_0_4,203_0,1,38.72433090209961,-9.160929679870605,30,IN_TRANSIT_TO,2025-06-11 07:44:49,8501,4825,20-VQ-72,POINT (-9.160929679870605 38.72433090209961)
2345_767,7312_20250601_112_0_3,112_0,0,38.758121490478516,-9.153570175170898,17,IN_TRANSIT_TO,2025-06-11 07:44:45,5707,2345,53-59-ZJ,POINT (-9.153570175170898 38.758121490478516)
2614_759,6957_20250601_144_0_5,144_0,0,38.769229888916016,-9.097869873046875,46,IN_TRANSIT_TO,2025-06-11 07:44:46,7822,2614,66-VI-24,POINT (-9.097869873046875 38.769229888916016)
2997_774,7440_20250601_192_0_9,192_0,0,38.71731948852539,-9.16942024230957,2,IN_TRANSIT_TO,2025-06-11 07:44:53,8012,2997,34-VN-03,POINT (-9.16942024230957 38.71731948852539)
6023_760,7036_20250601_171_0_6,171_0,1,38.702980041503906,-9.194519996643066,18,IN_TRANSIT_TO,2025-06-11 07:44:58,13401,6023,BF-03-BD,POINT (-9.194519996643066 38.702980041503906)
4815_728,4582_20250601_204_0_5,204_0,1,38.69626998901367,-9.199000358581543,41,IN_TRANSIT_TO,2025-06-11 07:44:42,9502,4815,34-VR-24,POINT (-9.199000358581543 38.69626998901367)
4821_783,7853_20250601_203_0_4,203_0,1,38.76996994018555,-9.125499725341797,10,IN_TRANSIT_TO,2025-06-11 07:45:00,12202,4821,20-VQ-68,POINT (-9.125499725341797 38.76996994018555)
2613_759,6982_20250601_144_0_4,144_0,1,38.7164192199707,-9.141770362854004,46,IN_TRANSIT_TO,2025-06-11 07:44:51,919,2613,66-VI-22,POINT (-9.141770362854004 38.7164192199707)
4827_783,7847_20250601_203_0_4,203_0,1,38.74626922607422,-9.148030281066895,20,IN_TRANSIT_TO,2025-06-11 07:44:39,2002,4827,34-VR-15,POINT (-9.148030281066895 38.74626922607422)
2697_754,6605_20250601_201_0_4,201_0,1,38.74443054199219,-9.197279930114746,18,IN_TRANSIT_TO,2025-06-11 07:45:04,2811,2697,90-XF-59,POINT (-9.197279930114746 38.74443054199219)
2606_744,5839_20250601_200_0_5,200_0,0,38.75632095336914,-9.111769676208496,0,IN_TRANSIT_TO,2025-06-11 07:45:02,,2606,66-VI-40,POINT (-9.111769676208496 38.75632095336914)
2601_759,6926_20250601_144_0_4,144_0,1,38.74802017211914,-9.112919807434082,23,IN_TRANSIT_TO,2025-06-11 07:44:44,3714,2601,04-VA-70,POINT (-9.112919807434082 38.74802017211914)
2264_767,7203_20250601_112_0_3,112_0,0,38.724178314208984,-9.13992977142334,2,IN_TRANSIT_TO,2025-06-11 07:45:05,9212,2264,76-90-ZG,POINT (-9.13992977142334 38.724178314208984)
6036_732,5061_20250601_107_0_3,107_0,0,38.725730895996094,-9.150879859924316,12,IN_TRANSIT_TO,2025-06-11 07:44:41,1202,6036,BG-90-LX,POINT (-9.150879859924316 38.725730895996094)
6026_732,5092_20250601_107_0_3,107_0,1,38.7016716003418,-9.181170463562012,20,IN_TRANSIT_TO,2025-06-11 07:45:04,9503,6026,BF-39-BB,POINT (-9.181170463562012 38.7016716003418)
2706_714,3660_20250601_102_0_5,102_0,0,38.716880798339844,-9.213020324707031,28,IN_TRANSIT_TO,2025-06-11 07:44:51,10402,2706,92-XQ-46,POINT (-9.213020324707031 38.716880798339844)
2653_727,4534_20250601_103_0_3,103_0,1,38.699951171875,-9.183870315551758,16,IN_TRANSIT_TO,2025-06-11 07:44:59,9505,2653,05-VZ-52,POINT (-9.183870315551758 38.699951171875)
2988_797,8175_20250601_163_0_5,163_0,0,38.72439956665039,-9.129570007324219,10,IN_TRANSIT_TO,2025-06-11 07:44:38,9103,2988,29-VM-94,POINT (-9.129570007324219 38.72439956665039)
2743_720,4064_20250601_143_0_4,143_0,1,38.701820373535156,-9.18002986907959,3,IN_TRANSIT_TO,2025-06-11 07:45:01,12005,2743,AG-02-TH,POINT (-9.18002986907959 38.701820373535156)
4826_783,7843_20250601_203_0_4,203_0,1,38.72719955444336,-9.149120330810547,26,IN_TRANSIT_TO,2025-06-11 07:45:03,1702,4826,53-VR-05,POINT (-9.149120330810547 38.72719955444336)
2657_722,4122_20250601_196_0_4,196_0,0,38.72853088378906,-9.147919654846191,4,IN_TRANSIT_TO,2025-06-11 07:44:40,1701,2657,05-VZ-66,POINT (-9.147919654846191 38.72853088378906)
2637_722,4130_20250601_196_0_3,196_0,1,38.74338150024414,-9.132719993591309,23,IN_TRANSIT_TO,2025-06-11 07:44:44,308,2637,87-VS-51,POINT (-9.132719993591309 38.74338150024414)
4830_736,5417_20250601_199_0_4,199_0,1,38.71773147583008,-9.14348030090332,27,IN_TRANSIT_TO,2025-06-11 07:44:36,1102,4830,20-VQ-63,POINT (-9.14348030090332 38.71773147583008)
2638_705,3196_20250601_176_0_4,176_0,0,38.77198028564453,-9.097570419311523,3,IN_TRANSIT_TO,2025-06-11 07:44:39,7821,2638,87-VS-48,POINT (-9.097570419311523 38.77198028564453)
6037_732,5089_20250601_107_0_1,107_0,1,38.70846939086914,-9.135979652404785,29,IN_TRANSIT_TO,2025-06-11 07:44:43,3824,6037,BG-37-LT,POINT (-9.135979652404785 38.70846939086914)
2617_781,7754_20250601_151_0_5,151_0,1,38.7830810546875,-9.124699592590332,4,IN_TRANSIT_TO,2025-06-11 07:44:34,16304,2617,66-VI-28,POINT (-9.124699592590332 38.7830810546875)
2633_782,7798_20250601_152_0_2,152_0,1,38.74489974975586,-9.103619575500488,12,IN_TRANSIT_TO,2025-06-11 07:45:01,2207,2633,52-VP-79,POINT (-9.103619575500488 38.74489974975586)
6005_706,3206_20250601_147_0_4,147_0,0,38.71689987182617,-9.119050025939941,30,IN_TRANSIT_TO,2025-06-11 07:45:05,2128,6005,81-ZC-91,POINT (-9.119050025939941 38.71689987182617)
2648_755,6705_20250601_118_0_5,118_0,1,38.755348205566406,-9.149880409240723,8,IN_TRANSIT_TO,2025-06-11 07:44:48,5712,2648,75-VS-46,POINT (-9.149880409240723 38.755348205566406)
2619_718,3942_20250601_105_0_4,105_0,0,38.751380920410156,-9.113679885864258,3,IN_TRANSIT_TO,2025-06-11 07:44:55,24376,2619,66-VI-37,POINT (-9.113679885864258 38.751380920410156)
2698_754,6618_20250601_201_0_3,201_0,0,38.74515151977539,-9.201769828796387,19,IN_TRANSIT_TO,2025-06-11 07:44:59,2806,2698,92-XQ-20,POINT (-9.201769828796387 38.74515151977539)
2716_738,5562_20250601_117_0_4,117_0,0,38.753849029541016,-9.154150009155273,10,IN_TRANSIT_TO,2025-06-11 07:44:54,5702,2716,92-XQ-27,POINT (-9.154150009155273 38.753849029541016)
6025_760,7104_20250601_171_0_5,171_0,1,38.717918395996094,-9.13659954071045,35,IN_TRANSIT_TO,2025-06-11 07:45:05,818,6025,BF-92-AX,POINT (-9.13659954071045 38.717918395996094)
2991_52B,21672_20250601_244_0_3,244_0,0,38.739219665527344,-9.1533203125,10,IN_TRANSIT_TO,2025-06-11 07:44:59,50041,2991,29-VM-89,POINT (-9.1533203125 38.739219665527344)
4820_751,6508_20250601_109_0_2,109_0,0,38.69778060913086,-9.204500198364258,16,IN_TRANSIT_TO,2025-06-11 07:44:34,9604,4820,20-VQ-62,POINT (-9.204500198364258 38.69778060913086)
2704_746,5966_20250601_108_0_6,108_0,1,38.747798919677734,-9.191049575805664,8,IN_TRANSIT_TO,2025-06-11 07:44:53,10803,2704,92-XQ-18,POINT (-9.191049575805664 38.747798919677734)
6041_732,5084_20250601_107_0_3,107_0,1,38.72819900512695,-9.145179748535156,36,IN_TRANSIT_TO,2025-06-11 07:45:04,6601,6041,BG-20-LV,POINT (-9.145179748535156 38.72819900512695)
2639_782,7774_20250601_152_0_4,152_0,1,38.773529052734375,-9.10474967956543,0,IN_TRANSIT_TO,2025-06-11 07:45:04,,2639,75-VS-47,POINT (-9.10474967956543 38.773529052734375)
2826_753,6560_20250601_167_0_3,167_0,0,38.66714859008789,-9.172329902648926,8,IN_TRANSIT_TO,2025-06-11 07:40:38,14601,2826,BF-74-FZ,POINT (-9.172329902648926 38.66714859008789)
2989_72B,45271_20250601_279_0_3,279_0,0,38.745849609375,-9.204700469970703,13,IN_TRANSIT_TO,2025-06-11 07:45:04,2902,2989,29-VM-85,POINT (-9.204700469970703 38.745849609375)
577_28E,14916_20250601_75_0_4,75_0,0,38.71147918701172,-9.153429985046387,20,IN_TRANSIT_TO,2025-06-11 07:44:50,6722,577,,POINT (-9.153429985046387 38.71147918701172)
2642_759,6898_20250601_144_0_2,144_0,1,38.71458053588867,-9.140170097351074,46,IN_TRANSIT_TO,2025-06-11 07:44:57,919,2642,75-VS-51,POINT (-9.140170097351074 38.71458053588867)
2724_723,4184_20250601_121_0_3,121_0,1,38.72467041015625,-9.150670051574707,29,IN_TRANSIT_TO,2025-06-11 07:44:33,1212,2724,92-XQ-40,POINT (-9.150670051574707 38.72467041015625)
2661_754,6623_20250601_201_0_3,201_0,0,38.74435043334961,-9.165080070495605,8,IN_TRANSIT_TO,2025-06-11 07:44:53,13501,2661,05-VZ-58,POINT (-9.165080070495605 38.74435043334961)
2737_756,6746_20250601_175_0_7,175_0,1,38.71289825439453,-9.175370216369629,5,IN_TRANSIT_TO,2025-06-11 07:44:58,9411,2737,AG-45-EI,POINT (-9.175370216369629 38.71289825439453)
2609_781,7736_20250601_151_0_4,151_0,1,38.71337890625,-9.122870445251465,26,IN_TRANSIT_TO,2025-06-11 07:44:49,2114,2609,66-VI-36,POINT (-9.122870445251465 38.71337890625)
2611_759,6945_20250601_144_0_4,144_0,1,38.7724494934082,-9.106499671936035,5,IN_TRANSIT_TO,2025-06-11 07:44:58,7908,2611,66-VI-38,POINT (-9.106499671936035 38.7724494934082)
2721_714,3638_20250601_102_0_6,102_0,1,38.723350524902344,-9.225299835205078,2,IN_TRANSIT_TO,2025-06-11 07:44:36,50405,2721,92-XQ-37,POINT (-9.225299835205078 38.723350524902344)
2326_712,3543_20250601_189_0_5,189_0,0,38.726470947265625,-9.1360502243042,18,IN_TRANSIT_TO,2025-06-11 07:44:44,605,2326,67-49-ZJ,POINT (-9.1360502243042 38.726470947265625)
2632_782,7795_20250601_152_0_3,152_0,1,38.70912170410156,-9.129899978637695,18,IN_TRANSIT_TO,2025-06-11 07:44:40,2114,2632,52-VP-88,POINT (-9.129899978637695 38.70912170410156)
2981_702,3034_20250601_146_0_8,146_0,1,38.725929260253906,-9.168569564819336,6,IN_TRANSIT_TO,2025-06-11 07:44:38,8606,2981,29-VM-86,POINT (-9.168569564819336 38.725929260253906)
6030_732,5043_20250601_107_0_3,107_0,0,38.71271896362305,-9.213600158691406,44,IN_TRANSIT_TO,2025-06-11 07:44:31,12402,6030,BF-39-AU,POINT (-9.213600158691406 38.71271896362305)
2618_759,6904_20250601_144_0_4,144_0,1,38.72024917602539,-9.117170333862305,39,IN_TRANSIT_TO,2025-06-11 07:44:49,9814,2618,66-VI-42,POINT (-9.117170333862305 38.72024917602539)
2643_781,7723_20250601_151_0_4,151_0,1,38.70587921142578,-9.143879890441895,29,IN_TRANSIT_TO,2025-06-11 07:44:49,3820,2643,75-VS-44,POINT (-9.143879890441895 38.70587921142578)
2646_744,5831_20250601_200_0_4,200_0,1,38.771881103515625,-9.101329803466797,0,IN_TRANSIT_TO,2025-06-11 07:44:40,,2646,75-VS-48,POINT (-9.101329803466797 38.771881103515625)
2993_702,3074_20250601_146_0_6,146_0,1,38.72505187988281,-9.152549743652344,13,IN_TRANSIT_TO,2025-06-11 07:45:01,50197,2993,29-VM-93,POINT (-9.152549743652344 38.72505187988281)
2733_756,6725_20250601_175_0_2,175_0,1,38.74013137817383,-9.127869606018066,19,IN_TRANSIT_TO,2025-06-11 07:44:53,9008,2733,AG-41-EI,POINT (-9.127869606018066 38.74013137817383)
2468_716,3751_20250601_164_0_6,164_0,1,38.7351188659668,-9.145719528198242,22,IN_TRANSIT_TO,2025-06-11 07:44:40,1806,2468,16-AZ-10,POINT (-9.145719528198242 38.7351188659668)
2640_782,7784_20250601_152_0_3,152_0,0,38.746829986572266,-9.104599952697754,10,IN_TRANSIT_TO,2025-06-11 07:44:37,12523,2640,75-VS-43,POINT (-9.104599952697754 38.746829986572266)
2707_713,3590_20250601_122_0_3,122_0,0,38.7247314453125,-9.15999984741211,10,IN_TRANSIT_TO,2025-06-11 07:45:00,6120,2707,92-XQ-39,POINT (-9.15999984741211 38.7247314453125)
2612_781,7760_20250601_151_0_4,151_0,0,38.757530212402344,-9.108530044555664,14,IN_TRANSIT_TO,2025-06-11 07:45:01,2304,2612,66-VI-29,POINT (-9.108530044555664 38.757530212402344)
501_15E,11224_20250601_76_0_5,76_0,0,38.707218170166016,-9.141329765319824,3,IN_TRANSIT_TO,2025-06-11 07:44:36,3820,501,,POINT (-9.141329765319824 38.707218170166016)
2736_756,6732_20250601_175_0_4,175_0,1,38.73780059814453,-9.155570030212402,11,IN_TRANSIT_TO,2025-06-11 07:44:56,1504,2736,AG-47-EI,POINT (-9.155570030212402 38.73780059814453)
6042_732,5058_20250601_107_0_3,107_0,0,38.703521728515625,-9.167499542236328,24,IN_TRANSIT_TO,2025-06-11 07:44:37,10202,6042,BG-97-LU,POINT (-9.167499542236328 38.703521728515625)
542_25E,14257_20250601_79_0_6,79_0,0,38.70705032348633,-9.158149719238281,7,IN_TRANSIT_TO,2025-06-11 07:44:52,50594,542,,POINT (-9.158149719238281 38.70705032348633)
574_18E,12194_20250601_78_0_6,78_0,1,38.70484924316406,-9.187080383300781,10,IN_TRANSIT_TO,2025-06-11 07:44:58,12007,574,,POINT (-9.187080383300781 38.70484924316406)
2713_714,3629_20250601_102_0_6,102_0,1,38.717430114746094,-9.209830284118652,10,IN_TRANSIT_TO,2025-06-11 07:44:48,10405,2713,92-XQ-34,POINT (-9.209830284118652 38.717430114746094)
2635_705,3181_20250601_176_0_4,176_0,1,38.76197814941406,-9.129480361938477,7,IN_TRANSIT_TO,2025-06-11 07:45:00,7507,2635,52-VP-90,POINT (-9.129480361938477 38.76197814941406)
2258_758,6830_20250601_150_0_3,150_0,1,38.70528030395508,-9.143770217895508,33,IN_TRANSIT_TO,2025-06-11 07:44:52,3826,2258,53-58-ZJ,POINT (-9.143770217895508 38.70528030395508)
544_25E,14258_20250601_79_0_5,79_0,1,38.71549987792969,-9.164179801940918,3,IN_TRANSIT_TO,2025-06-11 07:45:05,8001,544,,POINT (-9.164179801940918 38.71549987792969)
2996_702,3065_20250601_146_0_5,146_0,0,38.72930145263672,-9.167969703674316,7,IN_TRANSIT_TO,2025-06-11 07:44:46,6111,2996,30-VM-03,POINT (-9.167969703674316 38.72930145263672)
402_73B,18776_20250601_220_0_3,220_0,0,38.70092010498047,-9.190199851989746,35,IN_TRANSIT_TO,2025-06-11 07:44:46,50378,402,BF-81-TP,POINT (-9.190199851989746 38.70092010498047)
2636_744,5832_20250601_200_0_3,200_0,0,38.76797866821289,-9.104080200195312,24,IN_TRANSIT_TO,2025-06-11 07:44:48,7711,2636,87-VS-50,POINT (-9.104080200195312 38.76797866821289)
2652_723,4138_20250601_121_0_4,121_0,1,38.704769134521484,-9.216500282287598,0,IN_TRANSIT_TO,2025-06-11 07:44:53,,2652,05-VZ-61,POINT (-9.216500282287598 38.704769134521484)
2626_744,5840_20250601_200_0_4,200_0,0,38.7181282043457,-9.143830299377441,1,IN_TRANSIT_TO,2025-06-11 07:45:04,1001,2626,52-VP-86,POINT (-9.143830299377441 38.7181282043457)
2620_722,4120_20250601_196_0_4,196_0,0,38.76985168457031,-9.126399993896484,22,IN_TRANSIT_TO,2025-06-11 07:45:04,7603,2620,66-VI-33,POINT (-9.126399993896484 38.76985168457031)
2829_753,6549_20250601_167_0_8,167_0,1,38.678470611572266,-9.174420356750488,2,IN_TRANSIT_TO,2025-06-11 07:45:00,14602,2829,BF-58-FZ,POINT (-9.174420356750488 38.678470611572266)
503_15E,11250_20250601_76_0_4,76_0,1,38.70940017700195,-9.136269569396973,22,IN_TRANSIT_TO,2025-06-11 07:44:38,5512,503,,POINT (-9.136269569396973 38.70940017700195)
2621_781,7739_20250601_151_0_4,151_0,1,38.738529205322266,-9.103269577026367,22,IN_TRANSIT_TO,2025-06-11 07:45:00,12512,2621,66-VI-45,POINT (-9.103269577026367 38.738529205322266)
2622_705,3200_20250601_176_0_4,176_0,1,38.77482986450195,-9.10105037689209,22,IN_TRANSIT_TO,2025-06-11 07:45:00,7910,2622,66-VI-21,POINT (-9.10105037689209 38.77482986450195)
2603_781,7763_20250601_151_0_3,151_0,0,38.7109489440918,-9.126629829406738,4,IN_TRANSIT_TO,2025-06-11 07:36:42,4505,2603,16-VF-76,POINT (-9.126629829406738 38.7109489440918)
2649_727,4554_20250601_103_0_3,103_0,0,38.70198059082031,-9.180919647216797,30,IN_TRANSIT_TO,2025-06-11 07:45:02,12121,2649,75-VS-42,POINT (-9.180919647216797 38.70198059082031)
2975_774,7433_20250601_192_0_3,192_0,0,38.723079681396484,-9.14900016784668,10,IN_TRANSIT_TO,2025-06-11 07:44:45,1216,2975,30-VM-11,POINT (-9.14900016784668 38.723079681396484)
2985_730,4948_20250601_198_0_5,198_0,1,38.72658157348633,-9.136520385742188,8,IN_TRANSIT_TO,2025-06-11 07:44:44,606,2985,30-VM-14,POINT (-9.136520385742188 38.72658157348633)
2986_702,3046_20250601_146_0_4,146_0,1,38.73152160644531,-9.174180030822754,1,IN_TRANSIT_TO,2025-06-11 07:44:49,50086,2986,30-VM-12,POINT (-9.174180030822754 38.73152160644531)
2701_713,3608_20250601_122_0_6,122_0,1,38.732181549072266,-9.154950141906738,30,IN_TRANSIT_TO,2025-06-11 07:44:45,6118,2701,92-XQ-35,POINT (-9.154950141906738 38.732181549072266)
2982_52B,21664_20250601_244_0_4,244_0,0,38.741668701171875,-9.167830467224121,0,IN_TRANSIT_TO,2025-06-11 07:44:59,,2982,30-VM-23,POINT (-9.167830467224121 38.741668701171875)
2990_71B,45265_20250601_278_0_2,278_0,0,38.75410079956055,-9.197480201721191,27,IN_TRANSIT_TO,2025-06-11 07:44:48,10909,2990,30-VM-06,POINT (-9.197480201721191 38.75410079956055)
2711_714,3711_20250601_102_0_1,102_0,1,38.70412063598633,-9.20895004272461,17,IN_TRANSIT_TO,2025-06-11 07:44:55,13121,2711,92-XQ-44,POINT (-9.20895004272461 38.70412063598633)
2976_797,8164_20250601_163_0_11,163_0,1,38.73352813720703,-9.133299827575684,10,IN_TRANSIT_TO,2025-06-11 07:44:40,509,2976,30-VM-00,POINT (-9.133299827575684 38.73352813720703)
2604_759,6969_20250601_144_0_5,144_0,0,38.76081848144531,-9.111929893493652,29,IN_TRANSIT_TO,2025-06-11 07:44:33,8414,2604,66-VI-32,POINT (-9.111929893493652 38.76081848144531)
552_25E,14265_20250601_79_0_4,79_0,0,38.714900970458984,-9.166500091552734,17,IN_TRANSIT_TO,2025-06-11 07:44:47,8018,552,,POINT (-9.166500091552734 38.714900970458984)
2634_759,6960_20250601_144_0_3,144_0,0,38.76892852783203,-9.117870330810547,34,IN_TRANSIT_TO,2025-06-11 07:44:44,7703,2634,52-VP-85,POINT (-9.117870330810547 38.76892852783203)
2663_714,3697_20240914_102_0_16,102_0,1,38.72127151489258,-9.221500396728516,4,IN_TRANSIT_TO,2024-10-22 20:26:58,18703,2663,05-VZ-62,POINT (-9.221500396728516 38.72127151489258)
2659_713,3596_20250601_122_0_5,122_0,0,38.73752975463867,-9.143730163574219,3,IN_TRANSIT_TO,2025-06-11 07:44:58,11118,2659,05-VZ-57,POINT (-9.143730163574219 38.73752975463867)
2685_746,5956_20250601_108_0_6,108_0,1,38.73789978027344,-9.156880378723145,19,IN_TRANSIT_TO,2025-06-11 07:45:02,1506,2685,93-XA-46,POINT (-9.156880378723145 38.73789978027344)
6043_760,7106_20250601_171_0_2,171_0,1,38.72185134887695,-9.139049530029297,38,IN_TRANSIT_TO,2025-06-11 07:44:49,9213,6043,BG-93-LT,POINT (-9.139049530029297 38.72185134887695)
554_12E,11034_20250601_77_0_3,77_0,0,38.70991897583008,-9.136199951171875,10,IN_TRANSIT_TO,2025-06-11 07:44:36,5602,554,,POINT (-9.136199951171875 38.70991897583008)
1714_717,3878_20250601_170_0_5,170_0,1,38.756351470947266,-9.139920234680176,30,IN_TRANSIT_TO,2025-06-11 07:44:44,11314,1714,69-AL-77,POINT (-9.139920234680176 38.756351470947266)
2995_45B,49564_20250601_277_0_4,277_0,1,38.76782989501953,-9.170249938964844,6,IN_TRANSIT_TO,2025-06-11 07:44:50,50030,2995,30-VM-15,POINT (-9.170249938964844 38.76782989501953)
580_28E,14942_20250601_75_0_4,75_0,0,38.716121673583984,-9.13362979888916,2,IN_TRANSIT_TO,2025-06-11 07:44:56,817,580,,POINT (-9.13362979888916 38.716121673583984)
543_28E,14893_20250601_75_0_2,75_0,0,38.71432113647461,-9.169449806213379,28,IN_TRANSIT_TO,2025-06-11 07:45:04,8017,543,,POINT (-9.169449806213379 38.71432113647461)
4804_751,6492_20250601_109_0_3,109_0,0,38.71009826660156,-9.225370407104492,27,IN_TRANSIT_TO,2025-06-11 07:44:49,18402,4804,53-VR-07,POINT (-9.225370407104492 38.71009826660156)
2687_713,3574_20250601_122_0_5,122_0,0,38.71492004394531,-9.175800323486328,31,IN_TRANSIT_TO,2025-06-11 07:45:03,9411,2687,93-XA-44,POINT (-9.175800323486328 38.71492004394531)
4813_751,6456_20250601_109_0_8,109_0,1,38.698421478271484,-9.188400268554688,21,IN_TRANSIT_TO,2025-06-11 07:45:03,9507,4813,68-VQ-50,POINT (-9.188400268554688 38.698421478271484)
2828_728,4662_20250601_204_0_2,204_0,0,38.78242111206055,-9.114230155944824,52,IN_TRANSIT_TO,2025-06-11 07:44:46,12610,2828,BF-60-FZ,POINT (-9.114230155944824 38.78242111206055)
2696_727,4473_20250601_103_0_3,103_0,0,38.74578094482422,-9.13936996459961,2,IN_TRANSIT_TO,2025-06-11 07:44:51,11211,2696,90-XF-63,POINT (-9.13936996459961 38.74578094482422)
2644_705,3187_20250601_176_0_4,176_0,1,38.745479583740234,-9.135299682617188,0,IN_TRANSIT_TO,2025-06-11 07:44:50,,2644,87-VS-52,POINT (-9.135299682617188 38.745479583740234)
578_28E,15038_20250601_75_0_4,75_0,0,38.71670150756836,-9.13545036315918,1,IN_TRANSIT_TO,2025-06-06 13:01:53,819,578,,POINT (-9.13545036315918 38.71670150756836)
2662_722,4108_20250601_196_0_4,196_0,1,38.78107833862305,-9.111729621887207,5,IN_TRANSIT_TO,2025-06-11 07:44:39,12615,2662,05-VZ-51,POINT (-9.111729621887207 38.78107833862305)
2977_774,7460_20250601_192_0_8,192_0,1,38.72623062133789,-9.14087963104248,0,IN_TRANSIT_TO,2025-06-11 07:45:03,,2977,30-VM-21,POINT (-9.14087963104248 38.72623062133789)
2427_729,4830_20250601_104_0_4,104_0,0,38.726131439208984,-9.194450378417969,20,IN_TRANSIT_TO,2025-06-11 07:44:40,8838,2427,29-AX-14,POINT (-9.194450378417969 38.726131439208984)
4808_751,6515_20250601_109_0_4,109_0,0,38.698001861572266,-9.19083023071289,12,IN_TRANSIT_TO,2025-06-11 07:44:47,9506,4808,20-VQ-73,POINT (-9.19083023071289 38.698001861572266)
264_64B,21492_20250601_238_0_5,238_0,0,38.719451904296875,-9.170849800109863,6,IN_TRANSIT_TO,2025-06-11 07:44:58,50486,264,AG-42-OV,POINT (-9.170849800109863 38.719451904296875)
4824_783,7818_20250601_203_0_5,203_0,0,38.75627899169922,-9.147120475769043,14,IN_TRANSIT_TO,2025-06-11 07:45:03,5708,4824,34-VR-19,POINT (-9.147120475769043 38.75627899169922)
2641_781,7757_20250601_151_0_4,151_0,0,38.78107833862305,-9.119119644165039,25,IN_TRANSIT_TO,2025-06-11 07:44:45,12603,2641,75-VS-49,POINT (-9.119119644165039 38.78107833862305)
268_64B,42682_20250601_238_0_4,238_0,0,38.717281341552734,-9.169730186462402,14,IN_TRANSIT_TO,2025-06-11 07:44:52,8007,268,AH-56-CZ,POINT (-9.169730186462402 38.717281341552734)
555_28E,14994_20250601_75_0_3,75_0,1,38.71297836303711,-9.129619598388672,30,IN_TRANSIT_TO,2025-06-11 07:45:01,13814,555,,POINT (-9.129619598388672 38.71297836303711)
2974_79B,18672_20250601_221_0_3,221_0,0,38.70917892456055,-9.211819648742676,16,IN_TRANSIT_TO,2025-06-11 07:45:03,12406,2974,30-VM-22,POINT (-9.211819648742676 38.70917892456055)
4817_751,6493_20250601_109_4_8,109_4,1,38.69929885864258,-9.185480117797852,5,IN_TRANSIT_TO,2025-06-11 07:44:47,9505,4817,00-VV-37,POINT (-9.185480117797852 38.69929885864258)
2987_730,4970_20250601_198_0_5,198_0,0,38.73268127441406,-9.121299743652344,0,IN_TRANSIT_TO,2025-06-11 07:44:54,,2987,29-VM-99,POINT (-9.121299743652344 38.73268127441406)
6006_706,3265_20250601_147_0_5,147_0,1,38.72768020629883,-9.141799926757812,18,IN_TRANSIT_TO,2025-06-11 07:44:44,6905,6006,82-ZC-09,POINT (-9.141799926757812 38.72768020629883)
2660_754,6610_20250601_201_0_4,201_0,1,38.73529815673828,-9.215120315551758,5,IN_TRANSIT_TO,2025-06-11 07:44:39,8845,2660,05-VZ-60,POINT (-9.215120315551758 38.73529815673828)
2655_764,7163_20250601_168_0_3,168_0,1,38.75777053833008,-9.179180145263672,24,IN_TRANSIT_TO,2025-06-11 07:44:58,13607,2655,05-VZ-67,POINT (-9.179180145263672 38.75777053833008)
269_734,5145_20250601_205_0_4,205_0,0,38.7127685546875,-9.12617015838623,14,IN_TRANSIT_TO,2025-06-11 07:44:44,50518,269,AG-25-NH,POINT (-9.12617015838623 38.7127685546875)
4807_751,6435_20250601_109_0_5,109_0,1,38.69744873046875,-9.1939697265625,20,IN_TRANSIT_TO,2025-06-11 07:45:02,4115,4807,20-VQ-69,POINT (-9.1939697265625 38.69744873046875)
2650_720,4084_20250601_143_0_5,143_0,0,38.7099494934082,-9.165980339050293,21,IN_TRANSIT_TO,2025-06-11 07:44:41,10104,2650,75-VS-50,POINT (-9.165980339050293 38.7099494934082)
4644_750,6400_20250601_106_0_2,106_0,0,38.756229400634766,-9.147430419921875,13,IN_TRANSIT_TO,2025-06-11 07:44:45,11301,4644,27-JO-11,POINT (-9.147430419921875 38.756229400634766)
4805_751,6509_20250601_109_4_2,109_4,1,38.698448181152344,-9.188179969787598,4,IN_TRANSIT_TO,2025-06-11 07:45:02,9507,4805,20-VQ-66,POINT (-9.188179969787598 38.698448181152344)
2740_756,6758_20250601_175_0_4,175_0,0,38.710548400878906,-9.174429893493652,21,IN_TRANSIT_TO,2025-06-11 07:44:38,9412,2740,AG-43-EI,POINT (-9.174429893493652 38.710548400878906)
2984_71B,45262_20250601_278_0_3,278_0,0,38.73897171020508,-9.203900337219238,10,IN_TRANSIT_TO,2025-06-11 07:44:44,50459,2984,30-VM-04,POINT (-9.203900337219238 38.73897171020508)
2630_744,5818_20250601_200_0_3,200_0,1,38.76792907714844,-9.097979545593262,5,IN_TRANSIT_TO,2025-06-11 07:45:01,7822,2630,52-VP-89,POINT (-9.097979545593262 38.76792907714844)
2744_756,6763_20250601_175_0_6,175_0,0,38.74153137207031,-9.128450393676758,5,IN_TRANSIT_TO,2025-06-11 07:44:46,9007,2744,AG-13-TH,POINT (-9.128450393676758 38.74153137207031)
4803_751,6521_20250601_109_0_2,109_0,0,38.72517013549805,-9.172670364379883,2,IN_TRANSIT_TO,2025-06-11 07:44:48,2704,4803,77-VP-16,POINT (-9.172670364379883 38.72517013549805)
2651_776,7479_20250601_193_0_16,193_0,0,38.6993293762207,-9.237979888916016,4,IN_TRANSIT_TO,2025-06-11 07:44:41,14908,2651,05-VZ-54,POINT (-9.237979888916016 38.6993293762207)
2720_711,3513_20250601_101_0_3,101_0,1,38.73207092285156,-9.189749717712402,18,IN_TRANSIT_TO,2025-06-11 07:44:38,8706,2720,92-XQ-28,POINT (-9.189749717712402 38.73207092285156)
2665_709,3393_20250601_148_0_4,148_0,1,38.72003173828125,-9.154450416564941,6,IN_TRANSIT_TO,2025-06-11 07:45:04,6803,2665,87-XB-33,POINT (-9.154450416564941 38.72003173828125)
272_734,5151_20250601_205_0_5,205_0,0,38.72328186035156,-9.131879806518555,5,IN_TRANSIT_TO,2025-06-11 07:44:51,709,272,AH-26-IN,POINT (-9.131879806518555 38.72328186035156)
2645_759,6977_20250601_144_0_5,144_0,0,38.71659851074219,-9.120400428771973,8,IN_TRANSIT_TO,2025-06-11 07:44:35,2103,2645,87-VS-49,POINT (-9.120400428771973 38.71659851074219)
262_28E,44756_20250601_75_8_15,75_8,1,38.72626876831055,-9.13290023803711,6,IN_TRANSIT_TO,2025-06-11 07:42:48,603,262,AF-49-ZD,POINT (-9.13290023803711 38.72626876831055)
2627_781,7720_20250601_151_0_5,151_0,0,38.71072006225586,-9.127129554748535,4,IN_TRANSIT_TO,2025-06-11 07:44:41,4505,2627,52-VP-83,POINT (-9.127129554748535 38.71072006225586)
274_61B,21523_20250601_241_0_5,241_0,1,38.7398796081543,-9.168069839477539,7,IN_TRANSIT_TO,2025-06-11 07:44:51,2718,274,AH-14-TB,POINT (-9.168069839477539 38.7398796081543)
2742_708,3346_20250601_100_0_2,100_0,0,38.795169830322266,-9.10027027130127,40,IN_TRANSIT_TO,2025-06-11 07:35:31,50448,2742,AG-94-TG,POINT (-9.10027027130127 38.795169830322266)
2725_711,3508_20250601_101_0_4,101_0,1,38.722320556640625,-9.17080020904541,25,IN_TRANSIT_TO,2025-06-11 07:45:00,50324,2725,92-XQ-30,POINT (-9.17080020904541 38.722320556640625)
256_773,7383_20250601_124_0_2,124_0,0,38.71194839477539,-9.153200149536133,8,IN_TRANSIT_TO,2025-06-11 07:44:38,6704,256,AF-57-RM,POINT (-9.153200149536133 38.71194839477539)
2715_713,3615_20250601_122_0_6,122_0,1,38.705448150634766,-9.160420417785645,12,IN_TRANSIT_TO,2025-06-11 07:45:02,3907,2715,92-XQ-22,POINT (-9.160420417785645 38.705448150634766)
2608_705,3191_20250601_176_0_4,176_0,0,38.770050048828125,-9.128129959106445,17,IN_TRANSIT_TO,2025-06-11 07:44:47,7604,2608,66-VI-39,POINT (-9.128129959106445 38.770050048828125)
2731_742,5685_20250601_114_0_3,114_0,0,38.734771728515625,-9.138270378112793,19,IN_TRANSIT_TO,2025-06-11 07:44:40,11116,2731,AG-49-EI,POINT (-9.138270378112793 38.734771728515625)
2719_711,3473_20250601_101_0_3,101_0,0,38.74530029296875,-9.204130172729492,20,IN_TRANSIT_TO,2025-06-11 07:44:56,8811,2719,92-XQ-17,POINT (-9.204130172729492 38.74530029296875)
2631_759,6948_20250601_144_0_4,144_0,1,38.7724494934082,-9.097530364990234,3,IN_TRANSIT_TO,2025-06-11 07:45:04,7821,2631,52-VP-80,POINT (-9.097530364990234 38.7724494934082)
2722_712,3534_20250601_189_0_3,189_0,0,38.72766876220703,-9.16178035736084,26,IN_TRANSIT_TO,2025-06-11 07:44:54,6103,2722,92-XQ-36,POINT (-9.16178035736084 38.72766876220703)
4632_796,8141_20250601_174_0_7,174_0,0,38.76689910888672,-9.157899856567383,11,IN_TRANSIT_TO,2025-06-11 07:45:04,11614,4632,98-JO-43,POINT (-9.157899856567383 38.76689910888672)
282_65B,22208_20250601_250_0_1,250_0,0,38.71923065185547,-9.164349555969238,5,IN_TRANSIT_TO,2025-06-11 07:44:55,50483,282,AI-47-OJ,POINT (-9.164349555969238 38.71923065185547)
2972_770,7366_20250601_191_0_5,191_0,0,38.741371154785156,-9.176480293273926,4,IN_TRANSIT_TO,2025-06-11 07:44:55,10714,2972,29-VM-96,POINT (-9.176480293273926 38.741371154785156)
6045_758,6862_20250601_150_0_2,150_0,1,38.72782897949219,-9.162300109863281,19,IN_TRANSIT_TO,2025-06-11 07:44:58,6122,6045,BH-32-IQ,POINT (-9.162300109863281 38.72782897949219)
2274_768,7333_20250601_111_0_5,111_0,0,38.76649856567383,-9.197850227355957,21,IN_TRANSIT_TO,2025-06-11 07:44:53,13906,2274,76-79-ZG,POINT (-9.197850227355957 38.76649856567383)
2247_767,7225_20250601_112_0_2,112_0,1,38.72283172607422,-9.14033031463623,43,IN_TRANSIT_TO,2025-06-11 07:45:00,9207,2247,22-34-ZB,POINT (-9.14033031463623 38.72283172607422)
2330_793,7972_20250601_145_0_6,145_0,0,38.739280700683594,-9.126529693603516,25,IN_TRANSIT_TO,2025-06-11 07:44:39,8910,2330,67-52-ZJ,POINT (-9.126529693603516 38.739280700683594)
2428_767,7270_20250601_112_0_4,112_0,1,38.7598991394043,-9.182499885559082,20,IN_TRANSIT_TO,2025-06-11 07:44:49,12803,2428,29-AX-13,POINT (-9.182499885559082 38.7598991394043)
2310_742,5763_20250601_114_0_5,114_0,1,38.70656967163086,-9.1741304397583,20,IN_TRANSIT_TO,2025-06-11 07:44:55,12105,2310,83-07-ZM,POINT (-9.1741304397583 38.70656967163086)
253_58B,19294_20250601_227_0_5,227_0,0,38.741268157958984,-9.170100212097168,0,IN_TRANSIT_TO,2025-06-11 07:44:58,,253,AF-88-NU,POINT (-9.170100212097168 38.741268157958984)
2402_767,7248_20250601_112_0_3,112_0,1,38.7622184753418,-9.157369613647461,27,IN_TRANSIT_TO,2025-06-11 07:44:55,5824,2402,50-AL-13,POINT (-9.157369613647461 38.7622184753418)
2490_720,4092_20250601_143_0_6,143_0,0,38.73796844482422,-9.141130447387695,9,IN_TRANSIT_TO,2025-06-11 07:44:42,11109,2490,55-BH-01,POINT (-9.141130447387695 38.73796844482422)
2750_735,5194_20250601_172_0_3,172_0,0,38.74428176879883,-9.139180183410645,24,IN_TRANSIT_TO,2025-06-11 07:44:58,307,2750,AG-10-TH,POINT (-9.139180183410645 38.74428176879883)
2780_713,3581_20250601_122_0_5,122_0,0,38.713680267333984,-9.160120010375977,17,IN_TRANSIT_TO,2025-06-11 07:44:13,8111,2780,AI-06-BT,POINT (-9.160120010375977 38.713680267333984)
2785_723,4181_20250601_121_0_4,121_0,1,38.723968505859375,-9.161330223083496,26,IN_TRANSIT_TO,2025-06-11 07:44:37,8608,2785,AI-05-BT,POINT (-9.161330223083496 38.723968505859375)
2994_45B,45284_20250601_277_0_4,277_0,0,38.763580322265625,-9.170869827270508,17,IN_TRANSIT_TO,2025-06-11 07:44:47,50007,2994,29-VM-91,POINT (-9.170869827270508 38.763580322265625)
2471_726,4323_20250601_116_0_4,116_0,1,38.74536895751953,-9.169320106506348,14,IN_TRANSIT_TO,2025-06-11 07:44:39,12708,2471,74-BC-70,POINT (-9.169320106506348 38.74536895751953)
2404_767,7313_20250601_112_1_3,112_1,1,38.75310134887695,-9.187849998474121,17,IN_TRANSIT_TO,2025-06-11 07:44:56,10813,2404,50-AL-11,POINT (-9.187849998474121 38.75310134887695)
2709_723,4160_20250601_121_0_5,121_0,0,38.70927810668945,-9.215470314025879,24,IN_TRANSIT_TO,2025-06-11 07:44:49,12407,2709,92-XQ-42,POINT (-9.215470314025879 38.70927810668945)
2244_771,39063_20250601_248_0_3,248_0,1,38.722599029541016,-9.173379898071289,15,IN_TRANSIT_TO,2025-06-11 07:44:40,50324,2244,22-44-ZB,POINT (-9.173379898071289 38.722599029541016)
2714_712,3564_20250601_189_0_5,189_0,1,38.72401809692383,-9.165470123291016,8,IN_TRANSIT_TO,2025-06-11 07:44:53,8011,2714,92-XQ-38,POINT (-9.165470123291016 38.72401809692383)
2760_727,4444_20250601_103_0_3,103_0,0,38.71535110473633,-9.154319763183594,18,IN_TRANSIT_TO,2025-06-11 07:43:17,6706,2760,AH-35-ND,POINT (-9.154319763183594 38.71535110473633)
2293_731,5023_20250601_190_0_5,190_0,0,38.759849548339844,-9.135849952697754,18,IN_TRANSIT_TO,2025-06-11 07:44:57,11305,2293,92-57-ZM,POINT (-9.135849952697754 38.759849548339844)
1727_742,5745_20250601_114_0_3,114_0,1,38.73497009277344,-9.149669647216797,36,IN_TRANSIT_TO,2025-06-11 07:44:53,1410,1727,25-AS-39,POINT (-9.149669647216797 38.73497009277344)
1778_708,3352_20250601_100_0_3,100_0,0,38.788700103759766,-9.099729537963867,37,IN_TRANSIT_TO,2025-06-11 07:44:20,50340,1778,63-HX-30,POINT (-9.099729537963867 38.788700103759766)
4814_751,6478_20250601_109_0_3,109_0,1,38.71002960205078,-9.225449562072754,6,IN_TRANSIT_TO,2025-06-11 07:44:43,14311,4814,68-VQ-52,POINT (-9.225449562072754 38.71002960205078)
1751_742,5707_20250601_114_0_4,114_0,0,38.724578857421875,-9.11633014678955,9,IN_TRANSIT_TO,2025-06-11 07:44:43,9806,1751,34-HU-17,POINT (-9.11633014678955 38.724578857421875)
2812_782,7777_20250601_152_0_3,152_0,0,38.77328109741211,-9.104849815368652,21,IN_TRANSIT_TO,2025-06-11 07:44:40,7908,2812,90-II-61,POINT (-9.104849815368652 38.77328109741211)
2814_718,3980_20250601_105_0_4,105_0,0,38.74536895751953,-9.135370254516602,31,IN_TRANSIT_TO,2025-06-11 07:41:20,50109,2814,90-II-54,POINT (-9.135370254516602 38.74536895751953)
2815_718,3989_20250601_105_0_4,105_0,0,38.73054885864258,-9.125329971313477,25,IN_TRANSIT_TO,2025-06-11 07:44:36,7013,2815,90-II-55,POINT (-9.125329971313477 38.73054885864258)
1749_708,3362_20250601_100_0_2,100_0,0,38.7617301940918,-9.12952995300293,15,IN_TRANSIT_TO,2025-06-11 07:44:49,7507,1749,92-HR-06,POINT (-9.12952995300293 38.7617301940918)
2813_718,3964_20250601_105_0_5,105_0,1,38.73244857788086,-9.106019973754883,17,IN_TRANSIT_TO,2025-06-11 07:44:10,8305,2813,90-II-53,POINT (-9.106019973754883 38.73244857788086)
1747_796,8145_20250601_174_0_10,174_0,1,38.791751861572266,-9.152700424194336,2,IN_TRANSIT_TO,2025-06-11 07:44:50,11601,1747,92-HR-04,POINT (-9.152700424194336 38.791751861572266)
2969_730,4968_20250601_198_0_5,198_0,1,38.761470794677734,-9.195320129394531,1,IN_TRANSIT_TO,2025-06-11 07:40:42,50475,2969,30-VM-09,POINT (-9.195320129394531 38.761470794677734)
1746_794,8097_20250601_115_0_3,115_0,0,38.75680160522461,-9.121999740600586,24,IN_TRANSIT_TO,2025-06-11 07:44:49,14704,1746,92-HR-03,POINT (-9.121999740600586 38.75680160522461)
2971_34B,19152_20250601_226_0_3,226_0,0,38.73014831542969,-9.108830451965332,13,IN_TRANSIT_TO,2025-06-11 07:45:01,8317,2971,29-VM-98,POINT (-9.108830451965332 38.73014831542969)
2811_782,7767_20250601_152_0_4,152_0,1,38.7671012878418,-9.099020004272461,5,IN_TRANSIT_TO,2025-06-11 07:44:41,7825,2811,02-IH-00,POINT (-9.099020004272461 38.7671012878418)
2803_782,7787_20250601_152_0_4,152_0,0,38.711849212646484,-9.124770164489746,4,IN_TRANSIT_TO,2025-06-11 07:44:59,4505,2803,01-IH-92,POINT (-9.124770164489746 38.711849212646484)
4802_751,21407_20250601_109_0_4,109_0,0,38.69742965698242,-9.194499969482422,13,IN_TRANSIT_TO,2025-06-11 07:44:49,9508,4802,77-VP-17,POINT (-9.194499969482422 38.69742965698242)
4812_751,6479_20250601_109_4_5,109_4,0,38.70901870727539,-9.173819541931152,6,IN_TRANSIT_TO,2025-06-11 07:44:47,9412,4812,20-VQ-70,POINT (-9.173819541931152 38.70901870727539)
2802_725,4240_20250601_197_0_9,197_0,0,38.788230895996094,-9.123720169067383,12,IN_TRANSIT_TO,2025-06-11 07:37:28,16305,2802,01-IH-91,POINT (-9.123720169067383 38.788230895996094)
2807_749,6202_20250601_195_0_7,195_0,1,38.74546813964844,-9.14780044555664,0,IN_TRANSIT_TO,2025-06-11 07:44:58,,2807,01-IH-96,POINT (-9.14780044555664 38.74546813964844)
2968_34B,19144_20250601_226_0_3,226_0,0,38.73912048339844,-9.124529838562012,39,IN_TRANSIT_TO,2025-06-11 07:44:44,8912,2968,30-VM-24,POINT (-9.124529838562012 38.73912048339844)
1748_717,3827_20250601_170_0_2,170_0,0,38.77429962158203,-9.15198040008545,22,IN_TRANSIT_TO,2025-06-11 07:45:05,5913,1748,92-HR-05,POINT (-9.15198040008545 38.77429962158203)
2806_725,4256_20250601_197_0_8,197_0,1,38.7671012878418,-9.09945011138916,15,IN_TRANSIT_TO,2025-06-11 07:44:47,7825,2806,01-IH-95,POINT (-9.09945011138916 38.7671012878418)
2459_703,3112_20250601_165_0_5,165_0,0,38.772579193115234,-9.169949531555176,19,IN_TRANSIT_TO,2025-06-11 07:44:52,50095,2459,74-BC-74,POINT (-9.169949531555176 38.772579193115234)
401_19B,21690_20250601_245_0_4,245_0,0,38.72372055053711,-9.147749900817871,4,IN_TRANSIT_TO,2025-06-11 07:44:51,1217,401,BF-60-TR,POINT (-9.147749900817871 38.72372055053711)
4640_736,5360_20250601_199_0_5,199_0,0,38.77172088623047,-9.160499572753906,19,IN_TRANSIT_TO,2025-06-11 07:44:56,5903,4640,02-JN-87,POINT (-9.160499572753906 38.77172088623047)
4831_736,5432_20250601_199_0_4,199_0,1,38.73759841918945,-9.145770072937012,22,IN_TRANSIT_TO,2025-06-11 07:44:48,1814,4831,20-VQ-61,POINT (-9.145770072937012 38.73759841918945)
1753_701,2949_20250601_123_0_4,123_0,1,38.755470275878906,-9.151379585266113,28,IN_TRANSIT_TO,2025-06-11 07:45:01,5705,1753,34-HU-19,POINT (-9.151379585266113 38.755470275878906)
1750_717,3783_20250601_170_0_3,170_0,1,38.779571533203125,-9.151169776916504,13,IN_TRANSIT_TO,2025-06-11 07:44:47,11509,1750,92-HR-07,POINT (-9.151169776916504 38.779571533203125)
1755_755,6710_20250601_118_0_4,118_0,1,38.74121856689453,-9.168499946594238,1,IN_TRANSIT_TO,2025-06-11 07:44:47,50538,1755,34-HU-21,POINT (-9.168499946594238 38.74121856689453)
2816_718,3935_20250601_105_0_3,105_0,0,38.732749938964844,-9.10575008392334,15,IN_TRANSIT_TO,2025-06-11 07:44:59,8308,2816,90-II-56,POINT (-9.10575008392334 38.732749938964844)
1752_755,6665_20250601_118_0_2,118_0,0,38.75246810913086,-9.123169898986816,25,IN_TRANSIT_TO,2025-06-11 07:44:45,14715,1752,34-HU-18,POINT (-9.123169898986816 38.75246810913086)
2820_718,3991_20250401_105_0_15,105_0,0,38.756629943847656,-9.111780166625977,1,IN_TRANSIT_TO,2025-05-29 16:37:47,24383,2820,90-II-60,POINT (-9.111780166625977 38.756629943847656)
231_49B,22215_20250601_251_0_2,251_0,0,38.7435302734375,-9.133830070495605,17,IN_TRANSIT_TO,2025-06-11 07:44:36,50109,231,84-47-XQ,POINT (-9.133830070495605 38.7435302734375)
2455_703,3171_20250601_165_0_4,165_0,1,38.744850158691406,-9.199749946594238,4,IN_TRANSIT_TO,2025-06-11 07:44:46,2812,2455,16-AZ-12,POINT (-9.199749946594238 38.744850158691406)
2411_778,7531_20250601_179_0_6,179_0,1,38.76047897338867,-9.170100212097168,19,IN_TRANSIT_TO,2025-06-11 07:44:43,50010,2411,62-AL-11,POINT (-9.170100212097168 38.76047897338867)
2251_758,6819_20250601_150_0_4,150_0,1,38.705299377441406,-9.143369674682617,33,IN_TRANSIT_TO,2025-06-11 07:44:47,3826,2251,22-31-ZB,POINT (-9.143369674682617 38.705299377441406)
2410_778,18645_20250601_179_0_4,179_0,0,38.761070251464844,-9.1668701171875,4,IN_TRANSIT_TO,2025-06-11 07:44:39,50005,2410,92-AO-46,POINT (-9.1668701171875 38.761070251464844)
2280_758,6870_20250601_150_0_6,150_0,1,38.74742889404297,-9.190199851989746,7,IN_TRANSIT_TO,2025-06-11 07:45:05,10803,2280,67-40-ZJ,POINT (-9.190199851989746 38.74742889404297)
2794_712,3556_20250601_189_0_4,189_0,1,38.73252868652344,-9.130069732666016,25,IN_TRANSIT_TO,2025-06-11 07:43:12,502,2794,AJ-60-LI,POINT (-9.130069732666016 38.73252868652344)
2777_727,4531_20250601_103_0_2,103_0,1,38.705928802490234,-9.172699928283691,20,IN_TRANSIT_TO,2025-06-11 07:44:54,9418,2777,AI-01-BT,POINT (-9.172699928283691 38.705928802490234)
2762_727,4505_20250601_103_0_2,103_0,1,38.74602127075195,-9.140279769897461,46,IN_TRANSIT_TO,2025-06-11 07:45:04,202,2762,AH-38-ND,POINT (-9.140279769897461 38.74602127075195)
2710_754,6593_20250601_201_0_4,201_0,1,38.74245071411133,-9.166549682617188,29,IN_TRANSIT_TO,2025-06-11 07:44:54,1603,2710,92-XQ-19,POINT (-9.166549682617188 38.74245071411133)
2278_703,3159_20250601_165_0_2,165_0,1,38.7711181640625,-9.173749923706055,21,IN_TRANSIT_TO,2025-06-11 07:44:55,5949,2278,67-41-ZJ,POINT (-9.173749923706055 38.7711181640625)
2623_759,6923_20250601_144_0_2,144_0,1,38.74047088623047,-9.111929893493652,27,IN_TRANSIT_TO,2025-06-11 07:44:37,3702,2623,66-VI-26,POINT (-9.111929893493652 38.74047088623047)
2734_708,3357_20250601_100_0_4,100_0,0,38.76679992675781,-9.109950065612793,25,IN_TRANSIT_TO,2025-06-11 07:44:30,7717,2734,AG-50-EI,POINT (-9.109950065612793 38.76679992675781)
2790_738,5517_20250601_117_0_2,117_0,1,38.74113082885742,-9.146419525146484,21,IN_TRANSIT_TO,2025-06-11 07:44:55,1805,2790,AI-54-TL,POINT (-9.146419525146484 38.74113082885742)
2756_727,4451_20250601_103_0_2,103_0,0,38.72003173828125,-9.155030250549316,15,IN_TRANSIT_TO,2025-06-11 07:44:38,6806,2756,AH-27-ND,POINT (-9.155030250549316 38.72003173828125)
2450_716,3743_20250601_164_0_7,164_0,0,38.73857879638672,-9.163399696350098,10,IN_TRANSIT_TO,2025-06-11 07:44:52,1507,2450,44-BC-36,POINT (-9.163399696350098 38.73857879638672)
301_744,5817_20250601_200_0_4,200_0,1,38.7623291015625,-9.130419731140137,15,IN_TRANSIT_TO,2025-06-11 07:44:53,7502,301,74-SM-62,POINT (-9.130419731140137 38.7623291015625)
2746_701,2985_20250601_123_0_6,123_0,0,38.72779846191406,-9.162320137023926,25,IN_TRANSIT_TO,2025-06-11 07:44:40,6122,2746,AG-97-TG,POINT (-9.162320137023926 38.72779846191406)
2483_747,6120_20250601_177_0_5,177_0,1,38.7690315246582,-9.195469856262207,3,IN_TRANSIT_TO,2025-06-11 07:44:18,14110,2483,74-BC-66,POINT (-9.195469856262207 38.7690315246582)
1711_735,5220_20250601_172_1_4,172_1,0,38.70716857910156,-9.141550064086914,1,IN_TRANSIT_TO,2025-06-11 07:44:48,3801,1711,69-AL-74,POINT (-9.141550064086914 38.70716857910156)
2499_708,3322_20250601_100_0_2,100_0,1,38.77442169189453,-9.097419738769531,13,IN_TRANSIT_TO,2025-06-11 07:44:38,7824,2499,03-BM-58,POINT (-9.097419738769531 38.77442169189453)
2818_718,3973_20250601_105_0_3,105_0,1,38.72909927368164,-9.122599601745605,8,IN_TRANSIT_TO,2025-06-11 07:44:45,7012,2818,90-II-58,POINT (-9.122599601745605 38.72909927368164)
2300_750,39040_20250601_106_4_5,106_4,0,38.71337890625,-9.225170135498047,8,IN_TRANSIT_TO,2025-06-11 07:44:41,18111,2300,83-13-ZM,POINT (-9.225170135498047 38.71337890625)
1721_742,5771_20250601_114_0_4,114_0,1,38.713951110839844,-9.195599555969238,2,IN_TRANSIT_TO,2025-06-11 07:44:53,12928,1721,25-AS-33,POINT (-9.195599555969238 38.713951110839844)
2797_738,5549_20250601_117_0_2,117_0,0,38.70391845703125,-9.168120384216309,31,IN_TRANSIT_TO,2025-06-11 07:44:42,10204,2797,AJ-57-LI,POINT (-9.168120384216309 38.70391845703125)
1773_720,4089_20250601_143_0_2,143_0,0,38.7257194519043,-9.149149894714355,14,IN_TRANSIT_TO,2025-06-11 07:44:47,1202,1773,53-HX-06,POINT (-9.149149894714355 38.7257194519043)
2759_727,4466_20250601_103_0_3,103_0,0,38.73957824707031,-9.146280288696289,8,IN_TRANSIT_TO,2025-06-11 07:44:56,1906,2759,AH-21-ND,POINT (-9.146280288696289 38.73957824707031)
2284_758,6886_20250601_150_0_5,150_0,0,38.75077819824219,-9.198599815368652,28,IN_TRANSIT_TO,2025-06-11 07:44:56,10906,2284,67-36-ZJ,POINT (-9.198599815368652 38.75077819824219)
1705_717,3805_20250601_170_0_5,170_0,0,38.79753112792969,-9.143770217895508,40,IN_TRANSIT_TO,2025-06-11 07:44:26,16002,1705,69-AL-68,POINT (-9.143770217895508 38.79753112792969)
2784_776,7492_20250601_193_0_11,193_0,1,38.70016860961914,-9.24036979675293,7,IN_TRANSIT_TO,2025-06-11 07:44:53,14905,2784,AI-09-BT,POINT (-9.24036979675293 38.70016860961914)
1770_755,6697_20250601_118_0_3,118_0,1,38.75912857055664,-9.123279571533203,22,IN_TRANSIT_TO,2025-06-11 07:44:45,14706,1770,63-HX-17,POINT (-9.123279571533203 38.75912857055664)
1710_742,5729_20250601_114_0_2,114_0,1,38.72922134399414,-9.108630180358887,53,IN_TRANSIT_TO,2025-06-11 07:44:53,8303,1710,69-AL-73,POINT (-9.108630180358887 38.72922134399414)
2480_767,7307_20250601_112_0_3,112_0,0,38.76047134399414,-9.155570030212402,18,IN_TRANSIT_TO,2025-06-11 07:45:03,5805,2480,91-BE-75,POINT (-9.155570030212402 38.76047134399414)
2252_758,6888_20250601_150_0_5,150_0,0,38.745121002197266,-9.180720329284668,22,IN_TRANSIT_TO,2025-06-11 07:44:40,10704,2252,80-40-ZE,POINT (-9.180720329284668 38.745121002197266)
217_773,7406_20250601_124_0_8,124_0,1,38.71799850463867,-9.151820182800293,24,IN_TRANSIT_TO,2025-06-11 07:44:46,10607,217,29-98-XM,POINT (-9.151820182800293 38.71799850463867)
2767_764,7145_20250601_168_0_3,168_0,0,38.74504852294922,-9.200079917907715,20,IN_TRANSIT_TO,2025-06-11 07:44:46,2806,2767,AH-34-ND,POINT (-9.200079917907715 38.74504852294922)
2413_706,3241_20250601_147_0_3,147_0,1,38.721778869628906,-9.151350021362305,22,IN_TRANSIT_TO,2025-06-06 06:13:05,1211,2413,92-AO-50,POINT (-9.151350021362305 38.721778869628906)
2454_726,4262_20250601_116_0_5,116_0,0,38.75532150268555,-9.176199913024902,21,IN_TRANSIT_TO,2025-06-11 07:44:58,13617,2454,16-AZ-18,POINT (-9.176199913024902 38.75532150268555)
2801_718,3957_20250601_105_0_5,105_0,1,38.752601623535156,-9.11322021484375,29,IN_TRANSIT_TO,2025-06-11 07:44:51,24389,2801,38-HU-27,POINT (-9.11322021484375 38.752601623535156)
1767_720,4099_20250601_143_0_6,143_0,1,38.737449645996094,-9.12421989440918,30,IN_TRANSIT_TO,2025-06-11 07:43:18,8904,1767,63-HX-29,POINT (-9.12421989440918 38.737449645996094)
1768_735,5245_20250601_172_1_3,172_1,1,38.70830154418945,-9.133319854736328,20,IN_TRANSIT_TO,2025-06-11 07:45:03,4502,1768,63-HX-23,POINT (-9.133319854736328 38.70830154418945)
2255_758,6808_20250601_150_0_3,150_0,0,38.71125030517578,-9.143019676208496,3,IN_TRANSIT_TO,2025-06-11 07:44:53,10501,2255,80-54-ZE,POINT (-9.143019676208496 38.71125030517578)
2666_714,3696_20250601_102_0_5,102_0,0,38.706321716308594,-9.145330429077148,2,IN_TRANSIT_TO,2025-06-11 07:45:02,3802,2666,87-XB-39,POINT (-9.145330429077148 38.706321716308594)
1756_701,2958_20250601_123_0_4,123_0,1,38.75088119506836,-9.173100471496582,15,IN_TRANSIT_TO,2025-06-11 07:45:00,12711,1756,34-HU-22,POINT (-9.173100471496582 38.75088119506836)
2487_716,3740_20250601_164_0_5,164_0,0,38.7507209777832,-9.198249816894531,21,IN_TRANSIT_TO,2025-06-11 07:44:49,10802,2487,54-BH-97,POINT (-9.198249816894531 38.7507209777832)
1757_742,5757_20250601_114_0_2,114_0,1,38.7211799621582,-9.167349815368652,27,IN_TRANSIT_TO,2025-06-11 07:44:57,8011,1757,34-HU-23,POINT (-9.167349815368652 38.7211799621582)
1754_755,6674_20250601_118_0_6,118_0,0,38.751068115234375,-9.123780250549316,25,IN_TRANSIT_TO,2025-06-11 07:44:44,14715,1754,34-HU-20,POINT (-9.123780250549316 38.751068115234375)
2470_716,3730_20250601_164_0_8,164_0,1,38.75,-9.195130348205566,4,IN_TRANSIT_TO,2025-06-11 07:44:43,10905,2470,74-BC-71,POINT (-9.195130348205566 38.75)
2433_778,18641_20250601_179_0_7,179_0,0,38.75532150268555,-9.194649696350098,22,IN_TRANSIT_TO,2025-06-11 07:45:03,12821,2433,44-BC-28,POINT (-9.194649696350098 38.75532150268555)
2239_768,7343_20250601_111_0_6,111_0,0,38.74156951904297,-9.170470237731934,6,IN_TRANSIT_TO,2025-06-11 07:44:59,1609,2239,06-30-XX,POINT (-9.170470237731934 38.74156951904297)
2771_727,4550_20250601_103_0_3,103_0,0,38.697479248046875,-9.19594955444336,35,IN_TRANSIT_TO,2025-06-11 07:44:56,4114,2771,AH-20-ND,POINT (-9.19594955444336 38.697479248046875)
2322_712,3529_20250601_189_0_5,189_0,1,38.70439910888672,-9.17490005493164,1,IN_TRANSIT_TO,2025-06-11 07:44:41,4005,2322,67-46-ZJ,POINT (-9.17490005493164 38.70439910888672)
2412_729,4790_20250601_104_0_2,104_0,1,38.74937057495117,-9.192549705505371,31,IN_TRANSIT_TO,2025-06-11 07:44:48,10835,2412,92-AO-48,POINT (-9.192549705505371 38.74937057495117)
405_22B,19423_20250601_236_0_5,236_0,0,38.71595001220703,-9.148130416870117,7,IN_TRANSIT_TO,2025-06-11 07:44:39,50076,405,BF-14-TU,POINT (-9.148130416870117 38.71595001220703)
2469_726,4336_20250601_116_0_2,116_0,1,38.760379791259766,-9.19417953491211,5,IN_TRANSIT_TO,2025-06-11 07:44:50,12813,2469,16-AZ-09,POINT (-9.19417953491211 38.760379791259766)
2747_742,5774_20250601_114_0_2,114_0,1,38.710670471191406,-9.193619728088379,4,IN_TRANSIT_TO,2025-06-11 07:44:38,50139,2747,AG-09-TH,POINT (-9.193619728088379 38.710670471191406)
1704_735,5260_20250601_172_0_2,172_0,1,38.70787048339844,-9.133150100708008,32,IN_TRANSIT_TO,2025-06-11 07:44:35,8202,1704,35-AL-14,POINT (-9.133150100708008 38.70787048339844)
2268_731,5010_20250601_190_0_4,190_0,1,38.77484893798828,-9.104999542236328,9,IN_TRANSIT_TO,2025-06-11 07:44:56,7908,2268,76-87-ZG,POINT (-9.104999542236328 38.77484893798828)
1771_742,5664_20250601_114_0_4,114_0,0,38.70777130126953,-9.173580169677734,38,IN_TRANSIT_TO,2025-06-11 07:44:48,9401,1771,63-HX-27,POINT (-9.173580169677734 38.70777130126953)
1772_735,5264_20250601_172_1_4,172_1,1,38.72243118286133,-9.128729820251465,7,IN_TRANSIT_TO,2025-06-11 07:44:35,9108,1772,63-HX-22,POINT (-9.128729820251465 38.72243118286133)
4613_728,4670_20250601_204_0_4,204_0,0,38.76762008666992,-9.103799819946289,43,IN_TRANSIT_TO,2025-06-11 07:44:51,7825,4613,22-GP-48,POINT (-9.103799819946289 38.76762008666992)
1718_717,3776_20250601_170_0_2,170_0,1,38.76823043823242,-9.158419609069824,22,IN_TRANSIT_TO,2025-06-11 07:44:51,5904,1718,69-AL-81,POINT (-9.158419609069824 38.76823043823242)
1725_735,5276_20250601_172_0_4,172_0,1,38.745601654052734,-9.140020370483398,9,IN_TRANSIT_TO,2025-06-11 07:45:03,202,1725,25-AS-37,POINT (-9.140020370483398 38.745601654052734)
2772_748,6156_20250601_169_0_4,169_0,1,38.724830627441406,-9.1845703125,6,IN_TRANSIT_TO,2025-06-11 07:44:43,14311,2772,AH-24-ND,POINT (-9.1845703125 38.724830627441406)
1774_735,5272_20250601_172_1_3,172_1,0,38.737449645996094,-9.132049560546875,20,IN_TRANSIT_TO,2025-06-11 07:44:41,409,1774,53-HX-07,POINT (-9.132049560546875 38.737449645996094)
2467_703,3163_20250601_165_0_4,165_0,1,38.76942825317383,-9.176719665527344,19,IN_TRANSIT_TO,2025-06-11 07:45:00,5937,2467,16-AZ-14,POINT (-9.176719665527344 38.76942825317383)
1760_742,5784_20250601_114_0_5,114_0,0,38.70302963256836,-9.193670272827148,47,IN_TRANSIT_TO,2025-06-11 07:44:50,13408,1760,34-HU-26,POINT (-9.193670272827148 38.70302963256836)
2473_703,3174_20250601_165_0_4,165_0,0,38.750099182128906,-9.19556999206543,35,IN_TRANSIT_TO,2025-06-11 07:44:47,10802,2473,74-BC-68,POINT (-9.19556999206543 38.750099182128906)
2333_793,8008_20250601_145_0_6,145_0,1,38.74155044555664,-9.107930183410645,22,IN_TRANSIT_TO,2025-06-11 07:44:55,50173,2333,62-97-ZG,POINT (-9.107930183410645 38.74155044555664)
2497_720,4042_20250601_143_0_2,143_0,1,38.72417068481445,-9.150679588317871,16,IN_TRANSIT_TO,2025-06-11 07:44:57,1207,2497,88-BL-71,POINT (-9.150679588317871 38.72417068481445)
2461_703,3152_20250601_165_0_4,165_0,1,38.78221893310547,-9.158679962158203,29,IN_TRANSIT_TO,2025-06-11 07:44:50,5926,2461,55-BH-04,POINT (-9.158679962158203 38.78221893310547)
2775_746,5991_20250601_108_0_3,108_0,0,38.72602844238281,-9.149069786071777,21,IN_TRANSIT_TO,2025-06-11 07:44:57,10902,2775,AH-31-ND,POINT (-9.149069786071777 38.72602844238281)
2449_760,7089_20250601_171_0_5,171_0,0,38.708648681640625,-9.135580062866211,10,IN_TRANSIT_TO,2025-06-11 07:44:45,5502,2449,44-BC-35,POINT (-9.135580062866211 38.708648681640625)
2967_737,5492_20250601_173_0_5,173_0,0,38.710330963134766,-9.131629943847656,4,IN_TRANSIT_TO,2025-06-11 07:45:05,13803,2967,30-VM-05,POINT (-9.131629943847656 38.710330963134766)
1719_701,2970_20250601_123_0_3,123_0,1,38.73752975463867,-9.16781997680664,11,IN_TRANSIT_TO,2025-06-11 07:44:54,2713,1719,25-AS-31,POINT (-9.16781997680664 38.73752975463867)
2445_767,7299_20250601_112_0_3,112_0,0,38.75402069091797,-9.195929527282715,34,IN_TRANSIT_TO,2025-06-11 07:44:36,10912,2445,44-BC-31,POINT (-9.195929527282715 38.75402069091797)
2437_767,7253_20250601_112_0_15,112_0,0,38.75170135498047,-9.1431303024292,14,IN_TRANSIT_TO,2025-06-08 19:44:49,101,2437,29-AX-09,POINT (-9.1431303024292 38.75170135498047)
2423_729,4777_20250601_104_0_2,104_0,1,38.77027893066406,-9.19437026977539,39,IN_TRANSIT_TO,2025-06-11 07:45:00,14110,2423,29-AU-18,POINT (-9.19437026977539 38.77027893066406)
2269_758,6867_20250601_150_0_4,150_0,1,38.74108123779297,-9.16847038269043,13,IN_TRANSIT_TO,2025-06-11 07:44:08,1615,2269,76-88-ZG,POINT (-9.16847038269043 38.74108123779297)
2758_727,4526_20250601_103_0_3,103_0,1,38.719871520996094,-9.155070304870605,34,IN_TRANSIT_TO,2025-06-11 07:44:35,6805,2758,AH-36-ND,POINT (-9.155070304870605 38.719871520996094)
1703_717,3842_20250601_170_0_5,170_0,0,38.76955032348633,-9.159219741821289,18,IN_TRANSIT_TO,2025-06-11 07:44:47,5901,1703,35-AL-13,POINT (-9.159219741821289 38.76955032348633)
4622_736,5300_20250601_199_0_6,199_0,1,38.78630065917969,-9.17156982421875,5,IN_TRANSIT_TO,2025-06-11 07:44:55,50083,4622,90-JI-91,POINT (-9.17156982421875 38.78630065917969)
1766_742,5739_20250601_114_0_3,114_0,1,38.73175048828125,-9.127750396728516,43,IN_TRANSIT_TO,2025-06-11 07:44:49,502,1766,63-HX-33,POINT (-9.127750396728516 38.73175048828125)
2465_703,3167_20250601_165_0_4,165_0,1,38.75278091430664,-9.188249588012695,9,IN_TRANSIT_TO,2025-06-11 07:44:53,10813,2465,55-BH-00,POINT (-9.188249588012695 38.75278091430664)
1777_708,3309_20250601_100_0_5,100_0,1,38.768150329589844,-9.109379768371582,17,IN_TRANSIT_TO,2025-06-11 07:44:38,50330,1777,63-HX-31,POINT (-9.109379768371582 38.768150329589844)
2307_717,3798_20250601_170_0_6,170_0,1,38.79225158691406,-9.15073013305664,5,IN_TRANSIT_TO,2025-06-11 07:44:59,11603,2307,83-20-ZM,POINT (-9.15073013305664 38.79225158691406)
2271_731,4977_20250601_190_0_3,190_0,0,38.73759841918945,-9.16466999053955,0,IN_TRANSIT_TO,2025-06-11 07:45:02,,2271,92-54-ZM,POINT (-9.16466999053955 38.73759841918945)
2305_793,8011_20250601_145_0_5,145_0,1,38.738651275634766,-9.12732982635498,5,IN_TRANSIT_TO,2025-06-11 07:44:44,9006,2305,83-18-ZM,POINT (-9.12732982635498 38.738651275634766)
1765_720,4057_20250601_143_0_6,143_0,1,38.703651428222656,-9.170180320739746,6,IN_TRANSIT_TO,2025-06-11 07:45:02,4001,1765,63-HX-28,POINT (-9.170180320739746 38.703651428222656)
2498_708,3331_20250601_100_0_4,100_0,1,38.7966194152832,-9.103850364685059,1,IN_TRANSIT_TO,2025-06-11 07:44:05,50449,2498,03-BM-57,POINT (-9.103850364685059 38.7966194152832)
1763_742,5781_20250601_114_0_2,114_0,0,38.70344924926758,-9.19159984588623,46,IN_TRANSIT_TO,2025-06-11 07:44:59,13406,1763,63-HX-25,POINT (-9.19159984588623 38.70344924926758)
1776_755,6684_20250601_118_0_6,118_0,0,38.745548248291016,-9.104519844055176,6,IN_TRANSIT_TO,2025-06-11 07:45:04,2207,1776,53-HX-09,POINT (-9.104519844055176 38.745548248291016)
4603_750,6314_20250601_106_0_2,106_0,1,38.74497985839844,-9.200220108032227,12,IN_TRANSIT_TO,2025-06-11 07:45:06,8813,4603,96-GL-81,POINT (-9.200220108032227 38.74497985839844)
1761_708,3371_20250601_100_0_3,100_0,0,38.71577072143555,-9.136899948120117,2,IN_TRANSIT_TO,2025-06-11 07:44:41,818,1761,63-HX-19,POINT (-9.136899948120117 38.71577072143555)
4605_753,6540_20250601_167_0_8,167_0,1,38.699031829833984,-9.179070472717285,2,IN_TRANSIT_TO,2025-06-11 07:44:49,14602,4605,31-GN-72,POINT (-9.179070472717285 38.699031829833984)
2477_729,4815_20250601_104_0_4,104_0,0,38.69892883300781,-9.225419998168945,39,IN_TRANSIT_TO,2025-06-11 07:44:51,4208,2477,91-BE-73,POINT (-9.225419998168945 38.69892883300781)
1712_701,2990_20250601_123_0_8,123_0,0,38.742069244384766,-9.168279647827148,19,IN_TRANSIT_TO,2025-06-11 07:44:51,1612,1712,69-AL-75,POINT (-9.168279647827148 38.742069244384766)
2484_747,6096_20250601_177_0_3,177_0,0,38.76707077026367,-9.164719581604004,5,IN_TRANSIT_TO,2025-06-11 07:44:39,5815,2484,91-BE-76,POINT (-9.164719581604004 38.76707077026367)
2240_799,8231_20250601_120_0_5,120_0,0,38.74357986450195,-9.205949783325195,10,IN_TRANSIT_TO,2025-06-11 07:44:46,8814,2240,06-31-XX,POINT (-9.205949783325195 38.74357986450195)
2403_747,6112_20250601_177_0_5,177_0,1,38.766971588134766,-9.165570259094238,17,IN_TRANSIT_TO,2025-06-11 07:44:52,50008,2403,50-AL-12,POINT (-9.165570259094238 38.766971588134766)
1707_794,8059_20250601_115_0_3,115_0,1,38.75537109375,-9.126350402832031,18,IN_TRANSIT_TO,2025-06-11 07:45:05,14707,1707,69-AL-70,POINT (-9.126350402832031 38.75537109375)
2791_713,3620_20250601_122_0_6,122_0,1,38.72087097167969,-9.175519943237305,3,IN_TRANSIT_TO,2025-06-11 07:45:04,8602,2791,AJ-61-LI,POINT (-9.175519943237305 38.72087097167969)
2786_738,5557_20250601_117_0_3,117_0,0,38.73841857910156,-9.14601993560791,17,IN_TRANSIT_TO,2025-06-11 07:44:45,1810,2786,AI-52-TL,POINT (-9.14601993560791 38.73841857910156)
2426_729,4822_20250601_104_0_4,104_0,0,38.6953010559082,-9.217080116271973,38,IN_TRANSIT_TO,2025-06-11 07:44:41,13204,2426,29-AU-21,POINT (-9.217080116271973 38.6953010559082)
2838_751,6500_20250601_109_0_6,109_0,0,38.69934844970703,-9.225370407104492,22,IN_TRANSIT_TO,2025-06-11 07:44:59,4205,2838,BF-59-FZ,POINT (-9.225370407104492 38.69934844970703)
221_773,7396_20250601_124_0_5,124_0,0,38.720829010009766,-9.15293025970459,0,IN_TRANSIT_TO,2025-06-11 07:45:04,,221,11-06-XO,POINT (-9.15293025970459 38.720829010009766)
2485_778,7535_20250601_179_0_4,179_0,1,38.76264953613281,-9.190629959106445,3,IN_TRANSIT_TO,2025-06-11 07:44:43,12822,2485,91-BE-77,POINT (-9.190629959106445 38.76264953613281)
2408_729,4812_20250601_104_0_2,104_0,1,38.704498291015625,-9.19933032989502,11,IN_TRANSIT_TO,2025-06-11 07:44:37,13308,2408,50-AL-08,POINT (-9.19933032989502 38.704498291015625)
2748_708,3300_20250601_100_0_2,100_0,1,38.74797058105469,-9.13113021850586,33,IN_TRANSIT_TO,2025-06-11 07:44:46,7308,2748,AG-96-TG,POINT (-9.13113021850586 38.74797058105469)
2283_771,21929_20250601_248_0_5,248_0,1,38.71855163574219,-9.198699951171875,10,IN_TRANSIT_TO,2025-06-11 07:44:45,21304,2283,67-39-ZJ,POINT (-9.198699951171875 38.71855163574219)
4840_755,6704_20250601_118_0_2,118_0,1,38.75077819824219,-9.124349594116211,17,IN_TRANSIT_TO,2025-06-11 07:44:57,14725,4840,45-VX-93,POINT (-9.124349594116211 38.75077819824219)
2335_794,8103_20250601_115_0_5,115_0,0,38.73566818237305,-9.117050170898438,11,IN_TRANSIT_TO,2025-06-11 07:44:09,17573,2335,62-98-ZG,POINT (-9.117050170898438 38.73566818237305)
609_15E,11271_20250601_76_0_5,76_0,1,38.703651428222656,-9.16273021697998,17,IN_TRANSIT_TO,2025-06-11 07:44:44,3905,609,,POINT (-9.16273021697998 38.703651428222656)
4609_748,6145_20250601_169_0_5,169_0,0,38.725868225097656,-9.149330139160156,0,IN_TRANSIT_TO,2025-06-11 07:44:56,,4609,96-GL-86,POINT (-9.149330139160156 38.725868225097656)
1720_735,5280_20250601_172_1_3,172_1,0,38.720298767089844,-9.123530387878418,10,IN_TRANSIT_TO,2025-06-11 07:45:02,9115,1720,25-AS-32,POINT (-9.123530387878418 38.720298767089844)
2406_768,7345_20250601_111_0_3,111_0,0,38.7505989074707,-9.1587495803833,0,IN_TRANSIT_TO,2025-06-11 07:45:00,,2406,50-AL-09,POINT (-9.1587495803833 38.7505989074707)
1724_717,3890_20250601_170_4_6,170_4,1,38.775028228759766,-9.148420333862305,16,IN_TRANSIT_TO,2025-06-11 07:44:45,6015,1724,25-AS-36,POINT (-9.148420333862305 38.775028228759766)
2753_742,5766_20250601_114_0_3,114_0,1,38.70664978027344,-9.197270393371582,10,IN_TRANSIT_TO,2025-06-11 07:44:47,10303,2753,AG-08-TH,POINT (-9.197270393371582 38.70664978027344)
2941_31B,17541_20250601_210_0_4,210_0,0,38.755428314208984,-9.126299858093262,27,IN_TRANSIT_TO,2025-06-11 07:44:39,14710,2941,51-GL-81,POINT (-9.126299858093262 38.755428314208984)
2451_703,3127_20250601_165_0_3,165_0,0,38.77558135986328,-9.160699844360352,15,IN_TRANSIT_TO,2025-06-11 07:44:59,5925,2451,75-AQ-16,POINT (-9.160699844360352 38.77558135986328)
2405_729,4799_20250601_104_0_5,104_0,1,38.71397018432617,-9.196980476379395,18,IN_TRANSIT_TO,2025-06-11 07:44:50,10315,2405,50-AL-10,POINT (-9.196980476379395 38.71397018432617)
2831_753,6570_20250601_167_0_5,167_0,0,38.72542190551758,-9.151180267333984,3,IN_TRANSIT_TO,2025-06-11 07:44:56,1202,2831,BF-72-FZ,POINT (-9.151180267333984 38.72542190551758)
2792_738,5533_20250601_117_0_4,117_0,1,38.70515060424805,-9.180870056152344,3,IN_TRANSIT_TO,2025-06-11 07:45:04,12005,2792,AJ-53-LI,POINT (-9.180870056152344 38.70515060424805)
2434_747,6097_20250601_177_0_5,177_0,0,38.761470794677734,-9.157620429992676,0,IN_TRANSIT_TO,2025-06-11 07:44:48,,2434,29-AU-24,POINT (-9.157620429992676 38.761470794677734)
2464_726,4352_20250601_116_0_3,116_0,0,38.7606315612793,-9.194899559020996,27,IN_TRANSIT_TO,2025-06-11 07:44:58,12812,2464,91-BE-71,POINT (-9.194899559020996 38.7606315612793)
1723_701,2976_20250601_123_0_6,123_0,0,38.72346878051758,-9.166029930114746,28,IN_TRANSIT_TO,2025-06-11 07:44:49,8609,1723,25-AS-35,POINT (-9.166029930114746 38.72346878051758)
223_773,7414_20250601_124_0_8,124_0,1,38.712379455566406,-9.160380363464355,13,IN_TRANSIT_TO,2025-06-11 07:44:55,8113,223,84-38-XQ,POINT (-9.160380363464355 38.712379455566406)
206_41B,19378_20250601_232_0_5,232_0,1,38.7746696472168,-9.155449867248535,10,IN_TRANSIT_TO,2025-06-11 07:45:01,11508,206,33-49-XH,POINT (-9.155449867248535 38.7746696472168)
2290_724,4232_20250601_178_0_5,178_0,0,38.75257110595703,-9.196880340576172,20,IN_TRANSIT_TO,2025-06-11 07:44:47,10914,2290,92-55-ZM,POINT (-9.196880340576172 38.75257110595703)
2840_728,4610_20250601_204_0_5,204_0,1,38.740478515625,-9.102720260620117,20,IN_TRANSIT_TO,2025-06-11 07:44:53,12512,2840,BF-75-FZ,POINT (-9.102720260620117 38.740478515625)
1728_735,5235_20250601_172_0_4,172_0,1,38.705318450927734,-9.14352035522461,35,IN_TRANSIT_TO,2025-06-11 07:44:52,3820,1728,25-AS-40,POINT (-9.14352035522461 38.705318450927734)
2798_748,6152_20250601_169_0_4,169_0,1,38.72325134277344,-9.165630340576172,7,IN_TRANSIT_TO,2025-06-11 07:45:00,8608,2798,AJ-56-LI,POINT (-9.165630340576172 38.72325134277344)
4838_755,6696_20250601_118_0_5,118_0,1,38.74681854248047,-9.105779647827148,37,IN_TRANSIT_TO,2025-06-11 07:45:05,2209,4838,34-VR-22,POINT (-9.105779647827148 38.74681854248047)
2249_747,6076_20250601_177_0_5,177_0,0,38.7712516784668,-9.189249992370605,16,IN_TRANSIT_TO,2025-06-11 07:44:42,14105,2249,22-32-ZB,POINT (-9.189249992370605 38.7712516784668)
2825_753,6552_20250601_167_0_6,167_0,1,38.667850494384766,-9.164170265197754,0,IN_TRANSIT_TO,2025-06-11 07:45:02,,2825,BF-53-FZ,POINT (-9.164170265197754 38.667850494384766)
2276_731,4992_20250601_190_0_4,190_0,1,38.74197006225586,-9.157429695129395,27,IN_TRANSIT_TO,2025-06-11 07:44:59,3304,2276,53-57-ZJ,POINT (-9.157429695129395 38.74197006225586)
2245_767,7226_20250601_112_0_2,112_0,1,38.7447509765625,-9.139599800109863,35,IN_TRANSIT_TO,2025-06-11 07:44:46,202,2245,22-35-ZB,POINT (-9.139599800109863 38.7447509765625)
2466_703,3103_20250601_165_0_5,165_0,0,38.76028060913086,-9.182829856872559,30,IN_TRANSIT_TO,2025-06-11 07:45:06,12804,2466,16-AZ-16,POINT (-9.182829856872559 38.76028060913086)
2668_714,3690_20250601_102_0_3,102_0,0,38.704681396484375,-9.167550086975098,8,IN_TRANSIT_TO,2025-06-11 07:44:57,10212,2668,87-XB-36,POINT (-9.167550086975098 38.704681396484375)
4829_783,7858_20250601_203_0_3,203_0,0,38.77933120727539,-9.12012004852295,26,IN_TRANSIT_TO,2025-06-11 07:44:54,12603,4829,34-VR-21,POINT (-9.12012004852295 38.77933120727539)
2956_717,3892_20250601_170_4_6,170_4,1,38.787269592285156,-9.149080276489258,7,IN_TRANSIT_TO,2025-06-11 07:44:41,6001,2956,27-GU-71,POINT (-9.149080276489258 38.787269592285156)
208_41B,19386_20250601_232_0_4,232_0,1,38.78403091430664,-9.163450241088867,7,IN_TRANSIT_TO,2025-06-09 10:47:59,5905,208,33-47-XH,POINT (-9.163450241088867 38.78403091430664)
4834_736,18837_20250601_199_0_4,199_0,1,38.77157974243164,-9.160530090332031,10,IN_TRANSIT_TO,2025-06-11 07:44:39,5906,4834,20-VQ-71,POINT (-9.160530090332031 38.77157974243164)
2296_724,4224_20250601_178_0_8,178_0,1,38.75556945800781,-9.199480056762695,6,IN_TRANSIT_TO,2025-06-11 07:44:58,13705,2296,92-51-ZM,POINT (-9.199480056762695 38.75556945800781)
2770_728,4709_20250601_204_0_2,204_0,0,38.70637893676758,-9.205349922180176,5,IN_TRANSIT_TO,2025-06-11 07:44:17,13115,2770,AH-30-ND,POINT (-9.205349922180176 38.70637893676758)
203_41B,19386_20250601_232_0_5,232_0,0,38.77582931518555,-9.150679588317871,12,IN_TRANSIT_TO,2025-06-11 07:44:44,50445,203,89-59-XD,POINT (-9.150679588317871 38.77582931518555)
213_773,7376_20250601_124_0_9,124_0,0,38.71372985839844,-9.161520004272461,15,IN_TRANSIT_TO,2025-06-11 07:44:45,8112,213,44-10-XL,POINT (-9.161520004272461 38.71372985839844)
209_46B,21502_20250601_239_0_3,239_0,0,38.75852966308594,-9.150019645690918,17,IN_TRANSIT_TO,2025-06-11 07:44:54,50498,209,33-46-XH,POINT (-9.150019645690918 38.75852966308594)
2209_708,3287_20250601_100_0_5,100_0,1,38.72222900390625,-9.135379791259766,41,IN_TRANSIT_TO,2025-06-11 07:44:52,704,2209,01-68-XO,POINT (-9.135379791259766 38.72222900390625)
2225_798,8199_20250601_194_0_7,194_0,0,38.77737045288086,-9.1466703414917,16,IN_TRANSIT_TO,2025-06-11 07:44:53,11511,2225,08-03-XS,POINT (-9.1466703414917 38.77737045288086)
2235_768,7317_20250601_111_0_6,111_0,1,38.743980407714844,-9.17726993560791,16,IN_TRANSIT_TO,2025-06-11 07:45:03,10703,2235,06-32-XX,POINT (-9.17726993560791 38.743980407714844)
2210_742,5678_20250601_114_0_2,114_0,0,38.73448181152344,-9.153679847717285,25,IN_TRANSIT_TO,2025-06-11 07:44:40,1413,2210,01-66-XO,POINT (-9.153679847717285 38.73448181152344)
2789_764,7154_20250601_168_0_5,168_0,0,38.75394821166992,-9.174869537353516,9,IN_TRANSIT_TO,2025-06-11 07:44:46,13617,2789,AI-53-TL,POINT (-9.174869537353516 38.75394821166992)
2217_708,3366_20250601_100_0_6,100_0,0,38.736968994140625,-9.133700370788574,8,IN_TRANSIT_TO,2025-06-11 07:44:49,413,2217,07-99-XS,POINT (-9.133700370788574 38.736968994140625)
2213_717,3761_20250601_170_0_5,170_0,1,38.76533126831055,-9.157279968261719,24,IN_TRANSIT_TO,2025-06-11 07:45:02,5814,2213,08-04-XS,POINT (-9.157279968261719 38.76533126831055)
2834_753,20067_20250601_167_0_4,167_0,1,38.72481918334961,-9.150449752807617,6,IN_TRANSIT_TO,2025-06-11 07:44:56,1212,2834,BF-76-FZ,POINT (-9.150449752807617 38.72481918334961)
2212_793,7990_20250601_145_0_6,145_0,0,38.74760055541992,-9.108869552612305,16,IN_TRANSIT_TO,2025-06-11 07:44:52,3719,2212,08-05-XS,POINT (-9.108869552612305 38.74760055541992)
2781_738,5514_20250601_117_0_4,117_0,1,38.7528190612793,-9.167750358581543,31,IN_TRANSIT_TO,2025-06-11 07:44:48,13619,2781,AI-00-BT,POINT (-9.167750358581543 38.7528190612793)
2203_717,3862_20250601_170_0_5,170_0,0,38.739219665527344,-9.133580207824707,2,IN_TRANSIT_TO,2025-06-11 07:45:01,414,2203,72-19-XN,POINT (-9.133580207824707 38.739219665527344)
2208_701,2937_20250601_123_0_8,123_0,0,38.754520416259766,-9.152950286865234,2,IN_TRANSIT_TO,2025-06-11 07:44:47,5806,2208,01-69-XO,POINT (-9.152950286865234 38.754520416259766)
411_734,5134_20250601_205_0_4,205_0,1,38.72352981567383,-9.1345796585083,14,IN_TRANSIT_TO,2025-06-11 07:44:48,706,411,BF-51-TD,POINT (-9.1345796585083 38.72352981567383)
2218_717,3820_20250601_170_0_5,170_0,0,38.791229248046875,-9.150650024414062,36,IN_TRANSIT_TO,2025-06-11 07:44:38,11602,2218,07-98-XS,POINT (-9.150650024414062 38.791229248046875)
2220_794,8078_20250601_115_0_5,115_0,1,38.76808166503906,-9.099849700927734,0,IN_TRANSIT_TO,2025-06-11 07:44:37,,2220,07-96-XS,POINT (-9.099849700927734 38.76808166503906)
6002_706,3243_20250601_147_0_4,147_0,0,38.70838165283203,-9.15272045135498,6,IN_TRANSIT_TO,2025-06-11 07:44:44,7105,6002,98-XU-85,POINT (-9.15272045135498 38.70838165283203)
229_13B,21594_20250601_243_0_4,243_0,0,38.7152214050293,-9.126700401306152,10,IN_TRANSIT_TO,2025-06-11 07:44:50,14802,229,97-24-XT,POINT (-9.126700401306152 38.7152214050293)
563_18E,12179_20250601_78_0_7,78_0,0,38.70606994628906,-9.17905044555664,8,IN_TRANSIT_TO,2025-06-11 07:45:01,12120,563,,POINT (-9.17905044555664 38.70606994628906)
234_49B,22216_20250601_251_0_4,251_0,0,38.742530822753906,-9.140029907226562,3,IN_TRANSIT_TO,2025-06-11 07:44:34,50567,234,13-31-XZ,POINT (-9.140029907226562 38.742530822753906)
412_10B,21752_20250601_242_0_4,242_0,0,38.7152214050293,-9.126529693603516,10,IN_TRANSIT_TO,2025-06-11 07:44:55,14802,412,BF-65-TC,POINT (-9.126529693603516 38.7152214050293)
566_25E,14266_20250601_79_0_2,79_0,0,38.7150993347168,-9.165800094604492,16,IN_TRANSIT_TO,2025-06-11 07:44:42,8002,566,,POINT (-9.165800094604492 38.7150993347168)
567_28E,14968_20250601_75_0_5,75_0,1,38.714969635009766,-9.136150360107422,37,IN_TRANSIT_TO,2025-06-11 07:44:55,50620,567,,POINT (-9.136150360107422 38.714969635009766)
2228_742,5700_20250601_114_0_5,114_0,0,38.73360061645508,-9.133879661560059,17,IN_TRANSIT_TO,2025-06-11 07:44:45,503,2228,06-24-XX,POINT (-9.133879661560059 38.73360061645508)
2230_765,18945_20250601_110_0_11,110_0,0,38.754520416259766,-9.197819709777832,4,IN_TRANSIT_TO,2025-06-11 07:44:53,10910,2230,06-36-XX,POINT (-9.197819709777832 38.754520416259766)
2222_708,3278_20250601_100_0_5,100_0,1,38.72208023071289,-9.135379791259766,41,IN_TRANSIT_TO,2025-06-11 07:44:36,704,2222,08-17-XS,POINT (-9.135379791259766 38.72208023071289)
2207_794,8094_20250601_115_0_5,115_0,0,38.75954818725586,-9.103320121765137,35,IN_TRANSIT_TO,2025-06-11 07:44:48,2311,2207,01-70-XO,POINT (-9.103320121765137 38.75954818725586)
2233_767,7247_20250601_112_0_2,112_0,1,38.76131820678711,-9.157520294189453,28,IN_TRANSIT_TO,2025-06-11 07:44:40,5808,2233,06-38-XX,POINT (-9.157520294189453 38.76131820678711)
2232_716,3727_20250601_164_0_4,164_0,1,38.742549896240234,-9.172699928283691,11,IN_TRANSIT_TO,2025-06-11 07:44:43,10705,2232,06-23-XX,POINT (-9.172699928283691 38.742549896240234)
2237_731,4999_20250601_190_0_2,190_0,1,38.755069732666016,-9.15095043182373,22,IN_TRANSIT_TO,2025-06-11 07:45:03,11321,2237,06-27-XX,POINT (-9.15095043182373 38.755069732666016)
6008_706,3270_20250601_147_0_5,147_0,1,38.73134994506836,-9.126870155334473,10,IN_TRANSIT_TO,2025-06-11 07:44:55,7015,6008,81-ZC-08,POINT (-9.126870155334473 38.73134994506836)
2238_758,6859_20250601_150_0_4,150_0,1,38.727718353271484,-9.162369728088379,19,IN_TRANSIT_TO,2025-06-11 07:44:54,6122,2238,06-29-XX,POINT (-9.162369728088379 38.727718353271484)
6004_747,6113_20250601_177_0_4,177_0,1,38.765018463134766,-9.177180290222168,20,IN_TRANSIT_TO,2025-06-11 07:44:49,5814,6004,82-ZC-35,POINT (-9.177180290222168 38.765018463134766)
2234_771,21937_20250601_248_0_4,248_0,0,38.73915100097656,-9.168219566345215,2,IN_TRANSIT_TO,2025-06-11 07:41:55,1610,2234,06-26-XX,POINT (-9.168219566345215 38.73915100097656)
2835_753,20069_20250601_167_0_4,167_0,1,38.724098205566406,-9.160699844360352,3,IN_TRANSIT_TO,2025-06-11 07:44:59,8608,2835,BF-62-FZ,POINT (-9.160699844360352 38.724098205566406)
6027_732,5075_20250601_107_0_3,107_0,0,38.73789978027344,-9.145970344543457,7,IN_TRANSIT_TO,2025-06-11 07:44:54,1814,6027,BF-66-BA,POINT (-9.145970344543457 38.73789978027344)
2242_729,4831_20250601_104_0_3,104_0,0,38.74477005004883,-9.19867992401123,18,IN_TRANSIT_TO,2025-06-11 07:44:44,2805,2242,22-42-ZB,POINT (-9.19867992401123 38.74477005004883)
615_15E,11219_20250601_76_0_5,76_0,0,38.703521728515625,-9.167770385742188,8,IN_TRANSIT_TO,2025-06-11 07:44:33,10202,615,,POINT (-9.167770385742188 38.703521728515625)
2241_758,6786_20250601_150_0_3,150_0,0,38.727630615234375,-9.162130355834961,13,IN_TRANSIT_TO,2025-06-11 07:44:57,6119,2241,22-37-ZB,POINT (-9.162130355834961 38.727630615234375)
2262_750,39041_20250601_106_4_5,106_4,0,38.74502182006836,-9.198699951171875,1,IN_TRANSIT_TO,2025-06-11 07:45:05,2806,2262,80-48-ZE,POINT (-9.198699951171875 38.74502182006836)
2265_758,6774_20250601_150_0_5,150_0,0,38.73809814453125,-9.167550086975098,17,IN_TRANSIT_TO,2025-06-11 07:44:49,2713,2265,76-91-ZG,POINT (-9.167550086975098 38.73809814453125)
2267_763,46418_20250601_282_0_4,282_0,1,38.76047134399414,-9.193750381469727,3,IN_TRANSIT_TO,2025-06-11 07:44:40,12822,2267,76-86-ZG,POINT (-9.193750381469727 38.76047134399414)
2266_767,7182_20250601_112_0_3,112_0,0,38.735931396484375,-9.13683032989502,7,IN_TRANSIT_TO,2025-06-11 07:44:59,11108,2266,76-92-ZG,POINT (-9.13683032989502 38.735931396484375)
