id,trip_id,route_id,direction_id,latitude,longitude,current_stop_sequence,current_status,timestamp,stop_id,vehicle_id,license_plate,geometry
5252_728,4736_20250401_204_0_8,204_0,1,38.750999450683594,-9.279529571533203,0,IN_TRANSIT_TO,2025-05-14 08:41:42,,5252,Testes,POINT (-9.279529571533203 38.750999450683594)
2689_738,5566_20250401_117_0_10,117_0,0,38.70465087890625,-9.176730155944824,33,IN_TRANSIT_TO,2025-05-15 14:47:21,12102,2689,93-XA-45,POINT (-9.176730155944824 38.70465087890625)
4645_750,6413_20250401_106_0_7,106_0,1,38.76837158203125,-9.100150108337402,38,IN_TRANSIT_TO,2025-05-15 14:47:19,2315,4645,98-JO-46,POINT (-9.100150108337402 38.76837158203125)
4648_750,6313_20250401_106_0_11,106_0,1,38.69977951049805,-9.227149963378906,1,IN_TRANSIT_TO,2025-05-15 14:47:15,4201,4648,98-JO-47,POINT (-9.227149963378906 38.69977951049805)
2793_723,4183_20250401_121_0_14,121_0,1,38.698631286621094,-9.22741985321045,0,IN_TRANSIT_TO,2025-05-15 14:47:25,,2793,AJ-58-LI,POINT (-9.22741985321045 38.698631286621094)
557_24E,17842_20250401_213_0_24,213_0,0,38.71902847290039,-9.153429985046387,6,IN_TRANSIT_TO,2025-05-15 14:46:41,10607,557,,POINT (-9.153429985046387 38.71902847290039)
611_15E,11280_20250401_76_0_14,76_0,1,38.69541931152344,-9.21720027923584,4,IN_TRANSIT_TO,2025-05-15 14:47:18,13203,611,,POINT (-9.21720027923584 38.69541931152344)
6022_760,7022_20250401_171_0_9,171_0,1,38.70362854003906,-9.17162036895752,25,IN_TRANSIT_TO,2025-05-15 14:47:04,4001,6022,BF-48-BB,POINT (-9.17162036895752 38.70362854003906)
2315_742,5737_20250401_114_0_8,114_0,1,38.702980041503906,-9.194600105285645,14,IN_TRANSIT_TO,2025-05-15 14:46:59,13401,2315,61-88-ZB,POINT (-9.194600105285645 38.702980041503906)
2992_34B,19151_20250401_226_0_10,226_0,0,38.73202896118164,-9.11443042755127,15,IN_TRANSIT_TO,2025-05-15 14:43:43,17569,2992,29-VM-95,POINT (-9.11443042755127 38.73202896118164)
6010_706,3267_20250401_147_0_13,147_0,1,38.71337127685547,-9.122879981994629,0,IN_TRANSIT_TO,2025-05-15 14:47:21,,6010,81-ZC-09,POINT (-9.122879981994629 38.71337127685547)
558_18E,12202_20250401_78_0_18,78_0,1,38.70751953125,-9.199020385742188,2,IN_TRANSIT_TO,2025-05-15 14:46:59,12919,558,,POINT (-9.199020385742188 38.70751953125)
2766_713,3621_20250401_122_0_13,122_0,0,38.7263298034668,-9.161219596862793,10,IN_TRANSIT_TO,2025-05-15 14:46:45,6120,2766,AH-40-ND,POINT (-9.161219596862793 38.7263298034668)
4604_728,4661_20250401_204_0_7,204_0,1,38.706321716308594,-9.144749641418457,34,IN_TRANSIT_TO,2025-05-15 14:47:22,3820,4604,96-GL-82,POINT (-9.144749641418457 38.706321716308594)
2250_731,19403_20240727_190_0_8,190_0,1,38.78303146362305,-9.114009857177734,3,IN_TRANSIT_TO,2024-08-10 10:41:27,12610,2250,80-41-ZE,POINT (-9.114009857177734 38.78303146362305)
4602_750,6401_20250401_106_0_10,106_0,0,38.76372146606445,-9.104020118713379,2,IN_TRANSIT_TO,2025-05-15 14:47:16,2324,4602,96-GL-80,POINT (-9.104020118713379 38.76372146606445)
6021_706,3266_20250401_147_0_11,147_0,1,38.73326873779297,-9.132499694824219,13,IN_TRANSIT_TO,2025-05-15 14:47:04,503,6021,BD-91-QG,POINT (-9.132499694824219 38.73326873779297)
2292_758,6860_20250401_150_0_11,150_0,0,38.73693084716797,-9.167180061340332,16,IN_TRANSIT_TO,2025-05-15 14:47:02,2711,2292,83-16-ZM,POINT (-9.167180061340332 38.73693084716797)
2328_783,7809_20250401_203_0_12,203_0,1,38.75394821166992,-9.1525297164917,17,IN_TRANSIT_TO,2025-05-15 14:47:16,5704,2328,62-96-ZG,POINT (-9.1525297164917 38.75394821166992)
2321_712,3566_20250401_189_0_13,189_0,1,38.71781921386719,-9.123950004577637,27,IN_TRANSIT_TO,2025-05-15 14:47:02,9124,2321,04-47-ZF,POINT (-9.123950004577637 38.71781921386719)
2256_703,3173_20250401_165_0_10,165_0,1,38.78310012817383,-9.147669792175293,34,IN_TRANSIT_TO,2025-05-15 14:47:04,50045,2256,80-53-ZE,POINT (-9.147669792175293 38.78310012817383)
2795_727,4463_20250401_103_0_8,103_0,1,38.7076301574707,-9.150500297546387,27,IN_TRANSIT_TO,2025-05-15 14:46:59,3922,2795,AJ-55-LI,POINT (-9.150500297546387 38.7076301574707)
2830_753,6577_20250401_167_0_18,167_0,1,38.72488021850586,-9.154950141906738,5,IN_TRANSIT_TO,2025-05-15 14:47:17,1224,2830,BF-57-FZ,POINT (-9.154950141906738 38.72488021850586)
2346_763,49570_20250401_282_0_6,282_0,1,38.77814865112305,-9.173480033874512,13,IN_TRANSIT_TO,2025-05-15 07:34:10,50314,2346,62-93-ZG,POINT (-9.173480033874512 38.77814865112305)
2951_26B,17520_20250401_208_0_15,208_0,0,38.78667068481445,-9.097229957580566,3,IN_TRANSIT_TO,2025-05-15 14:47:22,50305,2951,62-GQ-53,POINT (-9.097229957580566 38.78667068481445)
2624_781,7762_20250401_151_0_13,151_0,0,38.717899322509766,-9.11775016784668,5,IN_TRANSIT_TO,2025-05-15 14:47:08,2113,2624,72-VP-82,POINT (-9.11775016784668 38.717899322509766)
2943_29B,17524_20250401_209_0_15,209_0,0,38.78047180175781,-9.119930267333984,19,IN_TRANSIT_TO,2025-05-15 14:46:59,12603,2943,51-GL-83,POINT (-9.119930267333984 38.78047180175781)
2953_40B,17558_20250401_212_0_15,212_0,1,38.7836799621582,-9.14264965057373,17,IN_TRANSIT_TO,2025-05-15 14:47:11,6014,2953,62-GQ-55,POINT (-9.14264965057373 38.7836799621582)
4611_728,4581_20250401_204_0_10,204_0,0,38.71067810058594,-9.127229690551758,23,IN_TRANSIT_TO,2025-05-15 14:47:09,8201,4611,96-GL-88,POINT (-9.127229690551758 38.71067810058594)
2945_26B,17510_20250401_208_0_16,208_0,1,38.757381439208984,-9.097949981689453,2,IN_TRANSIT_TO,2025-05-15 14:46:58,50292,2945,75-GO-14,POINT (-9.097949981689453 38.757381439208984)
2949_32B,17548_20250401_211_0_16,211_0,0,38.7559814453125,-9.119819641113281,6,IN_TRANSIT_TO,2025-05-15 14:47:03,24381,2949,62-GQ-52,POINT (-9.119819641113281 38.7559814453125)
4626_783,7842_20250401_203_0_11,203_0,0,38.75653076171875,-9.146249771118164,14,IN_TRANSIT_TO,2025-05-15 14:47:15,5708,4626,90-JI-93,POINT (-9.146249771118164 38.75653076171875)
4650_728,4706_20250401_204_0_8,204_0,0,38.78255081176758,-9.11400032043457,52,IN_TRANSIT_TO,2025-05-15 14:45:31,12610,4650,11-JM-80,POINT (-9.11400032043457 38.78255081176758)
4631_796,8113_20250401_174_0_21,174_0,0,38.76715087890625,-9.157919883728027,3,IN_TRANSIT_TO,2025-05-15 14:47:07,5901,4631,02-JN-86,POINT (-9.157919883728027 38.76715087890625)
2973_72B,45276_20250401_279_0_12,279_0,0,38.73442840576172,-9.202980041503906,16,IN_TRANSIT_TO,2025-05-15 14:47:04,8838,2973,30-VM-13,POINT (-9.202980041503906 38.73442840576172)
4627_796,8127_20250401_174_0_26,174_0,1,38.76539993286133,-9.157369613647461,14,IN_TRANSIT_TO,2025-05-15 14:45:30,5902,4627,11-JM-76,POINT (-9.157369613647461 38.76539993286133)
2688_711,3501_20250401_101_0_11,101_0,0,38.72434997558594,-9.16100025177002,9,IN_TRANSIT_TO,2025-05-15 14:46:59,8501,2688,93-XA-35,POINT (-9.16100025177002 38.72434997558594)
2699_727,4454_20250401_103_0_7,103_0,1,38.7210807800293,-9.152569770812988,34,IN_TRANSIT_TO,2025-05-15 14:47:04,6805,2699,92-XQ-25,POINT (-9.152569770812988 38.7210807800293)
2692_713,3592_20250401_122_0_12,122_0,1,38.715728759765625,-9.158650398254395,21,IN_TRANSIT_TO,2025-05-15 14:47:01,8103,2692,90-XF-62,POINT (-9.158650398254395 38.715728759765625)
2690_711,3454_20250401_101_0_11,101_0,1,38.723628997802734,-9.177630424499512,25,IN_TRANSIT_TO,2025-05-15 14:47:07,50324,2690,99-XE-57,POINT (-9.177630424499512 38.723628997802734)
2693_713,3576_20250401_122_0_12,122_0,1,38.73501968383789,-9.149319648742676,33,IN_TRANSIT_TO,2025-05-15 14:47:15,1410,2693,90-XF-46,POINT (-9.149319648742676 38.73501968383789)
2694_714,3640_20250401_102_0_12,102_0,1,38.69731903076172,-9.202779769897461,21,IN_TRANSIT_TO,2025-05-15 14:47:24,9609,2694,90-XF-49,POINT (-9.202779769897461 38.69731903076172)
2669_754,6584_20250401_201_0_10,201_0,1,38.74168014526367,-9.167699813842773,29,IN_TRANSIT_TO,2025-05-15 14:47:12,1603,2669,87-XB-34,POINT (-9.167699813842773 38.74168014526367)
2695_764,7158_20250401_168_0_13,168_0,1,38.74848175048828,-9.191169738769531,19,IN_TRANSIT_TO,2025-05-15 14:47:20,10807,2695,90-XF-50,POINT (-9.191169738769531 38.74848175048828)
4836_736,5399_20250401_199_0_11,199_0,0,38.76261901855469,-9.156749725341797,16,IN_TRANSIT_TO,2025-05-15 14:47:04,5807,4836,34-VR-23,POINT (-9.156749725341797 38.76261901855469)
2705_746,5986_20250401_108_0_15,108_0,0,38.73699951171875,-9.15602970123291,5,IN_TRANSIT_TO,2025-05-15 14:47:16,1501,2705,92-XQ-29,POINT (-9.15602970123291 38.73699951171875)
6047_760,7081_20250401_171_0_11,171_0,0,38.70602035522461,-9.178979873657227,19,IN_TRANSIT_TO,2025-05-15 14:47:03,12120,6047,BH-20-IP,POINT (-9.178979873657227 38.70602035522461)
6046_760,7085_20250401_171_0_9,171_0,0,38.70608139038086,-9.182820320129395,20,IN_TRANSIT_TO,2025-05-15 14:47:23,12014,6046,BH-73-IR,POINT (-9.182820320129395 38.70608139038086)
4619_750,6290_20250401_106_0_10,106_0,1,38.710269927978516,-9.222000122070312,5,IN_TRANSIT_TO,2025-05-15 14:47:16,18402,4619,22-GP-53,POINT (-9.222000122070312 38.710269927978516)
4618_750,6372_20250401_106_0_9,106_0,0,38.74502944946289,-9.199799537658691,27,IN_TRANSIT_TO,2025-05-15 14:47:18,2806,4618,22-GP-52,POINT (-9.199799537658691 38.74502944946289)
2946_31B,17538_20250401_210_0_15,210_0,0,38.75238037109375,-9.105250358581543,9,IN_TRANSIT_TO,2025-05-15 14:46:56,24371,2946,75-GO-15,POINT (-9.105250358581543 38.75238037109375)
2952_45B,49562_20250401_277_0_14,277_0,1,38.760528564453125,-9.169150352478027,10,IN_TRANSIT_TO,2025-05-15 14:47:09,50012,2952,62-GQ-54,POINT (-9.169150352478027 38.760528564453125)
2958_798,8190_20250401_194_0_21,194_0,0,38.76572036743164,-9.152669906616211,5,IN_TRANSIT_TO,2025-05-15 14:47:17,5837,2958,27-GU-73,POINT (-9.152669906616211 38.76572036743164)
4643_750,6390_20250401_106_0_10,106_0,0,38.75545120239258,-9.151350021362305,13,IN_TRANSIT_TO,2025-05-15 14:46:59,11301,4643,98-JO-45,POINT (-9.151350021362305 38.75545120239258)
2957_40B,19262_20250401_212_0_15,212_0,0,38.79296875,-9.155599594116211,3,IN_TRANSIT_TO,2025-05-15 14:47:14,50105,2957,27-GU-72,POINT (-9.155599594116211 38.79296875)
2677_723,4168_20250401_121_0_11,121_0,1,38.7223014831543,-9.139780044555664,33,IN_TRANSIT_TO,2025-05-15 14:47:23,9206,2677,87-XB-41,POINT (-9.139780044555664 38.7223014831543)
2671_727,4552_20250401_103_0_9,103_0,0,38.74932861328125,-9.142250061035156,3,IN_TRANSIT_TO,2025-05-15 14:47:09,201,2671,87-XB-43,POINT (-9.142250061035156 38.74932861328125)
2673_723,4177_20250401_121_0_10,121_0,1,38.71187973022461,-9.214150428771973,10,IN_TRANSIT_TO,2025-05-15 14:47:18,12402,2673,87-XB-37,POINT (-9.214150428771973 38.71187973022461)
2672_738,5561_20250401_117_0_10,117_0,1,38.70547866821289,-9.179869651794434,4,IN_TRANSIT_TO,2025-05-15 14:47:25,12113,2672,87-XB-44,POINT (-9.179869651794434 38.70547866821289)
2670_711,3512_20250401_101_0_9,101_0,0,38.71644973754883,-9.14210033416748,5,IN_TRANSIT_TO,2025-05-15 14:46:47,1003,2670,87-XB-32,POINT (-9.14210033416748 38.71644973754883)
2674_15E,11499_20250401_76_8_19,76_8,0,38.706268310546875,-9.143719673156738,3,IN_TRANSIT_TO,2025-05-15 14:47:13,3820,2674,87-XB-38,POINT (-9.143719673156738 38.706268310546875)
2964_774,7430_20250401_192_0_23,192_0,0,38.72626876831055,-9.145400047302246,11,IN_TRANSIT_TO,2025-05-15 14:47:26,1218,2964,30-VM-19,POINT (-9.145400047302246 38.72626876831055)
2962_765,7176_20250401_110_0_36,110_0,1,38.753631591796875,-9.206330299377441,3,IN_TRANSIT_TO,2025-05-15 14:47:08,50171,2962,30-VM-07,POINT (-9.206330299377441 38.753631591796875)
2961_737,5475_20250401_173_0_29,173_0,0,38.71025085449219,-9.135780334472656,1,IN_TRANSIT_TO,2025-05-15 14:47:13,912,2961,26-VD-02,POINT (-9.135780334472656 38.71025085449219)
4623_736,5303_20250401_199_0_4,199_0,1,38.71316909790039,-9.138970375061035,27,IN_TRANSIT_TO,2025-05-10 05:54:03,1102,4623,27-JO-12,POINT (-9.138970375061035 38.71316909790039)
510_15E,11212_20250401_76_0_15,76_0,0,38.702980041503906,-9.179880142211914,7,IN_TRANSIT_TO,2025-05-15 14:47:25,12116,510,,POINT (-9.179880142211914 38.702980041503906)
6031_732,5085_20250401_107_0_10,107_0,0,38.74496841430664,-9.147700309753418,5,IN_TRANSIT_TO,2025-05-15 14:47:04,2019,6031,BF-87-AX,POINT (-9.147700309753418 38.74496841430664)
4819_751,6523_20250401_109_0_2,109_0,1,38.7111701965332,-9.226129531860352,6,IN_TRANSIT_TO,2025-05-15 14:47:24,14311,4819,34-VR-16,POINT (-9.226129531860352 38.7111701965332)
6014_729,4801_20250401_104_0_10,104_0,0,38.74951934814453,-9.191229820251465,11,IN_TRANSIT_TO,2025-05-15 14:46:59,10804,6014,67-ZF-30,POINT (-9.191229820251465 38.74951934814453)
2723_764,7166_20250401_168_0_11,168_0,0,38.744049072265625,-9.210880279541016,26,IN_TRANSIT_TO,2025-05-15 14:47:20,8824,2723,92-XQ-43,POINT (-9.210880279541016 38.744049072265625)
2347_771,21928_20250401_248_0_15,248_0,0,38.71417999267578,-9.20110034942627,14,IN_TRANSIT_TO,2025-05-15 14:47:08,21303,2347,53-61-ZJ,POINT (-9.20110034942627 38.71417999267578)
2658_714,3662_20250401_102_0_12,102_0,1,38.70991897583008,-9.215330123901367,13,IN_TRANSIT_TO,2025-05-15 14:47:06,12401,2658,05-VZ-71,POINT (-9.215330123901367 38.70991897583008)
2479_726,4264_20250401_116_0_12,116_0,1,38.737850189208984,-9.156749725341797,20,IN_TRANSIT_TO,2025-05-15 14:47:18,1508,2479,91-BE-74,POINT (-9.156749725341797 38.737850189208984)
4634_783,7835_20250401_203_0_11,203_0,0,38.788230895996094,-9.123749732971191,30,IN_TRANSIT_TO,2025-05-15 14:47:15,16307,4634,11-JM-78,POINT (-9.123749732971191 38.788230895996094)
2414_716,3734_20250401_164_0_11,164_0,0,38.74782943725586,-9.190899848937988,19,IN_TRANSIT_TO,2025-05-15 14:47:10,10826,2414,92-AO-51,POINT (-9.190899848937988 38.74782943725586)
2288_799,8211_20250401_120_0_19,120_0,1,38.74515151977539,-9.202750205993652,16,IN_TRANSIT_TO,2025-05-15 14:47:18,8813,2288,92-59-ZM,POINT (-9.202750205993652 38.74515151977539)
2295_724,4236_20250401_178_0_16,178_0,1,38.74477005004883,-9.199130058288574,13,IN_TRANSIT_TO,2025-05-15 14:47:20,2805,2295,92-53-ZM,POINT (-9.199130058288574 38.74477005004883)
2763_714,3709_20250401_102_0_11,102_0,0,38.706031799316406,-9.143230438232422,0,IN_TRANSIT_TO,2025-05-15 14:47:04,,2763,AH-23-ND,POINT (-9.143230438232422 38.706031799316406)
2417_767,7250_20250401_112_0_9,112_0,1,38.7493782043457,-9.219779968261719,1,IN_TRANSIT_TO,2025-05-15 14:46:58,50335,2417,50-AL-06,POINT (-9.219779968261719 38.7493782043457)
2298_723,4182_20250401_121_0_10,121_0,0,38.71358108520508,-9.197420120239258,15,IN_TRANSIT_TO,2025-05-15 14:47:15,12928,2298,83-05-ZM,POINT (-9.197420120239258 38.71358108520508)
2282_771,21942_20250401_248_0_17,248_0,1,38.723201751708984,-9.16586971282959,16,IN_TRANSIT_TO,2025-05-15 14:47:02,8608,2282,67-35-ZJ,POINT (-9.16586971282959 38.723201751708984)
2281_771,21940_20250401_248_0_15,248_0,1,38.74026870727539,-9.167220115661621,24,IN_TRANSIT_TO,2025-05-15 14:47:25,50472,2281,67-56-ZJ,POINT (-9.167220115661621 38.74026870727539)
2628_759,6896_20250401_144_0_8,144_0,1,38.742149353027344,-9.113030433654785,26,IN_TRANSIT_TO,2025-05-15 14:47:20,3716,2628,52-VP-82,POINT (-9.113030433654785 38.742149353027344)
2841_748,6180_20250401_169_0_12,169_0,0,38.714420318603516,-9.227049827575684,8,IN_TRANSIT_TO,2025-05-15 14:46:57,14308,2841,BF-55-FZ,POINT (-9.227049827575684 38.714420318603516)
2717_711,3484_20250401_101_0_9,101_0,0,38.74702835083008,-9.21638011932373,28,IN_TRANSIT_TO,2025-05-15 14:47:05,3014,2717,92-XQ-16,POINT (-9.21638011932373 38.74702835083008)
2629_781,7737_20250401_151_0_12,151_0,1,38.72671890258789,-9.110119819641113,24,IN_TRANSIT_TO,2025-05-15 14:46:57,8314,2629,52-VP-81,POINT (-9.110119819641113 38.72671890258789)
4835_736,5299_20250401_199_0_10,199_0,1,38.75672912597656,-9.15447998046875,15,IN_TRANSIT_TO,2025-05-15 14:47:26,5806,4835,53-VR-06,POINT (-9.15447998046875 38.75672912597656)
6034_732,5062_20250401_107_0_7,107_0,0,38.70479965209961,-9.19873046875,34,IN_TRANSIT_TO,2025-05-15 14:47:04,13306,6034,BF-61-AX,POINT (-9.19873046875 38.70479965209961)
6035_732,5093_20250401_107_0_7,107_0,1,38.72822189331055,-9.14503002166748,36,IN_TRANSIT_TO,2025-05-15 14:46:59,6601,6035,BG-76-LX,POINT (-9.14503002166748 38.72822189331055)
2259_758,6853_20250401_150_0_9,150_0,0,38.745750427246094,-9.181900024414062,23,IN_TRANSIT_TO,2025-05-15 14:46:59,10702,2259,67-44-ZJ,POINT (-9.181900024414062 38.745750427246094)
2270_731,4974_20250401_190_0_12,190_0,1,38.78110122680664,-9.111800193786621,5,IN_TRANSIT_TO,2025-05-15 14:47:14,12615,2270,76-82-ZG,POINT (-9.111800193786621 38.78110122680664)
2430_778,18644_20250401_179_0_16,179_0,0,38.76539993286133,-9.188529968261719,20,IN_TRANSIT_TO,2025-05-15 14:47:13,50360,2430,29-AX-12,POINT (-9.188529968261719 38.76539993286133)
2703_727,4553_20250401_103_0_8,103_0,1,38.74842071533203,-9.147000312805176,44,IN_TRANSIT_TO,2025-05-15 14:46:55,2053,2703,92-XQ-24,POINT (-9.147000312805176 38.74842071533203)
2495_720,4087_20250401_143_0_13,143_0,0,38.70431900024414,-9.174079895019531,25,IN_TRANSIT_TO,2025-05-15 14:47:07,4004,2495,88-BL-69,POINT (-9.174079895019531 38.70431900024414)
6038_732,5076_20250401_107_0_7,107_0,0,38.706451416015625,-9.154629707336426,21,IN_TRANSIT_TO,2025-05-15 14:47:00,7102,6038,BG-46-LV,POINT (-9.154629707336426 38.706451416015625)
6009_706,3260_20250401_147_0_11,147_0,1,38.720001220703125,-9.15530014038086,24,IN_TRANSIT_TO,2025-05-15 14:47:04,6810,6009,81-ZC-18,POINT (-9.15530014038086 38.720001220703125)
4839_736,18816_20250401_199_0_10,199_0,1,38.72105026245117,-9.146320343017578,26,IN_TRANSIT_TO,2025-05-15 14:47:12,1206,4839,53-VR-08,POINT (-9.146320343017578 38.72105026245117)
2272_778,18640_20250401_179_0_20,179_0,1,38.7666015625,-9.185580253601074,4,IN_TRANSIT_TO,2025-05-15 14:47:04,12826,2272,76-80-ZG,POINT (-9.185580253601074 38.7666015625)
2345_724,4204_20250401_178_0_17,178_0,0,38.76055145263672,-9.197770118713379,26,IN_TRANSIT_TO,2025-05-15 14:46:58,13711,2345,53-59-ZJ,POINT (-9.197770118713379 38.76055145263672)
2614_759,6973_20250401_144_0_11,144_0,0,38.71377182006836,-9.123519897460938,6,IN_TRANSIT_TO,2025-05-15 14:47:26,8201,2614,66-VI-24,POINT (-9.123519897460938 38.71377182006836)
2965_737,5489_20250401_173_0_32,173_0,1,38.71284866333008,-9.13617992401123,6,IN_TRANSIT_TO,2025-05-15 14:47:12,913,2965,29-VM-97,POINT (-9.13617992401123 38.71284866333008)
275_65B,35087_20250401_250_0_15,250_0,0,38.72037887573242,-9.155630111694336,12,IN_TRANSIT_TO,2025-05-15 14:47:14,50191,275,AH-16-TB,POINT (-9.155630111694336 38.72037887573242)
2997_45B,45280_20250401_277_0_14,277_0,0,38.77568054199219,-9.145669937133789,1,IN_TRANSIT_TO,2025-05-15 14:47:22,11506,2997,34-VN-03,POINT (-9.145669937133789 38.77568054199219)
4815_751,6454_20250401_109_0_17,109_0,0,38.7080192565918,-9.173800468444824,7,IN_TRANSIT_TO,2025-05-15 14:47:04,9425,4815,34-VR-24,POINT (-9.173800468444824 38.7080192565918)
4821_736,5331_20250401_199_0_10,199_0,1,38.786930084228516,-9.179880142211914,2,IN_TRANSIT_TO,2025-05-15 14:47:23,15103,4821,20-VQ-68,POINT (-9.179880142211914 38.786930084228516)
2697_711,3475_20250401_101_0_12,101_0,1,38.74330139160156,-9.205920219421387,11,IN_TRANSIT_TO,2025-05-15 14:47:11,8814,2697,90-XF-59,POINT (-9.205920219421387 38.74330139160156)
2601_705,3186_20250401_176_0_13,176_0,0,38.75450134277344,-9.13051986694336,20,IN_TRANSIT_TO,2025-05-15 14:47:20,7512,2601,04-VA-70,POINT (-9.13051986694336 38.75450134277344)
2264_758,6793_20250401_150_0_12,150_0,1,38.741050720214844,-9.168299674987793,14,IN_TRANSIT_TO,2025-05-15 14:47:25,1610,2264,76-90-ZG,POINT (-9.168299674987793 38.741050720214844)
6036_732,5088_20250401_107_0_5,107_0,1,38.74763107299805,-9.15310001373291,44,IN_TRANSIT_TO,2025-05-15 14:47:07,2009,6036,BG-90-LX,POINT (-9.15310001373291 38.74763107299805)
6026_732,5080_20250401_107_0_7,107_0,0,38.73432159423828,-9.14507007598877,7,IN_TRANSIT_TO,2025-05-15 14:47:23,1814,6026,BF-39-BB,POINT (-9.14507007598877 38.73432159423828)
2706_746,5993_20250401_108_0_12,108_0,1,38.743629455566406,-9.17609977722168,13,IN_TRANSIT_TO,2025-05-15 14:47:02,10705,2706,92-XQ-46,POINT (-9.17609977722168 38.743629455566406)
2653_720,4086_20250401_143_0_13,143_0,1,38.70513153076172,-9.183799743652344,2,IN_TRANSIT_TO,2025-05-15 14:47:05,12003,2653,05-VZ-52,POINT (-9.183799743652344 38.70513153076172)
2743_755,6694_20250401_118_0_13,118_0,1,38.75387954711914,-9.154150009155273,7,IN_TRANSIT_TO,2025-05-15 14:47:07,5702,2743,AG-02-TH,POINT (-9.154150009155273 38.75387954711914)
4837_736,5408_20250401_199_0_11,199_0,0,38.74222183227539,-9.14661979675293,8,IN_TRANSIT_TO,2025-05-15 14:47:18,1809,4837,34-VR-18,POINT (-9.14661979675293 38.74222183227539)
4826_736,5319_20250401_199_0_12,199_0,1,38.77457046508789,-9.162300109863281,9,IN_TRANSIT_TO,2025-05-15 14:47:03,5908,4826,53-VR-05,POINT (-9.162300109863281 38.77457046508789)
2657_709,3384_20250401_148_0_23,148_0,1,38.71487045288086,-9.166529655456543,2,IN_TRANSIT_TO,2025-05-15 14:46:35,8019,2657,05-VZ-66,POINT (-9.166529655456543 38.71487045288086)
2637_744,5850_20250401_200_0_10,200_0,1,38.75736999511719,-9.138079643249512,17,IN_TRANSIT_TO,2025-05-15 14:46:56,11318,2637,87-VS-51,POINT (-9.138079643249512 38.75736999511719)
4830_736,5422_20250401_199_0_11,199_0,0,38.721351623535156,-9.146479606628418,3,IN_TRANSIT_TO,2025-05-15 14:47:03,1103,4830,20-VQ-63,POINT (-9.146479606628418 38.721351623535156)
2638_705,3180_20250401_176_0_14,176_0,1,38.776119232177734,-9.11378002166748,19,IN_TRANSIT_TO,2025-05-15 14:47:08,12308,2638,87-VS-48,POINT (-9.11378002166748 38.776119232177734)
2617_759,6987_20250401_144_0_10,144_0,1,38.71345138549805,-9.136879920959473,45,IN_TRANSIT_TO,2025-05-15 14:47:18,913,2617,66-VI-28,POINT (-9.136879920959473 38.71345138549805)
2619_759,6921_20250401_144_0_10,144_0,1,38.73387908935547,-9.112730026245117,30,IN_TRANSIT_TO,2025-05-15 14:47:07,17572,2619,66-VI-37,POINT (-9.112730026245117 38.73387908935547)
2698_714,3627_20250401_102_0_12,102_0,1,38.706729888916016,-9.155179977416992,35,IN_TRANSIT_TO,2025-05-15 14:47:18,3913,2698,92-XQ-20,POINT (-9.155179977416992 38.706729888916016)
6039_760,7110_20250401_171_0_2,171_0,1,38.71139907836914,-9.1356201171875,32,IN_TRANSIT_TO,2025-05-15 14:46:54,5519,6039,BG-96-LU,POINT (-9.1356201171875 38.71139907836914)
2991_730,4967_20250401_198_0_13,198_0,1,38.73746871948242,-9.12427043914795,19,IN_TRANSIT_TO,2025-05-15 14:47:05,8904,2991,29-VM-89,POINT (-9.12427043914795 38.73746871948242)
2704_746,5977_20250401_108_0_16,108_0,1,38.72557830810547,-9.150979995727539,24,IN_TRANSIT_TO,2025-05-15 14:47:05,1206,2704,92-XQ-18,POINT (-9.150979995727539 38.72557830810547)
6041_732,5038_20250401_107_0_7,107_0,1,38.699771881103516,-9.18435001373291,19,IN_TRANSIT_TO,2025-05-15 14:47:16,9505,6041,BG-20-LV,POINT (-9.18435001373291 38.699771881103516)
2639_744,5805_20250401_200_0_10,200_0,1,38.76768112182617,-9.104499816894531,6,IN_TRANSIT_TO,2025-05-15 14:47:18,7825,2639,75-VS-47,POINT (-9.104499816894531 38.76768112182617)
2647_722,4121_20250401_196_0_11,196_0,1,38.785499572753906,-9.11122989654541,0,IN_TRANSIT_TO,2025-05-15 14:47:05,,2647,75-VS-45,POINT (-9.11122989654541 38.785499572753906)
2989_774,7437_20250401_192_0_19,192_0,0,38.7234001159668,-9.159370422363281,7,IN_TRANSIT_TO,2025-05-15 14:46:58,8516,2989,29-VM-85,POINT (-9.159370422363281 38.7234001159668)
2642_781,7721_20250401_151_0_12,151_0,1,38.705299377441406,-9.143250465393066,29,IN_TRANSIT_TO,2025-05-15 14:47:26,3820,2642,75-VS-51,POINT (-9.143250465393066 38.705299377441406)
2661_764,7162_20250401_168_0_14,168_0,1,38.74686813354492,-9.220179557800293,0,IN_TRANSIT_TO,2025-05-15 14:47:29,,2661,05-VZ-58,POINT (-9.220179557800293 38.74686813354492)
2737_756,6730_20250401_175_0_14,175_0,1,38.74161911010742,-9.144220352172852,14,IN_TRANSIT_TO,2025-05-15 14:47:17,1908,2737,AG-45-EI,POINT (-9.144220352172852 38.74161911010742)
2721_15E,11495_20250401_76_8_22,76_8,1,38.70349884033203,-9.170450210571289,1,IN_TRANSIT_TO,2025-05-15 14:47:03,4003,2721,92-XQ-37,POINT (-9.170450210571289 38.70349884033203)
2632_722,4107_20250401_196_0_10,196_0,1,38.72037124633789,-9.145779609680176,32,IN_TRANSIT_TO,2025-05-15 14:46:06,1206,2632,52-VP-88,POINT (-9.145779609680176 38.72037124633789)
6030_706,3241_20250401_147_0_12,147_0,0,38.706478118896484,-9.15172004699707,3,IN_TRANSIT_TO,2025-05-15 14:47:03,7102,6030,BF-39-AU,POINT (-9.15172004699707 38.706478118896484)
548_25E,14268_20250401_79_0_17,79_0,1,38.714298248291016,-9.169469833374023,0,IN_TRANSIT_TO,2025-05-15 14:47:08,,548,,POINT (-9.169469833374023 38.714298248291016)
2646_759,6961_20250401_144_0_9,144_0,0,38.757930755615234,-9.112199783325195,28,IN_TRANSIT_TO,2025-05-15 14:47:10,8416,2646,75-VS-48,POINT (-9.112199783325195 38.757930755615234)
2733_756,6713_20250401_175_0_16,175_0,0,38.74251937866211,-9.137900352478027,8,IN_TRANSIT_TO,2025-05-15 14:47:18,305,2733,AG-41-EI,POINT (-9.137900352478027 38.74251937866211)
2468_729,4825_20250401_104_0_8,104_0,1,38.7489013671875,-9.192680358886719,31,IN_TRANSIT_TO,2025-05-15 14:47:01,10835,2468,16-AZ-10,POINT (-9.192680358886719 38.7489013671875)
2308_742,5747_20250401_114_0_10,114_0,1,38.709468841552734,-9.194879531860352,9,IN_TRANSIT_TO,2025-05-15 14:47:08,10305,2308,83-17-ZM,POINT (-9.194879531860352 38.709468841552734)
2654_764,7151_20250401_168_0_11,168_0,1,38.74626922607422,-9.167929649353027,30,IN_TRANSIT_TO,2025-05-15 14:47:08,12703,2654,05-VZ-69,POINT (-9.167929649353027 38.74626922607422)
2612_744,5838_20250401_200_0_11,200_0,0,38.74140167236328,-9.146430015563965,7,IN_TRANSIT_TO,2025-05-15 14:47:21,1809,2612,66-VI-29,POINT (-9.146430015563965 38.74140167236328)
2736_756,6748_20250401_175_0_17,175_0,1,38.71965026855469,-9.175049781799316,6,IN_TRANSIT_TO,2025-05-15 14:47:06,11903,2736,AG-47-EI,POINT (-9.175049781799316 38.71965026855469)
6042_760,7044_20250401_171_0_6,171_0,1,38.70487976074219,-9.177570343017578,23,IN_TRANSIT_TO,2025-05-15 14:47:25,12119,6042,BG-97-LU,POINT (-9.177570343017578 38.70487976074219)
574_28E,15024_20250401_75_0_6,75_0,0,38.70940017700195,-9.137869834899902,18,IN_TRANSIT_TO,2025-05-15 14:46:56,5604,574,,POINT (-9.137869834899902 38.70940017700195)
2713_712,3558_20250401_189_0_13,189_0,0,38.72032165527344,-9.12732982635498,7,IN_TRANSIT_TO,2025-05-15 14:47:22,9117,2713,92-XQ-34,POINT (-9.12732982635498 38.72032165527344)
2635_759,6970_20250401_144_0_9,144_0,0,38.75511932373047,-9.113470077514648,27,IN_TRANSIT_TO,2025-05-15 14:46:56,24370,2635,52-VP-90,POINT (-9.113470077514648 38.75511932373047)
2799_727,4515_20250401_103_0_8,103_0,0,38.6975212097168,-9.195699691772461,35,IN_TRANSIT_TO,2025-05-15 14:47:12,4114,2799,AJ-52-LI,POINT (-9.195699691772461 38.6975212097168)
6040_732,5057_20250401_107_0_8,107_0,1,38.71501922607422,-9.21465015411377,2,IN_TRANSIT_TO,2025-05-15 14:46:57,10403,6040,BG-46-LT,POINT (-9.21465015411377 38.71501922607422)
2258_729,4779_20250401_104_0_8,104_0,0,38.69647979736328,-9.20853042602539,35,IN_TRANSIT_TO,2025-05-15 14:47:22,9610,2258,53-58-ZJ,POINT (-9.20853042602539 38.69647979736328)
544_24E,17832_20250401_213_0_23,213_0,1,38.72196960449219,-9.156929969787598,3,IN_TRANSIT_TO,2025-05-15 14:47:10,8516,544,,POINT (-9.156929969787598 38.72196960449219)
2996_71B,45266_20250401_278_0_12,278_0,0,38.744468688964844,-9.196599960327148,7,IN_TRANSIT_TO,2025-05-15 14:47:26,2805,2996,30-VM-03,POINT (-9.196599960327148 38.744468688964844)
2686_754,6615_20250401_201_0_11,201_0,0,38.74087142944336,-9.208820343017578,22,IN_TRANSIT_TO,2025-05-15 14:47:08,50239,2686,99-XE-58,POINT (-9.208820343017578 38.74087142944336)
2621_781,7747_20250401_151_0_13,151_0,1,38.76247024536133,-9.109720230102539,14,IN_TRANSIT_TO,2025-05-15 14:47:21,8424,2621,66-VI-45,POINT (-9.109720230102539 38.76247024536133)
2622_722,4119_20250401_196_0_11,196_0,1,38.74317932128906,-9.13290023803711,23,IN_TRANSIT_TO,2025-05-15 14:47:05,308,2622,66-VI-21,POINT (-9.13290023803711 38.74317932128906)
2603_722,4129_20250401_196_0_10,196_0,0,38.73139953613281,-9.146249771118164,4,IN_TRANSIT_TO,2025-05-15 14:47:10,1701,2603,16-VF-76,POINT (-9.146249771118164 38.73139953613281)
2649_776,7489_20250401_193_0_36,193_0,0,38.6992301940918,-9.230079650878906,2,IN_TRANSIT_TO,2025-05-15 14:47:20,4218,2649,75-VS-42,POINT (-9.230079650878906 38.6992301940918)
2656_713,3614_20250401_122_0_9,122_0,0,38.70621871948242,-9.17335033416748,29,IN_TRANSIT_TO,2025-05-15 14:47:24,9417,2656,05-VZ-53,POINT (-9.17335033416748 38.70621871948242)
2985_702,3068_20250401_146_0_24,146_0,1,38.72700119018555,-9.16843032836914,7,IN_TRANSIT_TO,2025-05-15 14:47:23,6112,2985,30-VM-14,POINT (-9.16843032836914 38.72700119018555)
2986_730,4947_20250401_198_0_15,198_0,1,38.73038101196289,-9.143699645996094,0,IN_TRANSIT_TO,2025-05-15 14:47:04,,2986,30-VM-12,POINT (-9.143699645996094 38.73038101196289)
2990_774,7457_20250401_192_0_22,192_0,1,38.721099853515625,-9.162599563598633,10,IN_TRANSIT_TO,2025-05-15 14:46:59,8519,2990,30-VM-06,POINT (-9.162599563598633 38.721099853515625)
2976_730,4949_20250401_198_0_14,198_0,0,38.7244987487793,-9.129579544067383,15,IN_TRANSIT_TO,2025-05-15 14:47:20,9103,2976,30-VM-00,POINT (-9.129579544067383 38.7244987487793)
2702_746,5964_20250401_108_0_15,108_0,0,38.752079010009766,-9.205329895019531,21,IN_TRANSIT_TO,2025-05-15 14:47:12,10902,2702,92-XQ-21,POINT (-9.205329895019531 38.752079010009766)
2604_759,6928_20250401_144_0_8,144_0,1,38.74932861328125,-9.113880157470703,22,IN_TRANSIT_TO,2025-05-15 14:47:24,24375,2604,66-VI-32,POINT (-9.113880157470703 38.74932861328125)
552_28E,14895_20250401_75_0_16,75_0,0,38.70800018310547,-9.140299797058105,19,IN_TRANSIT_TO,2025-05-15 14:47:03,10518,552,,POINT (-9.140299797058105 38.70800018310547)
2634_759,6956_20250401_144_0_2,144_0,1,38.768150329589844,-9.100130081176758,0,IN_TRANSIT_TO,2025-05-15 14:47:10,,2634,52-VP-85,POINT (-9.100130081176758 38.768150329589844)
2980_702,3053_20250401_146_0_29,146_0,0,38.72515106201172,-9.153800010681152,1,IN_TRANSIT_TO,2025-05-15 14:47:08,50188,2980,29-VM-90,POINT (-9.153800010681152 38.72515106201172)
2663_714,3697_20240914_102_0_16,102_0,1,38.72127151489258,-9.221500396728516,4,IN_TRANSIT_TO,2024-10-22 20:26:58,18703,2663,05-VZ-62,POINT (-9.221500396728516 38.72127151489258)
581_28E,14986_20250401_75_0_15,75_0,1,38.712921142578125,-9.129300117492676,12,IN_TRANSIT_TO,2025-05-15 14:45:57,13813,581,,POINT (-9.129300117492676 38.712921142578125)
2685_711,3517_20250401_101_0_11,101_0,0,38.7087287902832,-9.134099960327148,2,IN_TRANSIT_TO,2025-05-15 14:46:49,4506,2685,93-XA-46,POINT (-9.134099960327148 38.7087287902832)
6043_760,7103_20250401_171_0_11,171_0,1,38.717079162597656,-9.135950088500977,35,IN_TRANSIT_TO,2025-05-15 14:47:21,818,6043,BG-93-LT,POINT (-9.135950088500977 38.717079162597656)
554_12E,11035_20250401_77_0_11,77_0,1,38.710601806640625,-9.14247989654541,1,IN_TRANSIT_TO,2025-05-15 14:46:06,10513,554,,POINT (-9.14247989654541 38.710601806640625)
1714_717,3800_20250401_170_0_12,170_0,1,38.7554817199707,-9.149550437927246,27,IN_TRANSIT_TO,2025-05-15 14:47:18,5706,1714,69-AL-77,POINT (-9.149550437927246 38.7554817199707)
545_25E,14255_20250401_79_0_22,79_0,0,38.70637893676758,-9.149230003356934,3,IN_TRANSIT_TO,2025-05-15 14:46:58,7102,545,,POINT (-9.149230003356934 38.70637893676758)
543_28E,14998_20250401_75_0_13,75_0,1,38.70787811279297,-9.141679763793945,4,IN_TRANSIT_TO,2025-05-15 14:47:10,10519,543,,POINT (-9.141679763793945 38.70787811279297)
4804_753,6564_20250401_167_0_19,167_0,0,38.67205047607422,-9.173319816589355,8,IN_TRANSIT_TO,2025-05-15 14:47:13,14601,4804,53-VR-07,POINT (-9.173319816589355 38.67205047607422)
2963_770,7364_20250401_191_0_17,191_0,0,38.74042892456055,-9.178230285644531,9,IN_TRANSIT_TO,2025-05-15 14:47:01,10723,2963,29-VM-88,POINT (-9.178230285644531 38.74042892456055)
2828_753,6573_20250401_167_0_19,167_0,0,38.725399017333984,-9.151829719543457,3,IN_TRANSIT_TO,2025-05-15 14:46:59,1202,2828,BF-60-FZ,POINT (-9.151829719543457 38.725399017333984)
2696_713,20157_20250401_122_0_11,122_0,0,38.73691940307617,-9.136369705200195,0,IN_TRANSIT_TO,2025-05-15 14:47:18,,2696,90-XF-63,POINT (-9.136369705200195 38.73691940307617)
578_25E,14260_20250401_79_0_17,79_0,1,38.70750045776367,-9.161399841308594,10,IN_TRANSIT_TO,2025-05-15 14:46:59,10015,578,,POINT (-9.161399841308594 38.70750045776367)
2662_754,6622_20250401_201_0_11,201_0,0,38.74147033691406,-9.169569969177246,9,IN_TRANSIT_TO,2025-05-15 14:47:25,1609,2662,05-VZ-51,POINT (-9.169569969177246 38.74147033691406)
507_15E,11202_20250401_76_0_15,76_0,0,38.6974983215332,-9.196000099182129,12,IN_TRANSIT_TO,2025-05-15 14:47:02,4114,507,,POINT (-9.196000099182129 38.6974983215332)
572_18E,12186_20250401_78_0_16,78_0,1,38.70370101928711,-9.171930313110352,15,IN_TRANSIT_TO,2025-05-15 14:47:15,4001,572,,POINT (-9.171930313110352 38.70370101928711)
2641_722,4127_20250401_196_0_11,196_0,0,38.76982879638672,-9.126370429992676,22,IN_TRANSIT_TO,2025-05-15 14:47:04,7603,2641,75-VS-49,POINT (-9.126370429992676 38.76982879638672)
555_25E,14252_20250401_79_0_19,79_0,1,38.706268310546875,-9.14542007446289,15,IN_TRANSIT_TO,2025-05-15 14:47:03,7101,555,,POINT (-9.14542007446289 38.706268310546875)
4817_748,6188_20250401_169_0_11,169_0,1,38.71712112426758,-9.217869758605957,6,IN_TRANSIT_TO,2025-05-15 14:47:07,14311,4817,00-VV-37,POINT (-9.217869758605957 38.71712112426758)
266_76B,18630_20250401_219_0_19,219_0,0,38.706329345703125,-9.19048023223877,5,IN_TRANSIT_TO,2025-05-15 14:47:19,50371,266,AH-55-CZ,POINT (-9.19048023223877 38.706329345703125)
2987_730,4969_20250401_198_0_14,198_0,1,38.72608184814453,-9.134269714355469,9,IN_TRANSIT_TO,2025-05-15 14:47:04,604,2987,29-VM-99,POINT (-9.134269714355469 38.72608184814453)
575_28E,14972_20250401_75_0_9,75_0,1,38.7098503112793,-9.133779525756836,8,IN_TRANSIT_TO,2025-05-15 14:47:04,13801,575,,POINT (-9.133779525756836 38.7098503112793)
2655_720,4044_20250401_143_0_12,143_0,1,38.72248077392578,-9.151650428771973,15,IN_TRANSIT_TO,2025-05-15 14:47:00,6809,2655,05-VZ-67,POINT (-9.151650428771973 38.72248077392578)
2650_738,5550_20250401_117_0_10,117_0,1,38.72367858886719,-9.182169914245605,2,IN_TRANSIT_TO,2025-05-15 14:46:58,12003,2650,75-VS-50,POINT (-9.182169914245605 38.72367858886719)
1729_793,8019_20250401_145_0_15,145_0,1,38.748069763183594,-9.10811996459961,14,IN_TRANSIT_TO,2025-05-15 14:47:16,3710,1729,25-AS-41,POINT (-9.10811996459961 38.748069763183594)
4644_728,4681_20250401_204_0_9,204_0,1,38.71894836425781,-9.116829872131348,27,IN_TRANSIT_TO,2025-05-15 14:46:58,9812,4644,27-JO-11,POINT (-9.116829872131348 38.71894836425781)
278_64B,21489_20250401_238_0_19,238_0,0,38.71554946899414,-9.174949645996094,13,IN_TRANSIT_TO,2025-05-15 14:47:23,50492,278,AI-39-FG,POINT (-9.174949645996094 38.71554946899414)
2984_52B,21671_20250401_244_0_13,244_0,0,38.73912811279297,-9.166130065917969,21,IN_TRANSIT_TO,2025-05-15 14:47:21,1601,2984,30-VM-04,POINT (-9.166130065917969 38.73912811279297)
4803_728,4714_20250401_204_0_8,204_0,0,38.783851623535156,-9.1114501953125,51,IN_TRANSIT_TO,2025-05-15 14:47:01,12627,4803,77-VP-16,POINT (-9.1114501953125 38.783851623535156)
2651_781,7756_20250401_151_0_12,151_0,0,38.76279830932617,-9.109330177307129,17,IN_TRANSIT_TO,2025-05-15 14:47:25,8423,2651,05-VZ-54,POINT (-9.109330177307129 38.76279830932617)
2720_714,3705_20250401_102_0_11,102_0,0,38.705101013183594,-9.161270141601562,7,IN_TRANSIT_TO,2025-05-15 14:47:20,3908,2720,92-XQ-28,POINT (-9.161270141601562 38.705101013183594)
2665_764,7135_20250401_168_0_13,168_0,0,38.746768951416016,-9.189720153808594,17,IN_TRANSIT_TO,2025-05-15 14:47:12,10803,2665,87-XB-33,POINT (-9.189720153808594 38.746768951416016)
272_28E,48628_20250401_75_8_24,75_8,1,38.71107864379883,-9.152250289916992,6,IN_TRANSIT_TO,2025-05-15 14:46:42,6724,272,AH-26-IN,POINT (-9.152250289916992 38.71107864379883)
2645_759,6949_20250401_144_0_10,144_0,1,38.77471923828125,-9.11417007446289,8,IN_TRANSIT_TO,2025-05-15 14:46:56,12304,2645,87-VS-49,POINT (-9.11417007446289 38.77471923828125)
2983_797,8172_20250401_163_0_26,163_0,1,38.73081970214844,-9.12720012664795,7,IN_TRANSIT_TO,2025-05-15 14:47:23,7003,2983,30-VM-08,POINT (-9.12720012664795 38.73081970214844)
257_13B,21591_20250401_243_0_18,243_0,0,38.715049743652344,-9.126199722290039,10,IN_TRANSIT_TO,2025-05-15 14:47:18,2116,257,AF-59-RM,POINT (-9.126199722290039 38.715049743652344)
262_79B,18661_20250401_221_0_10,221_0,0,38.71247863769531,-9.214320182800293,26,IN_TRANSIT_TO,2025-05-15 14:46:46,12403,262,AF-49-ZD,POINT (-9.214320182800293 38.71247863769531)
2627_781,7748_20250401_151_0_12,151_0,0,38.7847785949707,-9.124349594116211,27,IN_TRANSIT_TO,2025-05-15 14:47:24,16303,2627,52-VP-83,POINT (-9.124349594116211 38.7847785949707)
276_734,5150_20250401_205_0_21,205_0,1,38.71635055541992,-9.129349708557129,5,IN_TRANSIT_TO,2025-05-15 14:47:07,14801,276,AH-12-TB,POINT (-9.129349708557129 38.71635055541992)
274_61B,21520_20250401_241_0_19,241_0,1,38.72943115234375,-9.162400245666504,9,IN_TRANSIT_TO,2025-05-15 14:44:47,6124,274,AH-14-TB,POINT (-9.162400245666504 38.72943115234375)
256_37B,18839_20250401_224_0_17,224_0,0,38.72452163696289,-9.116700172424316,24,IN_TRANSIT_TO,2025-05-15 14:47:17,9803,256,AF-57-RM,POINT (-9.116700172424316 38.72452163696289)
2608_749,6201_20250401_195_0_21,195_0,1,38.74245071411133,-9.14680004119873,1,IN_TRANSIT_TO,2025-05-15 14:47:00,2051,2608,66-VI-39,POINT (-9.14680004119873 38.74245071411133)
2731_720,4101_20250401_143_0_10,143_0,1,38.73862838745117,-9.127280235290527,28,IN_TRANSIT_TO,2025-05-15 14:47:13,9008,2731,AG-49-EI,POINT (-9.127280235290527 38.73862838745117)
2719_714,3671_20250401_102_0_12,102_0,1,38.72235107421875,-9.225069999694824,2,IN_TRANSIT_TO,2025-05-15 14:47:01,50405,2719,92-XQ-17,POINT (-9.225069999694824 38.72235107421875)
2631_744,5830_20250401_200_0_9,200_0,0,38.754249572753906,-9.138680458068848,12,IN_TRANSIT_TO,2025-05-15 14:47:02,11201,2631,52-VP-80,POINT (-9.138680458068848 38.754249572753906)
258_61B,21530_20250401_241_0_19,241_0,0,38.7369499206543,-9.167119979858398,12,IN_TRANSIT_TO,2025-05-15 14:47:09,2711,258,AF-56-RM,POINT (-9.167119979858398 38.7369499206543)
2722_738,5553_20250401_117_0_10,117_0,1,38.7242317199707,-9.150520324707031,16,IN_TRANSIT_TO,2025-05-15 14:47:13,1207,2722,92-XQ-36,POINT (-9.150520324707031 38.7242317199707)
2735_735,5258_20250401_172_0_9,172_0,0,38.7164306640625,-9.120619773864746,7,IN_TRANSIT_TO,2025-05-15 14:47:00,2103,2735,AG-37-EI,POINT (-9.120619773864746 38.7164306640625)
6045_732,5096_20250401_107_0_6,107_0,1,38.709598541259766,-9.135580062866211,30,IN_TRANSIT_TO,2025-05-15 14:47:05,5519,6045,BH-32-IQ,POINT (-9.135580062866211 38.709598541259766)
2274_771,39065_20250401_248_0_15,248_0,1,38.710079193115234,-9.19491958618164,6,IN_TRANSIT_TO,2025-05-15 14:47:09,10304,2274,76-79-ZG,POINT (-9.19491958618164 38.710079193115234)
2247_768,7347_20250401_111_0_13,111_0,0,38.74407958984375,-9.177550315856934,8,IN_TRANSIT_TO,2025-05-15 14:47:16,10706,2247,22-34-ZB,POINT (-9.177550315856934 38.74407958984375)
2330_735,5275_20250401_172_0_10,172_0,1,38.707679748535156,-9.139699935913086,33,IN_TRANSIT_TO,2025-05-15 14:46:59,5504,2330,67-52-ZJ,POINT (-9.139699935913086 38.707679748535156)
2260_758,6770_20250401_150_0_12,150_0,1,38.74087142944336,-9.168129920959473,14,IN_TRANSIT_TO,2025-05-15 14:47:03,1610,2260,67-47-ZJ,POINT (-9.168129920959473 38.74087142944336)
2428_703,3162_20250401_165_0_12,165_0,0,38.76448059082031,-9.181770324707031,26,IN_TRANSIT_TO,2025-05-15 14:47:06,12807,2428,29-AX-13,POINT (-9.181770324707031 38.76448059082031)
2489_767,7308_20250401_112_0_8,112_0,1,38.74946975708008,-9.142069816589355,34,IN_TRANSIT_TO,2025-05-15 14:47:18,204,2489,55-BH-05,POINT (-9.142069816589355 38.74946975708008)
2402_747,6079_20250401_177_0_16,177_0,1,38.76504898071289,-9.177650451660156,12,IN_TRANSIT_TO,2025-05-15 14:47:15,12833,2402,50-AL-13,POINT (-9.177650451660156 38.76504898071289)
2443_747,6101_20250401_177_0_16,177_0,1,38.7722282409668,-9.190469741821289,4,IN_TRANSIT_TO,2025-05-15 14:47:08,14102,2443,29-AX-05,POINT (-9.190469741821289 38.7722282409668)
2490_708,3298_20250401_100_0_8,100_0,1,38.76007843017578,-9.117050170898438,27,IN_TRANSIT_TO,2025-05-15 14:47:21,8408,2490,55-BH-01,POINT (-9.117050170898438 38.76007843017578)
1701_701,2939_20250401_123_0_16,123_0,0,38.726749420166016,-9.162229537963867,26,IN_TRANSIT_TO,2025-05-15 14:47:06,6113,1701,39-AB-08,POINT (-9.162229537963867 38.726749420166016)
2750_756,6757_20250401_175_0_15,175_0,1,38.70022964477539,-9.183170318603516,0,IN_TRANSIT_TO,2025-05-15 14:47:25,,2750,AG-10-TH,POINT (-9.183170318603516 38.70022964477539)
2780_712,3525_20250401_189_0_12,189_0,1,38.72502136230469,-9.15392017364502,14,IN_TRANSIT_TO,2025-05-15 14:47:26,1224,2780,AI-06-BT,POINT (-9.15392017364502 38.72502136230469)
2785_738,5572_20250401_117_0_11,117_0,0,38.7200813293457,-9.154829978942871,24,IN_TRANSIT_TO,2025-05-15 14:46:43,6804,2785,AI-05-BT,POINT (-9.154829978942871 38.7200813293457)
2994_774,7467_20250401_192_0_18,192_0,1,38.72377014160156,-9.14756965637207,4,IN_TRANSIT_TO,2025-05-15 14:46:43,1217,2994,29-VM-91,POINT (-9.14756965637207 38.72377014160156)
2404_767,7206_20250401_112_0_2,112_0,1,38.74856948852539,-9.1912202835083,16,IN_TRANSIT_TO,2025-05-15 14:46:55,10807,2404,50-AL-11,POINT (-9.1912202835083 38.74856948852539)
2304_742,5731_20250401_114_0_9,114_0,1,38.706878662109375,-9.17300033569336,20,IN_TRANSIT_TO,2025-05-15 14:47:10,12105,2304,83-10-ZM,POINT (-9.17300033569336 38.706878662109375)
2709_776,7476_20250401_193_0_41,193_0,1,38.701229095458984,-9.250630378723145,3,IN_TRANSIT_TO,2025-05-15 14:47:17,4307,2709,92-XQ-42,POINT (-9.250630378723145 38.701229095458984)
1708_701,2947_20250401_123_0_13,123_0,0,38.75017166137695,-9.160820007324219,9,IN_TRANSIT_TO,2025-05-15 14:47:08,13503,1708,69-AL-71,POINT (-9.160820007324219 38.75017166137695)
2822_753,6541_20250401_167_0_19,167_0,0,38.67353057861328,-9.173749923706055,8,IN_TRANSIT_TO,2025-05-15 14:46:31,14601,2822,BF-54-FZ,POINT (-9.173749923706055 38.67353057861328)
2299_723,4136_20250401_121_0_13,121_0,0,38.72154998779297,-9.138750076293945,0,IN_TRANSIT_TO,2025-05-15 14:47:24,,2299,83-14-ZM,POINT (-9.138750076293945 38.72154998779297)
2293_763,46424_20250401_282_0_16,282_0,1,38.77933120727539,-9.168749809265137,15,IN_TRANSIT_TO,2025-05-15 14:47:26,50641,2293,92-57-ZM,POINT (-9.168749809265137 38.77933120727539)
1727_794,8091_20250401_115_0_9,115_0,0,38.72597885131836,-9.113329887390137,6,IN_TRANSIT_TO,2025-05-15 11:35:03,9822,1727,25-AS-39,POINT (-9.113329887390137 38.72597885131836)
2478_729,4828_20250401_104_0_9,104_0,1,38.72642135620117,-9.194279670715332,21,IN_TRANSIT_TO,2025-05-15 14:46:56,8713,2478,91-BE-80,POINT (-9.194279670715332 38.72642135620117)
1778_717,3879_20250401_170_0_12,170_0,0,38.75019836425781,-9.137280464172363,8,IN_TRANSIT_TO,2025-05-15 14:46:58,11205,1778,63-HX-30,POINT (-9.137280464172363 38.75019836425781)
2496_735,5217_20250401_172_1_9,172_1,1,38.708030700683594,-9.133219718933105,18,IN_TRANSIT_TO,2025-05-15 14:45:24,8202,2496,88-BL-70,POINT (-9.133219718933105 38.708030700683594)
2814_749,6205_20250401_195_0_20,195_0,0,38.75189971923828,-9.113980293273926,3,IN_TRANSIT_TO,2025-05-15 14:47:04,24375,2814,90-II-54,POINT (-9.113980293273926 38.75189971923828)
4621_755,6709_20250401_118_0_12,118_0,0,38.74822998046875,-9.165519714355469,39,IN_TRANSIT_TO,2025-05-15 14:47:24,12706,4621,90-JI-90,POINT (-9.165519714355469 38.74822998046875)
4639_783,7846_20250401_203_0_11,203_0,0,38.74087142944336,-9.146300315856934,8,IN_TRANSIT_TO,2025-05-15 14:46:59,1809,4639,27-JO-13,POINT (-9.146300315856934 38.74087142944336)
2819_718,3962_20250401_105_0_12,105_0,0,38.7424201965332,-9.10241985321045,12,IN_TRANSIT_TO,2025-05-15 14:47:08,12512,2819,90-II-59,POINT (-9.10241985321045 38.7424201965332)
4647_750,6377_20250401_106_0_6,106_0,0,38.74346923828125,-9.206049919128418,29,IN_TRANSIT_TO,2025-05-15 10:09:58,8814,4647,02-JN-88,POINT (-9.206049919128418 38.74346923828125)
2970_737,5502_20250401_173_0_28,173_0,1,38.71215057373047,-9.132699966430664,0,IN_TRANSIT_TO,2025-05-15 14:47:03,,2970,29-VM-87,POINT (-9.132699966430664 38.71215057373047)
2813_718,3978_20250401_105_0_13,105_0,1,38.754371643066406,-9.108699798583984,26,IN_TRANSIT_TO,2025-05-15 14:46:50,24366,2813,90-II-53,POINT (-9.108699798583984 38.754371643066406)
1747_794,8073_20250401_115_0_11,115_0,1,38.740821838378906,-9.11709976196289,27,IN_TRANSIT_TO,2025-05-15 14:46:57,3603,1747,92-HR-04,POINT (-9.11709976196289 38.740821838378906)
1746_794,8035_20250401_115_0_9,115_0,0,38.74665069580078,-9.119270324707031,15,IN_TRANSIT_TO,2025-05-15 14:47:01,3608,1746,92-HR-03,POINT (-9.119270324707031 38.74665069580078)
2971_730,4967_20250401_198_0_15,198_0,1,38.72684860229492,-9.130029678344727,13,IN_TRANSIT_TO,2025-05-12 14:30:03,9102,2971,29-VM-98,POINT (-9.130029678344727 38.72684860229492)
4636_796,8152_20250401_174_0_23,174_0,0,38.790618896484375,-9.157369613647461,11,IN_TRANSIT_TO,2025-05-15 14:47:04,11614,4636,90-JI-97,POINT (-9.157369613647461 38.790618896484375)
2803_718,3937_20250401_105_0_15,105_0,1,38.74462890625,-9.133749961853027,1,IN_TRANSIT_TO,2025-05-15 14:47:16,50473,2803,01-IH-92,POINT (-9.133749961853027 38.74462890625)
4812_751,6481_20250401_109_0_15,109_0,0,38.69742965698242,-9.198579788208008,15,IN_TRANSIT_TO,2025-05-15 14:47:05,4112,4812,20-VQ-70,POINT (-9.198579788208008 38.69742965698242)
2802_725,4255_20250401_197_0_25,197_0,0,38.79212951660156,-9.120849609375,15,IN_TRANSIT_TO,2025-05-15 14:46:54,50180,2802,01-IH-91,POINT (-9.120849609375 38.79212951660156)
2817_718,3991_20250401_105_0_12,105_0,1,38.72452163696289,-9.116869926452637,12,IN_TRANSIT_TO,2025-05-15 14:47:12,9803,2817,90-II-57,POINT (-9.116869926452637 38.72452163696289)
2453_767,7281_20250401_112_0_7,112_0,0,38.756019592285156,-9.151679992675781,17,IN_TRANSIT_TO,2025-05-15 14:47:12,5707,2453,16-AZ-13,POINT (-9.151679992675781 38.756019592285156)
2459_726,4295_20250401_116_0_9,116_0,0,38.7565803527832,-9.177399635314941,23,IN_TRANSIT_TO,2025-05-15 14:47:00,13606,2459,74-BC-74,POINT (-9.177399635314941 38.7565803527832)
4640_783,7817_20250401_203_0_12,203_0,1,38.779178619384766,-9.120129585266113,6,IN_TRANSIT_TO,2025-05-15 14:47:11,12604,4640,02-JN-87,POINT (-9.120129585266113 38.779178619384766)
1750_794,8086_20250401_115_0_2,115_0,1,38.75522994995117,-9.111700057983398,8,IN_TRANSIT_TO,2025-05-15 14:47:10,24366,1750,92-HR-07,POINT (-9.111700057983398 38.75522994995117)
2816_718,3994_20250401_105_0_11,105_0,1,38.73040008544922,-9.124870300292969,7,IN_TRANSIT_TO,2025-05-15 14:47:05,7010,2816,90-II-56,POINT (-9.124870300292969 38.73040008544922)
2820_29B,17534_20250401_209_0_14,209_0,0,38.76155090332031,-9.113630294799805,0,IN_TRANSIT_TO,2025-05-15 14:47:23,,2820,90-II-60,POINT (-9.113630294799805 38.76155090332031)
231_17B,21713_20250401_247_0_10,247_0,0,38.722930908203125,-9.132369995117188,15,IN_TRANSIT_TO,2025-05-15 14:47:20,707,231,84-47-XQ,POINT (-9.132369995117188 38.722930908203125)
2455_726,4325_20250401_116_0_11,116_0,0,38.73162841796875,-9.140000343322754,7,IN_TRANSIT_TO,2025-05-15 14:47:17,6504,2455,16-AZ-12,POINT (-9.140000343322754 38.73162841796875)
2411_703,3124_20250401_165_0_12,165_0,1,38.74571990966797,-9.19795036315918,4,IN_TRANSIT_TO,2025-05-15 14:47:24,2812,2411,62-AL-11,POINT (-9.19795036315918 38.74571990966797)
2700_713,3605_20250401_122_0_10,122_0,1,38.70698165893555,-9.173830032348633,7,IN_TRANSIT_TO,2025-05-15 14:47:13,9425,2700,92-XQ-26,POINT (-9.173830032348633 38.70698165893555)
2311_712,3541_20250401_189_0_13,189_0,0,38.70391845703125,-9.174699783325195,31,IN_TRANSIT_TO,2025-05-15 14:47:20,50203,2311,72-23-XN,POINT (-9.174699783325195 38.70391845703125)
2667_723,4149_20250401_121_0_12,121_0,1,38.72328186035156,-9.16528034210205,26,IN_TRANSIT_TO,2025-05-15 14:47:11,8608,2667,87-XB-45,POINT (-9.16528034210205 38.72328186035156)
2251_731,5025_20250401_190_0_10,190_0,1,38.742549896240234,-9.165169715881348,30,IN_TRANSIT_TO,2025-05-15 14:46:57,1608,2251,22-31-ZB,POINT (-9.165169715881348 38.742549896240234)
4608_750,6335_20250401_106_0_9,106_0,0,38.73651885986328,-9.205849647521973,31,IN_TRANSIT_TO,2025-05-15 14:47:22,8808,4608,96-GL-85,POINT (-9.205849647521973 38.73651885986328)
2762_754,6609_20250401_201_0_11,201_0,0,38.733421325683594,-9.216019630432129,32,IN_TRANSIT_TO,2025-05-15 14:46:58,18116,2762,AH-38-ND,POINT (-9.216019630432129 38.733421325683594)
219_773,20155_20250401_124_0_20,124_0,1,38.71852111816406,-9.152680397033691,24,IN_TRANSIT_TO,2025-05-15 14:47:23,10607,219,11-12-XO,POINT (-9.152680397033691 38.71852111816406)
302_744,5819_20250401_200_0_9,200_0,1,38.715518951416016,-9.141480445861816,0,IN_TRANSIT_TO,2025-05-15 14:47:08,,302,22-SP-89,POINT (-9.141480445861816 38.715518951416016)
2734_720,4100_20250401_143_0_13,143_0,0,38.73746871948242,-9.134900093078613,8,IN_TRANSIT_TO,2025-05-15 14:47:12,407,2734,AG-50-EI,POINT (-9.134900093078613 38.73746871948242)
2790_738,5535_20250401_117_0_9,117_0,1,38.75611877441406,-9.176750183105469,34,IN_TRANSIT_TO,2025-05-15 14:47:19,50143,2790,AI-54-TL,POINT (-9.176750183105469 38.75611877441406)
215_41B,19375_20250401_232_0_19,232_0,1,38.77579879760742,-9.150349617004395,13,IN_TRANSIT_TO,2025-05-15 14:47:17,50444,215,44-42-XM,POINT (-9.150349617004395 38.77579879760742)
2756_727,4485_20250401_103_0_9,103_0,1,38.697181701660156,-9.200750350952148,13,IN_TRANSIT_TO,2025-05-15 14:47:15,4109,2756,AH-27-ND,POINT (-9.200750350952148 38.697181701660156)
301_744,5841_20250401_200_0_10,200_0,1,38.71662139892578,-9.142379760742188,32,IN_TRANSIT_TO,2025-05-15 14:47:24,1102,301,74-SM-62,POINT (-9.142379760742188 38.71662139892578)
2746_735,5283_20250401_172_0_10,172_0,1,38.721649169921875,-9.129500389099121,19,IN_TRANSIT_TO,2025-05-15 14:47:04,9108,2746,AG-97-TG,POINT (-9.129500389099121 38.721649169921875)
2499_708,3351_20250401_100_0_9,100_0,0,38.76559829711914,-9.113530158996582,22,IN_TRANSIT_TO,2025-05-15 14:46:59,8443,2499,03-BM-58,POINT (-9.113530158996582 38.76559829711914)
1775_755,6632_20250401_118_0_9,118_0,0,38.75252151489258,-9.113570213317871,14,IN_TRANSIT_TO,2025-05-15 14:47:17,24377,1775,53-HX-08,POINT (-9.113570213317871 38.75252151489258)
1773_717,3822_20250401_170_0_12,170_0,1,38.77994918823242,-9.148380279541016,15,IN_TRANSIT_TO,2025-05-15 14:47:08,50344,1773,53-HX-06,POINT (-9.148380279541016 38.77994918823242)
2759_738,5512_20250401_117_0_11,117_0,0,38.730899810791016,-9.146430015563965,19,IN_TRANSIT_TO,2025-05-15 14:46:54,1704,2759,AH-21-ND,POINT (-9.146430015563965 38.730899810791016)
2284_771,21936_20250401_248_0_15,248_0,0,38.734519958496094,-9.164870262145996,5,IN_TRANSIT_TO,2025-05-15 14:47:08,2710,2284,67-36-ZJ,POINT (-9.164870262145996 38.734519958496094)
2745_735,5206_20250401_172_0_11,172_0,0,38.75004959106445,-9.142169952392578,26,IN_TRANSIT_TO,2025-05-15 14:47:11,203,2745,AG-06-TH,POINT (-9.142169952392578 38.75004959106445)
2784_709,3412_20250401_148_0_19,148_0,1,38.722618103027344,-9.14957046508789,8,IN_TRANSIT_TO,2025-05-15 14:47:06,1216,2784,AI-09-BT,POINT (-9.14957046508789 38.722618103027344)
1706_701,2978_20250401_123_0_15,123_0,1,38.75600051879883,-9.17590045928955,17,IN_TRANSIT_TO,2025-05-15 14:47:04,50144,1706,69-AL-69,POINT (-9.17590045928955 38.75600051879883)
4628_755,6641_20250401_118_0_2,118_0,0,38.74998092651367,-9.104570388793945,5,IN_TRANSIT_TO,2025-05-15 14:47:03,50228,4628,27-JO-10,POINT (-9.104570388793945 38.74998092651367)
1770_735,5191_20250401_172_0_10,172_0,1,38.75004959106445,-9.15939998626709,0,IN_TRANSIT_TO,2025-05-15 14:47:05,,1770,63-HX-17,POINT (-9.15939998626709 38.75004959106445)
1710_794,8108_20250401_115_0_12,115_0,0,38.754520416259766,-9.109330177307129,30,IN_TRANSIT_TO,2025-05-15 14:47:16,24365,1710,69-AL-73,POINT (-9.109330177307129 38.754520416259766)
1713_755,6654_20250401_118_0_12,118_0,0,38.7424201965332,-9.101180076599121,0,IN_TRANSIT_TO,2025-05-15 14:47:08,,1713,69-AL-76,POINT (-9.101180076599121 38.7424201965332)
2252_771,39066_20250401_248_0_2,248_0,0,38.706119537353516,-9.199179649353027,20,IN_TRANSIT_TO,2025-05-15 14:47:01,10303,2252,80-40-ZE,POINT (-9.199179649353027 38.706119537353516)
2767_727,4537_20250401_103_0_8,103_0,0,38.71928024291992,-9.155670166015625,16,IN_TRANSIT_TO,2025-05-15 14:46:26,6810,2767,AH-34-ND,POINT (-9.155670166015625 38.71928024291992)
403_73B,18773_20250401_220_0_12,220_0,0,38.70161819458008,-9.190629959106445,6,IN_TRANSIT_TO,2025-05-15 14:47:14,50379,403,BF-84-TA,POINT (-9.190629959106445 38.70161819458008)
2482_767,7297_20250401_112_0_9,112_0,0,38.72275161743164,-9.139349937438965,0,IN_TRANSIT_TO,2025-05-15 14:47:12,,2482,55-BH-02,POINT (-9.139349937438965 38.72275161743164)
2801_725,4239_20250401_197_0_26,197_0,1,38.769779205322266,-9.0977201461792,14,IN_TRANSIT_TO,2025-05-15 14:47:15,7822,2801,38-HU-27,POINT (-9.0977201461792 38.769779205322266)
1759_717,3844_20250401_170_0_11,170_0,0,38.798648834228516,-9.14756965637207,40,IN_TRANSIT_TO,2025-05-15 14:47:01,16002,1759,34-HU-25,POINT (-9.14756965637207 38.798648834228516)
2487_799,8222_20250401_120_0_16,120_0,0,38.74502944946289,-9.199520111083984,7,IN_TRANSIT_TO,2025-05-15 14:47:21,2802,2487,54-BH-97,POINT (-9.199520111083984 38.74502944946289)
1757_717,3825_20250401_170_0_9,170_0,1,38.790748596191406,-9.150699615478516,6,IN_TRANSIT_TO,2025-05-15 14:47:14,11601,1757,34-HU-23,POINT (-9.150699615478516 38.790748596191406)
2470_767,7223_20250401_112_0_8,112_0,1,38.75286865234375,-9.206230163574219,7,IN_TRANSIT_TO,2025-05-15 14:47:24,50171,2470,74-BC-71,POINT (-9.206230163574219 38.75286865234375)
2433_747,6110_20250401_177_0_16,177_0,0,38.769630432128906,-9.189579963684082,15,IN_TRANSIT_TO,2025-05-15 14:47:03,14112,2433,44-BC-28,POINT (-9.189579963684082 38.769630432128906)
2239_758,6889_20250401_150_0_12,150_0,1,38.71995162963867,-9.154729843139648,26,IN_TRANSIT_TO,2025-05-15 14:47:04,6807,2239,06-30-XX,POINT (-9.154729843139648 38.71995162963867)
2344_731,19406_20250401_190_0_12,190_0,1,38.76165008544922,-9.122119903564453,18,IN_TRANSIT_TO,2025-05-15 14:47:16,7506,2344,53-60-ZJ,POINT (-9.122119903564453 38.76165008544922)
2412_767,7272_20250401_112_0_9,112_0,0,38.75143051147461,-9.190250396728516,30,IN_TRANSIT_TO,2025-05-15 14:47:07,10808,2412,92-AO-48,POINT (-9.190250396728516 38.75143051147461)
2469_729,4836_20250401_104_0_8,104_0,1,38.697418212890625,-9.203969955444336,0,IN_TRANSIT_TO,2025-05-15 14:47:08,,2469,16-AZ-09,POINT (-9.203969955444336 38.697418212890625)
1704_701,2987_20250401_123_0_16,123_0,0,38.7194709777832,-9.169599533081055,29,IN_TRANSIT_TO,2025-05-15 14:47:14,8010,1704,35-AL-14,POINT (-9.169599533081055 38.7194709777832)
2268_731,5007_20250401_190_0_11,190_0,0,38.76789855957031,-9.11907958984375,23,IN_TRANSIT_TO,2025-05-15 14:47:24,7701,2268,76-87-ZG,POINT (-9.11907958984375 38.76789855957031)
2447_767,7294_20250401_112_0_9,112_0,0,38.73847961425781,-9.136699676513672,8,IN_TRANSIT_TO,2025-05-15 14:47:24,11114,2447,44-BC-33,POINT (-9.136699676513672 38.73847961425781)
1771_742,5698_20250401_114_0_9,114_0,1,38.73334884643555,-9.154529571533203,34,IN_TRANSIT_TO,2025-05-15 14:47:08,1406,1771,63-HX-27,POINT (-9.154529571533203 38.73334884643555)
1772_717,3864_20250401_170_0_11,170_0,0,38.75605010986328,-9.148019790649414,13,IN_TRANSIT_TO,2025-05-15 14:47:18,11301,1772,63-HX-22,POINT (-9.148019790649414 38.75605010986328)
4613_750,6283_20250401_106_0_2,106_0,1,38.747779846191406,-9.197620391845703,14,IN_TRANSIT_TO,2025-05-15 14:47:21,2803,4613,22-GP-48,POINT (-9.197620391845703 38.747779846191406)
1718_756,6761_20250401_175_0_16,175_0,0,38.73495101928711,-9.163069725036621,15,IN_TRANSIT_TO,2025-05-15 14:47:02,1514,1718,69-AL-81,POINT (-9.163069725036621 38.73495101928711)
1725_798,8198_20250401_194_0_20,194_0,1,38.77785110473633,-9.14783000946045,12,IN_TRANSIT_TO,2025-05-15 14:47:09,6015,1725,25-AS-37,POINT (-9.14783000946045 38.77785110473633)
2467_726,4334_20250401_116_0_9,116_0,0,38.721981048583984,-9.12874984741211,0,IN_TRANSIT_TO,2025-05-15 14:46:59,,2467,16-AZ-14,POINT (-9.12874984741211 38.721981048583984)
1760_717,3845_20250401_170_0_11,170_0,0,38.7742805480957,-9.152230262756348,22,IN_TRANSIT_TO,2025-05-15 14:47:13,5913,1760,34-HU-26,POINT (-9.152230262756348 38.7742805480957)
1758_717,3803_20250401_170_0_12,170_0,1,38.772850036621094,-9.161230087280273,21,IN_TRANSIT_TO,2025-05-15 14:47:13,5906,1758,34-HU-24,POINT (-9.161230087280273 38.772850036621094)
2333_742,5666_20250401_114_0_9,114_0,0,38.733829498291016,-9.112449645996094,0,IN_TRANSIT_TO,2025-05-15 14:47:00,,2333,62-97-ZG,POINT (-9.112449645996094 38.733829498291016)
2497_742,5776_20250401_114_0_10,114_0,0,38.70627975463867,-9.175450325012207,39,IN_TRANSIT_TO,2025-05-15 14:47:12,12110,2497,88-BL-71,POINT (-9.175450325012207 38.70627975463867)
2461_726,4350_20250401_116_0_10,116_0,1,38.735069274902344,-9.145700454711914,25,IN_TRANSIT_TO,2025-05-15 14:47:20,1806,2461,55-BH-04,POINT (-9.145700454711914 38.735069274902344)
2775_727,4544_20250401_103_0_6,103_0,0,38.72616958618164,-9.149749755859375,13,IN_TRANSIT_TO,2025-05-15 14:46:59,1206,2775,AH-31-ND,POINT (-9.149749755859375 38.72616958618164)
2285_765,18944_20250401_110_0_37,110_0,0,38.752899169921875,-9.189780235290527,0,IN_TRANSIT_TO,2025-05-15 14:47:08,,2285,67-55-ZJ,POINT (-9.189780235290527 38.752899169921875)
2449_716,3753_20250401_164_0_16,164_0,1,38.740970611572266,-9.16819953918457,13,IN_TRANSIT_TO,2025-05-15 14:47:07,1610,2449,44-BC-35,POINT (-9.16819953918457 38.740970611572266)
1719_783,7854_20250401_203_0_13,203_0,0,38.72505187988281,-9.15369987487793,2,IN_TRANSIT_TO,2025-05-15 14:46:29,1224,1719,25-AS-31,POINT (-9.15369987487793 38.72505187988281)
2809_718,3959_20250401_105_0_14,105_0,0,38.73271942138672,-9.130430221557617,27,IN_TRANSIT_TO,2025-05-15 14:47:06,501,2809,01-IH-98,POINT (-9.130430221557617 38.73271942138672)
2445_703,3135_20250401_165_0_11,165_0,0,38.74531936645508,-9.203630447387695,39,IN_TRANSIT_TO,2025-05-15 14:47:02,8816,2445,44-BC-31,POINT (-9.203630447387695 38.74531936645508)
2423_703,3175_20250401_165_0_12,165_0,1,38.77384948730469,-9.161179542541504,26,IN_TRANSIT_TO,2025-05-15 14:47:26,5905,2423,29-AU-18,POINT (-9.161179542541504 38.77384948730469)
2269_768,7335_20250401_111_0_16,111_0,1,38.763301849365234,-9.197569847106934,4,IN_TRANSIT_TO,2025-05-15 14:47:08,13909,2269,76-88-ZG,POINT (-9.197569847106934 38.763301849365234)
2758_713,3612_20250401_122_0_13,122_0,0,38.71194839477539,-9.17490005493164,30,IN_TRANSIT_TO,2025-05-15 14:47:03,9415,2758,AH-36-ND,POINT (-9.17490005493164 38.71194839477539)
2420_778,7529_20250401_179_0_19,179_0,0,38.762481689453125,-9.16355037689209,1,IN_TRANSIT_TO,2025-05-15 14:47:17,5809,2420,29-AU-15,POINT (-9.16355037689209 38.762481689453125)
218_773,7378_20250401_124_0_22,124_0,1,38.711429595947266,-9.160679817199707,14,IN_TRANSIT_TO,2025-05-15 14:47:07,10011,218,11-13-XO,POINT (-9.160679817199707 38.711429595947266)
4622_736,5379_20250401_199_0_9,199_0,0,38.79042053222656,-9.167779922485352,25,IN_TRANSIT_TO,2025-05-15 14:47:15,7207,4622,90-JI-91,POINT (-9.167779922485352 38.79042053222656)
1766_755,6663_20250401_118_0_10,118_0,1,38.74618148803711,-9.104820251464844,37,IN_TRANSIT_TO,2025-05-15 14:47:06,2209,1766,63-HX-33,POINT (-9.104820251464844 38.74618148803711)
2465_767,7184_20250401_112_0_8,112_0,1,38.76108169555664,-9.166729927062988,25,IN_TRANSIT_TO,2025-05-15 14:47:08,50006,2465,55-BH-00,POINT (-9.166729927062988 38.76108169555664)
1777_717,3781_20250401_170_0_9,170_0,1,38.74095153808594,-9.133469581604004,37,IN_TRANSIT_TO,2025-05-15 14:47:17,308,1777,63-HX-31,POINT (-9.133469581604004 38.74095153808594)
2271_758,6868_20250401_150_0_11,150_0,0,38.72101974487305,-9.161520004272461,9,IN_TRANSIT_TO,2025-05-15 14:47:21,6816,2271,92-54-ZM,POINT (-9.161520004272461 38.72101974487305)
2305_755,6682_20250401_118_0_11,118_0,1,38.75917053222656,-9.124629974365234,22,IN_TRANSIT_TO,2025-05-15 14:47:11,14706,2305,83-18-ZM,POINT (-9.124629974365234 38.75917053222656)
1776_708,3333_20250401_100_0_9,100_0,0,38.786869049072266,-9.097350120544434,36,IN_TRANSIT_TO,2025-05-15 14:47:05,50300,1776,53-HX-09,POINT (-9.097350120544434 38.786869049072266)
4603_750,6421_20250401_106_0_10,106_0,1,38.76292037963867,-9.128450393676758,30,IN_TRANSIT_TO,2025-05-15 14:47:25,7501,4603,96-GL-81,POINT (-9.128450393676758 38.76292037963867)
2306_742,5759_20250401_114_0_10,114_0,1,38.70743179321289,-9.196700096130371,0,IN_TRANSIT_TO,2025-05-15 14:47:22,,2306,83-19-ZM,POINT (-9.196700096130371 38.70743179321289)
1712_701,2979_20250401_123_0_15,123_0,1,38.740169525146484,-9.167169570922852,11,IN_TRANSIT_TO,2025-05-15 14:47:20,2713,1712,69-AL-75,POINT (-9.167169570922852 38.740169525146484)
6011_724,4222_20250401_178_0_17,178_0,0,38.73915100097656,-9.202230453491211,14,IN_TRANSIT_TO,2025-05-15 14:47:03,8829,6011,65-ZF-82,POINT (-9.202230453491211 38.73915100097656)
605_15E,11238_20250401_76_0_12,76_0,1,38.706329345703125,-9.148630142211914,19,IN_TRANSIT_TO,2025-05-15 14:47:01,7101,605,,POINT (-9.148630142211914 38.706329345703125)
2491_742,5676_20250401_114_0_7,114_0,1,38.72962951660156,-9.108369827270508,53,IN_TRANSIT_TO,2025-05-15 14:47:02,8303,2491,54-BH-98,POINT (-9.108369827270508 38.72962951660156)
1707_735,5267_20250401_172_0_11,172_0,0,38.705318450927734,-9.143799781799316,0,IN_TRANSIT_TO,2025-05-15 14:47:21,,1707,69-AL-70,POINT (-9.143799781799316 38.705318450927734)
2791_712,3550_20250401_189_0_13,189_0,0,38.726051330566406,-9.150500297546387,17,IN_TRANSIT_TO,2025-05-15 14:47:07,1202,2791,AJ-61-LI,POINT (-9.150500297546387 38.726051330566406)
2786_727,4536_20250401_103_0_8,103_0,0,38.70473098754883,-9.169329643249512,26,IN_TRANSIT_TO,2025-05-15 14:46:57,10210,2786,AI-52-TL,POINT (-9.169329643249512 38.70473098754883)
2426_703,3158_20250401_165_0_11,165_0,0,38.748748779296875,-9.197549819946289,37,IN_TRANSIT_TO,2025-05-15 14:47:11,2804,2426,29-AU-21,POINT (-9.197549819946289 38.748748779296875)
2838_728,4569_20250401_204_0_8,204_0,0,38.747779846191406,-9.09689998626709,35,IN_TRANSIT_TO,2025-05-15 14:47:17,50338,2838,BF-59-FZ,POINT (-9.09689998626709 38.747779846191406)
2408_703,3100_20250401_165_0_11,165_0,1,38.76914978027344,-9.179070472717285,17,IN_TRANSIT_TO,2025-05-15 14:46:55,12811,2408,50-AL-08,POINT (-9.179070472717285 38.76914978027344)
228_773,7408_20250401_124_0_21,124_0,0,38.71044921875,-9.171250343322754,20,IN_TRANSIT_TO,2025-05-15 14:47:17,10105,228,84-39-XQ,POINT (-9.171250343322754 38.71044921875)
2474_726,4317_20250401_116_0_11,116_0,0,38.73868179321289,-9.153969764709473,14,IN_TRANSIT_TO,2025-05-15 14:47:05,1503,2474,74-BC-67,POINT (-9.153969764709473 38.73868179321289)
2303_708,3365_20250401_100_0_12,100_0,0,38.71897888183594,-9.135580062866211,2,IN_TRANSIT_TO,2025-05-15 14:47:04,818,2303,83-11-ZM,POINT (-9.135580062866211 38.71897888183594)
2748_735,5232_20250401_172_0_11,172_0,0,38.733699798583984,-9.133930206298828,19,IN_TRANSIT_TO,2025-05-15 14:47:20,509,2748,AG-96-TG,POINT (-9.133930206298828 38.733699798583984)
2283_763,46422_20250401_282_0_15,282_0,0,38.77457809448242,-9.180299758911133,11,IN_TRANSIT_TO,2025-05-15 14:46:58,14118,2283,67-39-ZJ,POINT (-9.180299758911133 38.77457809448242)
609_15E,11264_20250401_76_0_16,76_0,1,38.69601821899414,-9.209970474243164,5,IN_TRANSIT_TO,2025-05-15 14:47:15,13205,609,,POINT (-9.209970474243164 38.69601821899414)
4609_728,4641_20250401_204_0_9,204_0,1,38.69776916503906,-9.204520225524902,42,IN_TRANSIT_TO,2025-05-15 14:47:24,4102,4609,96-GL-86,POINT (-9.204520225524902 38.69776916503906)
204_46B,21509_20250401_239_0_11,239_0,0,38.75960159301758,-9.149200439453125,17,IN_TRANSIT_TO,2025-05-15 14:47:14,50498,204,89-71-XD,POINT (-9.149200439453125 38.75960159301758)
1720_794,8043_20250401_115_0_12,115_0,0,38.7105712890625,-9.127420425415039,2,IN_TRANSIT_TO,2025-05-15 14:47:08,8201,1720,25-AS-32,POINT (-9.127420425415039 38.7105712890625)
1724_735,5252_20250401_172_1_2,172_1,1,38.718448638916016,-9.1185302734375,14,IN_TRANSIT_TO,2025-05-15 14:47:23,2131,1724,25-AS-36,POINT (-9.1185302734375 38.718448638916016)
2753_755,6711_20250401_118_0_12,118_0,0,38.75461959838867,-9.136469841003418,30,IN_TRANSIT_TO,2025-05-15 14:47:26,7406,2753,AG-08-TH,POINT (-9.136469841003418 38.75461959838867)
2788_727,4441_20250401_103_0_8,103_0,1,38.73278045654297,-9.145279884338379,39,IN_TRANSIT_TO,2025-05-15 14:47:07,1713,2788,AI-51-TL,POINT (-9.145279884338379 38.73278045654297)
2831_728,4601_20250401_204_0_8,204_0,0,38.69725036621094,-9.200249671936035,11,IN_TRANSIT_TO,2025-05-15 14:47:00,4109,2831,BF-72-FZ,POINT (-9.200249671936035 38.69725036621094)
2792_727,4502_20250401_103_0_8,103_0,1,38.71030044555664,-9.203680038452148,6,IN_TRANSIT_TO,2025-05-15 14:47:08,12913,2792,AJ-53-LI,POINT (-9.203680038452148 38.71030044555664)
2434_767,7286_20250401_112_0_9,112_0,0,38.75522994995117,-9.150750160217285,16,IN_TRANSIT_TO,2025-05-15 14:47:07,11301,2434,29-AU-24,POINT (-9.150750160217285 38.75522994995117)
1726_701,2960_20250401_123_0_12,123_0,0,38.76044845581055,-9.156350135803223,0,IN_TRANSIT_TO,2025-05-15 14:47:23,,1726,25-AS-38,POINT (-9.156350135803223 38.76044845581055)
4610_728,4589_20250401_204_0_10,204_0,0,38.70627975463867,-9.14501953125,19,IN_TRANSIT_TO,2025-05-15 14:46:42,3803,4610,96-GL-87,POINT (-9.14501953125 38.70627975463867)
2610_744,5849_20250401_200_0_9,200_0,1,38.736270904541016,-9.145500183105469,26,IN_TRANSIT_TO,2025-05-15 14:47:15,1814,2610,66-VI-20,POINT (-9.145500183105469 38.736270904541016)
2290_724,4191_20250401_178_0_16,178_0,1,38.7617301940918,-9.197030067443848,2,IN_TRANSIT_TO,2025-05-15 14:47:02,13911,2290,92-55-ZM,POINT (-9.197030067443848 38.7617301940918)
2773_764,7142_20250401_168_0_14,168_0,0,38.747379302978516,-9.167499542236328,4,IN_TRANSIT_TO,2025-05-15 14:47:22,12706,2773,AH-39-ND,POINT (-9.167499542236328 38.747379302978516)
1728_717,3863_20250401_170_0_11,170_0,0,38.77661895751953,-9.146220207214355,24,IN_TRANSIT_TO,2025-05-15 14:47:06,11501,1728,25-AS-40,POINT (-9.146220207214355 38.77661895751953)
2798_754,6592_20250401_201_0_12,201_0,1,38.74502182006836,-9.200830459594727,17,IN_TRANSIT_TO,2025-05-15 14:47:20,8813,2798,AJ-56-LI,POINT (-9.200830459594727 38.74502182006836)
4838_736,18817_20250401_199_0_12,199_0,1,38.72615051269531,-9.14976978302002,26,IN_TRANSIT_TO,2025-05-15 14:47:07,1206,4838,34-VR-22,POINT (-9.14976978302002 38.72615051269531)
2438_716,3744_20250401_164_0_15,164_0,0,38.7401008605957,-9.150870323181152,6,IN_TRANSIT_TO,2025-05-15 14:47:13,1407,2438,44-BC-29,POINT (-9.150870323181152 38.7401008605957)
2418_703,3170_20250401_165_0_13,165_0,0,38.785648345947266,-9.149849891662598,6,IN_TRANSIT_TO,2025-05-15 14:47:20,6024,2418,92-AO-54,POINT (-9.149849891662598 38.785648345947266)
2668_727,4528_20250401_103_0_8,103_0,0,38.69879913330078,-9.18690013885498,32,IN_TRANSIT_TO,2025-05-15 14:47:08,9504,2668,87-XB-36,POINT (-9.18690013885498 38.69879913330078)
2956_52B,21661_20250401_244_0_14,244_0,0,38.7411994934082,-9.147199630737305,12,IN_TRANSIT_TO,2025-05-15 14:46:58,1915,2956,27-GU-71,POINT (-9.147199630737305 38.7411994934082)
4834_783,7857_20250401_203_0_10,203_0,1,38.73802185058594,-9.145870208740234,23,IN_TRANSIT_TO,2025-05-15 14:47:13,1814,4834,20-VQ-71,POINT (-9.145870208740234 38.73802185058594)
2770_714,3689_20250401_102_0_9,102_0,0,38.717079162597656,-9.2121000289917,29,IN_TRANSIT_TO,2025-05-15 14:47:17,10404,2770,AH-30-ND,POINT (-9.2121000289917 38.717079162597656)
203_49B,22224_20250401_251_0_15,251_0,0,38.7398796081543,-9.136879920959473,4,IN_TRANSIT_TO,2025-05-15 14:46:55,6403,203,89-59-XD,POINT (-9.136879920959473 38.7398796081543)
213_773,7423_20250401_124_0_16,124_0,0,38.71733093261719,-9.149749755859375,4,IN_TRANSIT_TO,2025-05-15 14:47:17,10608,213,44-10-XL,POINT (-9.149749755859375 38.71733093261719)
2209_793,7989_20250401_145_0_16,145_0,0,38.741371154785156,-9.128219604492188,25,IN_TRANSIT_TO,2025-05-15 14:47:07,8910,2209,01-68-XO,POINT (-9.128219604492188 38.741371154785156)
2225_742,5687_20250401_114_0_10,114_0,1,38.731998443603516,-9.128049850463867,43,IN_TRANSIT_TO,2025-05-15 14:46:59,502,2225,08-03-XS,POINT (-9.128049850463867 38.731998443603516)
410_28E,48629_20250401_75_8_22,75_8,0,38.71107864379883,-9.149530410766602,16,IN_TRANSIT_TO,2025-05-15 14:47:23,9903,410,BF-21-VF,POINT (-9.149530410766602 38.71107864379883)
2224_720,4066_20250401_143_0_12,143_0,1,38.728519439697266,-9.144700050354004,18,IN_TRANSIT_TO,2025-05-15 14:47:22,6601,2224,08-15-XS,POINT (-9.144700050354004 38.728519439697266)
2210_793,7994_20250401_145_0_16,145_0,0,38.74589920043945,-9.110480308532715,16,IN_TRANSIT_TO,2025-05-15 14:47:20,3719,2210,01-66-XO,POINT (-9.110480308532715 38.74589920043945)
2217_742,5720_20250401_114_0_10,114_0,1,38.727298736572266,-9.162229537963867,30,IN_TRANSIT_TO,2025-05-15 14:47:13,6104,2217,07-99-XS,POINT (-9.162229537963867 38.727298736572266)
2213_742,5768_20250401_114_0_7,114_0,0,38.70962905883789,-9.191280364990234,53,IN_TRANSIT_TO,2025-05-15 14:47:26,50232,2213,08-04-XS,POINT (-9.191280364990234 38.70962905883789)
2212_742,5769_20250401_114_0_8,114_0,0,38.70404815673828,-9.182479858398438,41,IN_TRANSIT_TO,2025-05-15 14:47:16,12112,2212,08-05-XS,POINT (-9.182479858398438 38.70404815673828)
2781_709,3401_20250401_148_0_24,148_0,0,38.72010040283203,-9.154720306396484,6,IN_TRANSIT_TO,2025-05-15 14:47:06,6820,2781,AI-00-BT,POINT (-9.154720306396484 38.72010040283203)
2208_708,3276_20250401_100_0_11,100_0,1,38.74277877807617,-9.133099555969238,35,IN_TRANSIT_TO,2025-05-15 14:29:27,308,2208,01-69-XO,POINT (-9.133099555969238 38.74277877807617)
2216_708,3347_20250401_100_0_8,100_0,0,38.76750183105469,-9.104669570922852,27,IN_TRANSIT_TO,2025-05-15 14:47:16,7711,2216,08-00-XS,POINT (-9.104669570922852 38.76750183105469)
2206_793,7973_20250401_145_0_16,145_0,1,38.74201965332031,-9.133399963378906,2,IN_TRANSIT_TO,2025-05-15 14:47:02,308,2206,01-67-XO,POINT (-9.133399963378906 38.74201965332031)
411_19B,21687_20250401_245_0_16,245_0,0,38.724830627441406,-9.143770217895508,2,IN_TRANSIT_TO,2025-05-15 14:46:33,9205,411,BF-51-TD,POINT (-9.143770217895508 38.724830627441406)
2220_742,5782_20250401_114_0_7,114_0,0,38.737300872802734,-9.145150184631348,22,IN_TRANSIT_TO,2025-05-15 14:47:02,11118,2220,07-96-XS,POINT (-9.145150184631348 38.737300872802734)
2712_714,3697_20250401_102_0_11,102_0,0,38.69770050048828,-9.204350471496582,20,IN_TRANSIT_TO,2025-05-15 14:46:36,9604,2712,92-XQ-33,POINT (-9.204350471496582 38.69770050048828)
2223_708,3311_20250401_100_0_11,100_0,1,38.771751403808594,-9.097769737243652,13,IN_TRANSIT_TO,2025-05-15 14:47:03,7824,2223,08-16-XS,POINT (-9.097769737243652 38.771751403808594)
6028_760,7095_20250401_171_0_5,171_0,0,38.709678649902344,-9.135499954223633,9,IN_TRANSIT_TO,2025-05-15 14:47:24,906,6028,BF-68-AX,POINT (-9.135499954223633 38.709678649902344)
412_10B,21749_20250401_242_0_18,242_0,0,38.71297836303711,-9.130570411682129,6,IN_TRANSIT_TO,2025-05-15 14:46:57,13811,412,BF-65-TC,POINT (-9.130570411682129 38.71297836303711)
568_28E,14946_20250401_75_0_13,75_0,1,38.71657180786133,-9.129520416259766,14,IN_TRANSIT_TO,2025-05-15 14:47:12,14801,568,,POINT (-9.129520416259766 38.71657180786133)
2226_742,5783_20250401_114_0_9,114_0,0,38.73619842529297,-9.140399932861328,20,IN_TRANSIT_TO,2025-05-15 14:47:23,11106,2226,06-35-XX,POINT (-9.140399932861328 38.73619842529297)
2228_742,5788_20250401_114_0_8,114_0,0,38.7234001159668,-9.115300178527832,9,IN_TRANSIT_TO,2025-05-15 14:46:35,9806,2228,06-24-XX,POINT (-9.115300178527832 38.7234001159668)
2222_742,5777_20250401_114_0_8,114_0,0,38.71134948730469,-9.172800064086914,35,IN_TRANSIT_TO,2025-05-15 14:47:27,9405,2222,08-17-XS,POINT (-9.172800064086914 38.71134948730469)
2836_728,4724_20250401_204_4_3,204_4,1,38.71112060546875,-9.126729965209961,15,IN_TRANSIT_TO,2025-05-15 14:47:02,4102,2836,BF-70-FZ,POINT (-9.126729965209961 38.71112060546875)
4615_750,6262_20250401_106_0_10,106_0,1,38.74991989135742,-9.195099830627441,15,IN_TRANSIT_TO,2025-05-15 14:47:20,10907,4615,22-GP-49,POINT (-9.195099830627441 38.74991989135742)
560_28E,14920_20250401_75_0_16,75_0,0,38.71302032470703,-9.130570411682129,12,IN_TRANSIT_TO,2025-05-15 14:47:14,13814,560,,POINT (-9.130570411682129 38.71302032470703)
2229_708,3358_20250401_100_0_10,100_0,0,38.732749938964844,-9.13428020477295,7,IN_TRANSIT_TO,2025-05-15 14:47:20,505,2229,06-37-XX,POINT (-9.13428020477295 38.732749938964844)
2233_758,6890_20250401_150_0_2,150_0,1,38.720420837402344,-9.155570030212402,25,IN_TRANSIT_TO,2025-05-15 14:47:16,6813,2233,06-38-XX,POINT (-9.155570030212402 38.720420837402344)
2231_724,4230_20250401_178_0_19,178_0,0,38.706748962402344,-9.178930282592773,0,IN_TRANSIT_TO,2025-05-15 14:47:03,,2231,06-28-XX,POINT (-9.178930282592773 38.706748962402344)
2232_726,4273_20250401_116_0_10,116_0,1,38.76033020019531,-9.193730354309082,5,IN_TRANSIT_TO,2025-05-15 14:46:57,12813,2232,06-23-XX,POINT (-9.193730354309082 38.76033020019531)
2237_758,6831_20250401_150_0_11,150_0,1,38.75067901611328,-9.198419570922852,5,IN_TRANSIT_TO,2025-05-15 14:47:00,10905,2237,06-27-XX,POINT (-9.198419570922852 38.75067901611328)
230_773,7416_20250401_124_0_21,124_0,0,38.716331481933594,-9.147780418395996,4,IN_TRANSIT_TO,2025-05-15 14:47:16,10608,230,13-33-XZ,POINT (-9.147780418395996 38.716331481933594)
6004_706,3218_20250401_147_0_4,147_0,0,38.733280181884766,-9.132820129394531,22,IN_TRANSIT_TO,2025-05-15 14:47:20,504,6004,82-ZC-35,POINT (-9.132820129394531 38.733280181884766)
2234_767,7201_20250401_112_0_8,112_0,1,38.75957107543945,-9.181830406188965,20,IN_TRANSIT_TO,2025-05-15 14:47:26,12803,2234,06-26-XX,POINT (-9.181830406188965 38.75957107543945)
414_22B,19420_20250401_236_0_19,236_0,0,38.7150993347168,-9.150919914245605,9,IN_TRANSIT_TO,2025-05-15 14:47:19,6716,414,BF-95-TP,POINT (-9.150919914245605 38.7150993347168)
2835_728,4722_20250401_204_4_10,204_4,1,38.768131256103516,-9.0977201461792,0,IN_TRANSIT_TO,2025-05-15 14:47:21,,2835,BF-62-FZ,POINT (-9.0977201461792 38.768131256103516)
407_67B,28216_20250401_253_0_12,253_0,0,38.70772933959961,-9.173480033874512,9,IN_TRANSIT_TO,2025-05-15 14:46:40,9401,407,BF-55-TT,POINT (-9.173480033874512 38.70772933959961)
613_15E,11254_20250401_76_0_16,76_0,1,38.704200744628906,-9.17372989654541,15,IN_TRANSIT_TO,2025-05-15 14:47:15,4001,613,,POINT (-9.17372989654541 38.704200744628906)
2241_768,7341_20250401_111_0_16,111_0,0,38.77022933959961,-9.1914701461792,23,IN_TRANSIT_TO,2025-05-15 14:47:00,50511,2241,22-37-ZB,POINT (-9.1914701461792 38.77022933959961)
2287_729,4817_20250401_104_0_9,104_0,1,38.769168853759766,-9.195329666137695,39,IN_TRANSIT_TO,2025-05-15 14:47:12,14110,2287,92-58-ZM,POINT (-9.195329666137695 38.769168853759766)
2265_706,3235_20250401_147_0_6,147_0,0,38.72283172607422,-9.149479866027832,13,IN_TRANSIT_TO,2025-05-15 14:46:59,1216,2265,76-91-ZG,POINT (-9.149479866027832 38.72283172607422)
2273_768,7319_20250401_111_0_16,111_0,1,38.74161911010742,-9.167969703674316,18,IN_TRANSIT_TO,2025-05-15 14:47:12,1615,2273,76-81-ZG,POINT (-9.167969703674316 38.74161911010742)
2832_753,18385_20250401_167_0_4,167_0,1,38.679500579833984,-9.17473030090332,2,IN_TRANSIT_TO,2025-05-05 08:48:50,14602,2832,BF-68-FZ,POINT (-9.17473030090332 38.679500579833984)
2267_731,4989_20250401_190_0_11,190_0,0,38.779178619384766,-9.105770111083984,32,IN_TRANSIT_TO,2025-05-15 14:47:10,7902,2267,76-86-ZG,POINT (-9.105770111083984 38.779178619384766)
2266_758,6869_20250401_150_0_13,150_0,0,38.71881866455078,-9.15310001373291,7,IN_TRANSIT_TO,2025-05-15 14:47:05,10607,2266,76-92-ZG,POINT (-9.15310001373291 38.71881866455078)
