id,trip_id,route_id,direction_id,latitude,longitude,current_stop_sequence,current_status,timestamp,stop_id,vehicle_id,license_plate,geometry
2302_735,5239_20250901_172_0_17,172_0,0,38.71461868286133,-9.1225004196167,6,IN_TRANSIT_TO,2025-12-01 21:24:02,2101,2302,83-08-ZM,POINT (-9.1225004196167 38.71461868286133)
6022_706,3238_20250901_147_0_8,147_0,0,38.706478118896484,-9.154729843139648,4,IN_TRANSIT_TO,2025-12-01 21:23:49,3926,6022,BF-48-BB,POINT (-9.154729843139648 38.706478118896484)
2440_726,4309_20250901_116_0_17,116_0,0,38.7264518737793,-9.136170387268066,5,IN_TRANSIT_TO,2025-12-01 21:23:00,605,2440,29-AX-08,POINT (-9.136170387268066 38.7264518737793)
2250_731,19403_20240727_190_0_8,190_0,1,38.78303146362305,-9.114009857177734,3,IN_TRANSIT_TO,2024-08-10 10:41:27,12610,2250,80-41-ZE,POINT (-9.114009857177734 38.78303146362305)
612_15E,11297_20250901_76_0_20,76_0,0,38.69916915893555,-9.229949951171875,22,IN_TRANSIT_TO,2025-12-01 21:23:49,4218,612,,POINT (-9.229949951171875 38.69916915893555)
4614_750,6352_20250901_106_0_4,106_0,1,38.702720642089844,-9.227350234985352,2,IN_TRANSIT_TO,2025-12-01 21:23:41,4202,4614,96-GL-90,POINT (-9.227350234985352 38.702720642089844)
4646_750,6265_20250901_106_0_3,106_0,0,38.75605010986328,-9.147919654846191,13,IN_TRANSIT_TO,2025-12-01 21:24:03,11301,4646,11-JM-79,POINT (-9.147919654846191 38.75605010986328)
4629_796,8140_20250901_174_0_28,174_0,1,38.7923698425293,-9.156270027160645,4,IN_TRANSIT_TO,2025-11-05 15:40:33,11607,4629,11-JM-77,POINT (-9.156270027160645 38.7923698425293)
2699_714,3661_20250901_102_0_14,102_0,1,38.70167922973633,-9.181220054626465,26,IN_TRANSIT_TO,2025-12-01 21:23:51,9503,2699,92-XQ-25,POINT (-9.181220054626465 38.70167922973633)
6048_760,7033_20250901_171_0_11,171_0,0,38.721519470214844,-9.139069557189941,5,IN_TRANSIT_TO,2025-12-01 21:23:58,9214,6048,BH-46-IR,POINT (-9.139069557189941 38.721519470214844)
6047_760,7075_20250901_171_0_12,171_0,1,38.71427917480469,-9.208620071411133,5,IN_TRANSIT_TO,2025-12-01 21:23:46,12921,6047,BH-20-IP,POINT (-9.208620071411133 38.71427917480469)
4618_750,6365_20250901_106_0_13,106_0,0,38.74517822265625,-9.20221996307373,26,IN_TRANSIT_TO,2025-12-01 21:24:07,2806,4618,22-GP-52,POINT (-9.20221996307373 38.74517822265625)
2676_727,4486_20250901_103_2_18,103_2,1,38.726680755615234,-9.149049758911133,37,IN_TRANSIT_TO,2025-12-01 21:24:04,1205,2676,87-XB-40,POINT (-9.149049758911133 38.726680755615234)
2957_40B,17565_20250901_212_0_27,212_0,0,38.78084945678711,-9.15923023223877,22,IN_TRANSIT_TO,2025-12-01 21:23:56,5931,2957,27-GU-72,POINT (-9.15923023223877 38.78084945678711)
2679_727,4442_20250901_103_2_16,103_2,1,38.70907974243164,-9.21387004852295,0,IN_TRANSIT_TO,2025-12-01 21:23:50,,2679,93-XA-34,POINT (-9.21387004852295 38.70907974243164)
2962_702,3050_20250901_146_0_10,146_0,1,38.72721862792969,-9.164819717407227,8,IN_TRANSIT_TO,2025-12-01 21:23:47,6110,2962,30-VM-07,POINT (-9.164819717407227 38.72721862792969)
4819_728,4695_20250901_204_0_10,204_0,0,38.713748931884766,-9.122300148010254,23,IN_TRANSIT_TO,2025-12-01 21:23:56,8201,4819,34-VR-16,POINT (-9.122300148010254 38.713748931884766)
6049_729,4809_20250901_104_0_14,104_0,0,38.768619537353516,-9.196029663085938,4,IN_TRANSIT_TO,2025-12-01 21:23:38,14101,6049,BH-47-IR,POINT (-9.196029663085938 38.768619537353516)
2441_703,3105_20250901_165_0_19,165_0,0,38.772029876708984,-9.171279907226562,20,IN_TRANSIT_TO,2025-12-01 21:23:46,5914,2441,29-AX-07,POINT (-9.171279907226562 38.772029876708984)
2493_735,5187_20250901_172_0_18,172_0,1,38.71952819824219,-9.116479873657227,27,IN_TRANSIT_TO,2025-12-01 21:24:08,2131,2493,88-BL-65,POINT (-9.116479873657227 38.71952819824219)
2257_758,6877_20250901_150_0_8,150_0,1,38.70589828491211,-9.143930435180664,33,IN_TRANSIT_TO,2025-11-28 13:42:19,3826,2257,80-50-ZE,POINT (-9.143930435180664 38.70589828491211)
2841_751,6460_20250901_109_0_25,109_0,0,38.697418212890625,-9.198470115661621,15,IN_TRANSIT_TO,2025-12-01 21:23:39,4112,2841,BF-55-FZ,POINT (-9.198470115661621 38.697418212890625)
1717_701,2938_20250901_123_0_25,123_0,1,38.72488021850586,-9.16431999206543,5,IN_TRANSIT_TO,2025-12-01 21:23:49,8610,1717,69-AL-80,POINT (-9.16431999206543 38.72488021850586)
2301_742,5719_20250901_114_0_15,114_0,0,38.73468017578125,-9.153050422668457,25,IN_TRANSIT_TO,2025-12-01 21:23:48,1413,2301,83-12-ZM,POINT (-9.153050422668457 38.73468017578125)
2717_711,3463_20250901_101_0_19,101_0,0,38.735748291015625,-9.20359992980957,17,IN_TRANSIT_TO,2025-12-01 21:24:01,8827,2717,92-XQ-16,POINT (-9.20359992980957 38.735748291015625)
6034_732,5039_20250901_107_2_15,107_2,1,38.71514892578125,-9.14109992980957,32,IN_TRANSIT_TO,2025-12-01 21:23:50,919,6034,BF-61-AX,POINT (-9.14109992980957 38.71514892578125)
4601_753,6534_20250901_167_0_25,167_0,0,38.668128967285156,-9.165450096130371,8,IN_TRANSIT_TO,2025-12-01 21:23:41,14601,4601,96-GL-79,POINT (-9.165450096130371 38.668128967285156)
607_15E,11455_20250901_76_0_2,76_0,1,38.706180572509766,-9.143569946289062,20,IN_TRANSIT_TO,2025-12-01 21:23:59,3803,607,,POINT (-9.143569946289062 38.706180572509766)
2779_746,5959_20250901_108_0_28,108_0,1,38.74443054199219,-9.178730010986328,12,IN_TRANSIT_TO,2025-12-01 21:24:01,10703,2779,AI-02-BT,POINT (-9.178730010986328 38.74443054199219)
2703_714,3639_20250901_102_0_15,102_0,0,38.70466995239258,-9.177900314331055,13,IN_TRANSIT_TO,2025-12-01 21:23:40,12121,2703,92-XQ-24,POINT (-9.177900314331055 38.70466995239258)
2272_731,4979_20250901_190_0_17,190_0,0,38.77054977416992,-9.108670234680176,26,IN_TRANSIT_TO,2025-12-01 21:24:03,7809,2272,76-80-ZG,POINT (-9.108670234680176 38.77054977416992)
2965_774,7442_20250901_192_1_19,192_1,0,38.717620849609375,-9.164899826049805,21,IN_TRANSIT_TO,2025-12-01 21:24:02,8005,2965,29-VM-97,POINT (-9.164899826049805 38.717620849609375)
275_28E,44757_20250901_75_8_34,75_8,1,38.71437072753906,-9.169280052185059,15,IN_TRANSIT_TO,2025-12-01 21:24:00,8017,275,AH-16-TB,POINT (-9.169280052185059 38.71437072753906)
4815_728,4679_20250901_204_0_12,204_0,1,38.735618591308594,-9.103799819946289,21,IN_TRANSIT_TO,2025-12-01 21:24:01,12510,4815,34-VR-24,POINT (-9.103799819946289 38.735618591308594)
2606_783,7821_20250901_203_2_22,203_2,0,38.74224853515625,-9.147049903869629,6,IN_TRANSIT_TO,2025-12-01 21:24:02,1809,2606,66-VI-40,POINT (-9.147049903869629 38.74224853515625)
2601_755,6640_20250901_118_0_12,118_0,1,38.75197982788086,-9.123430252075195,17,IN_TRANSIT_TO,2025-12-01 21:23:50,14725,2601,04-VA-70,POINT (-9.123430252075195 38.75197982788086)
2602_755,6688_20250901_118_0_11,118_0,0,38.74808120727539,-9.11281967163086,12,IN_TRANSIT_TO,2025-12-01 21:23:45,3705,2602,16-VF-81,POINT (-9.11281967163086 38.74808120727539)
2617_708,3277_20250901_100_0_17,100_0,0,38.745479583740234,-9.131179809570312,10,IN_TRANSIT_TO,2025-12-01 21:24:08,317,2617,66-VI-28,POINT (-9.131179809570312 38.745479583740234)
2648_708,3299_20250901_100_0_16,100_0,1,38.76581954956055,-9.113280296325684,21,IN_TRANSIT_TO,2025-12-01 21:23:44,7723,2648,75-VS-46,POINT (-9.113280296325684 38.76581954956055)
2619_708,3310_20250901_100_1_17,100_1,1,38.79172897338867,-9.099349975585938,5,IN_TRANSIT_TO,2025-12-01 21:23:56,50304,2619,66-VI-37,POINT (-9.099349975585938 38.79172897338867)
6039_706,35840_20250901_147_0_8,147_0,0,38.73125076293945,-9.135430335998535,20,IN_TRANSIT_TO,2025-12-01 21:23:45,511,6039,BG-96-LU,POINT (-9.135430335998535 38.73125076293945)
6025_760,7055_20250901_171_0_10,171_0,1,38.70996856689453,-9.135149955749512,32,IN_TRANSIT_TO,2025-12-01 21:24:01,5519,6025,BF-92-AX,POINT (-9.135149955749512 38.70996856689453)
6041_706,19498_20250901_147_1_9,147_1,1,38.719329833984375,-9.1181001663208,4,IN_TRANSIT_TO,2025-12-01 21:23:58,2131,6041,BG-20-LV,POINT (-9.1181001663208 38.719329833984375)
2647_718,3938_20250901_105_0_24,105_0,0,38.73503112792969,-9.133979797363281,28,IN_TRANSIT_TO,2025-12-01 21:23:52,509,2647,75-VS-45,POINT (-9.133979797363281 38.73503112792969)
2721_711,3485_20250901_101_0_16,101_0,1,38.72434997558594,-9.149319648742676,29,IN_TRANSIT_TO,2025-12-01 21:24:05,50197,2721,92-XQ-37,POINT (-9.149319648742676 38.72434997558594)
2632_718,3960_20250901_105_0_23,105_0,1,38.7275505065918,-9.119600296020508,10,IN_TRANSIT_TO,2025-12-01 21:17:47,11704,2632,52-VP-88,POINT (-9.119600296020508 38.7275505065918)
2981_730,4958_20250901_198_0_24,198_0,0,38.726600646972656,-9.145700454711914,24,IN_TRANSIT_TO,2025-12-01 21:24:04,6605,2981,29-VM-86,POINT (-9.145700454711914 38.726600646972656)
2643_744,5809_20250901_200_0_17,200_0,0,38.76906967163086,-9.119099617004395,20,IN_TRANSIT_TO,2025-12-01 21:23:52,12209,2643,75-VS-44,POINT (-9.119099617004395 38.76906967163086)
2664_728,4659_20250901_204_0_3,204_0,1,38.70724868774414,-9.141280174255371,34,IN_TRANSIT_TO,2025-12-01 21:23:50,3820,2664,05-VZ-68,POINT (-9.141280174255371 38.70724868774414)
2652_783,7828_20250901_203_2_22,203_2,1,38.75838088989258,-9.140780448913574,14,IN_TRANSIT_TO,2025-12-01 21:23:42,11308,2652,05-VZ-61,POINT (-9.140780448913574 38.75838088989258)
2622_759,6944_20250901_144_0_16,144_0,1,38.71220016479492,-9.124329566955566,40,IN_TRANSIT_TO,2025-12-01 21:23:49,2118,2622,66-VI-21,POINT (-9.124329566955566 38.71220016479492)
2986_797,8168_20250901_163_0_51,163_0,1,38.7618293762207,-9.194029808044434,10,IN_TRANSIT_TO,2025-12-01 21:23:19,509,2986,30-VM-12,POINT (-9.194029808044434 38.7618293762207)
2976_702,3056_20250901_146_0_37,146_0,0,38.727298736572266,-9.163269996643066,4,IN_TRANSIT_TO,2025-12-01 21:24:09,6105,2976,30-VM-00,POINT (-9.163269996643066 38.727298736572266)
2616_759,6905_20250901_144_0_16,144_0,0,38.76750183105469,-9.119319915771484,31,IN_TRANSIT_TO,2025-12-01 21:23:56,8403,2616,66-VI-44,POINT (-9.119319915771484 38.76750183105469)
2604_759,17648_20250901_144_0_14,144_0,1,38.76702880859375,-9.119799613952637,14,IN_TRANSIT_TO,2025-12-01 21:23:44,7704,2604,66-VI-32,POINT (-9.119799613952637 38.76702880859375)
2663_714,3697_20240914_102_0_16,102_0,1,38.72127151489258,-9.221500396728516,4,IN_TRANSIT_TO,2024-10-22 20:26:58,18703,2663,05-VZ-62,POINT (-9.221500396728516 38.72127151489258)
6043_760,51308_20250901_171_0_12,171_0,0,38.704750061035156,-9.177720069885254,18,IN_TRANSIT_TO,2025-12-01 21:23:59,12121,6043,BG-93-LT,POINT (-9.177720069885254 38.704750061035156)
545_28E,14992_20250901_75_0_22,75_0,0,38.71508026123047,-9.12874984741211,9,IN_TRANSIT_TO,2025-12-01 21:24:00,14804,545,,POINT (-9.12874984741211 38.71508026123047)
505_15E,65647_20250901_76_0_8,76_0,1,38.70610046386719,-9.143320083618164,20,IN_TRANSIT_TO,2025-12-01 21:24:07,3803,505,,POINT (-9.143320083618164 38.70610046386719)
2708_723,4137_20250901_121_0_19,121_0,0,38.71788024902344,-9.199350357055664,12,IN_TRANSIT_TO,2025-12-01 21:24:02,21301,2708,92-XQ-32,POINT (-9.199350357055664 38.71788024902344)
2977_774,7435_20250901_192_1_22,192_1,1,38.72526931762695,-9.14603042602539,4,IN_TRANSIT_TO,2025-12-01 21:23:28,1217,2977,30-VM-21,POINT (-9.14603042602539 38.72526931762695)
502_15E,11270_20250901_76_0_14,76_0,1,38.69721984863281,-9.201749801635742,7,IN_TRANSIT_TO,2025-12-01 21:23:41,9609,502,,POINT (-9.201749801635742 38.69721984863281)
4808_751,6438_20250901_109_0_24,109_0,1,38.69902038574219,-9.22581958770752,11,IN_TRANSIT_TO,2025-12-01 21:24:09,4210,4808,20-VQ-73,POINT (-9.22581958770752 38.69902038574219)
2778_714,3628_20250901_102_0_17,102_0,0,38.72085189819336,-9.22877025604248,40,IN_TRANSIT_TO,2025-12-01 21:23:57,18602,2778,AI-03-BT,POINT (-9.22877025604248 38.72085189819336)
555_28E,14978_20250901_75_0_25,75_0,1,38.70106887817383,-9.180830001831055,23,IN_TRANSIT_TO,2025-12-01 21:23:40,804,555,,POINT (-9.180830001831055 38.70106887817383)
2660_738,5529_20250901_117_0_20,117_0,1,38.703529357910156,-9.171170234680176,6,IN_TRANSIT_TO,2025-12-01 21:23:41,4001,2660,05-VZ-60,POINT (-9.171170234680176 38.703529357910156)
2650_708,3321_20250901_100_0_15,100_0,0,38.78717041015625,-9.09749984741211,36,IN_TRANSIT_TO,2025-12-01 21:23:41,50300,2650,75-VS-50,POINT (-9.09749984741211 38.78717041015625)
2630_717,3817_20250901_170_0_19,170_0,0,38.7730712890625,-9.161250114440918,19,IN_TRANSIT_TO,2025-12-01 21:23:54,5903,2630,52-VP-89,POINT (-9.161250114440918 38.7730712890625)
276_28E,48783_20250901_75_8_35,75_8,1,38.71432876586914,-9.169320106506348,15,IN_TRANSIT_TO,2025-11-16 23:22:53,8017,276,AH-12-TB,POINT (-9.169320106506348 38.71432876586914)
2722_764,7139_20250901_168_2_35,168_2,0,38.74528121948242,-9.222049713134766,17,IN_TRANSIT_TO,2025-12-01 21:23:56,3008,2722,92-XQ-36,POINT (-9.222049713134766 38.74528121948242)
2972_730,4942_20250901_198_0_23,198_0,1,38.73775100708008,-9.125929832458496,18,IN_TRANSIT_TO,2025-12-01 21:23:48,9002,2972,29-VM-96,POINT (-9.125929832458496 38.73775100708008)
2327_712,3565_20250901_189_0_8,189_0,1,38.72502899169922,-9.15291976928711,14,IN_TRANSIT_TO,2025-11-11 11:30:40,1224,2327,67-53-ZJ,POINT (-9.15291976928711 38.72502899169922)
2489_729,4758_20250901_104_0_17,104_0,1,38.772071838378906,-9.190179824829102,41,IN_TRANSIT_TO,2025-12-01 21:23:50,14104,2489,55-BH-05,POINT (-9.190179824829102 38.772071838378906)
1701_742,5675_20250901_114_0_15,114_0,1,38.703399658203125,-9.181920051574707,18,IN_TRANSIT_TO,2025-12-01 21:23:46,12005,1701,39-AB-08,POINT (-9.181920051574707 38.703399658203125)
2341_731,5001_20250901_190_0_18,190_0,1,38.745121002197266,-9.157429695129395,28,IN_TRANSIT_TO,2025-12-01 21:24:01,3306,2341,67-50-ZJ,POINT (-9.157429695129395 38.745121002197266)
2780_746,5981_20250901_108_0_26,108_0,1,38.72452926635742,-9.149620056152344,25,IN_TRANSIT_TO,2025-12-01 21:23:41,1212,2780,AI-06-BT,POINT (-9.149620056152344 38.72452926635742)
2246_731,5012_20250901_190_0_16,190_0,1,38.77935028076172,-9.104880332946777,8,IN_TRANSIT_TO,2025-12-01 21:24:05,12619,2246,22-38-ZB,POINT (-9.104880332946777 38.77935028076172)
2286_758,6790_20250901_150_0_21,150_0,0,38.7275505065918,-9.161430358886719,12,IN_TRANSIT_TO,2025-12-01 21:23:44,8509,2286,67-42-ZJ,POINT (-9.161430358886719 38.7275505065918)
2478_767,7254_20250901_112_0_15,112_0,0,38.75144958496094,-9.197400093078613,33,IN_TRANSIT_TO,2025-12-01 21:23:48,10914,2478,91-BE-80,POINT (-9.197400093078613 38.75144958496094)
2496_735,5198_20250901_172_0_18,172_0,1,38.733280181884766,-9.13267993927002,15,IN_TRANSIT_TO,2025-12-01 21:23:56,504,2496,88-BL-70,POINT (-9.13267993927002 38.733280181884766)
1749_717,3839_20250901_170_0_17,170_0,0,38.748931884765625,-9.132869720458984,6,IN_TRANSIT_TO,2025-12-01 21:23:46,7301,1749,92-HR-06,POINT (-9.132869720458984 38.748931884765625)
2813_793,7974_20250901_145_0_24,145_0,0,38.74829864501953,-9.10789966583252,17,IN_TRANSIT_TO,2025-12-01 21:23:49,2218,2813,90-II-53,POINT (-9.10789966583252 38.74829864501953)
2969_774,7462_20250901_192_1_22,192_1,1,38.715301513671875,-9.165430068969727,17,IN_TRANSIT_TO,2025-12-01 21:23:45,8019,2969,30-VM-09,POINT (-9.165430068969727 38.715301513671875)
2803_793,7988_20250901_145_0_24,145_0,1,38.73997116088867,-9.111720085144043,22,IN_TRANSIT_TO,2025-12-01 21:23:52,50173,2803,01-IH-92,POINT (-9.111720085144043 38.73997116088867)
1748_717,3773_20250901_170_0_17,170_0,1,38.77402114868164,-9.155670166015625,18,IN_TRANSIT_TO,2025-12-01 21:24:07,11510,1748,92-HR-05,POINT (-9.155670166015625 38.77402114868164)
2960_40B,19273_20250901_212_0_26,212_0,1,38.777748107910156,-9.147649765014648,14,IN_TRANSIT_TO,2025-12-01 21:23:47,6015,2960,27-GU-75,POINT (-9.147649765014648 38.777748107910156)
2459_703,3142_20250901_165_0_20,165_0,1,38.77425003051758,-9.16238021850586,25,IN_TRANSIT_TO,2025-12-01 21:24:08,5915,2459,74-BC-74,POINT (-9.16238021850586 38.77425003051758)
4640_736,5305_20250901_199_0_15,199_0,0,38.73706817626953,-9.145529747009277,7,IN_TRANSIT_TO,2025-12-01 21:23:52,1807,4640,02-JN-87,POINT (-9.145529747009277 38.73706817626953)
1753_794,8058_20250901_115_0_20,115_0,1,38.747371673583984,-9.11929988861084,24,IN_TRANSIT_TO,2025-12-01 21:24:02,3605,1753,34-HU-19,POINT (-9.11929988861084 38.747371673583984)
1755_794,8077_20250901_115_0_17,115_0,0,38.74715042114258,-9.118630409240723,15,IN_TRANSIT_TO,2025-12-01 21:24:05,3608,1755,34-HU-21,POINT (-9.118630409240723 38.74715042114258)
2410_767,7220_20250901_112_0_14,112_0,1,38.74995040893555,-9.142450332641602,34,IN_TRANSIT_TO,2025-12-01 21:23:47,204,2410,92-AO-46,POINT (-9.142450332641602 38.74995040893555)
2280_758,6773_20250901_150_0_22,150_0,1,38.75062942504883,-9.198450088500977,5,IN_TRANSIT_TO,2025-12-01 21:23:53,10905,2280,67-40-ZJ,POINT (-9.198450088500977 38.75062942504883)
2623_759,6922_20250901_144_0_15,144_0,0,38.72486877441406,-9.113369941711426,11,IN_TRANSIT_TO,2025-12-01 21:24:02,9805,2623,66-VI-26,POINT (-9.113369941711426 38.72486877441406)
2499_720,4067_20250901_143_1_21,143_1,0,38.708229064941406,-9.167169570922852,22,IN_TRANSIT_TO,2025-12-01 21:23:44,10102,2499,03-BM-58,POINT (-9.167169570922852 38.708229064941406)
2797_738,5545_20250901_117_0_14,117_0,0,38.71562957763672,-9.160300254821777,26,IN_TRANSIT_TO,2025-12-01 21:24:02,8104,2797,AJ-57-LI,POINT (-9.160300254821777 38.71562957763672)
1773_735,5224_20250901_172_0_19,172_0,0,38.7442512512207,-9.139129638671875,23,IN_TRANSIT_TO,2025-12-01 21:24:02,305,1773,53-HX-06,POINT (-9.139129638671875 38.7442512512207)
2784_728,4635_20250901_204_0_4,204_0,0,38.70159912109375,-9.206649780273438,8,IN_TRANSIT_TO,2025-12-01 21:23:52,9605,2784,AI-09-BT,POINT (-9.206649780273438 38.70159912109375)
4628_736,41535_20250901_199_0_13,199_0,0,38.77347946166992,-9.161569595336914,20,IN_TRANSIT_TO,2025-12-01 21:23:54,5907,4628,27-JO-10,POINT (-9.161569595336914 38.77347946166992)
2480_747,6084_20250901_177_0_28,177_0,1,38.76626968383789,-9.19806957244873,2,IN_TRANSIT_TO,2025-12-01 21:24:00,13906,2480,91-BE-75,POINT (-9.19806957244873 38.76626968383789)
2486_726,4287_20250901_116_0_20,116_0,1,38.766780853271484,-9.20221996307373,0,IN_TRANSIT_TO,2025-12-01 21:23:53,,2486,91-BE-78,POINT (-9.20221996307373 38.766780853271484)
2413_747,6106_20250901_177_0_25,177_0,0,38.76158142089844,-9.157520294189453,0,IN_TRANSIT_TO,2025-12-01 21:24:02,,2413,92-AO-50,POINT (-9.157520294189453 38.76158142089844)
1780_717,3808_20250901_170_0_16,170_0,0,38.78662109375,-9.144200325012207,32,IN_TRANSIT_TO,2025-12-01 21:24:00,6006,1780,63-HX-18,POINT (-9.144200325012207 38.78662109375)
2768_727,4497_20250901_103_2_18,103_2,1,38.698028564453125,-9.190529823303223,15,IN_TRANSIT_TO,2025-12-01 21:23:48,9507,2768,AH-25-ND,POINT (-9.190529823303223 38.698028564453125)
2470_767,7185_20250901_112_0_15,112_0,0,38.75791931152344,-9.185469627380371,28,IN_TRANSIT_TO,2025-12-01 21:23:53,12824,2470,74-BC-71,POINT (-9.185469627380371 38.75791931152344)
2433_703,3156_20250901_165_0_16,165_0,1,38.74552917480469,-9.205900192260742,2,IN_TRANSIT_TO,2025-12-01 21:23:58,2907,2433,44-BC-28,POINT (-9.205900192260742 38.74552917480469)
2239_768,7337_20250901_111_2_18,111_2,0,38.750179290771484,-9.160579681396484,1,IN_TRANSIT_TO,2025-12-01 21:24:04,13511,2239,06-30-XX,POINT (-9.160579681396484 38.750179290771484)
4613_750,6330_20250901_106_0_4,106_0,1,38.757179260253906,-9.165980339050293,23,IN_TRANSIT_TO,2025-12-01 21:23:58,50001,4613,22-GP-48,POINT (-9.165980339050293 38.757179260253906)
2772_727,4453_20250901_103_5_17,103_5,0,38.711151123046875,-9.15369987487793,15,IN_TRANSIT_TO,2025-12-01 21:23:55,6702,2772,AH-24-ND,POINT (-9.15369987487793 38.711151123046875)
1760_720,4045_20250901_143_1_23,143_1,0,38.72003173828125,-9.154800415039062,17,IN_TRANSIT_TO,2025-12-01 21:24:01,6804,1760,34-HU-26,POINT (-9.154800415039062 38.72003173828125)
1758_796,8132_20250901_174_0_38,174_0,1,38.77307891845703,-9.161419868469238,12,IN_TRANSIT_TO,2025-12-01 21:24:08,5940,1758,34-HU-24,POINT (-9.161419868469238 38.77307891845703)
2461_767,7241_20250901_112_0_14,112_0,1,38.74998092651367,-9.19517993927002,14,IN_TRANSIT_TO,2025-12-01 21:24:03,10913,2461,55-BH-04,POINT (-9.19517993927002 38.74998092651367)
2422_729,4765_20250901_104_0_17,104_0,1,38.72534942626953,-9.19398021697998,20,IN_TRANSIT_TO,2025-12-01 21:24:07,21302,2422,29-AU-17,POINT (-9.19398021697998 38.72534942626953)
2775_728,4599_20250901_204_0_4,204_0,0,38.734031677246094,-9.104069709777832,30,IN_TRANSIT_TO,2025-12-01 21:23:57,8313,2775,AH-31-ND,POINT (-9.104069709777832 38.734031677246094)
2285_758,6818_20250901_150_0_22,150_0,1,38.72077178955078,-9.160699844360352,23,IN_TRANSIT_TO,2025-12-01 21:23:39,8514,2285,67-55-ZJ,POINT (-9.160699844360352 38.72077178955078)
2437_747,6087_20250901_177_0_27,177_0,0,38.769168853759766,-9.189800262451172,14,IN_TRANSIT_TO,2025-12-01 21:24:03,12832,2437,29-AX-09,POINT (-9.189800262451172 38.769168853759766)
2423_726,4272_20250901_116_0_20,116_0,1,38.73408126831055,-9.141469955444336,26,IN_TRANSIT_TO,2025-12-01 21:23:48,11105,2423,29-AU-18,POINT (-9.141469955444336 38.73408126831055)
1766_736,21945_20250901_199_0_2,199_0,0,38.78688049316406,-9.180330276489258,30,IN_TRANSIT_TO,2025-12-01 21:23:40,15102,1766,63-HX-33,POINT (-9.180330276489258 38.78688049316406)
2498_720,4054_20250901_143_1_14,143_1,1,38.73598098754883,-9.136719703674316,21,IN_TRANSIT_TO,2025-12-01 21:23:50,11108,2498,03-BM-57,POINT (-9.136719703674316 38.73598098754883)
606_15E,11444_20250901_76_0_3,76_0,0,38.706298828125,-9.14501953125,3,IN_TRANSIT_TO,2025-12-01 21:24:00,3820,606,,POINT (-9.14501953125 38.706298828125)
2941_26B,17517_20250901_208_2_30,208_2,1,38.78641891479492,-9.097049713134766,16,IN_TRANSIT_TO,2025-12-01 21:23:50,50300,2941,51-GL-81,POINT (-9.097049713134766 38.78641891479492)
2451_726,4294_20250901_116_0_19,116_0,0,38.74296951293945,-9.165980339050293,18,IN_TRANSIT_TO,2025-12-01 21:23:48,1621,2451,75-AQ-16,POINT (-9.165980339050293 38.74296951293945)
2434_767,7198_20250901_112_0_15,112_0,0,38.72703170776367,-9.140669822692871,3,IN_TRANSIT_TO,2025-12-01 21:24:08,6902,2434,29-AU-24,POINT (-9.140669822692871 38.72703170776367)
2464_729,4780_20250901_104_0_15,104_0,0,38.69607162475586,-9.219420433044434,38,IN_TRANSIT_TO,2025-12-01 21:23:47,13204,2464,91-BE-71,POINT (-9.219420433044434 38.69607162475586)
1726_701,2948_20250901_123_0_24,123_0,0,38.73685073852539,-9.166879653930664,22,IN_TRANSIT_TO,2025-12-01 21:23:57,2718,1726,25-AS-38,POINT (-9.166879653930664 38.73685073852539)
206_773,7399_20250901_124_0_21,124_0,0,38.7203483581543,-9.153650283813477,26,IN_TRANSIT_TO,2025-12-01 21:23:44,50357,206,33-49-XH,POINT (-9.153650283813477 38.7203483581543)
2773_712,3538_20250901_189_2_32,189_2,1,38.718048095703125,-9.122819900512695,14,IN_TRANSIT_TO,2025-12-01 21:24:03,9124,2773,AH-39-ND,POINT (-9.122819900512695 38.718048095703125)
1709_736,5369_20250901_199_1_3,199_1,1,38.75751876831055,-9.155099868774414,15,IN_TRANSIT_TO,2025-12-01 21:23:57,5806,1709,69-AL-72,POINT (-9.155099868774414 38.75751876831055)
2245_724,4196_20250901_178_0_25,178_0,0,38.724369049072266,-9.188770294189453,7,IN_TRANSIT_TO,2025-12-01 21:23:42,21307,2245,22-35-ZB,POINT (-9.188770294189453 38.724369049072266)
2770_712,3528_20250901_189_2_32,189_2,0,38.72727966308594,-9.13737964630127,13,IN_TRANSIT_TO,2025-12-01 21:23:39,616,2770,AH-30-ND,POINT (-9.13737964630127 38.72727966308594)
2789_728,4579_20250901_204_0_2,204_0,0,38.78110122680664,-9.106579780578613,48,IN_TRANSIT_TO,2025-12-01 21:23:52,7903,2789,AI-53-TL,POINT (-9.106579780578613 38.78110122680664)
2214_742,5697_20250901_114_0_14,114_0,0,38.703399658203125,-9.194069862365723,47,IN_TRANSIT_TO,2025-12-01 21:24:04,13408,2214,08-02-XS,POINT (-9.194069862365723 38.703399658203125)
2215_742,5688_20250901_114_0_13,114_0,0,38.7140007019043,-9.195719718933105,57,IN_TRANSIT_TO,2025-12-01 21:23:53,50140,2215,08-01-XS,POINT (-9.195719718933105 38.7140007019043)
614_15E,11190_20250901_76_0_17,76_0,0,38.6973991394043,-9.199430465698242,16,IN_TRANSIT_TO,2025-12-01 21:23:46,4112,614,,POINT (-9.199430465698242 38.6973991394043)
2203_742,5667_20250901_114_0_14,114_0,1,38.73503112792969,-9.150230407714844,35,IN_TRANSIT_TO,2025-12-01 21:23:56,1414,2203,72-19-XN,POINT (-9.150230407714844 38.73503112792969)
562_28E,14914_20250901_75_0_25,75_0,1,38.721778869628906,-9.135379791259766,22,IN_TRANSIT_TO,2025-12-01 21:23:47,704,562,,POINT (-9.135379791259766 38.721778869628906)
6004_706,19486_20250901_147_0_12,147_0,1,38.71173095703125,-9.153450012207031,27,IN_TRANSIT_TO,2025-12-01 21:24:08,6704,6004,82-ZC-35,POINT (-9.153450012207031 38.71173095703125)
