id,trip_id,route_id,direction_id,latitude,longitude,current_stop_sequence,current_status,timestamp,stop_id,vehicle_id,license_plate,geometry
1742_716,3752_20260101_164_0_3,164_0,0,38.7369499206543,-9.147199630737305,5,IN_TRANSIT_TO,2026-03-06 08:30:16,1811,1742,91-HR-99,POINT (-9.147199630737305 38.7369499206543)
2689_714,3649_20260101_102_0_3,102_0,0,38.7127685546875,-9.213820457458496,27,IN_TRANSIT_TO,2026-03-06 08:30:42,12402,2689,93-XA-45,POINT (-9.213820457458496 38.7127685546875)
4645_728,4714_20260101_204_0_3,204_0,1,38.70159912109375,-9.206430435180664,45,IN_TRANSIT_TO,2026-03-06 08:30:26,9606,4645,98-JO-46,POINT (-9.206430435180664 38.70159912109375)
4648_750,6262_20260101_106_0_4,106_0,1,38.74980163574219,-9.194270133972168,16,IN_TRANSIT_TO,2026-03-06 08:30:41,10835,4648,98-JO-47,POINT (-9.194270133972168 38.74980163574219)
4637_783,7817_20260101_203_0_5,203_0,0,38.724979400634766,-9.153779983520508,2,IN_TRANSIT_TO,2026-03-06 08:30:34,1224,4637,98-JO-44,POINT (-9.153779983520508 38.724979400634766)
2793_709,3401_20260101_148_0_8,148_0,0,38.71432876586914,-9.16189956665039,9,IN_TRANSIT_TO,2026-03-06 08:30:33,8104,2793,AJ-58-LI,POINT (-9.16189956665039 38.71432876586914)
4607_753,6553_20260101_167_0_5,167_0,0,38.69525146484375,-9.178420066833496,7,IN_TRANSIT_TO,2026-03-06 08:30:13,8607,4607,96-GL-84,POINT (-9.178420066833496 38.69525146484375)
304_708,3333_20260101_100_0_3,100_0,0,38.79621887207031,-9.099980354309082,39,IN_TRANSIT_TO,2026-03-06 08:30:26,50303,304,22-SP-91,POINT (-9.099980354309082 38.79621887207031)
4606_750,6413_20260101_106_0_2,106_0,0,38.76755142211914,-9.099920272827148,0,IN_TRANSIT_TO,2026-03-06 08:30:19,,4606,96-GL-83,POINT (-9.099920272827148 38.76755142211914)
2254_758,6885_20260101_150_0_5,150_0,0,38.74473190307617,-9.179800033569336,22,IN_TRANSIT_TO,2026-03-06 08:30:32,10704,2254,80-51-ZE,POINT (-9.179800033569336 38.74473190307617)
6022_732,5080_20260101_107_0_2,107_0,1,38.742530822753906,-9.146699905395508,39,IN_TRANSIT_TO,2026-03-06 08:30:40,1809,6022,BF-48-BB,POINT (-9.146699905395508 38.742530822753906)
2440_703,3100_20260101_165_0_3,165_0,1,38.774879455566406,-9.161049842834473,26,IN_TRANSIT_TO,2026-03-06 08:30:35,5905,2440,29-AX-08,POINT (-9.161049842834473 38.774879455566406)
2992_774,7450_20260101_192_0_8,192_0,1,38.72623062133789,-9.14091968536377,0,IN_TRANSIT_TO,2026-03-06 08:30:32,,2992,29-VM-95,POINT (-9.14091968536377 38.72623062133789)
6010_758,6787_20260101_150_0_3,150_0,0,38.71289825439453,-9.143280029296875,3,IN_TRANSIT_TO,2026-03-06 08:30:34,10501,6010,81-ZC-09,POINT (-9.143280029296875 38.71289825439453)
2317_754,6584_20260101_201_0_2,201_0,1,38.74729919433594,-9.154600143432617,30,IN_TRANSIT_TO,2026-03-06 08:30:19,13502,2317,61-86-ZB,POINT (-9.154600143432617 38.74729919433594)
603_15E,11318_20260101_76_0_5,76_0,0,38.69744873046875,-9.197850227355957,15,IN_TRANSIT_TO,2026-03-06 08:30:14,4114,603,,POINT (-9.197850227355957 38.69744873046875)
4604_750,6421_20260101_106_0_4,106_0,1,38.75825119018555,-9.155630111694336,24,IN_TRANSIT_TO,2026-03-06 08:30:17,5801,4604,96-GL-82,POINT (-9.155630111694336 38.75825119018555)
2250_731,19403_20240727_190_0_8,190_0,1,38.78303146362305,-9.114009857177734,3,IN_TRANSIT_TO,2024-08-10 10:41:27,12610,2250,80-41-ZE,POINT (-9.114009857177734 38.78303146362305)
4602_753,6573_20260101_167_0_6,167_0,1,38.72710037231445,-9.146369934082031,7,IN_TRANSIT_TO,2026-03-06 08:30:18,1201,4602,96-GL-80,POINT (-9.146369934082031 38.72710037231445)
2292_724,4236_20260101_178_0_5,178_0,0,38.746978759765625,-9.197779655456543,17,IN_TRANSIT_TO,2026-03-06 08:30:18,2801,2292,83-16-ZM,POINT (-9.197779655456543 38.746978759765625)
2321_754,6609_20260101_201_0_3,201_0,0,38.73160171508789,-9.218099594116211,30,IN_TRANSIT_TO,2026-03-06 08:30:29,18104,2321,04-47-ZF,POINT (-9.218099594116211 38.73160171508789)
2256_758,6853_20260101_150_0_2,150_0,1,38.744651794433594,-9.179699897766113,10,IN_TRANSIT_TO,2026-03-06 08:30:28,10701,2256,80-53-ZE,POINT (-9.179699897766113 38.744651794433594)
6033_732,5038_20260101_107_0_2,107_0,0,38.709068298339844,-9.214329719543457,42,IN_TRANSIT_TO,2026-03-06 08:30:30,12406,6033,BF-92-AZ,POINT (-9.214329719543457 38.709068298339844)
4617_750,6401_20260101_106_0_4,106_0,0,38.760501861572266,-9.103670120239258,3,IN_TRANSIT_TO,2026-03-06 08:30:27,2322,4617,22-GP-51,POINT (-9.103670120239258 38.760501861572266)
4620_728,4698_20260101_204_0_2,204_0,0,38.70627975463867,-9.144969940185547,19,IN_TRANSIT_TO,2026-03-06 08:29:27,3803,4620,22-GP-54,POINT (-9.144969940185547 38.70627975463867)
2951_29B,17534_20260101_209_0_2,209_0,0,38.765380859375,-9.125049591064453,28,IN_TRANSIT_TO,2026-03-06 08:30:35,7519,2951,62-GQ-53,POINT (-9.125049591064453 38.765380859375)
2624_759,6906_20260101_144_0_4,144_0,1,38.72618103027344,-9.112170219421387,35,IN_TRANSIT_TO,2026-03-06 08:30:31,8304,2624,72-VP-82,POINT (-9.112170219421387 38.72618103027344)
4642_750,6393_20260101_106_0_3,106_0,0,38.75962829589844,-9.136770248413086,10,IN_TRANSIT_TO,2026-03-06 08:30:33,7515,4642,90-JI-99,POINT (-9.136770248413086 38.75962829589844)
4616_728,4589_20260101_204_0_5,204_0,1,38.71461868286133,-9.121500015258789,28,IN_TRANSIT_TO,2026-03-06 08:29:48,2128,4616,22-GP-50,POINT (-9.121500015258789 38.71461868286133)
2943_26B,17510_20260101_208_0_4,208_0,1,38.771018981933594,-9.108369827270508,13,IN_TRANSIT_TO,2026-03-06 08:30:20,7809,2943,51-GL-83,POINT (-9.108369827270508 38.771018981933594)
2953_40B,19262_20260101_212_0_3,212_0,0,38.780948638916016,-9.15404987335205,20,IN_TRANSIT_TO,2026-03-06 08:30:11,6017,2953,62-GQ-55,POINT (-9.15404987335205 38.780948638916016)
2950_782,7799_20260101_152_0_2,152_0,1,38.766929626464844,-9.098380088806152,5,IN_TRANSIT_TO,2026-03-06 08:30:18,7825,2950,62-GQ-51,POINT (-9.098380088806152 38.766929626464844)
4641_750,6417_20260101_106_0_3,106_0,1,38.76253128051758,-9.103650093078613,36,IN_TRANSIT_TO,2026-03-06 08:30:31,2311,4641,90-JI-98,POINT (-9.103650093078613 38.76253128051758)
2945_32B,17548_20260101_211_0_4,211_0,0,38.746429443359375,-9.104920387268066,22,IN_TRANSIT_TO,2026-03-06 08:30:40,50654,2945,75-GO-14,POINT (-9.104920387268066 38.746429443359375)
4626_796,8148_20260101_174_0_10,174_0,1,38.79307174682617,-9.155500411987305,4,IN_TRANSIT_TO,2026-03-06 08:30:25,11607,4626,90-JI-93,POINT (-9.155500411987305 38.79307174682617)
4630_736,5379_20260101_199_0_3,199_0,0,38.71424865722656,-9.139169692993164,0,IN_TRANSIT_TO,2026-03-06 08:28:38,,4630,02-JN-85,POINT (-9.139169692993164 38.71424865722656)
4818_751,6476_20260101_109_0_7,109_0,0,38.71149826049805,-9.225680351257324,28,IN_TRANSIT_TO,2026-03-06 08:30:38,14312,4818,42-VT-57,POINT (-9.225680351257324 38.71149826049805)
4627_736,5431_20260101_199_0_4,199_0,1,38.74435043334961,-9.147629737854004,20,IN_TRANSIT_TO,2026-03-06 08:30:41,2019,4627,11-JM-76,POINT (-9.147629737854004 38.74435043334961)
2688_727,4545_20260101_103_0_9,103_0,0,38.70370101928711,-9.179070472717285,30,IN_TRANSIT_TO,2026-03-06 08:30:31,12121,2688,93-XA-35,POINT (-9.179070472717285 38.70370101928711)
2699_746,5977_20260101_108_0_7,108_0,0,38.752899169921875,-9.208399772644043,21,IN_TRANSIT_TO,2026-03-06 08:30:43,10902,2699,92-XQ-25,POINT (-9.208399772644043 38.752899169921875)
2692_746,5964_20260101_108_0_6,108_0,1,38.74811935424805,-9.214529991149902,0,IN_TRANSIT_TO,2026-03-06 08:30:27,,2692,90-XF-62,POINT (-9.214529991149902 38.74811935424805)
2690_764,7162_20260101_168_0_5,168_0,0,38.74689865112305,-9.215620040893555,27,IN_TRANSIT_TO,2026-03-06 08:30:38,3016,2690,99-XE-57,POINT (-9.215620040893555 38.74689865112305)
2693_714,3640_20260101_102_0_5,102_0,0,38.721229553222656,-9.221420288085938,36,IN_TRANSIT_TO,2026-03-06 08:30:35,18702,2693,90-XF-46,POINT (-9.221420288085938 38.721229553222656)
2694_738,5566_20260101_117_0_3,117_0,1,38.75014877319336,-9.159279823303223,28,IN_TRANSIT_TO,2026-03-06 08:30:41,13507,2694,90-XF-49,POINT (-9.159279823303223 38.75014877319336)
2669_714,3689_20260101_102_0_3,102_0,0,38.706329345703125,-9.145350456237793,2,IN_TRANSIT_TO,2026-03-06 08:30:37,3802,2669,87-XB-34,POINT (-9.145350456237793 38.706329345703125)
6048_732,5088_20260101_107_0_1,107_0,1,38.702579498291016,-9.180299758911133,21,IN_TRANSIT_TO,2026-03-06 08:30:41,12111,6048,BH-46-IR,POINT (-9.180299758911133 38.702579498291016)
2705_754,6604_20260101_201_0_4,201_0,1,38.73365020751953,-9.22052001953125,8,IN_TRANSIT_TO,2026-03-06 08:30:30,18103,2705,92-XQ-29,POINT (-9.22052001953125 38.73365020751953)
2684_709,3394_20260101_148_0_4,148_0,1,38.714881896972656,-9.166419982910156,2,IN_TRANSIT_TO,2026-03-06 08:30:18,8019,2684,99-XE-59,POINT (-9.166419982910156 38.714881896972656)
2683_714,3662_20260101_102_0_5,102_0,0,38.70357131958008,-9.179380416870117,13,IN_TRANSIT_TO,2026-03-06 08:30:34,12121,2683,99-XE-55,POINT (-9.179380416870117 38.70357131958008)
6046_760,7061_20260101_171_0_3,171_0,0,38.71392822265625,-9.19717025756836,31,IN_TRANSIT_TO,2026-03-06 08:30:24,10315,6046,BH-73-IR,POINT (-9.19717025756836 38.71392822265625)
4619_750,6390_20260101_106_0_4,106_0,0,38.75971984863281,-9.155779838562012,16,IN_TRANSIT_TO,2026-03-06 08:30:24,5810,4619,22-GP-53,POINT (-9.155779838562012 38.75971984863281)
4618_728,4669_20260101_204_0_4,204_0,0,38.73767852783203,-9.102930068969727,31,IN_TRANSIT_TO,2026-03-06 08:30:26,12513,4618,22-GP-52,POINT (-9.102930068969727 38.73767852783203)
2947_31B,17538_20260101_210_0_4,210_0,0,38.75086975097656,-9.104530334472656,10,IN_TRANSIT_TO,2026-03-06 08:30:38,2205,2947,51-GL-84,POINT (-9.104530334472656 38.75086975097656)
2678_750,38368_20260101_106_4_4,106_4,1,38.70737075805664,-9.225720405578613,5,IN_TRANSIT_TO,2026-03-06 08:30:39,18402,2678,93-XA-39,POINT (-9.225720405578613 38.70737075805664)
2952_798,8190_20260101_194_0_7,194_0,0,38.77429962158203,-9.152420043945312,9,IN_TRANSIT_TO,2026-03-06 08:30:38,11512,2952,62-GQ-54,POINT (-9.152420043945312 38.77429962158203)
2958_40B,17568_20260101_212_0_4,212_0,1,38.77391815185547,-9.161219596862793,2,IN_TRANSIT_TO,2026-03-06 08:30:23,5905,2958,27-GU-73,POINT (-9.161219596862793 38.77391815185547)
4643_750,6372_20260101_106_0_3,106_0,0,38.72724914550781,-9.20995044708252,32,IN_TRANSIT_TO,2026-03-06 08:30:32,14008,4643,98-JO-45,POINT (-9.20995044708252 38.72724914550781)
2676_738,5572_20260101_117_0_4,117_0,1,38.74726867675781,-9.147879600524902,24,IN_TRANSIT_TO,2026-03-06 08:30:30,2001,2676,87-XB-40,POINT (-9.147879600524902 38.74726867675781)
2677_711,3484_20260101_101_0_3,101_0,0,38.71345138549805,-9.137069702148438,3,IN_TRANSIT_TO,2026-03-06 08:30:37,913,2677,87-XB-41,POINT (-9.137069702148438 38.71345138549805)
2671_713,3579_20260101_122_0_5,122_0,0,38.734718322753906,-9.152899742126465,6,IN_TRANSIT_TO,2026-03-06 08:30:37,1413,2671,87-XB-43,POINT (-9.152899742126465 38.734718322753906)
2673_709,3412_20260101_148_0_4,148_0,0,38.72172164916992,-9.146880149841309,4,IN_TRANSIT_TO,2026-03-06 08:30:40,1103,2673,87-XB-37,POINT (-9.146880149841309 38.72172164916992)
2679_748,6140_20260101_169_0_5,169_0,0,38.72563171386719,-9.149149894714355,0,IN_TRANSIT_TO,2026-03-06 08:30:32,,2679,93-XA-34,POINT (-9.149149894714355 38.72563171386719)
2672_713,3612_20260101_122_0_6,122_0,1,38.714080810546875,-9.160730361938477,20,IN_TRANSIT_TO,2026-03-06 08:29:09,8114,2672,87-XB-44,POINT (-9.160730361938477 38.714080810546875)
2670_723,4183_20260101_121_0_4,121_0,1,38.72005081176758,-9.182979583740234,24,IN_TRANSIT_TO,2026-03-06 08:30:35,21306,2670,87-XB-32,POINT (-9.182979583740234 38.72005081176758)
2674_711,3475_20260101_101_0_5,101_0,0,38.72249984741211,-9.1702299118042,10,IN_TRANSIT_TO,2026-03-06 08:30:39,8607,2674,87-XB-38,POINT (-9.1702299118042 38.72249984741211)
2675_764,7151_20260101_168_0_3,168_0,1,38.744300842285156,-9.193770408630371,16,IN_TRANSIT_TO,2026-03-06 08:30:40,10817,2675,87-XB-35,POINT (-9.193770408630371 38.744300842285156)
2962_730,4949_20260101_198_0_4,198_0,0,38.731170654296875,-9.127869606018066,12,IN_TRANSIT_TO,2026-03-06 08:30:25,7004,2962,30-VM-07,POINT (-9.127869606018066 38.731170654296875)
2961_737,5475_20260101_173_0_1,173_0,0,38.713951110839844,-9.137330055236816,0,IN_TRANSIT_TO,2026-03-06 08:30:27,,2961,26-VD-02,POINT (-9.137330055236816 38.713951110839844)
4623_796,8154_20260101_174_0_6,174_0,1,38.790748596191406,-9.151249885559082,2,IN_TRANSIT_TO,2026-03-06 08:30:23,11601,4623,27-JO-12,POINT (-9.151249885559082 38.790748596191406)
2718_714,3698_20260101_102_0_2,102_0,1,38.706581115722656,-9.174169540405273,28,IN_TRANSIT_TO,2026-03-06 08:30:34,12105,2718,92-XQ-23,POINT (-9.174169540405273 38.706581115722656)
547_12E,11025_20260101_77_0_3,77_0,1,38.70981979370117,-9.136719703674316,6,IN_TRANSIT_TO,2026-03-06 08:30:29,50149,547,,POINT (-9.136719703674316 38.70981979370117)
6049_760,7039_20260101_171_0_6,171_0,1,38.7109489440918,-9.205329895019531,1,IN_TRANSIT_TO,2026-03-06 08:30:35,50137,6049,BH-47-IR,POINT (-9.205329895019531 38.7109489440918)
2723_764,7142_20260101_168_0_5,168_0,1,38.74679946899414,-9.170330047607422,28,IN_TRANSIT_TO,2026-03-06 08:30:33,12710,2723,92-XQ-43,POINT (-9.170330047607422 38.74679946899414)
2347_703,3162_20260101_165_0_4,165_0,0,38.75947189331055,-9.180480003356934,29,IN_TRANSIT_TO,2026-03-06 08:30:28,12828,2347,53-61-ZJ,POINT (-9.180480003356934 38.75947189331055)
2441_767,7311_20260101_112_0_3,112_0,0,38.734779357910156,-9.14153003692627,6,IN_TRANSIT_TO,2026-03-06 08:30:32,11102,2441,29-AX-07,POINT (-9.14153003692627 38.734779357910156)
2741_742,5687_20260101_114_0_5,114_0,0,38.73482894897461,-9.15250015258789,25,IN_TRANSIT_TO,2026-03-06 08:30:35,1413,2741,AG-99-TG,POINT (-9.15250015258789 38.73482894897461)
2479_716,3757_20260101_164_0_6,164_0,1,38.73918151855469,-9.1670503616333,14,IN_TRANSIT_TO,2026-03-06 08:30:12,1620,2479,91-BE-74,POINT (-9.1670503616333 38.73918151855469)
4634_736,5424_20260101_199_0_2,199_0,1,38.73984909057617,-9.146400451660156,21,IN_TRANSIT_TO,2026-03-06 08:30:23,1902,4634,11-JM-78,POINT (-9.146400451660156 38.73984909057617)
2414_747,6101_20260101_177_0_4,177_0,1,38.76530075073242,-9.166970252990723,17,IN_TRANSIT_TO,2026-03-06 08:30:23,50008,2414,92-AO-51,POINT (-9.166970252990723 38.76530075073242)
2844_751,6510_20260101_109_0_2,109_0,0,38.725730895996094,-9.172670364379883,2,IN_TRANSIT_TO,2026-03-06 08:30:34,2704,2844,BF-73-FZ,POINT (-9.172670364379883 38.725730895996094)
2288_799,8211_20260101_120_0_5,120_0,1,38.744850158691406,-9.199780464172363,17,IN_TRANSIT_TO,2026-03-06 08:30:21,2812,2288,92-59-ZM,POINT (-9.199780464172363 38.744850158691406)
2295_724,4230_20260101_178_0_8,178_0,1,38.7635498046875,-9.198820114135742,1,IN_TRANSIT_TO,2026-03-06 08:30:24,13908,2295,92-53-ZM,POINT (-9.198820114135742 38.7635498046875)
2763_756,6754_20260101_175_0_5,175_0,0,38.73727035522461,-9.157400131225586,13,IN_TRANSIT_TO,2026-03-06 08:30:33,1503,2763,AH-23-ND,POINT (-9.157400131225586 38.73727035522461)
2417_747,6122_20260101_177_0_5,177_0,0,38.76382827758789,-9.17378044128418,9,IN_TRANSIT_TO,2026-03-06 08:30:41,50007,2417,50-AL-06,POINT (-9.17378044128418 38.76382827758789)
2755_742,5747_20260101_114_0_4,114_0,1,38.734230041503906,-9.136150360107422,40,IN_TRANSIT_TO,2026-03-06 08:30:27,11115,2755,AG-95-TG,POINT (-9.136150360107422 38.734230041503906)
2298_742,5783_20260101_114_0_3,114_0,0,38.709869384765625,-9.191300392150879,52,IN_TRANSIT_TO,2026-03-06 08:30:08,10308,2298,83-05-ZM,POINT (-9.191300392150879 38.709869384765625)
608_15E,11303_20260101_76_0_3,76_0,0,38.69728088378906,-9.202199935913086,16,IN_TRANSIT_TO,2026-03-06 08:30:25,4112,608,,POINT (-9.202199935913086 38.69728088378906)
2979_702,3030_20260101_146_0_8,146_0,1,38.730770111083984,-9.173270225524902,0,IN_TRANSIT_TO,2026-03-06 08:30:34,,2979,30-VM-17,POINT (-9.173270225524902 38.730770111083984)
2257_758,6831_20260101_150_0_3,150_0,1,38.71992874145508,-9.154720306396484,26,IN_TRANSIT_TO,2026-03-06 08:30:11,6807,2257,80-50-ZE,POINT (-9.154720306396484 38.71992874145508)
2282_767,7281_20260101_112_0_2,112_0,1,38.748050689697266,-9.215120315551758,4,IN_TRANSIT_TO,2026-03-06 08:30:24,3018,2282,67-35-ZJ,POINT (-9.215120315551758 38.748050689697266)
2281_731,5014_20260101_190_0_5,190_0,0,38.745731353759766,-9.154669761657715,10,IN_TRANSIT_TO,2026-03-06 08:30:15,3311,2281,67-56-ZJ,POINT (-9.154669761657715 38.745731353759766)
2628_744,5846_20260101_200_0_4,200_0,1,38.7669792175293,-9.098750114440918,6,IN_TRANSIT_TO,2026-03-06 08:30:38,7825,2628,52-VP-82,POINT (-9.098750114440918 38.7669792175293)
2841_753,6559_20260101_167_0_3,167_0,0,38.72507858276367,-9.155269622802734,5,IN_TRANSIT_TO,2026-03-06 08:30:33,1223,2841,BF-55-FZ,POINT (-9.155269622802734 38.72507858276367)
281_64B,21775_20260101_238_0_4,238_0,0,38.71527862548828,-9.175450325012207,10,IN_TRANSIT_TO,2026-03-06 08:30:31,50492,281,AI-48-OJ,POINT (-9.175450325012207 38.71527862548828)
2301_735,5279_20260101_172_1_3,172_1,0,38.70954895019531,-9.128820419311523,4,IN_TRANSIT_TO,2026-03-06 08:30:19,4501,2301,83-12-ZM,POINT (-9.128820419311523 38.70954895019531)
6015_726,4341_20260101_116_0_3,116_0,0,38.76768112182617,-9.203530311584473,31,IN_TRANSIT_TO,2026-03-06 08:30:39,13902,6015,69-ZF-01,POINT (-9.203530311584473 38.76768112182617)
2717_711,3519_20260101_101_0_3,101_0,1,38.74689865112305,-9.216119766235352,4,IN_TRANSIT_TO,2026-03-06 08:30:29,3015,2717,92-XQ-16,POINT (-9.216119766235352 38.74689865112305)
280_61B,21520_20260101_241_0_5,241_0,1,38.73085021972656,-9.173150062561035,0,IN_TRANSIT_TO,2026-03-06 08:30:44,,280,AI-46-OJ,POINT (-9.173150062561035 38.73085021972656)
4835_736,5351_20260101_199_0_5,199_0,0,38.760501861572266,-9.155670166015625,14,IN_TRANSIT_TO,2026-03-06 08:30:37,5805,4835,53-VR-06,POINT (-9.155670166015625 38.760501861572266)
4624_755,6682_20260101_118_0_4,118_0,0,38.756649017333984,-9.127099990844727,22,IN_TRANSIT_TO,2026-03-06 08:30:38,14707,4624,11-JM-75,POINT (-9.127099990844727 38.756649017333984)
4811_751,6520_20260101_109_4_4,109_4,1,38.722450256347656,-9.175029754638672,12,IN_TRANSIT_TO,2026-03-06 08:30:40,11901,4811,34-VR-20,POINT (-9.175029754638672 38.722450256347656)
306_783,7809_20260101_203_0_5,203_0,0,38.742618560791016,-9.146780014038086,8,IN_TRANSIT_TO,2026-03-06 08:30:36,1809,306,73-ST-81,POINT (-9.146780014038086 38.742618560791016)
305_756,6727_20260101_175_0_2,175_0,1,38.73244857788086,-9.164469718933105,10,IN_TRANSIT_TO,2026-03-06 08:30:42,6125,305,73-ST-80,POINT (-9.164469718933105 38.73244857788086)
2738_720,4101_20260101_143_0_3,143_0,0,38.70465087890625,-9.17667007446289,26,IN_TRANSIT_TO,2026-03-06 08:30:44,12102,2738,AG-46-EI,POINT (-9.17667007446289 38.70465087890625)
307_708,3365_20260101_100_0_6,100_0,0,38.71590042114258,-9.135780334472656,2,IN_TRANSIT_TO,2026-03-06 08:28:34,818,307,73-ST-82,POINT (-9.135780334472656 38.71590042114258)
6007_767,7289_20260101_112_0_3,112_0,0,38.75279998779297,-9.206279754638672,39,IN_TRANSIT_TO,2026-03-06 08:30:39,10927,6007,80-ZC-62,POINT (-9.206279754638672 38.75279998779297)
4601_750,6335_20260101_106_0_3,106_0,0,38.71358108520508,-9.224379539489746,33,IN_TRANSIT_TO,2026-03-06 08:30:26,18111,4601,96-GL-79,POINT (-9.224379539489746 38.71358108520508)
6035_706,3260_20260101_147_0_4,147_0,0,38.708900451660156,-9.150629997253418,5,IN_TRANSIT_TO,2026-03-06 08:30:38,3922,6035,BG-76-LX,POINT (-9.150629997253418 38.708900451660156)
2765_756,6730_20260101_175_0_4,175_0,1,38.703731536865234,-9.179149627685547,2,IN_TRANSIT_TO,2026-03-06 08:30:35,12107,2765,AH-37-ND,POINT (-9.179149627685547 38.703731536865234)
2783_754,6592_20260101_201_0_4,201_0,1,38.74467086791992,-9.190879821777344,20,IN_TRANSIT_TO,2026-03-06 08:30:38,10838,2783,AI-10-BT,POINT (-9.190879821777344 38.74467086791992)
607_15E,11186_20260101_76_0_3,76_0,0,38.69977951049805,-9.184370040893555,12,IN_TRANSIT_TO,2026-03-06 08:30:29,9504,607,,POINT (-9.184370040893555 38.69977951049805)
2978_45B,45281_20260101_277_0_2,277_0,1,38.760501861572266,-9.155799865722656,14,IN_TRANSIT_TO,2026-03-06 08:30:35,5803,2978,29-VM-92,POINT (-9.155799865722656 38.760501861572266)
2259_758,6837_20260101_150_0_2,150_0,1,38.73217010498047,-9.162630081176758,18,IN_TRANSIT_TO,2026-03-06 08:30:36,6124,2259,67-44-ZJ,POINT (-9.162630081176758 38.73217010498047)
2270_758,6770_20260101_150_0_5,150_0,0,38.7164306640625,-9.147879600524902,5,IN_TRANSIT_TO,2026-03-06 08:30:01,10601,2270,76-82-ZG,POINT (-9.147879600524902 38.7164306640625)
2430_767,7201_20260101_112_0_2,112_0,1,38.722251892089844,-9.140219688415527,43,IN_TRANSIT_TO,2026-03-06 08:30:35,9207,2430,29-AX-12,POINT (-9.140219688415527 38.722251892089844)
2442_716,3744_20260101_164_0_5,164_0,0,38.75080108642578,-9.201600074768066,22,IN_TRANSIT_TO,2026-03-06 08:29:57,10906,2442,29-AX-06,POINT (-9.201600074768066 38.75080108642578)
2779_713,3621_20260101_122_0_6,122_0,1,38.731449127197266,-9.168620109558105,0,IN_TRANSIT_TO,2026-03-06 08:30:44,,2779,AI-02-BT,POINT (-9.168620109558105 38.731449127197266)
308_783,7854_20260101_203_0_5,203_0,0,38.77914810180664,-9.120220184326172,25,IN_TRANSIT_TO,2026-03-06 08:30:38,12603,308,68-SX-55,POINT (-9.120220184326172 38.77914810180664)
2703_727,4537_20260101_103_0_2,103_0,0,38.71112060546875,-9.206879615783691,43,IN_TRANSIT_TO,2026-03-06 08:30:32,12914,2703,92-XQ-24,POINT (-9.206879615783691 38.71112060546875)
2495_735,5182_20260101_172_0_5,172_0,0,38.73366928100586,-9.133930206298828,19,IN_TRANSIT_TO,2026-03-06 08:30:02,509,2495,88-BL-69,POINT (-9.133930206298828 38.73366928100586)
6038_732,5044_20260101_107_0_3,107_0,0,38.70191955566406,-9.180930137634277,27,IN_TRANSIT_TO,2026-03-06 08:30:35,12108,6038,BG-46-LV,POINT (-9.180930137634277 38.70191955566406)
2842_751,6459_20260101_109_0_3,109_0,1,38.7052001953125,-9.176719665527344,24,IN_TRANSIT_TO,2026-03-06 08:30:36,12107,2842,BF-56-FZ,POINT (-9.176719665527344 38.7052001953125)
4833_736,5319_20260101_199_0_5,199_0,0,38.78575134277344,-9.172419548034668,26,IN_TRANSIT_TO,2026-03-06 08:30:30,7211,4833,20-VQ-65,POINT (-9.172419548034668 38.78575134277344)
6009_729,4801_20260101_104_0_3,104_0,1,38.76918029785156,-9.189069747924805,42,IN_TRANSIT_TO,2026-03-06 08:30:37,14106,6009,81-ZC-18,POINT (-9.189069747924805 38.76918029785156)
4839_736,5331_20260101_199_0_3,199_0,0,38.78715133666992,-9.169719696044922,24,IN_TRANSIT_TO,2026-03-06 08:30:40,7207,4839,53-VR-08,POINT (-9.169719696044922 38.78715133666992)
2272_758,6815_20260101_150_0_4,150_0,1,38.70528030395508,-9.143380165100098,33,IN_TRANSIT_TO,2026-03-06 08:30:36,3826,2272,76-80-ZG,POINT (-9.143380165100098 38.70528030395508)
2796_713,3614_20260101_122_0_2,122_0,1,38.7081184387207,-9.173800468444824,7,IN_TRANSIT_TO,2026-03-06 08:30:29,9425,2796,AJ-59-LI,POINT (-9.173800468444824 38.7081184387207)
4825_736,18816_20260101_199_0_4,199_0,1,38.766849517822266,-9.157879829406738,12,IN_TRANSIT_TO,2026-03-06 08:30:16,5902,4825,20-VQ-72,POINT (-9.157879829406738 38.766849517822266)
2345_771,21942_20260101_248_0_6,248_0,0,38.7329216003418,-9.162850379943848,5,IN_TRANSIT_TO,2026-03-06 08:30:15,2710,2345,53-59-ZJ,POINT (-9.162850379943848 38.7329216003418)
2614_781,7747_20260101_151_0_4,151_0,0,38.70766830444336,-9.13284969329834,4,IN_TRANSIT_TO,2026-03-06 08:30:25,4505,2614,66-VI-24,POINT (-9.13284969329834 38.70766830444336)
2965_765,7179_20260101_110_0_7,110_0,0,38.75284957885742,-9.189729690551758,0,IN_TRANSIT_TO,2026-03-06 08:30:27,,2965,29-VM-97,POINT (-9.189729690551758 38.75284957885742)
2997_702,3053_20260101_146_0_13,146_0,0,38.72740173339844,-9.162679672241211,4,IN_TRANSIT_TO,2026-03-06 08:30:35,6105,2997,34-VN-03,POINT (-9.162679672241211 38.72740173339844)
6023_760,7081_20260101_171_0_5,171_0,0,38.704769134521484,-9.177669525146484,18,IN_TRANSIT_TO,2026-03-06 08:30:24,12121,6023,BF-03-BD,POINT (-9.177669525146484 38.704769134521484)
4815_728,4569_20260101_204_0_3,204_0,1,38.69723129272461,-9.189849853515625,41,IN_TRANSIT_TO,2026-03-06 08:30:27,9502,4815,34-VR-24,POINT (-9.189849853515625 38.69723129272461)
2821_753,6541_20260101_167_0_8,167_0,1,38.66762161254883,-9.163680076599121,0,IN_TRANSIT_TO,2026-03-06 08:30:00,,2821,BF-71-FZ,POINT (-9.163680076599121 38.66762161254883)
2824_753,6564_20260101_167_0_7,167_0,0,38.726871490478516,-9.14663028717041,2,IN_TRANSIT_TO,2026-03-06 08:30:41,6602,2824,BF-67-FZ,POINT (-9.14663028717041 38.726871490478516)
2613_781,7762_20260101_151_0_4,151_0,1,38.75878143310547,-9.11217975616455,15,IN_TRANSIT_TO,2026-03-06 08:30:33,8413,2613,66-VI-22,POINT (-9.11217975616455 38.75878143310547)
4827_736,5422_20260101_199_0_4,199_0,1,38.7222785949707,-9.147520065307617,26,IN_TRANSIT_TO,2026-03-06 08:30:04,1206,4827,34-VR-15,POINT (-9.147520065307617 38.7222785949707)
2606_759,6943_20260101_144_0_4,144_0,1,38.77455139160156,-9.11400032043457,7,IN_TRANSIT_TO,2026-03-06 08:30:31,12309,2606,66-VI-40,POINT (-9.11400032043457 38.77455139160156)
2601_722,4127_20260101_196_0_4,196_0,1,38.73352813720703,-9.145079612731934,29,IN_TRANSIT_TO,2026-03-06 08:30:15,1812,2601,04-VA-70,POINT (-9.145079612731934 38.73352813720703)
2264_771,21940_20260101_248_0_4,248_0,0,38.72005081176758,-9.197870254516602,13,IN_TRANSIT_TO,2026-03-06 08:30:10,21301,2264,76-90-ZG,POINT (-9.197870254516602 38.72005081176758)
6036_760,7103_20260101_171_0_5,171_0,1,38.71369934082031,-9.136429786682129,34,IN_TRANSIT_TO,2026-03-06 08:30:28,905,6036,BG-90-LX,POINT (-9.136429786682129 38.71369934082031)
6026_729,4820_20260101_104_0_2,104_0,1,38.74502944946289,-9.199819564819336,25,IN_TRANSIT_TO,2026-03-06 08:30:33,2806,6026,BF-39-BB,POINT (-9.199819564819336 38.74502944946289)
2706_713,20157_20260101_122_0_3,122_0,0,38.71175003051758,-9.160400390625,18,IN_TRANSIT_TO,2026-03-06 08:30:37,8113,2706,92-XQ-46,POINT (-9.160400390625 38.71175003051758)
2739_735,5232_20260101_172_0_4,172_0,1,38.72237014770508,-9.129119873046875,24,IN_TRANSIT_TO,2026-03-06 08:30:39,7003,2739,AG-31-EI,POINT (-9.129119873046875 38.72237014770508)
2602_722,4119_20260101_196_0_4,196_0,0,38.740299224853516,-9.13694953918457,10,IN_TRANSIT_TO,2026-03-06 08:30:34,11104,2602,16-VF-81,POINT (-9.13694953918457 38.740299224853516)
602_15E,11202_20260101_76_0_5,76_0,0,38.703670501708984,-9.171429634094238,8,IN_TRANSIT_TO,2026-03-06 08:30:39,10202,602,,POINT (-9.171429634094238 38.703670501708984)
2653_718,3975_20260101_105_0_4,105_0,0,38.73698043823242,-9.133720397949219,29,IN_TRANSIT_TO,2026-03-06 08:30:37,413,2653,05-VZ-52,POINT (-9.133720397949219 38.73698043823242)
4806_751,6506_20260101_109_0_5,109_0,1,38.703819274902344,-9.226869583129883,8,IN_TRANSIT_TO,2026-03-06 08:30:42,18403,4806,20-VQ-74,POINT (-9.226869583129883 38.703819274902344)
2749_755,6709_20260101_118_0_5,118_0,1,38.75257873535156,-9.126219749450684,16,IN_TRANSIT_TO,2026-03-06 08:30:32,50230,2749,AG-03-TH,POINT (-9.126219749450684 38.75257873535156)
2988_730,4947_20260101_198_0_4,198_0,0,38.72908020019531,-9.146080017089844,24,IN_TRANSIT_TO,2026-03-06 08:30:18,6605,2988,29-VM-94,POINT (-9.146080017089844 38.72908020019531)
4826_783,7842_20260101_203_0_4,203_0,1,38.759498596191406,-9.137200355529785,14,IN_TRANSIT_TO,2026-03-06 08:30:40,11308,4826,53-VR-05,POINT (-9.137200355529785 38.759498596191406)
2657_718,3962_20260101_105_0_3,105_0,1,38.74542999267578,-9.135869979858398,0,IN_TRANSIT_TO,2026-03-06 08:30:29,,2657,05-VZ-66,POINT (-9.135869979858398 38.74542999267578)
2637_759,6987_20260101_144_0_4,144_0,1,38.7135009765625,-9.136770248413086,45,IN_TRANSIT_TO,2026-03-06 08:30:20,913,2637,87-VS-51,POINT (-9.136770248413086 38.7135009765625)
4830_736,5408_20260101_199_0_4,199_0,1,38.720279693603516,-9.145750045776367,27,IN_TRANSIT_TO,2026-03-06 08:30:31,1102,4830,20-VQ-63,POINT (-9.145750045776367 38.720279693603516)
2638_759,6961_20260101_144_0_3,144_0,0,38.7671012878418,-9.098930358886719,45,IN_TRANSIT_TO,2026-03-06 08:30:38,7822,2638,87-VS-48,POINT (-9.098930358886719 38.7671012878418)
2617_744,5805_20260101_200_0_3,200_0,0,38.75680160522461,-9.139749526977539,14,IN_TRANSIT_TO,2026-03-06 08:30:38,11315,2617,66-VI-28,POINT (-9.139749526977539 38.75680160522461)
6005_706,3224_20260101_147_0_5,147_0,1,38.733551025390625,-9.133970260620117,13,IN_TRANSIT_TO,2026-03-06 08:30:30,503,6005,81-ZC-91,POINT (-9.133970260620117 38.733551025390625)
2648_744,5830_20260101_200_0_2,200_0,1,38.73255157470703,-9.14568042755127,27,IN_TRANSIT_TO,2026-03-06 08:30:29,1812,2648,75-VS-46,POINT (-9.14568042755127 38.73255157470703)
2619_705,3180_20260101_176_0_3,176_0,0,38.74332809448242,-9.133769989013672,25,IN_TRANSIT_TO,2026-03-06 08:30:42,308,2619,66-VI-37,POINT (-9.133769989013672 38.74332809448242)
2698_713,3605_20260101_122_0_2,122_0,1,38.716800689697266,-9.157919883728027,21,IN_TRANSIT_TO,2026-03-06 08:30:04,8103,2698,92-XQ-20,POINT (-9.157919883728027 38.716800689697266)
6039_760,7022_20260101_171_0_3,171_0,1,38.70478057861328,-9.195929527282715,17,IN_TRANSIT_TO,2026-03-06 08:30:44,13305,6039,BG-96-LU,POINT (-9.195929527282715 38.70478057861328)
2716_748,6132_20260101_169_0_5,169_0,0,38.72478103637695,-9.157879829406738,3,IN_TRANSIT_TO,2026-03-06 08:30:10,1223,2716,92-XQ-27,POINT (-9.157879829406738 38.72478103637695)
6025_732,5057_20260101_107_0_3,107_0,0,38.713829040527344,-9.139780044555664,15,IN_TRANSIT_TO,2026-03-06 08:30:34,1006,6025,BF-92-AX,POINT (-9.139780044555664 38.713829040527344)
2991_737,5489_20260101_173_0_4,173_0,1,38.71023178100586,-9.135000228881836,5,IN_TRANSIT_TO,2026-03-06 08:30:38,13802,2991,29-VM-89,POINT (-9.135000228881836 38.71023178100586)
4820_751,6437_20260101_109_4_7,109_4,0,38.71538162231445,-9.175919532775879,5,IN_TRANSIT_TO,2026-03-06 08:30:39,11904,4820,20-VQ-62,POINT (-9.175919532775879 38.71538162231445)
2704_764,7135_20260101_168_0_5,168_0,0,38.75077819824219,-9.158820152282715,2,IN_TRANSIT_TO,2026-03-06 08:30:37,13507,2704,92-XQ-18,POINT (-9.158820152282715 38.75077819824219)
6041_760,7066_20260101_171_0_2,171_0,0,38.703678131103516,-9.195019721984863,26,IN_TRANSIT_TO,2026-03-06 08:30:26,13410,6041,BG-20-LV,POINT (-9.195019721984863 38.703678131103516)
2639_759,6949_20260101_144_0_4,144_0,1,38.77103042602539,-9.097430229187012,2,IN_TRANSIT_TO,2026-03-06 08:30:34,7805,2639,75-VS-47,POINT (-9.097430229187012 38.77103042602539)
2826_753,18385_20260101_167_0_21,167_0,0,38.666351318359375,-9.166080474853516,8,IN_TRANSIT_TO,2026-03-06 00:24:24,14601,2826,BF-74-FZ,POINT (-9.166080474853516 38.666351318359375)
2989_71B,45267_20260101_278_0_2,278_0,0,38.733070373535156,-9.20596981048584,12,IN_TRANSIT_TO,2026-03-06 08:30:37,50612,2989,29-VM-85,POINT (-9.20596981048584 38.733070373535156)
2642_744,5850_20260101_200_0_3,200_0,0,38.771629333496094,-9.107529640197754,23,IN_TRANSIT_TO,2026-03-06 08:30:32,7709,2642,75-VS-51,POINT (-9.107529640197754 38.771629333496094)
2737_755,6676_20260101_118_0_3,118_0,0,38.75389862060547,-9.137330055236816,30,IN_TRANSIT_TO,2026-03-06 08:30:32,7406,2737,AG-45-EI,POINT (-9.137330055236816 38.75389862060547)
2611_781,7756_20260101_151_0_4,151_0,1,38.73780059814453,-9.103249549865723,22,IN_TRANSIT_TO,2026-03-06 08:30:31,12512,2611,66-VI-38,POINT (-9.103249549865723 38.73780059814453)
2721_746,5993_20260101_108_0_2,108_0,1,38.74129867553711,-9.170149803161621,14,IN_TRANSIT_TO,2026-03-06 08:30:39,1615,2721,92-XQ-37,POINT (-9.170149803161621 38.74129867553711)
2326_712,3558_20260101_189_0_3,189_0,0,38.725399017333984,-9.151220321655273,17,IN_TRANSIT_TO,2026-03-06 08:30:26,1202,2326,67-49-ZJ,POINT (-9.151220321655273 38.725399017333984)
2632_759,6973_20260101_144_0_5,144_0,0,38.739471435546875,-9.11217975616455,19,IN_TRANSIT_TO,2026-03-06 08:29:54,3711,2632,52-VP-88,POINT (-9.11217975616455 38.739471435546875)
2981_774,7457_20260101_192_0_7,192_0,0,38.72352981567383,-9.159950256347656,6,IN_TRANSIT_TO,2026-03-06 08:29:31,8520,2981,29-VM-86,POINT (-9.159950256347656 38.72352981567383)
6030_732,5062_20260101_107_0_3,107_0,0,38.73952102661133,-9.146320343017578,6,IN_TRANSIT_TO,2026-03-06 08:30:33,1902,6030,BF-39-AU,POINT (-9.146320343017578 38.73952102661133)
2618_705,3195_20260101_176_0_3,176_0,1,38.76702880859375,-9.098219871520996,24,IN_TRANSIT_TO,2026-03-06 08:30:39,7822,2618,66-VI-42,POINT (-9.098219871520996 38.76702880859375)
2646_722,4129_20260101_196_0_3,196_0,1,38.76961898803711,-9.123470306396484,14,IN_TRANSIT_TO,2026-03-06 08:30:42,12202,2646,75-VS-48,POINT (-9.123470306396484 38.76961898803711)
2733_735,5206_20260101_172_0_4,172_0,1,38.70602035522461,-9.143879890441895,37,IN_TRANSIT_TO,2026-03-06 08:30:43,3820,2733,AG-41-EI,POINT (-9.143879890441895 38.70602035522461)
2468_729,4836_20260101_104_0_1,104_0,0,38.6986198425293,-9.225330352783203,39,IN_TRANSIT_TO,2026-03-06 08:30:19,4208,2468,16-AZ-10,POINT (-9.225330352783203 38.6986198425293)
2664_723,63530_20260101_121_0_2,121_0,0,38.69926834106445,-9.214119911193848,26,IN_TRANSIT_TO,2026-03-06 08:30:28,9711,2664,05-VZ-68,POINT (-9.214119911193848 38.69926834106445)
2308_723,63529_20260101_121_0_3,121_0,0,38.70024871826172,-9.215570449829102,26,IN_TRANSIT_TO,2026-03-06 08:30:16,9711,2308,83-17-ZM,POINT (-9.215570449829102 38.70024871826172)
2640_781,7737_20260101_151_0_4,151_0,0,38.74232864379883,-9.10216999053955,8,IN_TRANSIT_TO,2026-03-06 08:30:25,12513,2640,75-VS-43,POINT (-9.10216999053955 38.74232864379883)
2654_718,3978_20260101_105_0_4,105_0,0,38.7234001159668,-9.114629745483398,19,IN_TRANSIT_TO,2026-03-06 08:30:34,9808,2654,05-VZ-69,POINT (-9.114629745483398 38.7234001159668)
2707_727,4515_20260101_103_0_3,103_0,1,38.71923065185547,-9.15548038482666,33,IN_TRANSIT_TO,2026-03-06 08:30:36,6817,2707,92-XQ-39,POINT (-9.15548038482666 38.71923065185547)
2612_744,5841_20260101_200_0_4,200_0,1,38.76966857910156,-9.123700141906738,12,IN_TRANSIT_TO,2026-03-06 08:30:41,12202,2612,66-VI-29,POINT (-9.123700141906738 38.76966857910156)
2736_749,59013_20260101_195_0_2,195_0,1,38.74998092651367,-9.16862964630127,11,IN_TRANSIT_TO,2026-03-06 08:30:35,10724,2736,AG-47-EI,POINT (-9.16862964630127 38.74998092651367)
542_25E,14268_20260101_79_0_2,79_0,0,38.70772933959961,-9.159549713134766,7,IN_TRANSIT_TO,2026-03-06 08:30:36,50594,542,,POINT (-9.159549713134766 38.70772933959961)
2713_727,4536_20260101_103_0_3,103_0,1,38.7105712890625,-9.20376968383789,6,IN_TRANSIT_TO,2026-03-06 08:30:21,12913,2713,92-XQ-34,POINT (-9.20376968383789 38.7105712890625)
2635_759,6981_20260101_144_0_5,144_0,0,38.7193489074707,-9.116350173950195,8,IN_TRANSIT_TO,2026-03-06 08:30:33,2127,2635,52-VP-90,POINT (-9.116350173950195 38.7193489074707)
2799_713,3576_20260101_122_0_5,122_0,0,38.718299865722656,-9.15684986114502,15,IN_TRANSIT_TO,2026-03-06 08:30:41,6802,2799,AJ-52-LI,POINT (-9.15684986114502 38.718299865722656)
6040_760,7105_20260101_171_0_2,171_0,1,38.70465087890625,-9.178079605102539,23,IN_TRANSIT_TO,2026-03-06 08:30:24,12119,6040,BG-46-LT,POINT (-9.178079605102539 38.70465087890625)
2996_45B,45280_20260101_277_0_4,277_0,0,38.774078369140625,-9.160449981689453,6,IN_TRANSIT_TO,2026-03-06 08:30:37,50163,2996,30-VM-03,POINT (-9.160449981689453 38.774078369140625)
402_73B,18773_20260101_220_0_2,220_0,0,38.70682144165039,-9.175829887390137,37,IN_TRANSIT_TO,2026-03-06 08:30:15,9505,402,BF-81-TP,POINT (-9.175829887390137 38.70682144165039)
549_28E,14895_20260101_75_0_3,75_0,1,38.71352005004883,-9.128680229187012,25,IN_TRANSIT_TO,2026-03-06 08:30:33,50561,549,,POINT (-9.128680229187012 38.71352005004883)
2686_714,3671_20260101_102_0_5,102_0,0,38.70623016357422,-9.173379898071289,11,IN_TRANSIT_TO,2026-03-06 08:30:31,9417,2686,99-XE-58,POINT (-9.173379898071289 38.70623016357422)
582_28E,14908_20260101_75_0_3,75_0,1,38.70804977416992,-9.141670227050781,16,IN_TRANSIT_TO,2026-03-06 08:30:11,10519,582,,POINT (-9.141670227050781 38.70804977416992)
2652_718,3959_20260101_105_0_5,105_0,1,38.73139953613281,-9.127229690551758,7,IN_TRANSIT_TO,2026-03-06 08:30:20,7010,2652,05-VZ-61,POINT (-9.127229690551758 38.73139953613281)
2626_781,7765_20260101_151_0_4,151_0,1,38.76816940307617,-9.110170364379883,11,IN_TRANSIT_TO,2026-03-06 08:30:23,7714,2626,52-VP-86,POINT (-9.110170364379883 38.76816940307617)
2620_781,57699_20260101_151_0_4,151_0,1,38.78303146362305,-9.124719619750977,4,IN_TRANSIT_TO,2026-03-06 08:30:31,16304,2620,66-VI-33,POINT (-9.124719619750977 38.78303146362305)
2829_751,6503_20260101_109_0_4,109_0,1,38.70064926147461,-9.221929550170898,12,IN_TRANSIT_TO,2026-03-06 08:30:37,4204,2829,BF-58-FZ,POINT (-9.221929550170898 38.70064926147461)
4810_728,4609_20260101_204_0_5,204_0,1,38.76237106323242,-9.098219871520996,11,IN_TRANSIT_TO,2026-03-06 08:30:40,2401,4810,20-VQ-60,POINT (-9.098219871520996 38.76237106323242)
2621_744,5816_20260101_200_0_5,200_0,0,38.72959899902344,-9.147279739379883,4,IN_TRANSIT_TO,2026-03-06 08:30:30,1701,2621,66-VI-45,POINT (-9.147279739379883 38.72959899902344)
2622_744,5838_20260101_200_0_4,200_0,1,38.76395034790039,-9.12975025177002,14,IN_TRANSIT_TO,2026-03-06 08:30:40,50592,2622,66-VI-21,POINT (-9.12975025177002 38.76395034790039)
263_64B,35837_20260101_238_0_4,238_0,0,38.7180290222168,-9.173150062561035,11,IN_TRANSIT_TO,2026-03-06 08:30:30,50488,263,AG-26-NH,POINT (-9.173150062561035 38.7180290222168)
2985_702,3047_20260101_146_0_3,146_0,0,38.7348518371582,-9.170330047607422,11,IN_TRANSIT_TO,2026-03-06 08:30:38,2707,2985,30-VM-14,POINT (-9.170330047607422 38.7348518371582)
2701_748,6160_20260101_169_0_7,169_0,0,38.71356964111328,-9.222970008850098,6,IN_TRANSIT_TO,2026-03-06 08:30:41,18102,2701,92-XQ-35,POINT (-9.222970008850098 38.71356964111328)
551_18E,12202_20260101_78_0_3,78_0,0,38.70372009277344,-9.194849967956543,15,IN_TRANSIT_TO,2026-03-06 08:30:26,13410,551,,POINT (-9.194849967956543 38.70372009277344)
2982_799,8227_20260101_120_0_5,120_0,0,38.74277114868164,-9.211819648742676,13,IN_TRANSIT_TO,2026-03-06 08:30:42,8820,2982,30-VM-23,POINT (-9.211819648742676 38.74277114868164)
2976_797,8161_20260101_163_0_11,163_0,1,38.72172927856445,-9.128800392150879,0,IN_TRANSIT_TO,2026-03-06 08:30:26,,2976,30-VM-00,POINT (-9.128800392150879 38.72172927856445)
2616_781,7722_20260101_151_0_4,151_0,0,38.76028060913086,-9.111669540405273,16,IN_TRANSIT_TO,2026-03-06 08:30:36,8414,2616,66-VI-44,POINT (-9.111669540405273 38.76028060913086)
2702_748,6144_20260101_169_0_8,169_0,1,38.723670959472656,-9.163069725036621,7,IN_TRANSIT_TO,2026-03-06 08:30:41,8608,2702,92-XQ-21,POINT (-9.163069725036621 38.723670959472656)
2604_718,3940_20260101_105_0_3,105_0,1,38.72719955444336,-9.110580444335938,15,IN_TRANSIT_TO,2026-03-06 08:30:34,8301,2604,66-VI-32,POINT (-9.110580444335938 38.72719955444336)
552_28E,14972_20260101_75_0_4,75_0,0,38.71097946166992,-9.147080421447754,23,IN_TRANSIT_TO,2026-03-06 08:30:08,9906,552,,POINT (-9.147080421447754 38.71097946166992)
2634_705,3186_20260101_176_0_3,176_0,0,38.76525115966797,-9.129380226135254,18,IN_TRANSIT_TO,2026-03-06 08:30:41,7602,2634,52-VP-85,POINT (-9.129380226135254 38.76525115966797)
2332_712,3541_20260101_189_0_5,189_0,1,38.72642135620117,-9.136170387268066,20,IN_TRANSIT_TO,2026-03-06 08:30:22,615,2332,53-55-ZJ,POINT (-9.136170387268066 38.72642135620117)
2605_759,6978_20260101_144_0_3,144_0,0,38.72642135620117,-9.111680030822754,12,IN_TRANSIT_TO,2026-03-06 08:30:37,8301,2605,66-VI-35,POINT (-9.111680030822754 38.72642135620117)
2980_774,7430_20260101_192_0_8,192_0,1,38.715118408203125,-9.169580459594727,15,IN_TRANSIT_TO,2026-03-06 08:30:43,8013,2980,29-VM-90,POINT (-9.169580459594727 38.715118408203125)
2663_714,3697_20240914_102_0_16,102_0,1,38.72127151489258,-9.221500396728516,4,IN_TRANSIT_TO,2024-10-22 20:26:58,18703,2663,05-VZ-62,POINT (-9.221500396728516 38.72127151489258)
576_25E,14260_20260101_79_0_5,79_0,1,38.714229583740234,-9.161820411682129,5,IN_TRANSIT_TO,2026-03-06 08:30:13,8109,576,,POINT (-9.161820411682129 38.714229583740234)
2685_714,3705_20260101_102_0_4,102_0,1,38.70233154296875,-9.20658016204834,19,IN_TRANSIT_TO,2026-03-06 08:30:39,9605,2685,93-XA-46,POINT (-9.20658016204834 38.70233154296875)
579_18E,12182_20260101_78_0_7,78_0,0,38.70610046386719,-9.143250465393066,0,IN_TRANSIT_TO,2026-03-06 08:30:29,,579,,POINT (-9.143250465393066 38.70610046386719)
6043_747,6114_20260101_177_0_4,177_0,1,38.76591873168945,-9.1983003616333,1,IN_TRANSIT_TO,2026-03-06 08:30:03,13913,6043,BG-93-LT,POINT (-9.1983003616333 38.76591873168945)
554_24E,17842_20260101_213_0_6,213_0,0,38.71311950683594,-9.143380165100098,3,IN_TRANSIT_TO,2026-03-06 08:30:31,10503,554,,POINT (-9.143380165100098 38.71311950683594)
2732_708,3289_20260101_100_0_5,100_0,1,38.76396942138672,-9.116649627685547,22,IN_TRANSIT_TO,2026-03-06 08:30:37,8438,2732,AG-39-EI,POINT (-9.116649627685547 38.76396942138672)
545_28E,14920_20260101_75_0_5,75_0,1,38.714298248291016,-9.169230461120605,0,IN_TRANSIT_TO,2026-03-06 08:30:08,,545,,POINT (-9.169230461120605 38.714298248291016)
580_28E,15012_20260101_75_0_2,75_0,0,38.71726989746094,-9.129870414733887,9,IN_TRANSIT_TO,2026-03-06 08:30:32,14804,580,,POINT (-9.129870414733887 38.71726989746094)
543_28E,15024_20260101_75_0_4,75_0,0,38.715450286865234,-9.13599967956543,0,IN_TRANSIT_TO,2026-03-06 08:30:13,,543,,POINT (-9.13599967956543 38.715450286865234)
4804_751,6523_20260101_109_4_3,109_4,0,38.6976318359375,-9.20438003540039,15,IN_TRANSIT_TO,2026-03-06 08:29:44,4112,4804,53-VR-07,POINT (-9.20438003540039 38.6976318359375)
2963_730,4969_20260101_198_0_2,198_0,0,38.761199951171875,-9.19534969329834,0,IN_TRANSIT_TO,2026-03-06 08:30:24,,2963,29-VM-88,POINT (-9.19534969329834 38.761199951171875)
2687_748,6151_20260101_169_0_4,169_0,1,38.72372055053711,-9.196929931640625,6,IN_TRANSIT_TO,2026-03-06 08:30:33,14311,2687,93-XA-44,POINT (-9.196929931640625 38.72372055053711)
265_734,5150_20260101_205_0_4,205_0,0,38.72146987915039,-9.130120277404785,6,IN_TRANSIT_TO,2026-03-06 08:30:23,9127,265,AG-40-OV,POINT (-9.130120277404785 38.72146987915039)
2708_746,5958_20260101_108_0_6,108_0,1,38.747169494628906,-9.18904972076416,8,IN_TRANSIT_TO,2026-03-06 08:30:37,10803,2708,92-XQ-32,POINT (-9.18904972076416 38.747169494628906)
4813_751,6481_20260101_109_0_3,109_0,0,38.699771881103516,-9.224320411682129,22,IN_TRANSIT_TO,2026-03-06 08:30:35,4205,4813,68-VQ-50,POINT (-9.224320411682129 38.699771881103516)
2828_753,6548_20260101_167_0_7,167_0,0,38.69129943847656,-9.177550315856934,7,IN_TRANSIT_TO,2026-03-06 08:30:35,8607,2828,BF-60-FZ,POINT (-9.177550315856934 38.69129943847656)
2696_738,5553_20260101_117_0_3,117_0,0,38.731021881103516,-9.146300315856934,19,IN_TRANSIT_TO,2026-03-06 08:30:30,1704,2696,90-XF-63,POINT (-9.146300315856934 38.731021881103516)
2644_759,6896_20260101_144_0_2,144_0,1,38.71377182006836,-9.1225004196167,40,IN_TRANSIT_TO,2026-03-06 08:30:19,2128,2644,87-VS-52,POINT (-9.1225004196167 38.71377182006836)
507_15E,11254_20260101_76_0_4,76_0,1,38.70323181152344,-9.179670333862305,13,IN_TRANSIT_TO,2026-03-06 08:30:39,12111,507,,POINT (-9.179670333862305 38.70323181152344)
2977_730,4967_20260101_198_0_6,198_0,0,38.73352813720703,-9.120200157165527,1,IN_TRANSIT_TO,2026-03-06 08:30:44,8901,2977,30-VM-21,POINT (-9.120200157165527 38.73352813720703)
2427_747,6079_20260101_177_0_5,177_0,0,38.761531829833984,-9.157279968261719,0,IN_TRANSIT_TO,2026-03-06 08:30:22,,2427,29-AX-14,POINT (-9.157279968261719 38.761531829833984)
4808_728,4621_20260101_204_0_5,204_0,1,38.775081634521484,-9.102499961853027,6,IN_TRANSIT_TO,2026-03-06 08:30:36,7908,4808,20-VQ-73,POINT (-9.102499961853027 38.775081634521484)
6003_706,3252_20260101_147_0_4,147_0,0,38.72842025756836,-9.136879920959473,18,IN_TRANSIT_TO,2026-03-06 08:30:36,611,6003,82-ZC-02,POINT (-9.136879920959473 38.72842025756836)
572_25E,14263_20260101_79_0_4,79_0,0,38.71247100830078,-9.16034984588623,12,IN_TRANSIT_TO,2026-03-06 08:30:11,10012,572,,POINT (-9.16034984588623 38.71247100830078)
4824_783,7857_20260101_203_0_3,203_0,0,38.76184844970703,-9.130800247192383,16,IN_TRANSIT_TO,2026-03-06 08:30:36,11305,4824,34-VR-19,POINT (-9.130800247192383 38.76184844970703)
2778_714,3712_20260101_102_0_1,102_0,1,38.72412872314453,-9.209429740905762,9,IN_TRANSIT_TO,2026-03-06 08:30:33,18111,2778,AI-03-BT,POINT (-9.209429740905762 38.72412872314453)
2641_759,6970_20260101_144_0_3,144_0,0,38.7581787109375,-9.111969947814941,27,IN_TRANSIT_TO,2026-03-06 08:30:37,8416,2641,75-VS-49,POINT (-9.111969947814941 38.7581787109375)
270_76B,18630_20260101_219_0_4,219_0,0,38.7023811340332,-9.201419830322266,23,IN_TRANSIT_TO,2026-03-06 08:30:38,13309,270,AH-54-CZ,POINT (-9.201419830322266 38.7023811340332)
2974_770,7364_20260101_191_0_4,191_0,0,38.73789978027344,-9.167670249938965,16,IN_TRANSIT_TO,2026-03-06 08:30:43,2713,2974,30-VM-22,POINT (-9.167670249938965 38.73789978027344)
2660_713,3594_20260101_122_0_4,122_0,1,38.73086929321289,-9.156499862670898,29,IN_TRANSIT_TO,2026-03-06 08:30:28,6116,2660,05-VZ-60,POINT (-9.156499862670898 38.73086929321289)
269_79B,18661_20260101_221_0_3,221_0,0,38.7122688293457,-9.21442985534668,23,IN_TRANSIT_TO,2026-03-06 08:30:44,12415,269,AG-25-NH,POINT (-9.21442985534668 38.7122688293457)
2782_738,5519_20260101_117_0_2,117_0,1,38.70457077026367,-9.17628002166748,5,IN_TRANSIT_TO,2026-03-06 08:30:34,12101,2782,AI-99-BS,POINT (-9.17628002166748 38.70457077026367)
4644_728,4601_20260101_204_0_3,204_0,1,38.75551986694336,-9.096779823303223,14,IN_TRANSIT_TO,2026-03-06 08:30:17,2409,4644,27-JO-11,POINT (-9.096779823303223 38.75551986694336)
277_734,5152_20260101_205_0_2,205_0,1,38.71498107910156,-9.136449813842773,15,IN_TRANSIT_TO,2026-03-06 08:30:22,805,277,AH-13-TB,POINT (-9.136449813842773 38.71498107910156)
4805_751,6498_20260101_109_0_3,109_0,0,38.70690155029297,-9.1739501953125,7,IN_TRANSIT_TO,2026-03-06 08:30:30,9425,4805,20-VQ-66,POINT (-9.1739501953125 38.70690155029297)
2630_708,3358_20260101_100_0_4,100_0,0,38.757568359375,-9.12992000579834,14,IN_TRANSIT_TO,2026-03-06 08:30:37,7401,2630,52-VP-89,POINT (-9.12992000579834 38.757568359375)
2744_720,4086_20260101_143_0_5,143_0,1,38.741920471191406,-9.130620002746582,27,IN_TRANSIT_TO,2026-03-06 08:30:34,312,2744,AG-13-TH,POINT (-9.130620002746582 38.741920471191406)
4803_751,6514_20260101_109_0_5,109_0,0,38.69744873046875,-9.197680473327637,14,IN_TRANSIT_TO,2026-03-06 08:30:35,4114,4803,77-VP-16,POINT (-9.197680473327637 38.69744873046875)
2651_718,3937_20260101_105_0_5,105_0,1,38.74711990356445,-9.104680061340332,23,IN_TRANSIT_TO,2026-03-06 08:30:39,2208,2651,05-VZ-54,POINT (-9.104680061340332 38.74711990356445)
2720_711,3501_20260101_101_0_5,101_0,0,38.70719909667969,-9.133520126342773,0,IN_TRANSIT_TO,2026-03-06 08:30:33,,2720,92-XQ-28,POINT (-9.133520126342773 38.70719909667969)
2665_738,5528_20260101_117_0_3,117_0,0,38.70232009887695,-9.188249588012695,37,IN_TRANSIT_TO,2026-03-06 08:30:19,12010,2665,87-XB-33,POINT (-9.188249588012695 38.70232009887695)
272_734,5133_20260101_205_0_4,205_0,1,38.72285079956055,-9.131420135498047,9,IN_TRANSIT_TO,2026-03-06 08:30:39,9126,272,AH-26-IN,POINT (-9.131420135498047 38.72285079956055)
2983_52B,21661_20260101_244_0_3,244_0,0,38.73731994628906,-9.145270347595215,13,IN_TRANSIT_TO,2026-03-06 08:30:41,50544,2983,30-VM-08,POINT (-9.145270347595215 38.73731994628906)
257_58B,19291_20260101_227_0_4,227_0,0,38.7422981262207,-9.17821979522705,17,IN_TRANSIT_TO,2026-03-06 08:30:40,10720,257,AF-59-RM,POINT (-9.17821979522705 38.7422981262207)
262_776,7489_20260101_193_0_10,193_0,0,38.6998291015625,-9.243599891662598,6,IN_TRANSIT_TO,2026-03-06 08:30:36,50697,262,AF-49-ZD,POINT (-9.243599891662598 38.6998291015625)
2627_781,7721_20260101_151_0_3,151_0,0,38.77909851074219,-9.119879722595215,24,IN_TRANSIT_TO,2026-03-06 08:30:38,12305,2627,52-VP-83,POINT (-9.119879722595215 38.77909851074219)
2742_720,4066_20260101_143_0_5,143_0,0,38.742130279541016,-9.132630348205566,6,IN_TRANSIT_TO,2026-03-06 08:30:30,301,2742,AG-94-TG,POINT (-9.132630348205566 38.742130279541016)
2715_711,3517_20260101_101_0_4,101_0,1,38.7328987121582,-9.192130088806152,16,IN_TRANSIT_TO,2026-03-06 08:30:40,8718,2715,92-XQ-22,POINT (-9.192130088806152 38.7328987121582)
2608_759,6928_20260101_144_0_2,144_0,1,38.76906967163086,-9.117349624633789,14,IN_TRANSIT_TO,2026-03-06 08:30:38,7704,2608,66-VI-39,POINT (-9.117349624633789 38.76906967163086)
2966_774,7437_20260101_192_0_4,192_0,1,38.72211837768555,-9.150580406188965,5,IN_TRANSIT_TO,2026-03-06 08:30:30,1211,2966,30-VM-20,POINT (-9.150580406188965 38.72211837768555)
2719_714,3627_20260101_102_0_6,102_0,1,38.72397994995117,-9.228300094604492,0,IN_TRANSIT_TO,2026-03-06 08:30:32,,2719,92-XQ-17,POINT (-9.228300094604492 38.72397994995117)
2722_764,7166_20260101_168_0_3,168_0,0,38.753700256347656,-9.17473030090332,9,IN_TRANSIT_TO,2026-03-06 08:30:35,13617,2722,92-XQ-36,POINT (-9.17473030090332 38.753700256347656)
4632_783,7846_20260101_203_0_4,203_0,1,38.76892852783203,-9.127900123596191,12,IN_TRANSIT_TO,2026-03-06 08:29:56,7602,4632,98-JO-43,POINT (-9.127900123596191 38.76892852783203)
279_734,5144_20260101_205_0_4,205_0,0,38.713951110839844,-9.124500274658203,12,IN_TRANSIT_TO,2026-03-06 08:30:21,50588,279,AI-38-FG,POINT (-9.124500274658203 38.713951110839844)
2972_737,51373_20260101_173_0_2,173_0,0,38.74121856689453,-9.14723014831543,0,IN_TRANSIT_TO,2026-03-06 08:30:40,,2972,29-VM-96,POINT (-9.14723014831543 38.74121856689453)
267_79B,18671_20260101_221_0_3,221_0,0,38.69908142089844,-9.217530250549316,5,IN_TRANSIT_TO,2026-03-06 08:30:36,9716,267,AG-41-OV,POINT (-9.217530250549316 38.69908142089844)
2625_705,3190_20260101_176_0_4,176_0,0,38.77492904663086,-9.1114501953125,7,IN_TRANSIT_TO,2026-03-06 08:30:29,12302,2625,72-VP-79,POINT (-9.1114501953125 38.77492904663086)
2419_703,3158_20260101_165_0_3,165_0,0,38.75004959106445,-9.197529792785645,35,IN_TRANSIT_TO,2026-03-06 08:30:33,10802,2419,92-AO-55,POINT (-9.197529792785645 38.75004959106445)
2330_712,3549_20260101_189_0_4,189_0,1,38.725379943847656,-9.163399696350098,10,IN_TRANSIT_TO,2026-03-06 08:30:19,8508,2330,67-52-ZJ,POINT (-9.163399696350098 38.725379943847656)
2316_750,38367_20260101_106_4_5,106_4,0,38.74528121948242,-9.20438003540039,2,IN_TRANSIT_TO,2026-03-06 08:30:24,8816,2316,61-87-ZB,POINT (-9.20438003540039 38.74528121948242)
2260_758,6860_20260101_150_0_4,150_0,1,38.74713134765625,-9.188730239868164,8,IN_TRANSIT_TO,2026-03-06 08:30:35,10821,2260,67-47-ZJ,POINT (-9.188730239868164 38.74713134765625)
2310_723,4187_20260101_121_0_3,121_0,1,38.7010498046875,-9.21642017364502,7,IN_TRANSIT_TO,2026-03-06 08:30:19,9712,2310,83-07-ZM,POINT (-9.21642017364502 38.7010498046875)
2489_729,4788_20260101_104_0_4,104_0,0,38.76171875,-9.197019577026367,7,IN_TRANSIT_TO,2026-03-06 08:30:32,13911,2489,55-BH-05,POINT (-9.197019577026367 38.76171875)
2402_716,3747_20260101_164_0_7,164_0,0,38.74161911010742,-9.169099807739258,13,IN_TRANSIT_TO,2026-03-06 08:30:38,1607,2402,50-AL-13,POINT (-9.169099807739258 38.74161911010742)
2443_747,6119_20260101_177_0_4,177_0,0,38.771080017089844,-9.19342041015625,18,IN_TRANSIT_TO,2026-03-06 08:30:35,14101,2443,29-AX-05,POINT (-9.19342041015625 38.771080017089844)
2490_794,8073_20260101_115_0_4,115_0,0,38.750450134277344,-9.104450225830078,32,IN_TRANSIT_TO,2026-03-06 08:27:50,2220,2490,55-BH-01,POINT (-9.104450225830078 38.750450134277344)
1701_701,2947_20260101_123_0_4,123_0,1,38.74066925048828,-9.167499542236328,12,IN_TRANSIT_TO,2026-03-06 08:30:17,1621,1701,39-AB-08,POINT (-9.167499542236328 38.74066925048828)
2341_771,21928_20260101_248_0_4,248_0,1,38.72222900390625,-9.162079811096191,16,IN_TRANSIT_TO,2026-03-06 08:30:17,8608,2341,67-50-ZJ,POINT (-9.162079811096191 38.72222900390625)
2750_756,6757_20260101_175_0_4,175_0,0,38.742549896240234,-9.138919830322266,8,IN_TRANSIT_TO,2026-03-06 08:30:36,305,2750,AG-10-TH,POINT (-9.138919830322266 38.742549896240234)
2785_711,3462_20260101_101_0_3,101_0,0,38.739830017089844,-9.201849937438965,18,IN_TRANSIT_TO,2026-03-06 08:30:27,8829,2785,AI-05-BT,POINT (-9.201849937438965 38.739830017089844)
2994_702,3068_20260101_146_0_8,146_0,1,38.72766876220703,-9.161820411682129,10,IN_TRANSIT_TO,2026-03-06 08:30:40,6101,2994,29-VM-91,POINT (-9.161820411682129 38.72766876220703)
2471_729,4828_20260101_104_0_3,104_0,1,38.69504928588867,-9.214030265808105,4,IN_TRANSIT_TO,2026-03-06 08:30:23,13205,2471,74-BC-70,POINT (-9.214030265808105 38.69504928588867)
2246_758,6848_20260101_150_0_4,150_0,1,38.741920471191406,-9.170980453491211,13,IN_TRANSIT_TO,2026-03-06 08:30:32,1615,2246,22-38-ZB,POINT (-9.170980453491211 38.741920471191406)
2709_754,6617_20260101_201_0_3,201_0,0,38.743778228759766,-9.165800094604492,8,IN_TRANSIT_TO,2026-03-06 08:30:31,13501,2709,92-XQ-42,POINT (-9.165800094604492 38.743778228759766)
2244_731,19406_20260101_190_0_4,190_0,1,38.7628288269043,-9.126500129699707,20,IN_TRANSIT_TO,2026-03-06 08:30:17,7506,2244,22-44-ZB,POINT (-9.126500129699707 38.7628288269043)
2714_711,3512_20260101_101_0_2,101_0,1,38.72370147705078,-9.162919998168945,26,IN_TRANSIT_TO,2026-03-06 08:30:39,8608,2714,92-XQ-38,POINT (-9.162919998168945 38.72370147705078)
2286_731,41474_20260101_190_0_4,190_0,1,38.771728515625,-9.109919548034668,14,IN_TRANSIT_TO,2026-03-06 08:30:25,7802,2286,67-42-ZJ,POINT (-9.109919548034668 38.771728515625)
2760_783,7852_20260101_203_0_4,203_0,1,38.783329010009766,-9.124699592590332,4,IN_TRANSIT_TO,2026-03-06 08:30:43,16304,2760,AH-35-ND,POINT (-9.124699592590332 38.783329010009766)
6013_706,3202_20260101_147_0_3,147_0,1,38.73122024536133,-9.134599685668945,14,IN_TRANSIT_TO,2026-03-06 08:30:02,506,6013,68-ZF-53,POINT (-9.134599685668945 38.73122024536133)
1778_735,5242_20260101_172_1_3,172_1,1,38.72623062133789,-9.128430366516113,10,IN_TRANSIT_TO,2026-03-06 08:30:12,7009,1778,63-HX-30,POINT (-9.128430366516113 38.72623062133789)
2812_793,7994_20260101_145_0_6,145_0,0,38.7400016784668,-9.110730171203613,8,IN_TRANSIT_TO,2026-03-06 08:30:31,3711,2812,90-II-61,POINT (-9.110730171203613 38.7400016784668)
2815_793,8012_20260101_145_0_3,145_0,1,38.74169921875,-9.107799530029297,20,IN_TRANSIT_TO,2026-03-06 08:30:16,50174,2815,90-II-55,POINT (-9.107799530029297 38.74169921875)
4647_750,6377_20260101_106_0_4,106_0,0,38.74700164794922,-9.197779655456543,25,IN_TRANSIT_TO,2026-03-06 08:30:27,2804,4647,02-JN-88,POINT (-9.197779655456543 38.74700164794922)
1749_717,3759_20260101_170_0_5,170_0,1,38.77436828613281,-9.158470153808594,19,IN_TRANSIT_TO,2026-03-06 08:30:25,5930,1749,92-HR-06,POINT (-9.158470153808594 38.77436828613281)
2970_702,3075_20260101_146_0_6,146_0,1,38.73080062866211,-9.168569564819336,5,IN_TRANSIT_TO,2026-03-06 08:30:44,2704,2970,29-VM-87,POINT (-9.168569564819336 38.73080062866211)
1747_708,3347_20260101_100_0_2,100_0,0,38.76860046386719,-9.09862995147705,28,IN_TRANSIT_TO,2026-03-06 08:30:28,7805,1747,92-HR-04,POINT (-9.09862995147705 38.76860046386719)
1746_756,6749_20260101_175_0_2,175_0,0,38.710330963134766,-9.174320220947266,21,IN_TRANSIT_TO,2026-03-06 08:30:00,9412,1746,92-HR-03,POINT (-9.174320220947266 38.710330963134766)
2971_34B,19141_20260101_226_0_3,226_0,0,38.7329216003418,-9.105719566345215,26,IN_TRANSIT_TO,2026-03-06 08:30:33,8308,2971,29-VM-98,POINT (-9.105719566345215 38.7329216003418)
2811_793,8019_20260101_145_0_5,145_0,1,38.73910140991211,-9.127479553222656,4,IN_TRANSIT_TO,2026-03-06 08:30:20,9008,2811,02-IH-00,POINT (-9.127479553222656 38.73910140991211)
4802_751,6517_20260101_109_4_3,109_4,1,38.70225143432617,-9.180649757385254,6,IN_TRANSIT_TO,2026-03-06 08:30:28,9503,4802,77-VP-17,POINT (-9.180649757385254 38.70225143432617)
2968_774,7467_20260101_192_0_3,192_0,0,38.71498107910156,-9.169429779052734,1,IN_TRANSIT_TO,2026-03-06 08:30:35,8028,2968,30-VM-24,POINT (-9.169429779052734 38.71498107910156)
2817_742,5709_20260101_114_0_2,114_0,0,38.73212814331055,-9.128430366516113,15,IN_TRANSIT_TO,2026-03-06 08:30:21,7011,2817,90-II-57,POINT (-9.128430366516113 38.73212814331055)
2806_725,4255_20260101_197_0_8,197_0,1,38.78902816772461,-9.12440013885498,3,IN_TRANSIT_TO,2026-03-06 08:30:09,50178,2806,01-IH-95,POINT (-9.12440013885498 38.78902816772461)
2960_40B,17558_20260101_212_0_3,212_0,1,38.79248046875,-9.150250434875488,25,IN_TRANSIT_TO,2026-03-06 08:30:36,11608,2960,27-GU-75,POINT (-9.150250434875488 38.79248046875)
2459_726,4350_20260101_116_0_3,116_0,0,38.74557113647461,-9.1693696975708,19,IN_TRANSIT_TO,2026-03-06 08:30:16,12707,2459,74-BC-74,POINT (-9.1693696975708 38.74557113647461)
401_19B,62308_20260101_245_0_2,245_0,0,38.71971893310547,-9.14210033416748,20,IN_TRANSIT_TO,2026-03-06 08:30:35,50524,401,BF-60-TR,POINT (-9.14210033416748 38.71971893310547)
2804_725,4239_20260101_197_0_9,197_0,0,38.774349212646484,-9.097200393676758,4,IN_TRANSIT_TO,2026-03-06 08:30:42,7823,2804,01-IH-93,POINT (-9.097200393676758 38.774349212646484)
4640_783,7829_20260101_203_0_2,203_0,1,38.72357940673828,-9.16366958618164,30,IN_TRANSIT_TO,2026-03-06 08:29:54,8501,4640,02-JN-87,POINT (-9.16366958618164 38.72357940673828)
4625_755,6711_20260101_118_0_5,118_0,1,38.75447082519531,-9.14031982421875,11,IN_TRANSIT_TO,2026-03-06 08:30:28,105,4625,90-JI-92,POINT (-9.14031982421875 38.75447082519531)
1750_717,3778_20260101_170_0_2,170_0,1,38.78572082519531,-9.142600059509277,9,IN_TRANSIT_TO,2026-03-06 08:30:13,6005,1750,92-HR-07,POINT (-9.142600059509277 38.78572082519531)
2816_782,7785_20260101_152_0_3,152_0,0,38.70882034301758,-9.134400367736816,3,IN_TRANSIT_TO,2026-03-06 08:30:14,5501,2816,90-II-56,POINT (-9.134400367736816 38.70882034301758)
1752_717,3887_20260101_170_4_6,170_4,1,38.77547073364258,-9.148249626159668,16,IN_TRANSIT_TO,2026-03-06 08:30:31,6015,1752,34-HU-18,POINT (-9.148249626159668 38.77547073364258)
2455_726,4264_20260101_116_0_5,116_0,0,38.736751556396484,-9.149149894714355,11,IN_TRANSIT_TO,2026-03-06 08:30:32,1811,2455,16-AZ-12,POINT (-9.149149894714355 38.736751556396484)
2700_746,5986_20260101_108_0_4,108_0,1,38.73326873779297,-9.153229713439941,21,IN_TRANSIT_TO,2026-03-06 08:30:39,1404,2700,92-XQ-26,POINT (-9.153229713439941 38.73326873779297)
2311_723,4149_20260101_121_0_2,121_0,0,38.715248107910156,-9.201279640197754,13,IN_TRANSIT_TO,2026-03-06 08:30:34,21303,2311,72-23-XN,POINT (-9.201279640197754 38.715248107910156)
2667_738,5550_20260101_117_0_3,117_0,0,38.720069885253906,-9.154820442199707,24,IN_TRANSIT_TO,2026-03-06 08:30:42,6804,2667,87-XB-45,POINT (-9.154820442199707 38.720069885253906)
2251_724,4213_20260101_178_0_4,178_0,1,38.74443054199219,-9.196619987487793,13,IN_TRANSIT_TO,2026-03-06 08:30:22,2805,2251,22-31-ZB,POINT (-9.196619987487793 38.74443054199219)
2410_767,7297_20260101_112_0_3,112_0,0,38.75952911376953,-9.180170059204102,26,IN_TRANSIT_TO,2026-03-06 08:30:40,12828,2410,92-AO-46,POINT (-9.180170059204102 38.75952911376953)
2280_763,49570_20260101_282_0_6,282_0,1,38.77096939086914,-9.193400382995605,8,IN_TRANSIT_TO,2026-03-06 08:30:10,14102,2280,67-40-ZJ,POINT (-9.193400382995605 38.77096939086914)
2794_723,4186_20260101_121_0_4,121_0,1,38.71577835083008,-9.214719772338867,11,IN_TRANSIT_TO,2026-03-06 08:30:39,10402,2794,AJ-60-LI,POINT (-9.214719772338867 38.71577835083008)
4608_750,6290_20260101_106_0_4,106_0,1,38.744781494140625,-9.19871997833252,13,IN_TRANSIT_TO,2026-03-06 08:30:23,2812,4608,96-GL-85,POINT (-9.19871997833252 38.744781494140625)
2777_713,3622_20260101_122_0_5,122_0,0,38.728450775146484,-9.17080020904541,34,IN_TRANSIT_TO,2026-03-06 08:30:32,8601,2777,AI-01-BT,POINT (-9.17080020904541 38.728450775146484)
302_708,3311_20260101_100_0_5,100_0,1,38.79521942138672,-9.097000122070312,3,IN_TRANSIT_TO,2026-03-06 08:30:39,50451,302,22-SP-89,POINT (-9.097000122070312 38.79521942138672)
2425_703,3170_20260101_165_0_5,165_0,0,38.77091979980469,-9.166219711303711,18,IN_TRANSIT_TO,2026-03-06 08:30:27,5915,2425,29-AU-20,POINT (-9.166219711303711 38.77091979980469)
2710_712,3535_20260101_189_0_4,189_0,1,38.72010040283203,-9.117500305175781,33,IN_TRANSIT_TO,2026-03-06 08:29:59,9825,2710,92-XQ-19,POINT (-9.117500305175781 38.72010040283203)
2734_749,59011_20260101_195_0_2,195_0,1,38.75725173950195,-9.112319946289062,28,IN_TRANSIT_TO,2026-03-06 08:30:37,24370,2734,AG-50-EI,POINT (-9.112319946289062 38.75725173950195)
2790_709,3384_20260101_148_0_7,148_0,1,38.722930908203125,-9.149200439453125,8,IN_TRANSIT_TO,2026-03-06 08:30:19,1216,2790,AI-54-TL,POINT (-9.149200439453125 38.722930908203125)
215_46B,21499_20260101_239_0_3,239_0,0,38.76042175292969,-9.147930145263672,19,IN_TRANSIT_TO,2026-03-06 08:30:22,50498,215,44-42-XM,POINT (-9.147930145263672 38.76042175292969)
2756_720,4044_20260101_143_0_5,143_0,0,38.73115158081055,-9.143500328063965,11,IN_TRANSIT_TO,2026-03-06 08:30:02,6501,2756,AH-27-ND,POINT (-9.143500328063965 38.73115158081055)
2450_767,7228_20260101_112_0_2,112_0,1,38.76055145263672,-9.167019844055176,25,IN_TRANSIT_TO,2026-03-06 08:30:25,50006,2450,44-BC-36,POINT (-9.167019844055176 38.76055145263672)
2746_755,6706_20260101_118_0_2,118_0,1,38.74851989746094,-9.107879638671875,35,IN_TRANSIT_TO,2026-03-06 08:30:39,2218,2746,AG-97-TG,POINT (-9.107879638671875 38.74851989746094)
2483_726,4325_20260101_116_0_4,116_0,1,38.76443099975586,-9.199469566345215,3,IN_TRANSIT_TO,2026-03-06 08:30:18,13905,2483,74-BC-66,POINT (-9.199469566345215 38.76443099975586)
2499_735,5263_20260101_172_1_3,172_1,0,38.73722839355469,-9.13206958770752,20,IN_TRANSIT_TO,2026-03-06 08:30:32,409,2499,03-BM-58,POINT (-9.13206958770752 38.73722839355469)
2818_782,7786_20260101_152_0_3,152_0,1,38.706050872802734,-9.143879890441895,21,IN_TRANSIT_TO,2026-03-06 08:30:19,3820,2818,90-II-58,POINT (-9.143879890441895 38.706050872802734)
2300_742,5777_20260101_114_0_3,114_0,1,38.71392059326172,-9.199350357055664,1,IN_TRANSIT_TO,2026-03-06 08:30:13,10315,2300,83-13-ZM,POINT (-9.199350357055664 38.71392059326172)
1775_717,3803_20260101_170_0_5,170_0,0,38.777130126953125,-9.146430015563965,29,IN_TRANSIT_TO,2026-03-06 08:30:38,11511,1775,53-HX-08,POINT (-9.146430015563965 38.777130126953125)
2797_723,4182_20260101_121_0_4,121_0,1,38.72488021850586,-9.154780387878418,27,IN_TRANSIT_TO,2026-03-06 08:30:32,8502,2797,AJ-57-LI,POINT (-9.154780387878418 38.72488021850586)
1773_735,5191_20260101_172_0_3,172_0,0,38.722129821777344,-9.128800392150879,13,IN_TRANSIT_TO,2026-03-06 08:30:25,9109,1773,53-HX-06,POINT (-9.128800392150879 38.722129821777344)
2759_742,5759_20260101_114_0_4,114_0,1,38.72127151489258,-9.167220115661621,26,IN_TRANSIT_TO,2026-03-06 08:30:34,9304,2759,AH-21-ND,POINT (-9.167220115661621 38.72127151489258)
2745_749,6201_20260101_195_0_6,195_0,0,38.749000549316406,-9.134369850158691,11,IN_TRANSIT_TO,2026-03-06 08:30:37,7301,2745,AG-06-TH,POINT (-9.134369850158691 38.749000549316406)
2754_756,6713_20260101_175_0_5,175_0,1,38.737831115722656,-9.155529975891113,12,IN_TRANSIT_TO,2026-03-06 08:30:40,1504,2754,AG-01-TH,POINT (-9.155529975891113 38.737831115722656)
2784_713,3592_20260101_122_0_4,122_0,1,38.735328674316406,-9.139820098876953,36,IN_TRANSIT_TO,2026-03-06 08:30:40,11108,2784,AI-09-BT,POINT (-9.139820098876953 38.735328674316406)
2243_768,7341_20260101_111_0_5,111_0,0,38.75012969970703,-9.164870262145996,2,IN_TRANSIT_TO,2026-03-06 08:29:59,13508,2243,22-36-ZB,POINT (-9.164870262145996 38.75012969970703)
1770_794,8099_20260101_115_0_3,115_0,0,38.744998931884766,-9.116519927978516,13,IN_TRANSIT_TO,2026-03-06 08:30:18,3604,1770,63-HX-17,POINT (-9.116519927978516 38.744998931884766)
1710_798,8198_20260101_194_0_6,194_0,1,38.77095031738281,-9.153129577636719,15,IN_TRANSIT_TO,2026-03-06 08:30:40,11513,1710,69-AL-73,POINT (-9.153129577636719 38.77095031738281)
217_773,20155_20260101_124_0_7,124_0,0,38.71173095703125,-9.164019584655762,17,IN_TRANSIT_TO,2026-03-06 08:30:12,10109,217,29-98-XM,POINT (-9.164019584655762 38.71173095703125)
2767_723,4168_20260101_121_0_5,121_0,0,38.7258186340332,-9.149319648742676,6,IN_TRANSIT_TO,2026-03-06 08:30:32,1202,2767,AH-34-ND,POINT (-9.149319648742676 38.7258186340332)
403_10B,21749_20260101_242_0_4,242_0,0,38.7087516784668,-9.133350372314453,0,IN_TRANSIT_TO,2026-03-06 08:30:25,,403,BF-84-TA,POINT (-9.133350372314453 38.7087516784668)
2454_716,3738_20260101_164_0_3,164_0,0,38.74906921386719,-9.202150344848633,24,IN_TRANSIT_TO,2026-03-06 08:30:10,10921,2454,16-AZ-18,POINT (-9.202150344848633 38.74906921386719)
2482_767,7308_20260101_112_0_3,112_0,0,38.750030517578125,-9.142149925231934,13,IN_TRANSIT_TO,2026-03-06 08:30:34,203,2482,55-BH-02,POINT (-9.142149925231934 38.750030517578125)
2801_793,7989_20260101_145_0_6,145_0,0,38.74148178100586,-9.11907958984375,23,IN_TRANSIT_TO,2026-03-06 08:30:33,3609,2801,38-HU-27,POINT (-9.11907958984375 38.74148178100586)
1780_717,3781_20260101_170_0_3,170_0,1,38.79867172241211,-9.14877986907959,2,IN_TRANSIT_TO,2026-03-06 08:30:27,16003,1780,63-HX-18,POINT (-9.14877986907959 38.79867172241211)
2255_731,5025_20260101_190_0_2,190_0,1,38.74245071411133,-9.157750129699707,29,IN_TRANSIT_TO,2026-03-06 08:30:33,3304,2255,80-54-ZE,POINT (-9.157750129699707 38.74245071411133)
2768_727,4528_20260101_103_0_3,103_0,1,38.70465087890625,-9.162830352783203,23,IN_TRANSIT_TO,2026-03-06 08:30:39,10211,2768,AH-25-ND,POINT (-9.162830352783203 38.70465087890625)
1722_794,8067_20260101_115_0_5,115_0,1,38.76810073852539,-9.099849700927734,0,IN_TRANSIT_TO,2026-03-06 08:30:23,,1722,25-AS-34,POINT (-9.099849700927734 38.76810073852539)
1756_701,2960_20260101_123_0_2,123_0,0,38.7265510559082,-9.162199974060059,30,IN_TRANSIT_TO,2026-03-06 08:30:16,8015,1756,34-HU-22,POINT (-9.162199974060059 38.7265510559082)
2487_729,4817_20260101_104_0_3,104_0,1,38.749568939208984,-9.193229675292969,31,IN_TRANSIT_TO,2026-03-06 08:30:16,10835,2487,54-BH-97,POINT (-9.193229675292969 38.749568939208984)
1757_735,5258_20260101_172_0_2,172_0,1,38.74222183227539,-9.13407039642334,12,IN_TRANSIT_TO,2026-03-06 08:30:37,302,1757,34-HU-23,POINT (-9.13407039642334 38.74222183227539)
1754_794,8054_20260101_115_0_3,115_0,1,38.75600051879883,-9.10319995880127,4,IN_TRANSIT_TO,2026-03-06 08:30:24,2320,1754,34-HU-20,POINT (-9.10319995880127 38.75600051879883)
2470_767,7250_20260101_112_0_3,112_0,1,38.749351501464844,-9.192569732666016,15,IN_TRANSIT_TO,2026-03-06 08:30:40,10835,2470,74-BC-71,POINT (-9.192569732666016 38.749351501464844)
1762_755,6632_20260101_118_0_2,118_0,1,38.74168014526367,-9.167830467224121,1,IN_TRANSIT_TO,2026-03-06 08:30:27,50538,1762,63-HX-32,POINT (-9.167830467224121 38.74168014526367)
261_776,7476_20260101_193_0_15,193_0,1,38.700218200683594,-9.24032974243164,8,IN_TRANSIT_TO,2026-03-06 08:30:35,14905,261,AF-48-ZD,POINT (-9.24032974243164 38.700218200683594)
2239_758,6868_20260101_150_0_4,150_0,1,38.750221252441406,-9.196149826049805,5,IN_TRANSIT_TO,2026-03-06 08:30:21,10905,2239,06-30-XX,POINT (-9.196149826049805 38.750221252441406)
2771_727,4454_20260101_103_0_2,103_0,0,38.744571685791016,-9.14762020111084,7,IN_TRANSIT_TO,2026-03-06 08:30:31,2020,2771,AH-20-ND,POINT (-9.14762020111084 38.744571685791016)
2322_712,3565_20260101_189_0_5,189_0,0,38.7263298034668,-9.13467025756836,11,IN_TRANSIT_TO,2026-03-06 08:30:21,603,2322,67-46-ZJ,POINT (-9.13467025756836 38.7263298034668)
1741_703,3109_20260101_165_0_2,165_0,1,38.77006912231445,-9.176750183105469,19,IN_TRANSIT_TO,2026-03-06 08:30:33,5937,1741,08-HN-24,POINT (-9.176750183105469 38.77006912231445)
2412_778,18644_20260101_179_0_3,179_0,1,38.76142883300781,-9.16670036315918,21,IN_TRANSIT_TO,2026-03-06 08:30:42,50006,2412,92-AO-48,POINT (-9.16670036315918 38.76142883300781)
2774_727,4485_20260101_103_0_3,103_0,1,38.74913024902344,-9.142580032348633,45,IN_TRANSIT_TO,2026-03-06 08:30:32,208,2774,AH-22-ND,POINT (-9.142580032348633 38.74913024902344)
2469_726,4308_20260101_116_0_4,116_0,1,38.738250732421875,-9.15470027923584,21,IN_TRANSIT_TO,2026-03-06 08:30:15,1504,2469,16-AZ-09,POINT (-9.15470027923584 38.738250732421875)
1704_701,2939_20260101_123_0_7,123_0,1,38.748268127441406,-9.148019790649414,25,IN_TRANSIT_TO,2026-03-06 08:30:35,2010,1704,35-AL-14,POINT (-9.148019790649414 38.748268127441406)
2268_768,7347_20260101_111_0_5,111_0,1,38.75054931640625,-9.158329963684082,24,IN_TRANSIT_TO,2026-03-06 08:30:39,12705,2268,76-87-ZG,POINT (-9.158329963684082 38.75054931640625)
2447_716,3734_20260101_164_0_2,164_0,1,38.74734878540039,-9.189720153808594,6,IN_TRANSIT_TO,2026-03-06 08:30:15,10803,2447,44-BC-33,POINT (-9.189720153808594 38.74734878540039)
1771_717,3800_20260101_170_0_5,170_0,0,38.798580169677734,-9.147470474243164,40,IN_TRANSIT_TO,2026-03-06 08:30:14,16002,1771,63-HX-27,POINT (-9.147470474243164 38.798580169677734)
1772_717,3825_20260101_170_0_2,170_0,0,38.760929107666016,-9.157179832458496,16,IN_TRANSIT_TO,2026-03-06 08:30:37,5807,1772,63-HX-22,POINT (-9.157179832458496 38.760929107666016)
2772_727,4441_20260101_103_0_3,103_0,0,38.730018615722656,-9.146980285644531,11,IN_TRANSIT_TO,2026-03-06 08:30:42,1704,2772,AH-24-ND,POINT (-9.146980285644531 38.730018615722656)
2467_729,4810_20260101_104_0_2,104_0,1,38.749568939208984,-9.193079948425293,31,IN_TRANSIT_TO,2026-03-06 08:30:33,10835,2467,16-AZ-14,POINT (-9.193079948425293 38.749568939208984)
2757_701,2988_20260101_123_0_4,123_0,0,38.76036834716797,-9.156330108642578,0,IN_TRANSIT_TO,2026-03-06 08:30:35,,2757,AH-32-ND,POINT (-9.156330108642578 38.76036834716797)
2823_753,6577_20260101_167_0_6,167_0,1,38.71403121948242,-9.177249908447266,2,IN_TRANSIT_TO,2026-03-06 08:30:42,14602,2823,BF-64-FZ,POINT (-9.177249908447266 38.71403121948242)
2473_726,4317_20260101_116_0_4,116_0,1,38.756649017333984,-9.177769660949707,10,IN_TRANSIT_TO,2026-03-06 08:30:23,13605,2473,74-BC-68,POINT (-9.177769660949707 38.756649017333984)
2333_712,3525_20260101_189_0_3,189_0,0,38.71392822265625,-9.122269630432129,0,IN_TRANSIT_TO,2026-03-06 08:29:26,,2333,62-97-ZG,POINT (-9.122269630432129 38.71392822265625)
2497_735,5267_20260101_172_0_4,172_0,1,38.744571685791016,-9.139419555664062,10,IN_TRANSIT_TO,2026-03-06 08:30:25,306,2497,88-BL-71,POINT (-9.139419555664062 38.744571685791016)
2461_726,4273_20260101_116_0_3,116_0,0,38.72700119018555,-9.13683032989502,5,IN_TRANSIT_TO,2026-03-06 08:30:37,605,2461,55-BH-04,POINT (-9.13683032989502 38.72700119018555)
2422_747,6110_20260101_177_0_5,177_0,1,38.766048431396484,-9.183119773864746,9,IN_TRANSIT_TO,2026-03-06 08:30:33,50365,2422,29-AU-17,POINT (-9.183119773864746 38.766048431396484)
2775_727,4552_20260101_103_0_3,103_0,0,38.705379486083984,-9.176429748535156,29,IN_TRANSIT_TO,2026-03-06 08:30:34,12110,2775,AH-31-ND,POINT (-9.176429748535156 38.705379486083984)
2285_731,4996_20260101_190_0_3,190_0,0,38.77391815185547,-9.106599807739258,28,IN_TRANSIT_TO,2026-03-06 08:30:26,12301,2285,67-55-ZJ,POINT (-9.106599807739258 38.77391815185547)
2967_55B,21534_20260101_240_0_5,240_0,0,38.75627136230469,-9.188030242919922,0,IN_TRANSIT_TO,2026-03-06 08:30:38,,2967,30-VM-05,POINT (-9.188030242919922 38.75627136230469)
2437_729,4833_20260101_104_0_5,104_0,1,38.69887161254883,-9.227129936218262,0,IN_TRANSIT_TO,2026-03-06 08:29:36,,2437,29-AX-09,POINT (-9.227129936218262 38.69887161254883)
2423_703,3175_20260101_165_0_5,165_0,0,38.78757095336914,-9.148329734802246,5,IN_TRANSIT_TO,2026-03-06 08:30:28,6002,2423,29-AU-18,POINT (-9.148329734802246 38.78757095336914)
2269_765,7176_20260101_110_0_9,110_0,0,38.75239944458008,-9.206629753112793,9,IN_TRANSIT_TO,2026-03-06 08:30:32,50386,2269,76-88-ZG,POINT (-9.206629753112793 38.75239944458008)
2758_756,6764_20260101_175_0_5,175_0,1,38.74153137207031,-9.129520416259766,19,IN_TRANSIT_TO,2026-03-06 08:30:13,312,2758,AH-36-ND,POINT (-9.129520416259766 38.74153137207031)
2420_767,7184_20260101_112_0_3,112_0,0,38.72227096557617,-9.140029907226562,0,IN_TRANSIT_TO,2026-03-06 08:29:45,,2420,29-AU-15,POINT (-9.140029907226562 38.72227096557617)
2833_753,6569_20260101_167_0_5,167_0,0,38.72998046875,-9.143580436706543,0,IN_TRANSIT_TO,2026-03-06 08:30:38,,2833,BF-65-FZ,POINT (-9.143580436706543 38.72998046875)
2839_728,4661_20260101_204_0_2,204_0,0,38.76765060424805,-9.10398006439209,43,IN_TRANSIT_TO,2026-03-06 08:30:33,7825,2839,BF-69-FZ,POINT (-9.10398006439209 38.76765060424805)
1703_701,2987_20260101_123_0_8,123_0,0,38.75360107421875,-9.168569564819336,11,IN_TRANSIT_TO,2026-03-06 08:30:38,13619,1703,35-AL-13,POINT (-9.168569564819336 38.75360107421875)
1766_717,3781_20260101_170_0_13,170_0,1,38.78731918334961,-9.142919540405273,8,IN_TRANSIT_TO,2026-02-27 19:43:32,6003,1766,63-HX-33,POINT (-9.142919540405273 38.78731918334961)
2465_767,7305_20260101_112_0_3,112_0,0,38.7601203918457,-9.155400276184082,18,IN_TRANSIT_TO,2026-03-06 08:30:21,5805,2465,55-BH-00,POINT (-9.155400276184082 38.7601203918457)
1715_717,3844_20260101_170_0_3,170_0,0,38.75497055053711,-9.13895034790039,40,IN_TRANSIT_TO,2026-03-06 08:30:36,16002,1715,69-AL-78,POINT (-9.13895034790039 38.75497055053711)
1777_717,3889_20260101_170_4_6,170_4,1,38.7872314453125,-9.149319648742676,6,IN_TRANSIT_TO,2026-03-06 08:30:35,11601,1777,63-HX-31,POINT (-9.149319648742676 38.7872314453125)
2787_727,4529_20260101_103_0_2,103_0,1,38.69742965698242,-9.194080352783203,13,IN_TRANSIT_TO,2026-03-06 08:30:20,4109,2787,AI-55-TL,POINT (-9.194080352783203 38.69742965698242)
2271_731,5018_20260101_190_0_2,190_0,0,38.737571716308594,-9.16469955444336,0,IN_TRANSIT_TO,2026-03-06 08:30:17,,2271,92-54-ZM,POINT (-9.16469955444336 38.737571716308594)
2305_742,5751_20260101_114_0_3,114_0,1,38.734928131103516,-9.139800071716309,39,IN_TRANSIT_TO,2026-03-06 08:30:37,50069,2305,83-18-ZM,POINT (-9.139800071716309 38.734928131103516)
2498_755,6694_20260101_118_0_6,118_0,0,38.756370544433594,-9.11378002166748,15,IN_TRANSIT_TO,2026-03-06 08:30:38,24370,2498,03-BM-57,POINT (-9.11378002166748 38.756370544433594)
1763_742,5768_20260101_114_0_2,114_0,1,38.7127799987793,-9.173680305480957,24,IN_TRANSIT_TO,2026-03-06 08:30:16,9406,1763,63-HX-25,POINT (-9.173680305480957 38.7127799987793)
1776_720,4087_20260101_143_0_6,143_0,1,38.7346305847168,-9.141480445861816,21,IN_TRANSIT_TO,2026-03-06 08:30:29,6502,1776,53-HX-09,POINT (-9.141480445861816 38.7346305847168)
4603_753,20066_20260101_167_0_4,167_0,1,38.68278121948242,-9.175470352172852,2,IN_TRANSIT_TO,2026-03-06 08:30:14,14602,4603,96-GL-81,POINT (-9.175470352172852 38.68278121948242)
2306_796,8113_20260101_174_0_4,174_0,1,38.79167175292969,-9.156700134277344,4,IN_TRANSIT_TO,2026-03-06 08:30:15,11607,2306,83-19-ZM,POINT (-9.156700134277344 38.79167175292969)
2477_729,4825_20260101_104_0_2,104_0,1,38.71369934082031,-9.197349548339844,16,IN_TRANSIT_TO,2026-03-06 08:30:23,12923,2477,91-BE-73,POINT (-9.197349548339844 38.71369934082031)
1712_798,8202_20260101_194_0_8,194_0,1,38.78757858276367,-9.14503002166748,4,IN_TRANSIT_TO,2026-03-06 08:30:16,6003,1712,69-AL-75,POINT (-9.14503002166748 38.78757858276367)
225_773,7378_20260101_124_0_9,124_0,0,38.71234893798828,-9.155400276184082,9,IN_TRANSIT_TO,2026-03-06 08:29:39,6720,225,84-37-XQ,POINT (-9.155400276184082 38.71234893798828)
601_15E,11280_20260101_76_0_6,76_0,1,38.699378967285156,-9.225769996643066,2,IN_TRANSIT_TO,2026-03-06 08:30:23,4219,601,,POINT (-9.225769996643066 38.699378967285156)
605_15E,11212_20260101_76_0_5,76_0,0,38.7081298828125,-9.137100219726562,2,IN_TRANSIT_TO,2026-03-06 08:30:30,5515,605,,POINT (-9.137100219726562 38.7081298828125)
2240_763,46424_20260101_282_0_11,282_0,0,38.76512908935547,-9.198929786682129,17,IN_TRANSIT_TO,2026-03-03 12:39:22,13909,2240,06-31-XX,POINT (-9.198929786682129 38.76512908935547)
2403_767,7286_20260101_112_0_4,112_0,1,38.7495002746582,-9.219799995422363,1,IN_TRANSIT_TO,2026-03-06 08:29:53,50335,2403,50-AL-12,POINT (-9.219799995422363 38.7495002746582)
2491_708,3276_20260101_100_0_5,100_0,1,38.74052047729492,-9.13341999053955,36,IN_TRANSIT_TO,2026-03-06 08:30:37,404,2491,54-BH-98,POINT (-9.13341999053955 38.74052047729492)
1707_794,8043_20260101_115_0_5,115_0,1,38.75537109375,-9.126330375671387,19,IN_TRANSIT_TO,2026-03-06 08:30:14,14720,1707,69-AL-70,POINT (-9.126330375671387 38.75537109375)
2791_723,4158_20260101_121_0_3,121_0,0,38.72602844238281,-9.192930221557617,10,IN_TRANSIT_TO,2026-03-06 08:30:26,8607,2791,AJ-61-LI,POINT (-9.192930221557617 38.72602844238281)
2426_767,7272_20260101_112_0_4,112_0,1,38.75453186035156,-9.195870399475098,12,IN_TRANSIT_TO,2026-03-06 08:30:22,10909,2426,29-AU-21,POINT (-9.195870399475098 38.75453186035156)
2838_751,6490_20260101_109_0_6,109_0,1,38.702369689941406,-9.18047046661377,23,IN_TRANSIT_TO,2026-03-06 08:30:22,9503,2838,BF-59-FZ,POINT (-9.18047046661377 38.702369689941406)
2401_703,3135_20260101_165_0_4,165_0,1,38.75271987915039,-9.188150405883789,8,IN_TRANSIT_TO,2026-03-06 08:30:18,10807,2401,50-AL-14,POINT (-9.188150405883789 38.75271987915039)
2764_742,5731_20260101_114_0_3,114_0,1,38.72837829589844,-9.109519958496094,53,IN_TRANSIT_TO,2026-03-06 08:30:28,8303,2764,AH-29-ND,POINT (-9.109519958496094 38.72837829589844)
2776_727,4553_20260101_103_0_3,103_0,0,38.707828521728516,-9.156049728393555,22,IN_TRANSIT_TO,2026-03-06 08:30:35,50593,2776,AI-07-BT,POINT (-9.156049728393555 38.707828521728516)
228_773,7408_20260101_124_0_8,124_0,1,38.71213150024414,-9.156820297241211,17,IN_TRANSIT_TO,2026-03-06 08:29:13,10004,228,84-39-XQ,POINT (-9.156820297241211 38.71213150024414)
2474_729,4766_20260101_104_0_4,104_0,0,38.744720458984375,-9.19890022277832,18,IN_TRANSIT_TO,2026-03-06 08:30:31,2805,2474,74-BC-67,POINT (-9.19890022277832 38.744720458984375)
2942_29B,17524_20260101_209_0_4,209_0,0,38.77914810180664,-9.119930267333984,18,IN_TRANSIT_TO,2026-03-06 08:30:17,12311,2942,51-GL-82,POINT (-9.119930267333984 38.77914810180664)
2303_717,3864_20260101_170_0_4,170_0,1,38.74882888793945,-9.134469985961914,33,IN_TRANSIT_TO,2026-03-06 08:30:39,11204,2303,83-11-ZM,POINT (-9.134469985961914 38.74882888793945)
2335_723,4169_20260101_121_0_2,121_0,0,38.72079849243164,-9.138250350952148,0,IN_TRANSIT_TO,2026-03-06 08:30:16,,2335,62-98-ZG,POINT (-9.138250350952148 38.72079849243164)
2481_726,4295_20260101_116_0_2,116_0,1,38.734920501708984,-9.141570091247559,25,IN_TRANSIT_TO,2026-03-06 08:30:39,1806,2481,54-BH-99,POINT (-9.141570091247559 38.734920501708984)
609_15E,11238_20260101_76_0_2,76_0,1,38.7127799987793,-9.137479782104492,23,IN_TRANSIT_TO,2026-03-06 08:30:40,50621,609,,POINT (-9.137479782104492 38.7127799987793)
4609_728,4641_20260101_204_0_4,204_0,0,38.78253173828125,-9.114080429077148,52,IN_TRANSIT_TO,2026-03-06 08:30:15,12610,4609,96-GL-86,POINT (-9.114080429077148 38.78253173828125)
204_41B,19375_20260101_232_0_4,232_0,0,38.78419876098633,-9.16588020324707,22,IN_TRANSIT_TO,2026-03-06 08:30:25,50440,204,89-71-XD,POINT (-9.16588020324707 38.78419876098633)
2406_799,8217_20260101_120_0_5,120_0,1,38.741798400878906,-9.21172046661377,12,IN_TRANSIT_TO,2026-03-06 08:30:37,8819,2406,50-AL-09,POINT (-9.21172046661377 38.741798400878906)
1724_717,3879_20260101_170_0_4,170_0,0,38.77286911010742,-9.161299705505371,40,IN_TRANSIT_TO,2026-03-06 08:30:44,16002,1724,25-AS-36,POINT (-9.161299705505371 38.77286911010742)
2941_72B,45275_20260101_279_0_3,279_0,0,38.74502944946289,-9.199629783630371,20,IN_TRANSIT_TO,2026-03-06 08:30:40,10831,2941,51-GL-81,POINT (-9.199629783630371 38.74502944946289)
2451_703,3124_20260101_165_0_4,165_0,1,38.759971618652344,-9.182570457458496,12,IN_TRANSIT_TO,2026-03-06 08:29:54,12803,2451,75-AQ-16,POINT (-9.182570457458496 38.759971618652344)
2405_778,18640_20260101_179_0_7,179_0,0,38.769100189208984,-9.167530059814453,11,IN_TRANSIT_TO,2026-03-06 08:30:16,50280,2405,50-AL-10,POINT (-9.167530059814453 38.769100189208984)
2788_764,7158_20260101_168_0_5,168_0,1,38.74502944946289,-9.221670150756836,4,IN_TRANSIT_TO,2026-03-06 08:30:43,3001,2788,AI-51-TL,POINT (-9.221670150756836 38.74502944946289)
2831_728,4681_20260101_204_0_4,204_0,0,38.71062088012695,-9.127320289611816,23,IN_TRANSIT_TO,2026-03-06 08:30:37,8201,2831,BF-72-FZ,POINT (-9.127320289611816 38.71062088012695)
2792_738,5512_20260101_117_0_4,117_0,1,38.714900970458984,-9.160719871520996,11,IN_TRANSIT_TO,2026-03-06 08:30:30,8101,2792,AJ-53-LI,POINT (-9.160719871520996 38.714900970458984)
2434_767,7294_20260101_112_0_3,112_0,0,38.7504997253418,-9.19713020324707,32,IN_TRANSIT_TO,2026-03-06 08:30:18,10802,2434,29-AU-24,POINT (-9.19713020324707 38.7504997253418)
2464_726,4286_20260101_116_0_4,116_0,1,38.726318359375,-9.134849548339844,29,IN_TRANSIT_TO,2026-03-06 08:30:22,613,2464,91-BE-71,POINT (-9.134849548339844 38.726318359375)
1726_701,2978_20260101_123_0_6,123_0,0,38.72798156738281,-9.16238021850586,25,IN_TRANSIT_TO,2026-03-06 08:30:39,6122,1726,25-AS-38,POINT (-9.16238021850586 38.72798156738281)
4610_750,6305_20260101_106_0_2,106_0,1,38.73862838745117,-9.204520225524902,9,IN_TRANSIT_TO,2026-03-06 08:30:25,8807,4610,96-GL-87,POINT (-9.204520225524902 38.73862838745117)
2610_759,6921_20260101_144_0_4,144_0,1,38.74359893798828,-9.112870216369629,25,IN_TRANSIT_TO,2026-03-06 08:30:33,3706,2610,66-VI-20,POINT (-9.112870216369629 38.74359893798828)
2290_724,4204_20260101_178_0_6,178_0,1,38.72092056274414,-9.185870170593262,22,IN_TRANSIT_TO,2026-03-06 08:30:09,21308,2290,92-55-ZM,POINT (-9.185870170593262 38.72092056274414)
2773_727,4502_20260101_103_0_2,103_0,1,38.73360061645508,-9.144749641418457,39,IN_TRANSIT_TO,2026-03-06 08:30:31,1713,2773,AH-39-ND,POINT (-9.144749641418457 38.73360061645508)
1728_794,8091_20260101_115_0_5,115_0,0,38.755001068115234,-9.125969886779785,20,IN_TRANSIT_TO,2026-03-06 08:30:14,14723,1728,25-AS-40,POINT (-9.125969886779785 38.755001068115234)
6012_732,5085_20260101_107_0_3,107_0,1,38.71617889404297,-9.141779899597168,33,IN_TRANSIT_TO,2026-03-06 08:30:12,1010,6012,67-ZF-26,POINT (-9.141779899597168 38.71617889404297)
2798_738,5535_20260101_117_0_2,117_0,0,38.70429992675781,-9.174079895019531,32,IN_TRANSIT_TO,2026-03-06 08:30:16,4004,2798,AJ-56-LI,POINT (-9.174079895019531 38.70429992675781)
4838_736,5359_20260101_199_0_5,199_0,0,38.74787139892578,-9.148170471191406,11,IN_TRANSIT_TO,2026-03-06 08:30:35,2011,4838,34-VR-22,POINT (-9.148170471191406 38.74787139892578)
2249_703,3166_20260101_165_0_3,165_0,0,38.76900100708008,-9.174980163574219,22,IN_TRANSIT_TO,2026-03-06 08:30:34,50391,2249,22-32-ZB,POINT (-9.174980163574219 38.76900100708008)
2438_767,7223_20260101_112_0_2,112_0,1,38.740478515625,-9.137450218200684,37,IN_TRANSIT_TO,2026-03-06 08:30:24,6408,2438,44-BC-29,POINT (-9.137450218200684 38.740478515625)
1709_798,8194_20260101_194_0_4,194_0,1,38.76850128173828,-9.148929595947266,16,IN_TRANSIT_TO,2026-03-06 08:30:14,11504,1709,69-AL-72,POINT (-9.148929595947266 38.76850128173828)
6029_760,7085_20260101_171_0_3,171_0,0,38.7086296081543,-9.13556957244873,10,IN_TRANSIT_TO,2026-03-06 08:30:34,5502,6029,BF-52-AX,POINT (-9.13556957244873 38.7086296081543)
2418_703,3173_20260101_165_0_3,165_0,0,38.77705001831055,-9.159700393676758,14,IN_TRANSIT_TO,2026-03-06 08:30:32,5927,2418,92-AO-54,POINT (-9.159700393676758 38.77705001831055)
2944_26B,17520_20260101_208_0_3,208_0,0,38.76293182373047,-9.105170249938965,14,IN_TRANSIT_TO,2026-03-06 08:30:20,50353,2944,75-GO-13,POINT (-9.105170249938965 38.76293182373047)
2245_731,5007_20260101_190_0_3,190_0,0,38.76287841796875,-9.128769874572754,19,IN_TRANSIT_TO,2026-03-06 08:30:39,7501,2245,22-35-ZB,POINT (-9.128769874572754 38.76287841796875)
2466_729,4757_20260101_104_0_4,104_0,0,38.713680267333984,-9.200679779052734,23,IN_TRANSIT_TO,2026-03-06 08:30:19,21303,2466,16-AZ-16,POINT (-9.200679779052734 38.713680267333984)
2668_714,3709_20260101_102_0_4,102_0,1,38.71162033081055,-9.21483039855957,13,IN_TRANSIT_TO,2026-03-06 08:30:37,12401,2668,87-XB-36,POINT (-9.21483039855957 38.71162033081055)
4834_736,5299_20260101_199_0_4,199_0,1,38.786128997802734,-9.170450210571289,5,IN_TRANSIT_TO,2026-03-06 08:30:34,50083,4834,20-VQ-71,POINT (-9.170450210571289 38.786128997802734)
2843_751,6495_20260101_109_4_2,109_4,0,38.70043182373047,-9.182780265808105,10,IN_TRANSIT_TO,2026-03-06 08:30:27,12108,2843,BF-63-FZ,POINT (-9.182780265808105 38.70043182373047)
2296_724,4222_20260101_178_0_6,178_0,1,38.754669189453125,-9.196249961853027,7,IN_TRANSIT_TO,2026-03-06 08:30:23,10909,2296,92-51-ZM,POINT (-9.196249961853027 38.754669189453125)
203_17B,21713_20260101_247_0_3,247_0,0,38.734928131103516,-9.136879920959473,3,IN_TRANSIT_TO,2026-03-06 08:30:36,50552,203,89-59-XD,POINT (-9.136879920959473 38.734928131103516)
209_49B,22224_20260101_251_0_4,251_0,0,38.771419525146484,-9.147120475769043,1,IN_TRANSIT_TO,2026-03-06 08:26:03,50564,209,33-46-XH,POINT (-9.147120475769043 38.771419525146484)
2235_758,6877_20260101_150_0_3,150_0,0,38.75077819824219,-9.201720237731934,29,IN_TRANSIT_TO,2026-03-06 08:30:28,10904,2235,06-32-XX,POINT (-9.201720237731934 38.75077819824219)
2210_755,6712_20260101_118_0_3,118_0,1,38.75387954711914,-9.15404987335205,7,IN_TRANSIT_TO,2026-03-06 08:30:19,5702,2210,01-66-XO,POINT (-9.15404987335205 38.75387954711914)
2217_749,59016_20260101_195_0_3,195_0,0,38.75175094604492,-9.186030387878418,22,IN_TRANSIT_TO,2026-03-06 08:30:41,50476,2217,07-99-XS,POINT (-9.186030387878418 38.75175094604492)
2213_708,3351_20260101_100_0_3,100_0,0,38.77272033691406,-9.106080055236816,26,IN_TRANSIT_TO,2026-03-06 08:30:38,7715,2213,08-04-XS,POINT (-9.106080055236816 38.77272033691406)
2834_728,4700_20260101_204_0_4,204_0,0,38.69818115234375,-9.184120178222656,13,IN_TRANSIT_TO,2026-03-06 08:30:44,9501,2834,BF-76-FZ,POINT (-9.184120178222656 38.69818115234375)
2212_742,5737_20260101_114_0_2,114_0,1,38.73286819458008,-9.130780220031738,42,IN_TRANSIT_TO,2026-03-06 08:30:27,522,2212,08-05-XS,POINT (-9.130780220031738 38.73286819458008)
2781_754,6615_20260101_201_0_3,201_0,0,38.74517822265625,-9.202280044555664,19,IN_TRANSIT_TO,2026-03-06 08:30:33,2806,2781,AI-00-BT,POINT (-9.202280044555664 38.74517822265625)
2216_742,5676_20260101_114_0_2,114_0,0,38.71355056762695,-9.174050331115723,34,IN_TRANSIT_TO,2026-03-06 08:30:12,9301,2216,08-00-XS,POINT (-9.174050331115723 38.71355056762695)
2206_749,59012_20260101_195_0_2,195_0,1,38.748748779296875,-9.132719993591309,19,IN_TRANSIT_TO,2026-03-06 08:30:36,11204,2206,01-67-XO,POINT (-9.132719993591309 38.748748779296875)
411_67B,28217_20260101_253_0_3,253_0,0,38.713829040527344,-9.160400390625,0,IN_TRANSIT_TO,2026-03-06 08:30:33,,411,BF-51-TD,POINT (-9.160400390625 38.713829040527344)
2218_742,5776_20260101_114_0_5,114_0,1,38.710731506347656,-9.193570137023926,8,IN_TRANSIT_TO,2026-03-06 08:29:45,10307,2218,07-98-XS,POINT (-9.193570137023926 38.710731506347656)
2712_738,5561_20260101_117_0_3,117_0,0,38.75014877319336,-9.158379554748535,8,IN_TRANSIT_TO,2026-03-06 08:30:38,13509,2712,92-XQ-33,POINT (-9.158379554748535 38.75014877319336)
2221_742,5666_20260101_114_0_3,114_0,0,38.707820892333984,-9.173580169677734,38,IN_TRANSIT_TO,2026-03-06 08:30:24,9401,2221,07-95-XS,POINT (-9.173580169677734 38.707820892333984)
6028_732,5093_20260101_107_0_3,107_0,1,38.70920181274414,-9.21150016784668,5,IN_TRANSIT_TO,2026-03-06 08:29:56,12403,6028,BF-68-AX,POINT (-9.21150016784668 38.70920181274414)
412_19B,21687_20260101_245_0_3,245_0,0,38.722328186035156,-9.139800071716309,0,IN_TRANSIT_TO,2026-03-06 08:30:37,,412,BF-65-TC,POINT (-9.139800071716309 38.722328186035156)
566_24E,17832_20260101_213_0_5,213_0,1,38.71992111206055,-9.15487003326416,4,IN_TRANSIT_TO,2026-03-06 08:29:57,6823,566,,POINT (-9.15487003326416 38.71992111206055)
568_28E,14934_20260101_75_0_4,75_0,0,38.714229583740234,-9.169520378112793,34,IN_TRANSIT_TO,2026-03-06 08:30:18,8017,568,,POINT (-9.169520378112793 38.714229583740234)
2226_742,5698_20260101_114_0_4,114_0,0,38.735198974609375,-9.140230178833008,20,IN_TRANSIT_TO,2026-03-06 08:30:36,11106,2226,06-35-XX,POINT (-9.140230178833008 38.735198974609375)
2228_742,5769_20260101_114_0_3,114_0,1,38.704620361328125,-9.188980102539062,15,IN_TRANSIT_TO,2026-03-06 08:30:26,13405,2228,06-24-XX,POINT (-9.188980102539062 38.704620361328125)
2222_742,5720_20260101_114_0_5,114_0,0,38.725868225097656,-9.112629890441895,7,IN_TRANSIT_TO,2026-03-06 08:30:38,8302,2222,08-17-XS,POINT (-9.112629890441895 38.725868225097656)
562_28E,14986_20260101_75_0_4,75_0,0,38.708221435546875,-9.141969680786133,18,IN_TRANSIT_TO,2026-03-06 08:29:58,10518,562,,POINT (-9.141969680786133 38.708221435546875)
2207_749,6205_20260101_195_0_3,195_0,0,38.754119873046875,-9.114270210266113,1,IN_TRANSIT_TO,2026-03-06 08:30:27,24384,2207,01-70-XO,POINT (-9.114270210266113 38.754119873046875)
413_51E,1152_20260101_158_0_5,158_0,0,38.71535110473633,-9.141579627990723,0,IN_TRANSIT_TO,2026-03-06 08:30:29,,413,BF-41-TS,POINT (-9.141579627990723 38.71535110473633)
4615_728,4581_20260101_204_0_5,204_0,1,38.70867156982422,-9.134980201721191,32,IN_TRANSIT_TO,2026-03-06 08:29:23,4502,4615,22-GP-49,POINT (-9.134980201721191 38.70867156982422)
560_18E,12186_20260101_78_0_6,78_0,1,38.704681396484375,-9.199049949645996,4,IN_TRANSIT_TO,2026-03-06 08:30:14,10301,560,,POINT (-9.199049949645996 38.704681396484375)
2233_778,7529_20260101_179_0_6,179_0,1,38.76892852783203,-9.175880432128906,8,IN_TRANSIT_TO,2026-03-06 08:30:40,5937,2233,06-38-XX,POINT (-9.175880432128906 38.76892852783203)
2231_724,4191_20260101_178_0_4,178_0,1,38.71648025512695,-9.183679580688477,24,IN_TRANSIT_TO,2026-03-06 08:30:21,11806,2231,06-28-XX,POINT (-9.183679580688477 38.71648025512695)
2232_768,7319_20260101_111_0_2,111_0,1,38.756778717041016,-9.1779203414917,14,IN_TRANSIT_TO,2026-03-06 08:30:16,13605,2232,06-23-XX,POINT (-9.1779203414917 38.756778717041016)
2201_735,5271_20260101_172_1_3,172_1,0,38.730628967285156,-9.127280235290527,16,IN_TRANSIT_TO,2026-03-06 08:30:19,7003,2201,72-15-XN,POINT (-9.127280235290527 38.730628967285156)
230_773,7423_20260101_124_0_3,124_0,1,38.70682907104492,-9.17317008972168,0,IN_TRANSIT_TO,2026-03-06 08:30:18,,230,13-33-XZ,POINT (-9.17317008972168 38.70682907104492)
6004_768,7328_20260101_111_0_4,111_0,1,38.76932144165039,-9.189180374145508,0,IN_TRANSIT_TO,2026-03-06 08:30:39,,6004,82-ZC-35,POINT (-9.189180374145508 38.76932144165039)
2234_706,3251_20260101_147_0_4,147_0,0,38.714420318603516,-9.121749877929688,30,IN_TRANSIT_TO,2026-03-06 08:30:17,2128,2234,06-26-XX,POINT (-9.121749877929688 38.714420318603516)
6027_706,3241_20260101_147_0_5,147_0,1,38.7121696472168,-9.12440013885498,1,IN_TRANSIT_TO,2026-03-06 08:30:36,2133,6027,BF-66-BA,POINT (-9.12440013885498 38.7121696472168)
2242_758,6809_20260101_150_0_2,150_0,1,38.70528030395508,-9.143269538879395,33,IN_TRANSIT_TO,2026-03-06 08:30:12,3826,2242,22-42-ZB,POINT (-9.143269538879395 38.70528030395508)
615_15E,11288_20260101_76_0_5,76_0,0,38.69647979736328,-9.207969665527344,17,IN_TRANSIT_TO,2026-03-06 08:30:33,9610,615,,POINT (-9.207969665527344 38.69647979736328)
407_67B,28216_20260101_253_0_3,253_0,0,38.70494842529297,-9.166600227355957,14,IN_TRANSIT_TO,2026-03-06 08:30:39,50218,407,BF-55-TT,POINT (-9.166600227355957 38.70494842529297)
2287_729,4779_20260101_104_0_2,104_0,0,38.75032043457031,-9.196399688720703,12,IN_TRANSIT_TO,2026-03-06 08:30:25,10802,2287,92-58-ZM,POINT (-9.196399688720703 38.75032043457031)
2265_799,8222_20260101_120_0_2,120_0,0,38.73693084716797,-9.222570419311523,20,IN_TRANSIT_TO,2026-03-06 08:30:35,18120,2265,76-91-ZG,POINT (-9.222570419311523 38.73693084716797)
2273_731,4989_20260101_190_0_4,190_0,1,38.79032897949219,-9.109100341796875,0,IN_TRANSIT_TO,2026-03-06 08:30:21,,2273,76-81-ZG,POINT (-9.109100341796875 38.79032897949219)
303_708,3298_20260101_100_0_2,100_0,1,38.767051696777344,-9.098679542541504,14,IN_TRANSIT_TO,2026-03-06 08:30:34,7822,303,22-SP-90,POINT (-9.098679542541504 38.767051696777344)
2267_765,18944_20260101_110_0_10,110_0,1,38.75421905517578,-9.19717025756836,8,IN_TRANSIT_TO,2026-03-06 08:30:36,10909,2267,76-86-ZG,POINT (-9.19717025756836 38.75421905517578)
