id,trip_id,route_id,direction_id,latitude,longitude,current_stop_sequence,current_status,timestamp,stop_id,vehicle_id,license_plate,geometry
4645_750,6306_20251202_106_0_14,106_0,0,38.74502944946289,-9.20007038116455,26,IN_TRANSIT_TO,2025-12-30 19:43:02,2806,4645,98-JO-46,POINT (-9.20007038116455 38.74502944946289)
4648_750,6263_20251202_106_0_12,106_0,1,38.69860076904297,-9.227279663085938,0,IN_TRANSIT_TO,2025-12-30 19:43:03,,4648,98-JO-47,POINT (-9.227279663085938 38.69860076904297)
2302_794,8074_20251202_115_0_16,115_0,1,38.764400482177734,-9.104120254516602,2,IN_TRANSIT_TO,2025-12-30 19:43:28,2324,2302,83-08-ZM,POINT (-9.104120254516602 38.764400482177734)
2253_758,6866_20251202_150_0_17,150_0,0,38.72393035888672,-9.160579681396484,11,IN_TRANSIT_TO,2025-12-30 19:43:11,8511,2253,80-52-ZE,POINT (-9.160579681396484 38.72393035888672)
611_15E,11185_20251202_76_0_15,76_0,0,38.695228576660156,-9.216750144958496,19,IN_TRANSIT_TO,2025-12-30 19:43:15,13206,611,,POINT (-9.216750144958496 38.695228576660156)
304_783,7824_20251202_203_0_16,203_0,1,38.75212097167969,-9.151169776916504,18,IN_TRANSIT_TO,2025-12-30 19:43:21,2008,304,22-SP-91,POINT (-9.151169776916504 38.75212097167969)
4606_728,4612_20251202_204_0_12,204_0,0,38.77423095703125,-9.104869842529297,45,IN_TRANSIT_TO,2025-12-30 19:43:20,7807,4606,96-GL-83,POINT (-9.104869842529297 38.77423095703125)
6022_732,5035_20251202_107_0_9,107_0,1,38.72475051879883,-9.149149894714355,34,IN_TRANSIT_TO,2025-12-30 19:42:59,1103,6022,BF-48-BB,POINT (-9.149149894714355 38.72475051879883)
2315_712,3546_20251202_189_0_12,189_0,0,38.727630615234375,-9.159150123596191,20,IN_TRANSIT_TO,2025-12-30 19:42:58,6103,2315,61-88-ZB,POINT (-9.159150123596191 38.727630615234375)
2440_778,7528_20251202_179_0_25,179_0,0,38.762020111083984,-9.1627197265625,2,IN_TRANSIT_TO,2025-12-30 19:43:20,5823,2440,29-AX-08,POINT (-9.1627197265625 38.762020111083984)
558_28E,14983_20251202_75_0_20,75_0,0,38.71546936035156,-9.1289701461792,9,IN_TRANSIT_TO,2025-12-30 19:43:12,14804,558,,POINT (-9.1289701461792 38.71546936035156)
2250_731,19403_20240727_190_0_8,190_0,1,38.78303146362305,-9.114009857177734,3,IN_TRANSIT_TO,2024-08-10 10:41:27,12610,2250,80-41-ZE,POINT (-9.114009857177734 38.78303146362305)
6021_760,7021_20251202_171_0_13,171_0,0,38.70637893676758,-9.148469924926758,12,IN_TRANSIT_TO,2025-12-30 19:43:04,50339,6021,BD-91-QG,POINT (-9.148469924926758 38.70637893676758)
2292_724,4197_20251202_178_0_24,178_0,1,38.756019592285156,-9.204700469970703,3,IN_TRANSIT_TO,2025-12-30 19:43:22,13710,2292,83-16-ZM,POINT (-9.204700469970703 38.756019592285156)
612_15E,11209_20251202_76_0_17,76_0,0,38.706199645996094,-9.155980110168457,5,IN_TRANSIT_TO,2025-12-30 19:43:02,7102,612,,POINT (-9.155980110168457 38.706199645996094)
2321_712,3562_20251202_189_0_16,189_0,1,38.72761917114258,-9.140780448913574,19,IN_TRANSIT_TO,2025-12-30 19:43:04,6906,2321,04-47-ZF,POINT (-9.140780448913574 38.72761917114258)
2795_714,3694_20251202_102_0_15,102_0,0,38.706581115722656,-9.154999732971191,4,IN_TRANSIT_TO,2025-12-30 19:43:24,3926,2795,AJ-55-LI,POINT (-9.154999732971191 38.706581115722656)
2494_735,5250_20251202_172_0_16,172_0,1,38.717918395996094,-9.121529579162598,24,IN_TRANSIT_TO,2025-12-30 19:43:24,2108,2494,88-BL-68,POINT (-9.121529579162598 38.717918395996094)
4617_750,6349_20251202_106_0_13,106_0,1,38.76847839355469,-9.10414981842041,38,IN_TRANSIT_TO,2025-12-30 19:42:58,2315,4617,22-GP-51,POINT (-9.10414981842041 38.76847839355469)
4620_750,6411_20251202_106_0_3,106_0,0,38.7153205871582,-9.229069709777832,33,IN_TRANSIT_TO,2025-12-30 19:43:27,18111,4620,22-GP-54,POINT (-9.229069709777832 38.7153205871582)
2955_40B,19261_20251202_212_0_21,212_0,0,38.79158020019531,-9.14507007598877,9,IN_TRANSIT_TO,2025-12-30 19:43:23,50206,2955,27-GU-70,POINT (-9.14507007598877 38.79158020019531)
2951_29B,17527_20251202_209_0_13,209_0,0,38.77273178100586,-9.1181001663208,22,IN_TRANSIT_TO,2025-12-17 14:32:48,50347,2951,62-GQ-53,POINT (-9.1181001663208 38.77273178100586)
2954_40B,17567_20251202_212_0_22,212_0,1,38.77553176879883,-9.159669876098633,5,IN_TRANSIT_TO,2025-12-30 19:43:09,11508,2954,62-GQ-56,POINT (-9.159669876098633 38.77553176879883)
2624_759,6964_20251202_144_0_11,144_0,1,38.71086883544922,-9.127229690551758,42,IN_TRANSIT_TO,2025-12-30 19:42:57,8204,2624,72-VP-82,POINT (-9.127229690551758 38.71086883544922)
4816_751,6504_20251202_109_0_14,109_0,0,38.6997184753418,-9.213950157165527,18,IN_TRANSIT_TO,2025-12-30 19:42:57,9614,4816,34-VR-17,POINT (-9.213950157165527 38.6997184753418)
4614_750,6403_20251202_106_0_14,106_0,1,38.730430603027344,-9.208749771118164,7,IN_TRANSIT_TO,2025-12-30 19:43:17,14005,4614,96-GL-90,POINT (-9.208749771118164 38.730430603027344)
4611_751,6472_20251202_109_0_20,109_0,1,38.699100494384766,-9.205519676208496,17,IN_TRANSIT_TO,2025-12-30 19:42:51,9607,4611,96-GL-88,POINT (-9.205519676208496 38.699100494384766)
2950_32B,17547_20251202_211_0_21,211_0,0,38.752479553222656,-9.114669799804688,4,IN_TRANSIT_TO,2025-12-30 19:43:22,24382,2950,62-GQ-51,POINT (-9.114669799804688 38.752479553222656)
4641_750,6332_20251202_106_0_14,106_0,0,38.76742935180664,-9.102080345153809,1,IN_TRANSIT_TO,2025-12-30 19:43:08,7813,4641,90-JI-98,POINT (-9.102080345153809 38.76742935180664)
2949_31B,17537_20251202_210_0_21,210_0,0,38.7524299621582,-9.112469673156738,4,IN_TRANSIT_TO,2025-12-30 19:43:09,50345,2949,62-GQ-52,POINT (-9.112469673156738 38.7524299621582)
4646_750,6392_20251202_106_0_2,106_0,1,38.747371673583984,-9.189820289611816,17,IN_TRANSIT_TO,2025-12-30 19:43:05,10803,4646,11-JM-79,POINT (-9.189820289611816 38.747371673583984)
2973_45B,49561_20251202_277_0_6,277_0,1,38.77302169799805,-9.161250114440918,22,IN_TRANSIT_TO,2025-12-30 19:43:27,5903,2973,30-VM-13,POINT (-9.161250114440918 38.77302169799805)
4818_751,6461_20251202_109_0_14,109_0,1,38.70294952392578,-9.179829597473145,24,IN_TRANSIT_TO,2025-12-30 19:43:10,12107,4818,42-VT-57,POINT (-9.179829597473145 38.70294952392578)
4627_736,5362_20251202_199_0_15,199_0,0,38.764930725097656,-9.15719985961914,17,IN_TRANSIT_TO,2025-12-30 19:43:22,5811,4627,11-JM-76,POINT (-9.15719985961914 38.764930725097656)
2699_764,7161_20251202_168_0_16,168_0,1,38.75605010986328,-9.177020072937012,25,IN_TRANSIT_TO,2025-12-30 19:43:26,13605,2699,92-XQ-25,POINT (-9.177020072937012 38.75605010986328)
2693_748,6143_20251202_169_0_29,169_0,0,38.725921630859375,-9.150779724121094,1,IN_TRANSIT_TO,2025-12-30 19:43:20,1229,2693,90-XF-46,POINT (-9.150779724121094 38.725921630859375)
2694_714,3692_20251202_102_0_13,102_0,0,38.70526885986328,-9.170680046081543,9,IN_TRANSIT_TO,2025-12-30 19:43:26,10210,2694,90-XF-49,POINT (-9.170680046081543 38.70526885986328)
2669_723,4179_20251202_121_0_16,121_0,1,38.713600158691406,-9.19534969329834,19,IN_TRANSIT_TO,2025-12-30 19:43:16,10315,2669,87-XB-34,POINT (-9.19534969329834 38.713600158691406)
6048_732,5094_20251202_107_0_10,107_0,0,38.739471435546875,-9.146269798278809,6,IN_TRANSIT_TO,2025-12-30 19:43:23,1902,6048,BH-46-IR,POINT (-9.146269798278809 38.739471435546875)
2684_727,4522_20251202_103_0_4,103_0,1,38.74203109741211,-9.146599769592285,41,IN_TRANSIT_TO,2025-12-30 19:43:13,1805,2684,99-XE-59,POINT (-9.146599769592285 38.74203109741211)
6047_760,7101_20251202_171_0_8,171_0,1,38.709571838378906,-9.202670097351074,0,IN_TRANSIT_TO,2025-12-30 19:43:00,,6047,BH-20-IP,POINT (-9.202670097351074 38.709571838378906)
4618_750,6375_20251202_106_0_14,106_0,1,38.75783157348633,-9.155369758605957,25,IN_TRANSIT_TO,2025-12-30 19:43:19,5804,4618,22-GP-52,POINT (-9.155369758605957 38.75783157348633)
2946_29B,17523_20251202_209_0_21,209_0,0,38.774070739746094,-9.116820335388184,17,IN_TRANSIT_TO,2025-12-30 19:43:05,12208,2946,75-GO-15,POINT (-9.116820335388184 38.774070739746094)
2678_754,6580_20251202_201_0_16,201_0,0,38.74502944946289,-9.199480056762695,18,IN_TRANSIT_TO,2025-12-30 19:43:17,10818,2678,93-XA-39,POINT (-9.199480056762695 38.74502944946289)
4643_750,6310_20251202_106_0_14,106_0,0,38.7578010559082,-9.17533016204834,19,IN_TRANSIT_TO,2025-12-30 19:42:58,12805,4643,98-JO-45,POINT (-9.17533016204834 38.7578010559082)
2676_723,4140_20251202_121_0_15,121_0,0,38.69620132446289,-9.219829559326172,29,IN_TRANSIT_TO,2025-12-30 19:43:24,13204,2676,87-XB-40,POINT (-9.219829559326172 38.69620132446289)
2680_709,3404_20251202_148_0_29,148_0,1,38.71390151977539,-9.139849662780762,11,IN_TRANSIT_TO,2025-12-30 19:43:00,902,2680,93-XA-36,POINT (-9.139849662780762 38.71390151977539)
2681_714,3631_20251202_102_0_16,102_0,1,38.727821350097656,-9.209199905395508,8,IN_TRANSIT_TO,2025-12-30 19:42:59,14008,2681,93-XA-41,POINT (-9.209199905395508 38.727821350097656)
2673_714,3678_20251202_102_0_5,102_0,0,38.70500183105469,-9.212719917297363,24,IN_TRANSIT_TO,2025-12-30 19:43:09,13122,2673,87-XB-37,POINT (-9.212719917297363 38.70500183105469)
2679_754,6600_20251202_201_0_16,201_0,1,38.74386978149414,-9.176779747009277,26,IN_TRANSIT_TO,2025-12-30 19:43:09,10703,2679,93-XA-34,POINT (-9.176779747009277 38.74386978149414)
2672_746,5994_20251202_108_0_17,108_0,0,38.74897003173828,-9.19124984741211,16,IN_TRANSIT_TO,2025-12-30 19:43:05,10826,2672,87-XB-44,POINT (-9.19124984741211 38.74897003173828)
2670_723,4165_20251202_121_0_14,121_0,0,38.726829528808594,-9.145700454711914,5,IN_TRANSIT_TO,2025-12-30 19:43:24,6605,2670,87-XB-32,POINT (-9.145700454711914 38.726829528808594)
2674_764,7165_20251202_168_0_6,168_0,1,38.74544906616211,-9.222319602966309,3,IN_TRANSIT_TO,2025-12-30 19:43:06,3009,2674,87-XB-38,POINT (-9.222319602966309 38.74544906616211)
2961_737,5501_20251202_173_0_44,173_0,1,38.71289825439453,-9.136269569396973,6,IN_TRANSIT_TO,2025-12-30 19:43:15,913,2961,26-VD-02,POINT (-9.136269569396973 38.71289825439453)
4623_717,3874_20251202_170_4_21,170_4,0,38.778499603271484,-9.149200439453125,14,IN_TRANSIT_TO,2025-12-30 19:43:05,11511,4623,27-JO-12,POINT (-9.149200439453125 38.778499603271484)
547_24E,17841_20251202_213_0_33,213_0,1,38.72475051879883,-9.1599702835083,1,IN_TRANSIT_TO,2025-12-30 19:43:27,6130,547,,POINT (-9.1599702835083 38.72475051879883)
6049_732,5077_20251202_107_0_9,107_0,0,38.70392990112305,-9.195650100708008,33,IN_TRANSIT_TO,2025-12-30 19:43:20,13410,6049,BH-47-IR,POINT (-9.195650100708008 38.70392990112305)
2723_711,3488_20251202_101_0_15,101_0,0,38.7257194519043,-9.14972972869873,6,IN_TRANSIT_TO,2025-12-30 19:43:27,1103,2723,92-XQ-43,POINT (-9.14972972869873 38.7257194519043)
6050_760,7084_20251202_171_0_12,171_0,1,38.70806884765625,-9.137229919433594,31,IN_TRANSIT_TO,2025-12-30 19:43:00,3824,6050,BH-62-IR,POINT (-9.137229919433594 38.70806884765625)
2347_758,6877_20251202_150_0_14,150_0,1,38.72425079345703,-9.160369873046875,21,IN_TRANSIT_TO,2025-12-09 19:31:15,6120,2347,53-61-ZJ,POINT (-9.160369873046875 38.72425079345703)
2441_767,7287_20251202_112_0_12,112_0,1,38.762451171875,-9.157449722290039,27,IN_TRANSIT_TO,2025-12-30 19:43:19,5824,2441,29-AX-07,POINT (-9.157449722290039 38.762451171875)
2741_720,4090_20251202_143_0_14,143_0,1,38.73762130737305,-9.123479843139648,30,IN_TRANSIT_TO,2025-12-30 19:42:48,8904,2741,AG-99-TG,POINT (-9.123479843139648 38.73762130737305)
2479_729,4826_20251202_104_0_14,104_0,0,38.704219818115234,-9.199419975280762,31,IN_TRANSIT_TO,2025-12-30 19:43:03,10301,2479,91-BE-74,POINT (-9.199419975280762 38.704219818115234)
2414_726,4313_20251202_116_0_5,116_0,0,38.76087188720703,-9.196279525756836,28,IN_TRANSIT_TO,2025-12-30 19:43:21,12812,2414,92-AO-51,POINT (-9.196279525756836 38.76087188720703)
2844_753,6574_20251202_167_0_25,167_0,0,38.72529983520508,-9.152469635009766,4,IN_TRANSIT_TO,2025-12-30 19:43:12,1209,2844,BF-73-FZ,POINT (-9.152469635009766 38.72529983520508)
2763_708,3355_20251202_100_0_11,100_0,0,38.79441833496094,-9.100449562072754,40,IN_TRANSIT_TO,2025-12-30 19:43:24,50448,2763,AH-23-ND,POINT (-9.100449562072754 38.79441833496094)
2755_701,2969_20251202_123_0_18,123_0,1,38.73517990112305,-9.165329933166504,10,IN_TRANSIT_TO,2025-12-30 19:43:27,2711,2755,AG-95-TG,POINT (-9.165329933166504 38.73517990112305)
608_15E,11251_20251202_76_0_16,76_0,1,38.70827865600586,-9.136320114135742,22,IN_TRANSIT_TO,2025-12-30 19:43:01,5512,608,,POINT (-9.136320114135742 38.70827865600586)
2281_763,46416_20251202_282_0_20,282_0,1,38.762969970703125,-9.19711971282959,5,IN_TRANSIT_TO,2025-12-30 19:43:23,13904,2281,67-56-ZJ,POINT (-9.19711971282959 38.762969970703125)
255_58B,19290_20251202_227_0_21,227_0,0,38.740421295166016,-9.171730041503906,20,IN_TRANSIT_TO,2025-12-30 19:43:29,50464,255,AF-58-RM,POINT (-9.171730041503906 38.740421295166016)
2628_759,6971_20251202_144_0_14,144_0,1,38.731201171875,-9.109769821166992,32,IN_TRANSIT_TO,2025-12-30 19:43:26,17568,2628,52-VP-82,POINT (-9.109769821166992 38.731201171875)
2841_748,63536_20251202_169_0_8,169_0,1,38.72283172607422,-9.199430465698242,6,IN_TRANSIT_TO,2025-12-30 19:43:17,14311,2841,BF-55-FZ,POINT (-9.199430465698242 38.72283172607422)
1717_717,3861_20251202_170_0_16,170_0,1,38.754150390625,-9.138699531555176,31,IN_TRANSIT_TO,2025-12-30 19:43:02,7411,1717,69-AL-80,POINT (-9.138699531555176 38.754150390625)
2717_711,3466_20251202_101_0_13,101_0,0,38.74702835083008,-9.216449737548828,28,IN_TRANSIT_TO,2025-12-30 19:43:15,3014,2717,92-XQ-16,POINT (-9.216449737548828 38.74702835083008)
4624_783,7804_20251202_203_0_15,203_0,0,38.726470947265625,-9.149129867553711,4,IN_TRANSIT_TO,2025-12-30 19:43:22,1225,4624,11-JM-75,POINT (-9.149129867553711 38.726470947265625)
6034_767,21199_20251202_112_1_12,112_1,0,38.752498626708984,-9.18904972076416,12,IN_TRANSIT_TO,2025-12-30 19:43:21,10808,6034,BF-61-AX,POINT (-9.18904972076416 38.752498626708984)
305_783,7849_20251202_203_0_15,203_0,0,38.77907180786133,-9.119830131530762,25,IN_TRANSIT_TO,2025-12-30 19:43:28,12311,305,73-ST-80,POINT (-9.119830131530762 38.77907180786133)
2738_742,5740_20251202_114_0_13,114_0,1,38.73257064819336,-9.12975025177002,43,IN_TRANSIT_TO,2025-12-30 19:43:03,502,2738,AG-46-EI,POINT (-9.12975025177002 38.73257064819336)
4601_750,6327_20251202_106_0_13,106_0,0,38.7666015625,-9.104330062866211,2,IN_TRANSIT_TO,2025-12-30 19:42:57,2324,4601,96-GL-79,POINT (-9.104330062866211 38.7666015625)
2294_713,3609_20251202_122_0_17,122_0,0,38.72359848022461,-9.160969734191895,11,IN_TRANSIT_TO,2025-12-30 19:43:14,8512,2294,92-52-ZM,POINT (-9.160969734191895 38.72359848022461)
2783_727,4445_20251202_103_0_11,103_0,0,38.704498291015625,-9.166720390319824,25,IN_TRANSIT_TO,2025-12-30 19:43:23,10212,2783,AI-10-BT,POINT (-9.166720390319824 38.704498291015625)
2978_797,8158_20251202_163_0_44,163_0,0,38.725921630859375,-9.130020141601562,8,IN_TRANSIT_TO,2025-12-30 19:43:19,9101,2978,29-VM-92,POINT (-9.130020141601562 38.725921630859375)
4633_783,7850_20251202_203_0_15,203_0,0,38.758399963378906,-9.140299797058105,16,IN_TRANSIT_TO,2025-12-30 19:43:14,11303,4633,90-JI-94,POINT (-9.140299797058105 38.758399963378906)
2442_747,6123_20251202_177_0_25,177_0,0,38.760398864746094,-9.155500411987305,2,IN_TRANSIT_TO,2025-12-30 19:43:10,5807,2442,29-AX-06,POINT (-9.155500411987305 38.760398864746094)
2703_738,5552_20251202_117_0_13,117_0,1,38.711299896240234,-9.164299964904785,9,IN_TRANSIT_TO,2025-12-30 19:43:10,10101,2703,92-XQ-24,POINT (-9.164299964904785 38.711299896240234)
2495_742,5704_20251202_114_0_4,114_0,0,38.72813034057617,-9.120550155639648,12,IN_TRANSIT_TO,2025-12-30 19:43:09,11703,2495,88-BL-69,POINT (-9.120550155639648 38.72813034057617)
6038_706,3233_20251202_147_0_12,147_0,1,38.72600173950195,-9.145879745483398,20,IN_TRANSIT_TO,2025-12-30 19:43:27,6610,6038,BG-46-LV,POINT (-9.145879745483398 38.72600173950195)
4833_736,20048_20251202_199_0_16,199_0,1,38.786251068115234,-9.17063045501709,5,IN_TRANSIT_TO,2025-12-30 19:43:26,50083,4833,20-VQ-65,POINT (-9.17063045501709 38.786251068115234)
4839_736,5420_20251202_199_0_16,199_0,1,38.7677001953125,-9.158300399780273,12,IN_TRANSIT_TO,2025-12-30 19:43:19,5902,4839,53-VR-08,POINT (-9.158300399780273 38.7677001953125)
2614_781,7735_20251202_151_0_16,151_0,1,38.70814895629883,-9.13759994506836,27,IN_TRANSIT_TO,2025-12-30 19:42:51,4502,2614,66-VI-24,POINT (-9.13759994506836 38.70814895629883)
2965_79B,18660_20251202_221_0_15,221_0,0,38.715179443359375,-9.207850456237793,21,IN_TRANSIT_TO,2025-12-30 19:43:02,10406,2965,29-VM-97,POINT (-9.207850456237793 38.715179443359375)
275_61B,21529_20251202_241_0_27,241_0,0,38.73495101928711,-9.165120124816895,12,IN_TRANSIT_TO,2025-12-30 19:43:05,2711,275,AH-16-TB,POINT (-9.165120124816895 38.73495101928711)
2997_71B,45256_20251202_278_0_17,278_0,0,38.74250030517578,-9.200920104980469,10,IN_TRANSIT_TO,2025-12-30 19:43:08,50459,2997,34-VN-03,POINT (-9.200920104980469 38.74250030517578)
2607_722,4123_20251202_196_0_14,196_0,0,38.781150817871094,-9.110420227050781,33,IN_TRANSIT_TO,2025-12-30 19:43:13,12625,2607,AA-95-TQ,POINT (-9.110420227050781 38.781150817871094)
4815_728,4712_20251202_204_0_11,204_0,1,38.73052978515625,-9.106019973754883,23,IN_TRANSIT_TO,2025-12-30 19:43:25,8314,4815,34-VR-24,POINT (-9.106019973754883 38.73052978515625)
4821_736,5322_20251202_199_0_15,199_0,0,38.79011917114258,-9.175729751586914,28,IN_TRANSIT_TO,2025-12-30 19:43:23,50083,4821,20-VQ-68,POINT (-9.175729751586914 38.79011917114258)
2697_713,3587_20251202_122_0_18,122_0,1,38.707271575927734,-9.1737699508667,6,IN_TRANSIT_TO,2025-12-30 19:43:01,9412,2697,90-XF-59,POINT (-9.1737699508667 38.707271575927734)
2606_782,7791_20251202_152_0_13,152_0,1,38.76716995239258,-9.098819732666016,3,IN_TRANSIT_TO,2025-12-30 19:43:02,7824,2606,66-VI-40,POINT (-9.098819732666016 38.76716995239258)
2601_759,6962_20251202_144_0_15,144_0,0,38.715579986572266,-9.141819953918457,0,IN_TRANSIT_TO,2025-12-30 19:43:11,,2601,04-VA-70,POINT (-9.141819953918457 38.715579986572266)
6026_732,5079_20251202_107_0_9,107_0,0,38.70201873779297,-9.18097972869873,27,IN_TRANSIT_TO,2025-12-30 19:43:00,12108,6026,BF-39-BB,POINT (-9.18097972869873 38.70201873779297)
2706_754,6614_20251202_201_0_16,201_0,1,38.748199462890625,-9.18844985961914,22,IN_TRANSIT_TO,2025-12-30 19:43:04,10805,2706,92-XQ-46,POINT (-9.18844985961914 38.748199462890625)
2602_744,5845_20251202_200_0_13,200_0,1,38.76752853393555,-9.102749824523926,6,IN_TRANSIT_TO,2025-12-30 19:43:19,7825,2602,16-VF-81,POINT (-9.102749824523926 38.76752853393555)
2653_759,6936_20251202_144_0_13,144_0,0,38.77273178100586,-9.117770195007324,36,IN_TRANSIT_TO,2025-12-30 19:43:27,12210,2653,05-VZ-52,POINT (-9.117770195007324 38.77273178100586)
4806_751,6524_20251202_109_0_17,109_0,0,38.73109817504883,-9.16862964630127,2,IN_TRANSIT_TO,2025-12-30 19:43:17,2704,4806,20-VQ-74,POINT (-9.16862964630127 38.73109817504883)
2988_770,7363_20251202_191_3_24,191_3,0,38.73925018310547,-9.171979904174805,2,IN_TRANSIT_TO,2025-12-30 19:43:06,1618,2988,29-VM-94,POINT (-9.171979904174805 38.73925018310547)
4826_783,7839_20251202_203_0_14,203_0,1,38.7598991394043,-9.136019706726074,13,IN_TRANSIT_TO,2025-12-30 19:43:01,7502,4826,53-VR-05,POINT (-9.136019706726074 38.7598991394043)
2657_718,3943_20251202_105_0_19,105_0,1,38.74348068237305,-9.101579666137695,21,IN_TRANSIT_TO,2025-12-30 19:43:09,12511,2657,05-VZ-66,POINT (-9.101579666137695 38.74348068237305)
2637_744,5806_20251202_200_0_13,200_0,0,38.76765060424805,-9.105250358581543,24,IN_TRANSIT_TO,2025-12-30 19:43:07,7711,2637,87-VS-51,POINT (-9.105250358581543 38.76765060424805)
2638_744,5842_20251202_200_0_14,200_0,1,38.75682830810547,-9.139820098876953,17,IN_TRANSIT_TO,2025-12-30 19:43:21,11318,2638,87-VS-48,POINT (-9.139820098876953 38.75682830810547)
2617_781,7740_20251202_151_0_14,151_0,1,38.74808120727539,-9.096929550170898,19,IN_TRANSIT_TO,2025-12-30 19:43:15,2203,2617,66-VI-28,POINT (-9.096929550170898 38.74808120727539)
2633_744,5820_20251202_200_0_15,200_0,0,38.731170654296875,-9.146320343017578,4,IN_TRANSIT_TO,2025-12-30 19:42:59,1701,2633,52-VP-79,POINT (-9.146320343017578 38.731170654296875)
6005_706,3249_20251202_147_0_5,147_0,1,38.720401763916016,-9.117730140686035,4,IN_TRANSIT_TO,2025-12-30 19:43:12,2131,6005,81-ZC-91,POINT (-9.117730140686035 38.720401763916016)
2648_705,3185_20251202_176_0_19,176_0,0,38.74277877807617,-9.133429527282715,25,IN_TRANSIT_TO,2025-12-30 19:43:23,308,2648,75-VS-46,POINT (-9.133429527282715 38.74277877807617)
2698_727,4489_20251202_103_0_12,103_0,0,38.748321533203125,-9.148750305175781,5,IN_TRANSIT_TO,2025-12-30 19:43:14,2016,2698,92-XQ-20,POINT (-9.148750305175781 38.748321533203125)
2716_727,4533_20251202_103_0_11,103_0,1,38.709930419921875,-9.15326976776123,29,IN_TRANSIT_TO,2025-12-30 19:42:59,7103,2716,92-XQ-27,POINT (-9.15326976776123 38.709930419921875)
2991_797,8169_20251202_163_0_38,163_0,1,38.729251861572266,-9.128100395202637,6,IN_TRANSIT_TO,2025-12-30 19:35:47,7007,2991,29-VM-89,POINT (-9.128100395202637 38.729251861572266)
4820_728,4719_20251202_204_0_3,204_0,1,38.76115036010742,-9.096380233764648,12,IN_TRANSIT_TO,2025-12-30 19:42:52,2403,4820,20-VQ-62,POINT (-9.096380233764648 38.76115036010742)
6041_732,5056_20251202_107_0_10,107_0,1,38.704551696777344,-9.176529884338379,22,IN_TRANSIT_TO,2025-12-30 19:43:15,12101,6041,BG-20-LV,POINT (-9.176529884338379 38.704551696777344)
2647_722,4109_20251202_196_0_14,196_0,1,38.71561813354492,-9.141969680786133,33,IN_TRANSIT_TO,2025-12-30 19:43:13,1102,2647,75-VS-45,POINT (-9.141969680786133 38.71561813354492)
2826_728,4596_20251202_204_0_10,204_0,0,38.78133010864258,-9.108070373535156,49,IN_TRANSIT_TO,2025-12-30 19:43:04,12618,2826,BF-74-FZ,POINT (-9.108070373535156 38.78133010864258)
2642_705,3189_20251202_176_0_19,176_0,0,38.77933120727539,-9.120100021362305,9,IN_TRANSIT_TO,2025-12-30 19:43:10,12305,2642,75-VS-51,POINT (-9.120100021362305 38.77933120727539)
273_65B,22207_20251202_250_0_23,250_0,0,38.71876907348633,-9.156550407409668,12,IN_TRANSIT_TO,2025-12-30 19:43:18,50191,273,AH-15-TB,POINT (-9.156550407409668 38.71876907348633)
2721_714,17756_20251202_102_0_14,102_0,1,38.703330993652344,-9.211050033569336,16,IN_TRANSIT_TO,2025-12-30 19:43:05,13119,2721,92-XQ-37,POINT (-9.211050033569336 38.703330993652344)
6030_760,7063_20251202_171_0_7,171_0,0,38.71868133544922,-9.136750221252441,7,IN_TRANSIT_TO,2025-12-30 19:43:18,809,6030,BF-39-AU,POINT (-9.136750221252441 38.71868133544922)
2618_759,6951_20251202_144_0_12,144_0,0,38.724830627441406,-9.113380432128906,12,IN_TRANSIT_TO,2025-12-30 19:43:11,9807,2618,66-VI-42,POINT (-9.113380432128906 38.724830627441406)
548_28E,14905_20251202_75_0_15,75_0,1,38.71685028076172,-9.136300086975098,23,IN_TRANSIT_TO,2025-12-30 19:43:08,804,548,,POINT (-9.136300086975098 38.71685028076172)
2643_759,6972_20251202_144_0_14,144_0,1,38.76158142089844,-9.114020347595215,17,IN_TRANSIT_TO,2025-12-30 19:43:15,8433,2643,75-VS-44,POINT (-9.114020347595215 38.76158142089844)
2646_759,6953_20251202_144_0_13,144_0,0,38.708351135253906,-9.136369705200195,4,IN_TRANSIT_TO,2025-12-30 19:43:08,5501,2646,75-VS-48,POINT (-9.136369705200195 38.708351135253906)
2733_756,6721_20251202_175_0_22,175_0,0,38.7380485534668,-9.123330116271973,2,IN_TRANSIT_TO,2025-12-30 19:42:19,8903,2733,AG-41-EI,POINT (-9.123330116271973 38.7380485534668)
2664_746,5983_20251202_108_0_20,108_0,1,38.75048065185547,-9.211179733276367,2,IN_TRANSIT_TO,2025-12-30 19:43:15,3003,2664,05-VZ-68,POINT (-9.211179733276367 38.75048065185547)
2654_718,3932_20251202_105_0_18,105_0,0,38.75654983520508,-9.113320350646973,1,IN_TRANSIT_TO,2025-12-30 19:43:20,24383,2654,05-VZ-69,POINT (-9.113320350646973 38.75654983520508)
541_25E,14270_20251202_79_0_22,79_0,0,38.70650100708008,-9.142379760742188,3,IN_TRANSIT_TO,2025-12-30 19:43:20,3820,541,,POINT (-9.142379760742188 38.70650100708008)
2707_754,6594_20251202_201_0_6,201_0,0,38.74797821044922,-9.150919914245605,5,IN_TRANSIT_TO,2025-12-30 19:43:15,2001,2707,92-XQ-39,POINT (-9.150919914245605 38.74797821044922)
2612_722,4126_20251202_196_0_15,196_0,0,38.73522186279297,-9.140830039978027,7,IN_TRANSIT_TO,2025-12-30 19:43:05,11101,2612,66-VI-29,POINT (-9.140830039978027 38.73522186279297)
2713_764,7150_20251202_168_0_18,168_0,0,38.74745178222656,-9.190199851989746,17,IN_TRANSIT_TO,2025-12-30 19:43:21,10803,2713,92-XQ-34,POINT (-9.190199851989746 38.74745178222656)
544_25E,14269_20251202_79_0_22,79_0,0,38.70650100708008,-9.142370223999023,3,IN_TRANSIT_TO,2025-12-30 19:43:11,3820,544,,POINT (-9.142370223999023 38.70650100708008)
2996_72B,45264_20251202_279_0_17,279_0,0,38.742698669433594,-9.204469680786133,14,IN_TRANSIT_TO,2025-12-30 19:43:14,8814,2996,30-VM-03,POINT (-9.204469680786133 38.742698669433594)
556_18E,12198_20251202_78_0_23,78_0,0,38.70640182495117,-9.149450302124023,2,IN_TRANSIT_TO,2025-12-30 19:43:15,7102,556,,POINT (-9.149450302124023 38.70640182495117)
549_24E,17851_20251202_213_0_26,213_0,0,38.726768493652344,-9.161580085754395,10,IN_TRANSIT_TO,2025-12-30 19:43:13,8509,549,,POINT (-9.161580085754395 38.726768493652344)
2636_744,5812_20251202_200_0_15,200_0,0,38.76337814331055,-9.129249572753906,17,IN_TRANSIT_TO,2025-12-30 19:43:29,7513,2636,87-VS-50,POINT (-9.129249572753906 38.76337814331055)
2620_782,7773_20251202_152_0_12,152_0,0,38.76227951049805,-9.103580474853516,15,IN_TRANSIT_TO,2025-12-30 19:43:11,2311,2620,66-VI-33,POINT (-9.103580474853516 38.76227951049805)
2829_753,18785_20251202_167_0_12,167_0,1,38.711429595947266,-9.177550315856934,2,IN_TRANSIT_TO,2025-12-30 19:43:02,14602,2829,BF-58-FZ,POINT (-9.177550315856934 38.711429595947266)
4810_728,4704_20251202_204_0_11,204_0,1,38.706321716308594,-9.145330429077148,35,IN_TRANSIT_TO,2025-12-30 19:43:00,3802,4810,20-VQ-60,POINT (-9.145330429077148 38.706321716308594)
2621_720,4097_20251202_143_0_17,143_0,1,38.708248138427734,-9.167149543762207,8,IN_TRANSIT_TO,2025-12-30 19:43:27,10205,2621,66-VI-45,POINT (-9.167149543762207 38.708248138427734)
2622_781,7758_20251202_151_0_16,151_0,0,38.764198303222656,-9.109450340270996,17,IN_TRANSIT_TO,2025-12-30 19:43:29,8423,2622,66-VI-21,POINT (-9.109450340270996 38.764198303222656)
2603_722,4115_20251202_196_0_15,196_0,1,38.77040100097656,-9.127820014953613,15,IN_TRANSIT_TO,2025-12-30 19:43:11,7604,2603,16-VF-76,POINT (-9.127820014953613 38.77040100097656)
2649_759,6900_20251202_144_0_12,144_0,1,38.768550872802734,-9.099800109863281,0,IN_TRANSIT_TO,2025-12-30 19:43:24,,2649,75-VS-42,POINT (-9.099800109863281 38.768550872802734)
2656_718,3965_20251202_105_0_19,105_0,1,38.72798156738281,-9.120320320129395,9,IN_TRANSIT_TO,2025-12-30 19:42:47,11702,2656,05-VZ-53,POINT (-9.120320320129395 38.72798156738281)
2975_730,4972_20251202_198_0_17,198_0,1,38.72570037841797,-9.12992000579834,12,IN_TRANSIT_TO,2025-12-30 19:43:23,9104,2975,30-VM-11,POINT (-9.12992000579834 38.72570037841797)
2982_52B,21660_20251202_244_0_20,244_0,0,38.74140167236328,-9.144980430603027,12,IN_TRANSIT_TO,2025-12-30 19:43:19,1915,2982,30-VM-23,POINT (-9.144980430603027 38.74140167236328)
2711_738,5541_20251202_117_0_13,117_0,1,38.755279541015625,-9.176329612731934,34,IN_TRANSIT_TO,2025-12-30 19:43:03,50143,2711,92-XQ-44,POINT (-9.176329612731934 38.755279541015625)
2702_713,3610_20251202_122_0_17,122_0,0,38.73591995239258,-9.1522798538208,5,IN_TRANSIT_TO,2025-12-30 19:43:22,1409,2702,92-XQ-21,POINT (-9.1522798538208 38.73591995239258)
2605_744,5834_20251202_200_0_14,200_0,1,38.7244987487793,-9.149620056152344,31,IN_TRANSIT_TO,2025-12-30 19:43:20,1212,2605,66-VI-35,POINT (-9.149620056152344 38.7244987487793)
2980_55B,21533_20251202_240_0_27,240_0,0,38.76890182495117,-9.195670127868652,7,IN_TRANSIT_TO,2025-12-30 19:43:09,14110,2980,29-VM-90,POINT (-9.195670127868652 38.76890182495117)
2663_714,3697_20240914_102_0_16,102_0,1,38.72127151489258,-9.221500396728516,4,IN_TRANSIT_TO,2024-10-22 20:26:58,18703,2663,05-VZ-62,POINT (-9.221500396728516 38.72127151489258)
2659_738,5520_20251202_117_0_15,117_0,0,38.71437072753906,-9.160770416259766,26,IN_TRANSIT_TO,2025-12-30 19:42:47,8104,2659,05-VZ-57,POINT (-9.160770416259766 38.71437072753906)
2615_705,3179_20251202_176_0_20,176_0,1,38.7677001953125,-9.128800392150879,8,IN_TRANSIT_TO,2025-12-30 19:43:08,7505,2615,66-VI-27,POINT (-9.128800392150879 38.7677001953125)
579_28E,14957_20251202_75_0_20,75_0,0,38.70808029174805,-9.139969825744629,17,IN_TRANSIT_TO,2025-12-30 19:37:07,5604,579,,POINT (-9.139969825744629 38.70808029174805)
554_28E,14894_20251202_75_0_21,75_0,1,38.71564865112305,-9.136930465698242,23,IN_TRANSIT_TO,2025-12-30 19:43:18,804,554,,POINT (-9.136930465698242 38.71564865112305)
2732_742,5679_20251202_114_0_12,114_0,0,38.70671844482422,-9.174269676208496,38,IN_TRANSIT_TO,2025-12-30 19:42:34,9401,2732,AG-39-EI,POINT (-9.174269676208496 38.70671844482422)
1714_742,5779_20251202_114_0_10,114_0,0,38.71112060546875,-9.195480346679688,56,IN_TRANSIT_TO,2025-12-30 19:42:56,10314,1714,69-AL-77,POINT (-9.195480346679688 38.71112060546875)
545_25E,14253_20251202_79_0_20,79_0,0,38.70777130126953,-9.158670425415039,7,IN_TRANSIT_TO,2025-12-30 19:43:12,50594,545,,POINT (-9.158670425415039 38.70777130126953)
2995_730,4955_20251202_198_0_18,198_0,0,38.722900390625,-9.141819953918457,22,IN_TRANSIT_TO,2025-12-30 19:42:59,9205,2995,30-VM-15,POINT (-9.141819953918457 38.722900390625)
580_28E,15009_20251202_75_0_22,75_0,0,38.70991897583008,-9.133919715881348,15,IN_TRANSIT_TO,2025-12-30 19:39:13,13804,580,,POINT (-9.133919715881348 38.70991897583008)
2963_702,3058_20251202_146_0_29,146_0,0,38.72774887084961,-9.159319877624512,3,IN_TRANSIT_TO,2025-12-30 19:43:08,6103,2963,29-VM-88,POINT (-9.159319877624512 38.72774887084961)
404_19B,62307_20251202_245_0_13,245_0,0,38.715599060058594,-9.145600318908691,12,IN_TRANSIT_TO,2025-12-30 19:43:12,10606,404,BF-14-TQ,POINT (-9.145600318908691 38.715599060058594)
265_734,5168_20251202_205_4_50,205_4,0,38.72309875488281,-9.135250091552734,3,IN_TRANSIT_TO,2025-12-30 19:42:23,701,265,AG-40-OV,POINT (-9.135250091552734 38.72309875488281)
4813_748,6139_20251202_169_0_17,169_0,0,38.72534942626953,-9.186249732971191,5,IN_TRANSIT_TO,2025-12-30 19:43:09,8607,4813,68-VQ-50,POINT (-9.186249732971191 38.72534942626953)
2828_753,6562_20251202_167_0_25,167_0,0,38.69697952270508,-9.17881965637207,7,IN_TRANSIT_TO,2025-12-30 19:43:04,8607,2828,BF-60-FZ,POINT (-9.17881965637207 38.69697952270508)
2696_709,3392_20251202_148_0_34,148_0,0,38.719970703125,-9.155280113220215,7,IN_TRANSIT_TO,2025-12-30 19:43:21,6810,2696,90-XF-63,POINT (-9.155280113220215 38.719970703125)
2644_781,19527_20251202_151_0_5,151_0,0,38.72338104248047,-9.11281967163086,5,IN_TRANSIT_TO,2025-12-30 19:43:18,2113,2644,87-VS-52,POINT (-9.11281967163086 38.72338104248047)
578_18E,12193_20251202_78_0_26,78_0,1,38.70568084716797,-9.15701961517334,17,IN_TRANSIT_TO,2025-12-30 19:43:13,3905,578,,POINT (-9.15701961517334 38.70568084716797)
2662_738,5525_20251202_117_0_15,117_0,0,38.73347854614258,-9.14503002166748,18,IN_TRANSIT_TO,2025-12-30 19:43:12,1802,2662,05-VZ-51,POINT (-9.14503002166748 38.73347854614258)
2977_774,7429_20251202_192_0_32,192_0,1,38.72626876831055,-9.14093017578125,0,IN_TRANSIT_TO,2025-12-30 19:43:05,,2977,30-VM-21,POINT (-9.14093017578125 38.72626876831055)
2427_703,3132_20251202_165_0_16,165_0,1,38.77494812011719,-9.164750099182129,24,IN_TRANSIT_TO,2025-12-30 19:43:27,5917,2427,29-AX-14,POINT (-9.164750099182129 38.77494812011719)
4808_751,6511_20251202_109_0_14,109_0,0,38.70199966430664,-9.21897029876709,20,IN_TRANSIT_TO,2025-12-30 19:43:22,9712,4808,20-VQ-73,POINT (-9.21897029876709 38.70199966430664)
6003_778,18647_20251202_179_0_7,179_0,0,38.76490020751953,-9.189470291137695,20,IN_TRANSIT_TO,2025-12-30 19:43:19,50360,6003,82-ZC-02,POINT (-9.189470291137695 38.76490020751953)
572_24E,17831_20251202_213_0_31,213_0,1,38.7174186706543,-9.150529861450195,6,IN_TRANSIT_TO,2025-12-30 19:43:01,10608,572,,POINT (-9.150529861450195 38.7174186706543)
264_734,5162_20251202_205_4_51,205_4,1,38.72357177734375,-9.134869575500488,6,IN_TRANSIT_TO,2025-12-30 19:43:01,706,264,AG-42-OV,POINT (-9.134869575500488 38.72357177734375)
4824_736,5386_20251202_199_0_15,199_0,0,38.718021392822266,-9.143600463867188,2,IN_TRANSIT_TO,2025-12-30 19:43:25,1010,4824,34-VR-19,POINT (-9.143600463867188 38.718021392822266)
2778_713,3597_20251202_122_0_12,122_0,1,38.72393035888672,-9.16057014465332,26,IN_TRANSIT_TO,2025-12-30 19:43:19,8511,2778,AI-03-BT,POINT (-9.16057014465332 38.72393035888672)
2641_782,7788_20251202_152_0_13,152_0,1,38.70872116088867,-9.134079933166504,19,IN_TRANSIT_TO,2025-12-30 19:43:26,4502,2641,75-VS-49,POINT (-9.134079933166504 38.70872116088867)
555_28E,14995_20251202_75_0_18,75_0,0,38.709800720214844,-9.13621997833252,16,IN_TRANSIT_TO,2025-12-30 19:43:03,13802,555,,POINT (-9.13621997833252 38.709800720214844)
2974_34B,19150_20251202_226_0_13,226_0,0,38.737728118896484,-9.125749588012695,41,IN_TRANSIT_TO,2025-12-30 19:43:28,8912,2974,30-VM-22,POINT (-9.125749588012695 38.737728118896484)
4817_751,6497_20251202_109_0_15,109_0,0,38.69942855834961,-9.227120399475098,23,IN_TRANSIT_TO,2025-12-30 19:43:28,4207,4817,00-VV-37,POINT (-9.227120399475098 38.69942855834961)
266_28E,48754_20251202_75_8_33,75_8,1,38.710899353027344,-9.146249771118164,3,IN_TRANSIT_TO,2025-12-30 19:41:04,10510,266,AH-55-CZ,POINT (-9.146249771118164 38.710899353027344)
2987_774,7436_20251202_192_0_31,192_0,0,38.72071838378906,-9.155750274658203,8,IN_TRANSIT_TO,2025-12-30 19:43:28,6823,2987,29-VM-99,POINT (-9.155750274658203 38.72071838378906)
575_28E,14917_20251202_75_0_21,75_0,1,38.71617126464844,-9.12932014465332,14,IN_TRANSIT_TO,2025-12-30 19:42:59,14801,575,,POINT (-9.12932014465332 38.71617126464844)
2660_714,3656_20251202_102_0_15,102_0,0,38.72505187988281,-9.234720230102539,40,IN_TRANSIT_TO,2025-12-30 19:43:17,18602,2660,05-VZ-60,POINT (-9.234720230102539 38.72505187988281)
2655_718,3970_20251202_105_0_19,105_0,1,38.74542999267578,-9.135769844055176,0,IN_TRANSIT_TO,2025-12-30 19:43:21,,2655,05-VZ-67,POINT (-9.135769844055176 38.74542999267578)
269_28E,44754_20251202_75_8_32,75_8,1,38.71411895751953,-9.169130325317383,0,IN_TRANSIT_TO,2025-12-30 19:42:46,,269,AG-25-NH,POINT (-9.169130325317383 38.71411895751953)
2782_727,4467_20251202_103_0_11,103_0,0,38.72560119628906,-9.150970458984375,13,IN_TRANSIT_TO,2025-12-30 19:43:28,1206,2782,AI-99-BS,POINT (-9.150970458984375 38.72560119628906)
2740_720,4058_20251202_143_0_14,143_0,0,38.720069885253906,-9.154820442199707,17,IN_TRANSIT_TO,2025-12-30 19:43:16,6804,2740,AG-43-EI,POINT (-9.154820442199707 38.720069885253906)
2630_756,6720_20251202_175_0_22,175_0,0,38.736080169677734,-9.160650253295898,14,IN_TRANSIT_TO,2025-12-30 19:43:14,50040,2630,52-VP-89,POINT (-9.160650253295898 38.736080169677734)
2744_755,6700_20251202_118_0_12,118_0,0,38.753868103027344,-9.141650199890137,31,IN_TRANSIT_TO,2025-12-30 19:43:17,7408,2744,AG-13-TH,POINT (-9.141650199890137 38.753868103027344)
2651_759,6933_20251202_144_0_11,144_0,0,38.77296829223633,-9.117369651794434,36,IN_TRANSIT_TO,2025-12-30 19:43:26,12210,2651,05-VZ-54,POINT (-9.117369651794434 38.77296829223633)
2665_746,5953_20251202_108_0_20,108_0,1,38.71522903442383,-9.2322998046875,24,IN_TRANSIT_TO,2025-12-30 19:43:24,1206,2665,87-XB-33,POINT (-9.2322998046875 38.71522903442383)
272_64B,21488_20251202_238_0_27,238_0,0,38.71664810180664,-9.173580169677734,10,IN_TRANSIT_TO,2025-12-30 19:43:05,50492,272,AH-26-IN,POINT (-9.173580169677734 38.71664810180664)
2983_774,7456_20251202_192_0_26,192_0,1,38.72309875488281,-9.16016960144043,9,IN_TRANSIT_TO,2025-12-30 19:43:14,8517,2983,30-VM-08,POINT (-9.16016960144043 38.72309875488281)
257_13B,21590_20251202_243_0_26,243_0,0,38.71223068237305,-9.12423038482666,14,IN_TRANSIT_TO,2025-12-30 19:43:22,2110,257,AF-59-RM,POINT (-9.12423038482666 38.71223068237305)
276_28E,48783_20250901_75_8_35,75_8,1,38.71432876586914,-9.169320106506348,15,IN_TRANSIT_TO,2025-11-16 23:22:53,8017,276,AH-12-TB,POINT (-9.169320106506348 38.71432876586914)
2725_711,3514_20251202_101_0_16,101_0,1,38.70996856689453,-9.138250350952148,33,IN_TRANSIT_TO,2025-12-30 19:43:21,5510,2725,92-XQ-30,POINT (-9.138250350952148 38.70996856689453)
2631_717,3813_20251202_170_0_15,170_0,0,38.760921478271484,-9.157219886779785,16,IN_TRANSIT_TO,2025-12-30 19:43:01,5807,2631,52-VP-80,POINT (-9.157219886779785 38.760921478271484)
4632_796,8112_20251202_174_0_34,174_0,1,38.774600982666016,-9.162320137023926,11,IN_TRANSIT_TO,2025-12-30 19:43:05,5908,4632,98-JO-43,POINT (-9.162320137023926 38.774600982666016)
282_61B,21519_20251202_241_0_27,241_0,1,38.72534942626953,-9.163419723510742,11,IN_TRANSIT_TO,2025-12-30 19:43:29,6113,282,AI-47-OJ,POINT (-9.163419723510742 38.72534942626953)
2972_45B,45289_20251202_277_0_19,277_0,1,38.76942825317383,-9.17354965209961,0,IN_TRANSIT_TO,2025-12-30 19:43:06,,2972,29-VM-96,POINT (-9.17354965209961 38.76942825317383)
2625_718,3981_20251202_105_0_6,105_0,0,38.727569580078125,-9.119529724121094,22,IN_TRANSIT_TO,2025-12-30 19:42:29,9802,2625,72-VP-79,POINT (-9.119529724121094 38.727569580078125)
2247_758,6798_20251202_150_0_14,150_0,1,38.744300842285156,-9.178520202636719,11,IN_TRANSIT_TO,2025-12-30 19:43:02,10703,2247,22-34-ZB,POINT (-9.178520202636719 38.744300842285156)
2419_767,7242_20251202_112_0_5,112_0,0,38.733001708984375,-9.141119956970215,5,IN_TRANSIT_TO,2025-12-30 19:43:14,6502,2419,92-AO-55,POINT (-9.141119956970215 38.733001708984375)
2330_713,3602_20251202_122_0_5,122_0,0,38.72850036621094,-9.169949531555176,34,IN_TRANSIT_TO,2025-12-30 19:43:24,8601,2330,67-52-ZJ,POINT (-9.169949531555176 38.72850036621094)
2316_750,39039_20251202_106_4_17,106_4,0,38.72768020629883,-9.21245002746582,8,IN_TRANSIT_TO,2025-12-30 19:43:16,18111,2316,61-87-ZB,POINT (-9.21245002746582 38.72768020629883)
2260_758,6887_20251202_150_0_4,150_0,1,38.7097282409668,-9.143099784851074,32,IN_TRANSIT_TO,2025-12-30 19:43:04,10502,2260,67-47-ZJ,POINT (-9.143099784851074 38.7097282409668)
2327_712,3565_20250901_189_0_8,189_0,1,38.72502899169922,-9.15291976928711,14,IN_TRANSIT_TO,2025-11-11 11:30:40,1224,2327,67-53-ZJ,POINT (-9.15291976928711 38.72502899169922)
2489_729,4806_20251202_104_0_15,104_0,1,38.737850189208984,-9.202130317687988,22,IN_TRANSIT_TO,2025-12-30 19:43:20,8837,2489,55-BH-05,POINT (-9.202130317687988 38.737850189208984)
2402_767,7210_20251202_112_0_10,112_0,1,38.75979995727539,-9.179670333862305,0,IN_TRANSIT_TO,2025-12-30 19:43:18,,2402,50-AL-13,POINT (-9.179670333862305 38.75979995727539)
2443_729,4762_20251202_104_0_14,104_0,0,38.76155090332031,-9.196579933166504,7,IN_TRANSIT_TO,2025-12-30 19:43:04,13911,2443,29-AX-05,POINT (-9.196579933166504 38.76155090332031)
2490_798,8189_20251202_194_0_29,194_0,0,38.79201889038086,-9.150469779968262,23,IN_TRANSIT_TO,2025-12-30 19:43:02,11602,2490,55-BH-01,POINT (-9.150469779968262 38.79201889038086)
2341_767,7232_20251202_112_0_11,112_0,0,38.76034927368164,-9.161879539489746,19,IN_TRANSIT_TO,2025-12-30 19:43:00,5825,2341,67-50-ZJ,POINT (-9.161879539489746 38.76034927368164)
2750_756,6737_20251202_175_0_23,175_0,1,38.74045181274414,-9.128069877624512,20,IN_TRANSIT_TO,2025-12-30 19:43:24,9008,2750,AG-10-TH,POINT (-9.128069877624512 38.74045181274414)
2780_712,3552_20251202_189_0_17,189_0,0,38.72412109375,-9.132280349731445,10,IN_TRANSIT_TO,2025-12-30 19:43:00,601,2780,AI-06-BT,POINT (-9.132280349731445 38.72412109375)
2471_726,4269_20251202_116_0_14,116_0,1,38.75672912597656,-9.17786979675293,10,IN_TRANSIT_TO,2025-12-30 19:43:06,13605,2471,74-BC-70,POINT (-9.17786979675293 38.75672912597656)
2709_764,7157_20251202_168_0_19,168_0,0,38.750179290771484,-9.161629676818848,3,IN_TRANSIT_TO,2025-12-30 19:43:01,13508,2709,92-XQ-42,POINT (-9.161629676818848 38.750179290771484)
2244_771,21935_20251202_248_0_22,248_0,0,38.74208068847656,-9.168370246887207,0,IN_TRANSIT_TO,2025-12-30 19:43:08,,2244,22-44-ZB,POINT (-9.168370246887207 38.74208068847656)
2299_794,8102_20251202_115_0_5,115_0,0,38.749778747558594,-9.119020462036133,16,IN_TRANSIT_TO,2025-12-30 19:43:12,3606,2299,83-14-ZM,POINT (-9.119020462036133 38.749778747558594)
6013_706,3257_20251202_147_0_9,147_0,0,38.730499267578125,-9.12720012664795,24,IN_TRANSIT_TO,2025-12-30 19:43:17,7014,6013,68-ZF-53,POINT (-9.12720012664795 38.730499267578125)
2478_729,4803_20251202_104_0_15,104_0,1,38.754398345947266,-9.190770149230957,33,IN_TRANSIT_TO,2025-12-30 19:43:01,50134,2478,91-BE-80,POINT (-9.190770149230957 38.754398345947266)
2496_708,3302_20251202_100_0_13,100_0,0,38.743350982666016,-9.132479667663574,9,IN_TRANSIT_TO,2025-12-30 19:43:11,411,2496,88-BL-70,POINT (-9.132479667663574 38.743350982666016)
4621_736,5419_20251202_199_0_4,199_0,1,38.73373031616211,-9.144880294799805,23,IN_TRANSIT_TO,2025-12-30 19:43:05,1812,4621,90-JI-90,POINT (-9.144880294799805 38.73373031616211)
2815_793,7992_20251202_145_0_20,145_0,0,38.74068069458008,-9.127679824829102,25,IN_TRANSIT_TO,2025-12-26 18:24:35,8910,2815,90-II-55,POINT (-9.127679824829102 38.74068069458008)
2819_793,8006_20251202_145_0_22,145_0,0,38.747169494628906,-9.109370231628418,18,IN_TRANSIT_TO,2025-12-30 19:43:25,2211,2819,90-II-59,POINT (-9.109370231628418 38.747169494628906)
4647_750,6266_20251202_106_0_14,106_0,0,38.73619842529297,-9.206000328063965,30,IN_TRANSIT_TO,2025-12-30 19:43:03,8808,4647,02-JN-88,POINT (-9.206000328063965 38.73619842529297)
2970_702,3064_20251202_146_0_34,146_0,1,38.726768493652344,-9.158530235290527,11,IN_TRANSIT_TO,2025-12-30 19:43:23,6128,2970,29-VM-87,POINT (-9.158530235290527 38.726768493652344)
1747_794,8098_20251202_115_0_16,115_0,0,38.755550384521484,-9.102950096130371,33,IN_TRANSIT_TO,2025-12-30 19:42:58,2319,1747,92-HR-04,POINT (-9.102950096130371 38.755550384521484)
2969_730,4959_20251202_198_0_20,198_0,0,38.734378814697266,-9.118630409240723,2,IN_TRANSIT_TO,2025-12-30 19:43:10,50050,2969,30-VM-09,POINT (-9.118630409240723 38.734378814697266)
4802_753,6539_20251202_167_0_26,167_0,1,38.667869567871094,-9.16415023803711,0,IN_TRANSIT_TO,2025-12-30 19:43:13,,4802,77-VP-17,POINT (-9.16415023803711 38.667869567871094)
4812_751,6513_20251202_109_0_14,109_0,0,38.69744873046875,-9.194080352783203,13,IN_TRANSIT_TO,2025-12-30 19:43:05,9508,4812,20-VQ-70,POINT (-9.194080352783203 38.69744873046875)
2802_725,4251_20251202_197_0_32,197_0,1,38.78519821166992,-9.124320030212402,5,IN_TRANSIT_TO,2025-12-30 19:43:05,16306,2802,01-IH-91,POINT (-9.124320030212402 38.78519821166992)
2960_765,7178_20251202_110_0_48,110_0,1,38.75267028808594,-9.209569931030273,0,IN_TRANSIT_TO,2025-12-30 19:43:14,,2960,27-GU-75,POINT (-9.209569931030273 38.75267028808594)
2459_729,4759_20251202_104_0_13,104_0,0,38.71747970581055,-9.19972038269043,23,IN_TRANSIT_TO,2025-12-30 19:43:05,21303,2459,74-BC-74,POINT (-9.19972038269043 38.71747970581055)
401_10B,21748_20251202_242_0_26,242_0,0,38.71411895751953,-9.125269889831543,12,IN_TRANSIT_TO,2025-12-30 19:43:00,50517,401,BF-60-TR,POINT (-9.125269889831543 38.71411895751953)
4640_736,5342_20251202_199_0_15,199_0,0,38.77054977416992,-9.159870147705078,18,IN_TRANSIT_TO,2025-12-30 19:43:06,5901,4640,02-JN-87,POINT (-9.159870147705078 38.77054977416992)
4831_736,5366_20251202_199_0_13,199_0,0,38.73236846923828,-9.145819664001465,6,IN_TRANSIT_TO,2025-12-30 19:43:15,1703,4831,20-VQ-61,POINT (-9.145819664001465 38.73236846923828)
1753_742,5754_20251202_114_0_11,114_0,1,38.73337936401367,-9.154549598693848,34,IN_TRANSIT_TO,2025-12-30 19:43:12,1406,1753,34-HU-19,POINT (-9.154549598693848 38.73337936401367)
2810_793,7985_20251202_145_0_23,145_0,1,38.745479583740234,-9.135580062866211,0,IN_TRANSIT_TO,2025-12-30 19:43:16,,2810,01-IH-99,POINT (-9.135580062866211 38.745479583740234)
2820_725,4241_20251202_197_0_33,197_0,0,38.774471282958984,-9.102330207824707,0,IN_TRANSIT_TO,2025-12-30 19:43:07,,2820,90-II-60,POINT (-9.102330207824707 38.774471282958984)
2455_747,21220_20251202_177_0_8,177_0,1,38.766571044921875,-9.15839958190918,19,IN_TRANSIT_TO,2025-12-30 19:43:13,5816,2455,16-AZ-12,POINT (-9.15839958190918 38.766571044921875)
2667_746,5978_20251202_108_0_22,108_0,1,38.7424201965332,-9.172249794006348,14,IN_TRANSIT_TO,2025-12-30 19:43:23,1615,2667,87-XB-45,POINT (-9.172249794006348 38.7424201965332)
2251_758,6879_20251202_150_0_17,150_0,0,38.70528030395508,-9.143850326538086,0,IN_TRANSIT_TO,2025-12-30 19:43:10,,2251,22-31-ZB,POINT (-9.143850326538086 38.70528030395508)
2280_763,49568_20251202_282_0_23,282_0,0,38.76982879638672,-9.194849967956543,15,IN_TRANSIT_TO,2025-12-30 19:43:16,14101,2280,67-40-ZJ,POINT (-9.194849967956543 38.76982879638672)
2794_727,4556_20251202_103_0_3,103_0,0,38.70383071899414,-9.202400207519531,39,IN_TRANSIT_TO,2025-12-30 19:43:08,13310,2794,AJ-60-LI,POINT (-9.202400207519531 38.70383071899414)
2777_727,4541_20251202_103_0_10,103_0,1,38.69757080078125,-9.19540023803711,13,IN_TRANSIT_TO,2025-12-30 19:43:27,4109,2777,AI-01-BT,POINT (-9.19540023803711 38.69757080078125)
302_708,3280_20251202_100_0_14,100_0,0,38.76044845581055,-9.111820220947266,20,IN_TRANSIT_TO,2025-12-30 19:43:16,8414,302,22-SP-89,POINT (-9.111820220947266 38.76044845581055)
2710_738,5536_20251202_117_0_13,117_0,0,38.75419998168945,-9.168869972229004,5,IN_TRANSIT_TO,2025-12-30 19:43:14,13622,2710,92-XQ-19,POINT (-9.168869972229004 38.75419998168945)
2450_716,3736_20251202_164_0_19,164_0,0,38.7377815246582,-9.156129837036133,8,IN_TRANSIT_TO,2025-12-30 19:43:21,1503,2450,44-BC-36,POINT (-9.156129837036133 38.7377815246582)
301_708,3305_20251202_100_0_13,100_0,0,38.71501922607422,-9.136449813842773,0,IN_TRANSIT_TO,2025-12-30 19:43:22,,301,74-SM-62,POINT (-9.136449813842773 38.71501922607422)
2746_749,59005_20251202_195_5_22,195_5,0,38.756771087646484,-9.113149642944336,1,IN_TRANSIT_TO,2025-12-30 19:43:04,24384,2746,AG-97-TG,POINT (-9.113149642944336 38.756771087646484)
2818_793,7975_20251202_145_0_22,145_0,1,38.741180419921875,-9.112170219421387,17,IN_TRANSIT_TO,2025-12-30 19:43:21,3716,2818,90-II-58,POINT (-9.112170219421387 38.741180419921875)
2797_714,3675_20251202_102_0_15,102_0,0,38.72119903564453,-9.22130012512207,35,IN_TRANSIT_TO,2025-12-30 19:43:09,18710,2797,AJ-57-LI,POINT (-9.22130012512207 38.72119903564453)
1773_742,5773_20251202_114_0_13,114_0,1,38.71392059326172,-9.19933032989502,1,IN_TRANSIT_TO,2025-12-30 19:43:27,10315,1773,53-HX-06,POINT (-9.19933032989502 38.71392059326172)
2284_771,39061_20251202_248_0_15,248_0,1,38.719669342041016,-9.184450149536133,14,IN_TRANSIT_TO,2025-12-30 19:40:33,21306,2284,67-36-ZJ,POINT (-9.184450149536133 38.719669342041016)
1705_701,2951_20251202_123_0_21,123_0,1,38.75352096557617,-9.15054988861084,27,IN_TRANSIT_TO,2025-12-30 19:42:58,2017,1705,69-AL-68,POINT (-9.15054988861084 38.75352096557617)
2745_717,3791_20251202_170_0_15,170_0,0,38.78902816772461,-9.150650024414062,35,IN_TRANSIT_TO,2025-12-30 19:43:04,6002,2745,AG-06-TH,POINT (-9.150650024414062 38.78902816772461)
2784_723,4143_20251202_121_0_15,121_0,0,38.722469329833984,-9.170379638671875,10,IN_TRANSIT_TO,2025-12-30 19:43:06,8607,2784,AI-09-BT,POINT (-9.170379638671875 38.722469329833984)
2243_758,6877_20251202_150_0_13,150_0,0,38.71607971191406,-9.147370338439941,5,IN_TRANSIT_TO,2025-12-11 17:56:30,10601,2243,22-36-ZB,POINT (-9.147370338439941 38.71607971191406)
1710_735,5188_20251202_172_1_13,172_1,1,38.73738098144531,-9.132049560546875,0,IN_TRANSIT_TO,2025-12-30 19:43:23,,1710,69-AL-73,POINT (-9.132049560546875 38.73738098144531)
1713_798,8201_20251202_194_0_8,194_0,1,38.7877197265625,-9.146949768066406,3,IN_TRANSIT_TO,2025-12-30 19:43:07,6001,1713,69-AL-76,POINT (-9.146949768066406 38.7877197265625)
2413_716,3720_20251202_164_0_23,164_0,0,38.74953079223633,-9.19242000579834,20,IN_TRANSIT_TO,2025-12-30 19:42:58,10814,2413,92-AO-50,POINT (-9.19242000579834 38.74953079223633)
2454_703,3161_20251202_165_0_18,165_0,1,38.745628356933594,-9.197979927062988,4,IN_TRANSIT_TO,2025-12-30 19:43:02,2812,2454,16-AZ-18,POINT (-9.197979927062988 38.745628356933594)
2482_703,3169_20251202_165_0_5,165_0,0,38.75505065917969,-9.186269760131836,32,IN_TRANSIT_TO,2025-12-30 19:43:09,12802,2482,55-BH-02,POINT (-9.186269760131836 38.75505065917969)
254_37B,18838_20251202_224_0_24,224_0,0,38.72710037231445,-9.120929718017578,22,IN_TRANSIT_TO,2025-12-30 19:43:21,50619,254,AF-90-NU,POINT (-9.120929718017578 38.72710037231445)
1780_720,4039_20251202_143_0_17,143_0,0,38.702781677246094,-9.181220054626465,27,IN_TRANSIT_TO,2025-12-30 19:42:58,12112,1780,63-HX-18,POINT (-9.181220054626465 38.702781677246094)
1767_717,3769_20251202_170_0_16,170_0,1,38.79032897949219,-9.150679588317871,6,IN_TRANSIT_TO,2025-12-30 19:42:58,11601,1767,63-HX-29,POINT (-9.150679588317871 38.79032897949219)
2255_758,6855_20251202_150_0_15,150_0,0,38.74882125854492,-9.191269874572754,25,IN_TRANSIT_TO,2025-12-30 19:43:01,10826,2255,80-54-ZE,POINT (-9.191269874572754 38.74882125854492)
2768_727,4492_20251202_103_0_4,103_0,0,38.74607849121094,-9.133000373840332,0,IN_TRANSIT_TO,2025-12-30 19:43:19,,2768,AH-25-ND,POINT (-9.133000373840332 38.74607849121094)
2666_746,5961_20251202_108_0_20,108_0,1,38.7369499206543,-9.15625,19,IN_TRANSIT_TO,2025-12-30 19:43:20,1506,2666,87-XB-39,POINT (-9.15625 38.7369499206543)
1722_717,3854_20251202_170_0_16,170_0,1,38.73693084716797,-9.133970260620117,39,IN_TRANSIT_TO,2025-12-30 19:43:05,410,1722,25-AS-34,POINT (-9.133970260620117 38.73693084716797)
1759_755,6681_20251202_118_0_5,118_0,1,38.75468063354492,-9.151900291442871,7,IN_TRANSIT_TO,2025-12-30 19:43:24,5702,1759,34-HU-25,POINT (-9.151900291442871 38.75468063354492)
2487_726,4266_20251202_116_0_14,116_0,1,38.740020751953125,-9.150670051574707,22,IN_TRANSIT_TO,2025-12-30 19:43:12,33101,2487,54-BH-97,POINT (-9.150670051574707 38.740020751953125)
1757_796,8126_20251202_174_0_36,174_0,1,38.79048156738281,-9.157500267028809,5,IN_TRANSIT_TO,2025-12-30 19:43:02,11609,1757,34-HU-23,POINT (-9.157500267028809 38.79048156738281)
2433_703,3121_20251202_165_0_16,165_0,1,38.78725051879883,-9.149100303649902,37,IN_TRANSIT_TO,2025-12-30 19:43:13,6001,2433,44-BC-28,POINT (-9.149100303649902 38.78725051879883)
2344_799,8214_20251202_120_0_27,120_0,1,38.73862838745117,-9.22439956665039,2,IN_TRANSIT_TO,2025-12-30 19:43:13,18127,2344,53-60-ZJ,POINT (-9.22439956665039 38.73862838745117)
2412_747,6116_20251202_177_0_23,177_0,0,38.76417922973633,-9.176050186157227,9,IN_TRANSIT_TO,2025-12-30 19:43:11,50007,2412,92-AO-48,POINT (-9.176050186157227 38.76417922973633)
2774_712,3530_20251202_189_0_13,189_0,0,38.715118408203125,-9.229100227355957,31,IN_TRANSIT_TO,2025-12-30 19:43:29,50203,2774,AH-22-ND,POINT (-9.229100227355957 38.715118408203125)
405_51E,65339_20251202_158_0_11,158_0,0,38.71696853637695,-9.14585018157959,7,IN_TRANSIT_TO,2025-12-30 19:43:07,50532,405,BF-14-TU,POINT (-9.14585018157959 38.71696853637695)
2747_749,6200_20251202_195_0_22,195_0,0,38.75532913208008,-9.192449569702148,22,IN_TRANSIT_TO,2025-12-30 19:43:19,50476,2747,AG-09-TH,POINT (-9.192449569702148 38.75532913208008)
2268_767,7197_20251202_112_0_11,112_0,0,38.75585174560547,-9.185750007629395,29,IN_TRANSIT_TO,2025-12-30 19:43:24,12802,2268,76-87-ZG,POINT (-9.185750007629395 38.75585174560547)
2447_767,7265_20251202_112_0_12,112_0,1,38.72404861450195,-9.13992977142334,42,IN_TRANSIT_TO,2025-12-30 19:43:11,6901,2447,44-BC-33,POINT (-9.13992977142334 38.72404861450195)
1772_735,5257_20251202_172_1_13,172_1,1,38.719398498535156,-9.12261962890625,10,IN_TRANSIT_TO,2025-12-30 19:42:57,9116,1772,63-HX-22,POINT (-9.12261962890625 38.719398498535156)
4613_750,6373_20251202_106_0_4,106_0,1,38.7547492980957,-9.151700019836426,25,IN_TRANSIT_TO,2025-12-30 19:43:01,5804,4613,22-GP-48,POINT (-9.151700019836426 38.7547492980957)
202_46B,21498_20251202_239_0_16,239_0,0,38.748748779296875,-9.147769927978516,24,IN_TRANSIT_TO,2025-12-30 19:43:22,2013,202,89-58-XD,POINT (-9.147769927978516 38.748748779296875)
2497_735,5262_20251202_172_0_16,172_0,1,38.73517990112305,-9.13403034210205,14,IN_TRANSIT_TO,2025-12-30 19:43:26,402,2497,88-BL-71,POINT (-9.13403034210205 38.73517990112305)
2422_726,4330_20251202_116_0_15,116_0,0,38.73735046386719,-9.142029762268066,9,IN_TRANSIT_TO,2025-12-30 19:43:06,11102,2422,29-AU-17,POINT (-9.142029762268066 38.73735046386719)
2775_723,4173_20251202_121_0_14,121_0,1,38.725730895996094,-9.144769668579102,31,IN_TRANSIT_TO,2025-12-30 19:43:08,6606,2775,AH-31-ND,POINT (-9.144769668579102 38.725730895996094)
2449_706,3264_20251202_147_0_10,147_0,0,38.713470458984375,-9.153149604797363,9,IN_TRANSIT_TO,2025-12-30 19:41:53,6703,2449,44-BC-35,POINT (-9.153149604797363 38.713470458984375)
1719_755,6634_20251202_118_0_16,118_0,0,38.74625015258789,-9.104829788208008,6,IN_TRANSIT_TO,2025-12-30 19:43:15,2207,1719,25-AS-31,POINT (-9.104829788208008 38.74625015258789)
2809_793,7996_20251202_145_0_22,145_0,0,38.7482795715332,-9.118680000305176,0,IN_TRANSIT_TO,2025-12-30 19:43:04,,2809,01-IH-98,POINT (-9.118680000305176 38.7482795715332)
2437_703,3165_20251202_165_0_15,165_0,0,38.74507141113281,-9.199819564819336,38,IN_TRANSIT_TO,2025-12-30 19:43:09,2806,2437,29-AX-09,POINT (-9.199819564819336 38.74507141113281)
2423_703,3099_20251202_165_0_17,165_0,0,38.769371032714844,-9.1735200881958,21,IN_TRANSIT_TO,2025-12-30 19:43:00,50097,2423,29-AU-18,POINT (-9.1735200881958 38.769371032714844)
2269_758,6775_20251202_150_0_16,150_0,1,38.72393035888672,-9.16077995300293,22,IN_TRANSIT_TO,2025-12-30 19:43:01,8512,2269,76-88-ZG,POINT (-9.16077995300293 38.72393035888672)
2420_726,4310_20251202_116_0_7,116_0,0,38.72196960449219,-9.128729820251465,1,IN_TRANSIT_TO,2025-12-30 12:36:22,50282,2420,29-AU-15,POINT (-9.128729820251465 38.72196960449219)
218_773,7384_20251202_124_0_28,124_0,1,38.719398498535156,-9.153719902038574,24,IN_TRANSIT_TO,2025-12-30 19:43:26,10607,218,11-13-XO,POINT (-9.153719902038574 38.719398498535156)
2833_751,6489_20251202_109_0_20,109_0,1,38.71323013305664,-9.225250244140625,4,IN_TRANSIT_TO,2025-12-30 19:42:58,14307,2833,BF-65-FZ,POINT (-9.225250244140625 38.71323013305664)
1703_708,3327_20251202_100_0_10,100_0,1,38.72174835205078,-9.135379791259766,41,IN_TRANSIT_TO,2025-12-30 19:42:58,704,1703,35-AL-13,POINT (-9.135379791259766 38.72174835205078)
1766_742,5661_20251202_114_0_13,114_0,0,38.7076301574707,-9.19651985168457,49,IN_TRANSIT_TO,2025-12-30 19:43:09,13312,1766,63-HX-33,POINT (-9.19651985168457 38.7076301574707)
2465_716,3742_20251202_164_0_22,164_0,1,38.73796844482422,-9.149829864501953,20,IN_TRANSIT_TO,2025-12-30 19:43:05,1408,2465,55-BH-00,POINT (-9.149829864501953 38.73796844482422)
1715_720,4080_20251202_143_0_17,143_0,0,38.73662185668945,-9.14192008972168,9,IN_TRANSIT_TO,2025-12-30 19:43:22,11109,1715,69-AL-78,POINT (-9.14192008972168 38.73662185668945)
1777_742,5772_20251202_114_0_14,114_0,1,38.709171295166016,-9.191969871520996,7,IN_TRANSIT_TO,2025-12-30 19:43:13,10309,1777,63-HX-31,POINT (-9.191969871520996 38.709171295166016)
2787_727,4448_20251202_103_0_10,103_0,0,38.70954895019531,-9.153220176696777,21,IN_TRANSIT_TO,2025-12-30 19:41:42,7104,2787,AI-55-TL,POINT (-9.153220176696777 38.70954895019531)
1765_717,3812_20251202_170_0_12,170_0,0,38.780601501464844,-9.15054988861084,29,IN_TRANSIT_TO,2025-12-30 19:43:25,11511,1765,63-HX-28,POINT (-9.15054988861084 38.780601501464844)
1763_755,6693_20251202_118_0_16,118_0,0,38.75017166137695,-9.159950256347656,37,IN_TRANSIT_TO,2025-12-30 19:43:27,13507,1763,63-HX-25,POINT (-9.159950256347656 38.75017166137695)
4612_751,6439_20251202_109_0_20,109_0,1,38.70777893066406,-9.1735200881958,26,IN_TRANSIT_TO,2025-12-30 19:42:58,9415,4612,96-GL-89,POINT (-9.1735200881958 38.70777893066406)
4603_728,4726_20251202_204_4_16,204_4,0,38.70793151855469,-9.133279800415039,13,IN_TRANSIT_TO,2025-12-30 19:43:13,4505,4603,96-GL-81,POINT (-9.133279800415039 38.70793151855469)
4605_728,4676_20251202_204_0_12,204_0,0,38.70895004272461,-9.213600158691406,0,IN_TRANSIT_TO,2025-12-30 19:43:08,,4605,31-GN-72,POINT (-9.213600158691406 38.70895004272461)
2477_729,4818_20251202_104_0_15,104_0,1,38.695030212402344,-9.215579986572266,4,IN_TRANSIT_TO,2025-12-30 19:43:16,13205,2477,91-BE-73,POINT (-9.215579986572266 38.695030212402344)
1712_701,2980_20251202_123_0_20,123_0,0,38.739219665527344,-9.168219566345215,20,IN_TRANSIT_TO,2025-12-30 19:42:36,1610,1712,69-AL-75,POINT (-9.168219566345215 38.739219665527344)
220_773,7412_20251202_124_0_29,124_0,0,38.71377182006836,-9.16077995300293,15,IN_TRANSIT_TO,2025-12-30 19:43:09,8112,220,11-07-XO,POINT (-9.16077995300293 38.71377182006836)
2484_726,4346_20251202_116_0_14,116_0,1,38.721378326416016,-9.128950119018555,32,IN_TRANSIT_TO,2025-12-30 19:43:20,9118,2484,91-BE-76,POINT (-9.128950119018555 38.721378326416016)
225_773,7403_20251202_124_0_30,124_0,1,38.71261978149414,-9.16748046875,8,IN_TRANSIT_TO,2025-12-30 19:43:10,10106,225,84-37-XQ,POINT (-9.16748046875 38.71261978149414)
605_15E,11287_20251202_76_0_18,76_0,1,38.69499969482422,-9.215450286865234,5,IN_TRANSIT_TO,2025-12-30 19:43:04,13205,605,,POINT (-9.215450286865234 38.69499969482422)
2240_731,5013_20251202_190_0_15,190_0,0,38.75699996948242,-9.144619941711426,15,IN_TRANSIT_TO,2025-12-30 19:43:00,5712,2240,06-31-XX,POINT (-9.144619941711426 38.75699996948242)
2297_731,19431_20251202_190_0_10,190_0,1,38.747100830078125,-9.156900405883789,27,IN_TRANSIT_TO,2025-12-30 19:43:24,13507,2297,83-06-ZM,POINT (-9.156900405883789 38.747100830078125)
2491_794,8055_20251202_115_0_15,115_0,1,38.7422981262207,-9.11913013458252,26,IN_TRANSIT_TO,2025-12-30 19:43:02,3609,2491,54-BH-98,POINT (-9.11913013458252 38.7422981262207)
1707_749,58998_20251202_195_0_4,195_0,1,38.74385070800781,-9.152199745178223,14,IN_TRANSIT_TO,2025-12-30 19:43:08,3309,1707,69-AL-70,POINT (-9.152199745178223 38.74385070800781)
2786_711,3448_20251202_101_0_16,101_0,1,38.74507141113281,-9.205069541931152,10,IN_TRANSIT_TO,2025-12-30 19:43:10,2907,2786,AI-52-TL,POINT (-9.205069541931152 38.74507141113281)
2426_767,7273_20251202_112_0_12,112_0,1,38.72317886352539,-9.139530181884766,42,IN_TRANSIT_TO,2025-12-30 19:43:28,6901,2426,29-AU-21,POINT (-9.139530181884766 38.72317886352539)
221_773,7373_20251202_124_0_27,124_0,0,38.719329833984375,-9.151280403137207,3,IN_TRANSIT_TO,2025-12-30 19:43:26,50146,221,11-06-XO,POINT (-9.151280403137207 38.719329833984375)
2401_747,6085_20251202_177_0_22,177_0,1,38.767799377441406,-9.180299758911133,10,IN_TRANSIT_TO,2025-12-30 19:43:26,12811,2401,50-AL-14,POINT (-9.180299758911133 38.767799377441406)
2408_716,3749_20251202_164_0_22,164_0,1,38.74443054199219,-9.17883014678955,10,IN_TRANSIT_TO,2025-12-30 19:43:03,10703,2408,50-AL-08,POINT (-9.17883014678955 38.74443054199219)
2764_735,5181_20251202_172_1_14,172_1,1,38.730499267578125,-9.127829551696777,16,IN_TRANSIT_TO,2025-12-30 19:43:03,2118,2764,AH-29-ND,POINT (-9.127829551696777 38.730499267578125)
2474_703,3106_20251202_165_0_16,165_0,0,38.780548095703125,-9.153149604797363,11,IN_TRANSIT_TO,2025-12-30 19:42:58,6017,2474,74-BC-67,POINT (-9.153149604797363 38.780548095703125)
2303_742,5764_20251202_114_0_12,114_0,1,38.706748962402344,-9.175000190734863,20,IN_TRANSIT_TO,2025-12-30 19:43:27,12105,2303,83-11-ZM,POINT (-9.175000190734863 38.706748962402344)
606_15E,11225_20251202_76_0_17,76_0,0,38.7081298828125,-9.137149810791016,2,IN_TRANSIT_TO,2025-12-30 19:43:18,5515,606,,POINT (-9.137149810791016 38.7081298828125)
2748_756,6745_20251202_175_0_21,175_0,1,38.71269989013672,-9.17527961730957,4,IN_TRANSIT_TO,2025-12-30 19:43:27,9415,2748,AG-96-TG,POINT (-9.17527961730957 38.71269989013672)
2283_771,21931_20251202_248_0_23,248_0,1,38.71369934082031,-9.197449684143066,22,IN_TRANSIT_TO,2025-12-30 19:43:12,2711,2283,67-39-ZJ,POINT (-9.197449684143066 38.71369934082031)
4609_728,4616_20251202_204_0_12,204_0,0,38.73147964477539,-9.105199813842773,29,IN_TRANSIT_TO,2025-12-30 19:43:16,8311,4609,96-GL-86,POINT (-9.105199813842773 38.73147964477539)
204_49B,22212_20251202_251_0_21,251_0,0,38.7424201965332,-9.139519691467285,3,IN_TRANSIT_TO,2025-12-30 19:43:17,50567,204,89-71-XD,POINT (-9.139519691467285 38.7424201965332)
2406_767,7295_20251202_112_0_12,112_0,1,38.760169982910156,-9.183219909667969,19,IN_TRANSIT_TO,2025-12-30 19:42:59,12823,2406,50-AL-09,POINT (-9.183219909667969 38.760169982910156)
2753_756,6751_20251202_175_0_6,175_0,0,38.70561981201172,-9.176230430603027,23,IN_TRANSIT_TO,2025-12-30 19:43:26,12110,2753,AG-08-TH,POINT (-9.176230430603027 38.70561981201172)
2405_778,18639_20251202_179_0_26,179_0,1,38.76074981689453,-9.170669555664062,19,IN_TRANSIT_TO,2025-12-30 19:43:19,50010,2405,50-AL-10,POINT (-9.170669555664062 38.76074981689453)
2788_754,6621_20251202_201_0_12,201_0,0,38.73577117919922,-9.21033000946045,33,IN_TRANSIT_TO,2025-12-30 19:43:01,8844,2788,AI-51-TL,POINT (-9.21033000946045 38.73577117919922)
2434_767,7296_20251202_112_0_12,112_0,1,38.754329681396484,-9.19694995880127,12,IN_TRANSIT_TO,2025-12-30 19:43:11,10909,2434,29-AU-24,POINT (-9.19694995880127 38.754329681396484)
2464_729,4784_20251202_104_0_12,104_0,1,38.75962829589844,-9.192319869995117,35,IN_TRANSIT_TO,2025-12-30 19:43:07,12822,2464,91-BE-71,POINT (-9.192319869995117 38.75962829589844)
223_773,7393_20251202_124_0_8,124_0,1,38.71205139160156,-9.153079986572266,18,IN_TRANSIT_TO,2025-12-30 19:43:11,6708,223,84-38-XQ,POINT (-9.153079986572266 38.71205139160156)
2290_724,4227_20251202_178_0_25,178_0,0,38.72584915161133,-9.198949813842773,9,IN_TRANSIT_TO,2025-12-30 19:42:45,8712,2290,92-55-ZM,POINT (-9.198949813842773 38.72584915161133)
2840_728,4572_20251202_204_0_11,204_0,1,38.777748107910156,-9.103449821472168,4,IN_TRANSIT_TO,2025-12-30 19:43:23,7904,2840,BF-75-FZ,POINT (-9.103449821472168 38.777748107910156)
2773_727,4525_20251202_103_0_11,103_0,1,38.72711944580078,-9.148799896240234,37,IN_TRANSIT_TO,2025-12-30 19:43:13,1205,2773,AH-39-ND,POINT (-9.148799896240234 38.72711944580078)
2751_798,8197_20251202_194_0_29,194_0,0,38.7670783996582,-9.150469779968262,7,IN_TRANSIT_TO,2025-12-30 19:43:13,50154,2751,AG-12-TH,POINT (-9.150469779968262 38.7670783996582)
2825_728,4652_20251202_204_0_4,204_0,0,38.703521728515625,-9.167030334472656,15,IN_TRANSIT_TO,2025-12-30 19:43:21,10201,2825,BF-53-FZ,POINT (-9.167030334472656 38.703521728515625)
2276_758,6807_20251202_150_0_16,150_0,1,38.74967956542969,-9.193719863891602,6,IN_TRANSIT_TO,2025-12-30 19:43:04,10801,2276,53-57-ZJ,POINT (-9.193719863891602 38.74967956542969)
2466_726,4343_20251202_116_0_15,116_0,0,38.7215690612793,-9.129599571228027,2,IN_TRANSIT_TO,2025-12-30 19:42:30,9105,2466,16-AZ-16,POINT (-9.129599571228027 38.7215690612793)
4829_736,5302_20251202_199_0_13,199_0,0,38.78947067260742,-9.174500465393066,28,IN_TRANSIT_TO,2025-12-30 19:43:30,50083,4829,34-VR-21,POINT (-9.174500465393066 38.78947067260742)
4834_736,5411_20251202_199_0_14,199_0,1,38.7281494140625,-9.148200035095215,25,IN_TRANSIT_TO,2025-12-30 19:42:59,1702,4834,20-VQ-71,POINT (-9.148200035095215 38.7281494140625)
2296_724,4220_20251202_178_0_23,178_0,0,38.76264953613281,-9.195449829101562,0,IN_TRANSIT_TO,2025-12-30 19:43:05,,2296,92-51-ZM,POINT (-9.195449829101562 38.76264953613281)
2770_714,3708_20251202_102_0_4,102_0,1,38.70526885986328,-9.170729637145996,29,IN_TRANSIT_TO,2025-12-30 19:43:21,9418,2770,AH-30-ND,POINT (-9.170729637145996 38.70526885986328)
203_17B,21702_20251202_247_0_19,247_0,0,38.722129821777344,-9.135330200195312,14,IN_TRANSIT_TO,2025-12-30 19:43:03,701,203,89-59-XD,POINT (-9.135330200195312 38.722129821777344)
209_41B,19374_20251202_232_0_27,232_0,1,38.77437973022461,-9.157779693603516,8,IN_TRANSIT_TO,2025-12-30 19:43:25,50162,209,33-46-XH,POINT (-9.157779693603516 38.77437973022461)
212_41B,19384_20251202_232_0_27,232_0,0,38.77457809448242,-9.150500297546387,11,IN_TRANSIT_TO,2025-12-30 19:43:02,11505,212,44-11-XL,POINT (-9.150500297546387 38.77457809448242)
2209_742,5743_20251202_114_0_10,114_0,1,38.729949951171875,-9.124250411987305,45,IN_TRANSIT_TO,2025-12-30 19:43:11,7012,2209,01-68-XO,POINT (-9.124250411987305 38.729949951171875)
2235_768,7336_20251202_111_0_21,111_0,1,38.76007080078125,-9.18280029296875,11,IN_TRANSIT_TO,2025-12-30 19:43:11,12819,2235,06-32-XX,POINT (-9.18280029296875 38.76007080078125)
2210_717,3834_20251202_170_0_16,170_0,0,38.757930755615234,-9.1533203125,14,IN_TRANSIT_TO,2025-12-30 19:43:07,5705,2210,01-66-XO,POINT (-9.1533203125 38.757930755615234)
2789_713,21218_20251202_122_0_4,122_0,1,38.71384811401367,-9.160599708557129,20,IN_TRANSIT_TO,2025-12-30 19:42:29,8114,2789,AI-53-TL,POINT (-9.160599708557129 38.71384811401367)
2217_717,3835_20251202_170_0_16,170_0,0,38.736568450927734,-9.134570121765137,1,IN_TRANSIT_TO,2025-12-30 19:43:07,521,2217,07-99-XS,POINT (-9.134570121765137 38.736568450927734)
2215_720,4091_20251202_143_0_16,143_0,1,38.72446823120117,-9.149930000305176,16,IN_TRANSIT_TO,2025-12-30 19:43:04,1207,2215,08-01-XS,POINT (-9.149930000305176 38.72446823120117)
614_15E,11277_20251202_76_0_18,76_0,1,38.703819274902344,-9.179030418395996,13,IN_TRANSIT_TO,2025-12-30 19:43:18,12111,614,,POINT (-9.179030418395996 38.703819274902344)
2781_713,21382_20251202_122_0_14,122_0,1,38.70669937133789,-9.158120155334473,13,IN_TRANSIT_TO,2025-12-30 19:43:18,3909,2781,AI-00-BT,POINT (-9.158120155334473 38.70669937133789)
2216_708,3340_20251202_100_0_15,100_0,1,38.76319885253906,-9.128870010375977,28,IN_TRANSIT_TO,2025-12-30 19:43:11,7504,2216,08-00-XS,POINT (-9.128870010375977 38.76319885253906)
2206_796,8143_20251202_174_0_35,174_0,0,38.77326965332031,-9.161520004272461,5,IN_TRANSIT_TO,2025-12-30 19:43:09,5907,2206,01-67-XO,POINT (-9.161520004272461 38.77326965332031)
2712_738,5551_20251202_117_0_14,117_0,1,38.72768020629883,-9.148480415344238,17,IN_TRANSIT_TO,2025-12-30 19:43:28,1205,2712,92-XQ-33,POINT (-9.148480415344238 38.72768020629883)
2221_749,58999_20251202_195_0_4,195_0,1,38.753028869628906,-9.206199645996094,3,IN_TRANSIT_TO,2025-12-30 19:43:21,10902,2221,07-95-XS,POINT (-9.206199645996094 38.753028869628906)
6028_732,5087_20251202_107_0_8,107_0,0,38.72460174560547,-9.150620460510254,13,IN_TRANSIT_TO,2025-12-30 19:43:12,1212,6028,BF-68-AX,POINT (-9.150620460510254 38.72460174560547)
563_25E,14262_20251202_79_0_20,79_0,0,38.697479248046875,-9.196220397949219,5,IN_TRANSIT_TO,2025-12-30 19:43:20,7102,563,,POINT (-9.196220397949219 38.697479248046875)
566_28E,14931_20251202_75_0_13,75_0,1,38.71562957763672,-9.129019737243652,14,IN_TRANSIT_TO,2025-12-30 19:42:57,14801,566,,POINT (-9.129019737243652 38.71562957763672)
568_25E,14254_20251202_79_0_20,79_0,0,38.70772171020508,-9.158479690551758,7,IN_TRANSIT_TO,2025-12-30 19:43:00,50594,568,,POINT (-9.158479690551758 38.70772171020508)
567_28E,14943_20251202_75_0_19,75_0,1,38.71686935424805,-9.129670143127441,14,IN_TRANSIT_TO,2025-12-30 19:43:28,14801,567,,POINT (-9.129670143127441 38.71686935424805)
2226_708,3363_20251202_100_0_4,100_0,0,38.7912483215332,-9.099329948425293,37,IN_TRANSIT_TO,2025-12-30 19:43:01,50340,2226,06-35-XX,POINT (-9.099329948425293 38.7912483215332)
2228_735,5203_20251202_172_0_15,172_0,0,38.71052932739258,-9.127429962158203,5,IN_TRANSIT_TO,2025-12-30 19:42:46,8201,2228,06-24-XX,POINT (-9.127429962158203 38.71052932739258)
2230_731,4973_20251202_190_0_14,190_0,1,38.774600982666016,-9.108269691467285,12,IN_TRANSIT_TO,2025-12-30 19:43:07,7810,2230,06-36-XX,POINT (-9.108269691467285 38.774600982666016)
2222_782,7783_20251202_152_0_14,152_0,0,38.70711898803711,-9.141579627990723,1,IN_TRANSIT_TO,2025-12-30 19:43:09,3811,2222,08-17-XS,POINT (-9.141579627990723 38.70711898803711)
562_18E,12180_20251202_78_0_27,78_0,0,38.70637893676758,-9.148619651794434,1,IN_TRANSIT_TO,2025-12-30 19:43:03,50339,562,,POINT (-9.148619651794434 38.70637893676758)
2207_708,3343_20251202_100_0_15,100_0,1,38.768531799316406,-9.097949981689453,14,IN_TRANSIT_TO,2025-12-30 19:43:02,7822,2207,01-70-XO,POINT (-9.097949981689453 38.768531799316406)
413_22B,19419_20251202_236_0_27,236_0,0,38.7158317565918,-9.148280143737793,8,IN_TRANSIT_TO,2025-12-30 19:39:31,50075,413,BF-41-TS,POINT (-9.148280143737793 38.7158317565918)
2229_749,59007_20251202_195_0_4,195_0,1,38.74388122558594,-9.11281967163086,23,IN_TRANSIT_TO,2025-12-30 19:43:26,3718,2229,06-37-XX,POINT (-9.11281967163086 38.74388122558594)
2232_758,6874_20251202_150_0_17,150_0,0,38.71744918823242,-9.150300025939941,6,IN_TRANSIT_TO,2025-12-30 19:43:21,10605,2232,06-23-XX,POINT (-9.150300025939941 38.71744918823242)
6008_732,5102_20251202_107_0_3,107_0,1,38.750179290771484,-9.15861988067627,46,IN_TRANSIT_TO,2025-12-30 19:43:25,13503,6008,81-ZC-08,POINT (-9.15861988067627 38.750179290771484)
2238_731,5017_20251202_190_0_15,190_0,0,38.73741912841797,-9.164870262145996,0,IN_TRANSIT_TO,2025-12-30 19:43:24,,2238,06-29-XX,POINT (-9.164870262145996 38.73741912841797)
2201_742,5701_20251202_114_0_13,114_0,0,38.737281799316406,-9.145930290222168,22,IN_TRANSIT_TO,2025-12-30 19:43:10,11118,2201,72-15-XN,POINT (-9.145930290222168 38.737281799316406)
6004_767,21198_20251202_112_1_12,112_1,0,38.750980377197266,-9.211119651794434,23,IN_TRANSIT_TO,2025-12-30 19:43:28,11006,6004,82-ZC-35,POINT (-9.211119651794434 38.750980377197266)
2234_758,6858_20251202_150_0_15,150_0,0,38.74734878540039,-9.189220428466797,25,IN_TRANSIT_TO,2025-12-30 19:43:21,10826,2234,06-26-XX,POINT (-9.189220428466797 38.74734878540039)
414_73B,18772_20251202_220_0_17,220_0,0,38.701629638671875,-9.18120002746582,1,IN_TRANSIT_TO,2025-12-30 19:43:26,50210,414,BF-95-TP,POINT (-9.18120002746582 38.701629638671875)
2835_753,6571_20251202_167_0_15,167_0,0,38.72283172607422,-9.168800354003906,7,IN_TRANSIT_TO,2025-12-30 19:43:24,8607,2835,BF-62-FZ,POINT (-9.168800354003906 38.72283172607422)
6027_760,7092_20251202_171_0_15,171_0,1,38.70615005493164,-9.17908000946045,23,IN_TRANSIT_TO,2025-12-30 19:42:56,12119,6027,BF-66-BA,POINT (-9.17908000946045 38.70615005493164)
2242_731,5006_20251202_190_0_12,190_0,0,38.773799896240234,-9.10591983795166,28,IN_TRANSIT_TO,2025-12-30 19:43:28,12301,2242,22-42-ZB,POINT (-9.10591983795166 38.773799896240234)
615_15E,11199_20251202_76_0_17,76_0,0,38.69919967651367,-9.185819625854492,12,IN_TRANSIT_TO,2025-12-30 19:43:28,9504,615,,POINT (-9.185819625854492 38.69919967651367)
613_15E,11261_20251202_76_0_17,76_0,1,38.70621871948242,-9.155770301818848,18,IN_TRANSIT_TO,2025-12-30 19:43:24,3901,613,,POINT (-9.155770301818848 38.70621871948242)
2262_717,3790_20251202_170_0_15,170_0,0,38.79767990112305,-9.144550323486328,40,IN_TRANSIT_TO,2025-12-30 19:43:24,16002,2262,80-48-ZE,POINT (-9.144550323486328 38.79767990112305)
2265_768,7321_20251202_111_0_21,111_0,0,38.753231048583984,-9.180270195007324,12,IN_TRANSIT_TO,2025-12-30 19:42:58,13614,2265,76-91-ZG,POINT (-9.180270195007324 38.753231048583984)
2273_758,6863_20251202_150_0_5,150_0,0,38.7369499206543,-9.16746997833252,16,IN_TRANSIT_TO,2025-12-30 19:43:24,2711,2273,76-81-ZG,POINT (-9.16746997833252 38.7369499206543)
2261_701,2986_20251202_123_0_6,123_0,0,38.75019836425781,-9.161450386047363,10,IN_TRANSIT_TO,2025-12-30 19:43:25,13508,2261,80-49-ZE,POINT (-9.161450386047363 38.75019836425781)
303_708,3324_20251202_100_0_13,100_0,1,38.7221794128418,-9.135330200195312,40,IN_TRANSIT_TO,2025-12-30 19:43:24,608,303,22-SP-90,POINT (-9.135330200195312 38.7221794128418)
