id,trip_id,route_id,direction_id,latitude,longitude,current_stop_sequence,current_status,timestamp,stop_id,vehicle_id,license_plate,geometry
2793_764,7162_20250401_168_0_12,168_0,1,38.7492790222168,-9.164600372314453,31,IN_TRANSIT_TO,2025-05-06 13:37:30,12705,2793,AJ-58-LI,POINT (-9.164600372314453 38.7492790222168)
557_24E,17852_20250401_213_0_15,213_0,1,38.72023010253906,-9.155529975891113,4,IN_TRANSIT_TO,2025-05-06 13:37:35,6823,557,,POINT (-9.155529975891113 38.72023010253906)
2302_742,5737_20250401_114_0_7,114_0,0,38.73366928100586,-9.154569625854492,25,IN_TRANSIT_TO,2025-05-06 13:37:41,1413,2302,83-08-ZM,POINT (-9.154569625854492 38.73366928100586)
4607_750,6262_20250401_106_0_9,106_0,0,38.757381439208984,-9.16746997833252,18,IN_TRANSIT_TO,2025-05-06 13:37:46,50002,4607,96-GL-84,POINT (-9.16746997833252 38.757381439208984)
304_744,5850_20250401_200_0_9,200_0,0,38.74216842651367,-9.146719932556152,7,IN_TRANSIT_TO,2025-05-06 13:37:48,1809,304,22-SP-91,POINT (-9.146719932556152 38.74216842651367)
4606_728,4698_20250401_204_0_4,204_0,0,38.70806884765625,-9.133299827575684,22,IN_TRANSIT_TO,2025-05-06 13:37:46,4505,4606,96-GL-83,POINT (-9.133299827575684 38.70806884765625)
2254_768,7341_20250401_111_0_13,111_0,1,38.76517868041992,-9.198880195617676,5,IN_TRANSIT_TO,2025-05-06 13:37:22,13907,2254,80-51-ZE,POINT (-9.198880195617676 38.76517868041992)
6022_706,3241_20250401_147_0_11,147_0,1,38.728919982910156,-9.125069618225098,9,IN_TRANSIT_TO,2025-05-06 13:37:19,11705,6022,BF-48-BB,POINT (-9.125069618225098 38.728919982910156)
2440_767,7286_20250401_112_0_8,112_0,1,38.76362991333008,-9.159379959106445,27,IN_TRANSIT_TO,2025-05-06 13:37:31,5824,2440,29-AX-08,POINT (-9.159379959106445 38.76362991333008)
2992_55B,21534_20250401_240_0_17,240_0,0,38.76179885864258,-9.196969985961914,5,IN_TRANSIT_TO,2025-05-06 13:37:33,13904,2992,29-VM-95,POINT (-9.196969985961914 38.76179885864258)
2448_747,6122_20250401_177_0_15,177_0,0,38.75931930541992,-9.156669616699219,2,IN_TRANSIT_TO,2025-05-06 13:37:29,5807,2448,44-BC-34,POINT (-9.156669616699219 38.75931930541992)
6010_706,3259_20250401_147_0_4,147_0,0,38.73276901245117,-9.130579948425293,22,IN_TRANSIT_TO,2025-05-06 13:37:06,504,6010,81-ZC-09,POINT (-9.130579948425293 38.73276901245117)
2317_793,7973_20250401_145_0_14,145_0,1,38.75019836425781,-9.117850303649902,10,IN_TRANSIT_TO,2025-05-06 13:37:25,3606,2317,61-86-ZB,POINT (-9.117850303649902 38.75019836425781)
2766_727,4515_20250401_103_0_7,103_0,1,38.748600006103516,-9.13582992553711,48,IN_TRANSIT_TO,2025-05-06 13:37:28,11208,2766,AH-40-ND,POINT (-9.13582992553711 38.748600006103516)
2250_731,19403_20240727_190_0_8,190_0,1,38.78303146362305,-9.114009857177734,3,IN_TRANSIT_TO,2024-08-10 10:41:27,12610,2250,80-41-ZE,POINT (-9.114009857177734 38.78303146362305)
4602_753,6564_20250401_167_0_17,167_0,0,38.666168212890625,-9.16681957244873,8,IN_TRANSIT_TO,2025-05-06 13:31:45,14601,4602,96-GL-80,POINT (-9.16681957244873 38.666168212890625)
2292_726,4273_20250401_116_0_9,116_0,0,38.72203063964844,-9.128800392150879,0,IN_TRANSIT_TO,2025-05-06 13:37:35,,2292,83-16-ZM,POINT (-9.128800392150879 38.72203063964844)
2328_793,7994_20250401_145_0_14,145_0,0,38.74150085449219,-9.128379821777344,26,IN_TRANSIT_TO,2025-05-06 13:37:27,9007,2328,62-96-ZG,POINT (-9.128379821777344 38.74150085449219)
2321_712,3550_20250401_189_0_12,189_0,1,38.72452163696289,-9.150369644165039,15,IN_TRANSIT_TO,2025-05-06 13:37:36,1212,2321,04-47-ZF,POINT (-9.150369644165039 38.72452163696289)
2346_763,46422_20250401_282_0_2,282_0,1,38.779170989990234,-9.16681957244873,15,IN_TRANSIT_TO,2025-05-06 06:33:34,50641,2346,62-93-ZG,POINT (-9.16681957244873 38.779170989990234)
2955_40B,17558_20250401_212_0_13,212_0,1,38.789100646972656,-9.160969734191895,29,IN_TRANSIT_TO,2025-05-06 13:37:43,50107,2955,27-GU-70,POINT (-9.160969734191895 38.789100646972656)
2951_29B,17524_20250401_209_0_13,209_0,0,38.765628814697266,-9.124930381774902,28,IN_TRANSIT_TO,2025-05-06 13:37:32,7519,2951,62-GQ-53,POINT (-9.124930381774902 38.765628814697266)
2624_781,7721_20250401_151_0_11,151_0,0,38.73466873168945,-9.103879928588867,7,IN_TRANSIT_TO,2025-05-06 13:37:35,8313,2624,72-VP-82,POINT (-9.103879928588867 38.73466873168945)
4642_750,6335_20250401_106_0_8,106_0,1,38.7612190246582,-9.121769905090332,31,IN_TRANSIT_TO,2025-05-06 13:37:13,7503,4642,90-JI-99,POINT (-9.121769905090332 38.7612190246582)
4614_750,6290_20250401_106_0_9,106_0,0,38.76314926147461,-9.128700256347656,9,IN_TRANSIT_TO,2025-05-06 13:37:43,7506,4614,96-GL-90,POINT (-9.128700256347656 38.76314926147461)
4616_750,6313_20250401_106_0_10,106_0,0,38.76757049560547,-9.103679656982422,1,IN_TRANSIT_TO,2025-05-06 13:37:27,7813,4616,22-GP-50,POINT (-9.103679656982422 38.76757049560547)
2950_26B,17510_20250401_208_0_14,208_0,1,38.766231536865234,-9.09801959991455,6,IN_TRANSIT_TO,2025-05-06 13:37:48,2512,2950,62-GQ-51,POINT (-9.09801959991455 38.766231536865234)
2949_31B,17538_20250401_210_0_13,210_0,0,38.74810028076172,-9.1185302734375,21,IN_TRANSIT_TO,2025-05-06 13:37:30,50547,2949,62-GQ-52,POINT (-9.1185302734375 38.74810028076172)
4629_736,5399_20250401_199_0_10,199_0,1,38.74879837036133,-9.148900032043457,18,IN_TRANSIT_TO,2025-05-06 13:37:38,2006,4629,11-JM-77,POINT (-9.148900032043457 38.74879837036133)
2973_737,5489_20250401_173_0_28,173_0,1,38.7135009765625,-9.13694953918457,6,IN_TRANSIT_TO,2025-05-06 13:37:31,913,2973,30-VM-13,POINT (-9.13694953918457 38.7135009765625)
2699_712,3566_20250401_189_0_12,189_0,0,38.724998474121094,-9.155830383300781,18,IN_TRANSIT_TO,2025-05-06 13:37:24,1209,2699,92-XQ-25,POINT (-9.155830383300781 38.724998474121094)
2693_723,4136_20250401_121_0_12,121_0,1,38.69865036010742,-9.227399826049805,1,IN_TRANSIT_TO,2025-05-06 13:37:39,4206,2693,90-XF-46,POINT (-9.227399826049805 38.69865036010742)
2694_709,3384_20250401_148_0_20,148_0,0,38.7200813293457,-9.154629707336426,6,IN_TRANSIT_TO,2025-05-06 13:37:27,6820,2694,90-XF-49,POINT (-9.154629707336426 38.7200813293457)
2669_713,3612_20250401_122_0_12,122_0,1,38.727928161621094,-9.160300254821777,28,IN_TRANSIT_TO,2025-05-06 13:37:40,6106,2669,87-XB-34,POINT (-9.160300254821777 38.727928161621094)
6048_732,5096_20250401_107_0_5,107_0,0,38.70574951171875,-9.199850082397461,36,IN_TRANSIT_TO,2025-05-06 13:37:33,13302,6048,BH-46-IR,POINT (-9.199850082397461 38.70574951171875)
2705_714,3640_20250401_102_0_11,102_0,0,38.69947052001953,-9.184929847717285,15,IN_TRANSIT_TO,2025-05-06 13:37:45,9504,2705,92-XQ-29,POINT (-9.184929847717285 38.69947052001953)
2683_746,5986_20250401_108_0_13,108_0,0,38.738651275634766,-9.164130210876465,7,IN_TRANSIT_TO,2025-05-06 13:37:41,1507,2683,99-XE-55,POINT (-9.164130210876465 38.738651275634766)
2682_711,3512_20250401_101_0_8,101_0,1,38.736228942871094,-9.205470085144043,13,IN_TRANSIT_TO,2025-05-06 13:37:24,8828,2682,93-XA-42,POINT (-9.205470085144043 38.736228942871094)
6046_760,7105_20250401_171_0_7,171_0,0,38.71220016479492,-9.19873046875,32,IN_TRANSIT_TO,2025-05-06 13:37:28,12924,6046,BH-73-IR,POINT (-9.19873046875 38.71220016479492)
4618_750,6372_20250401_106_0_8,106_0,1,38.754798889160156,-9.184599876403809,20,IN_TRANSIT_TO,2025-05-06 13:37:34,10809,4618,22-GP-52,POINT (-9.184599876403809 38.754798889160156)
2947_32B,17548_20250401_211_0_13,211_0,0,38.74769973754883,-9.118430137634277,15,IN_TRANSIT_TO,2025-05-06 13:37:22,3605,2947,51-GL-84,POINT (-9.118430137634277 38.74769973754883)
2946_26B,17520_20250401_208_0_13,208_0,0,38.7735481262207,-9.105779647827148,10,IN_TRANSIT_TO,2025-05-06 13:37:37,7908,2946,75-GO-15,POINT (-9.105779647827148 38.7735481262207)
2958_708,3347_20250401_100_0_6,100_0,0,38.732521057128906,-9.134329795837402,0,IN_TRANSIT_TO,2025-05-06 13:37:44,,2958,27-GU-73,POINT (-9.134329795837402 38.732521057128906)
4643_728,4661_20250401_204_0_6,204_0,0,38.74721908569336,-9.099370002746582,35,IN_TRANSIT_TO,2025-05-06 13:37:25,50338,4643,98-JO-45,POINT (-9.099370002746582 38.74721908569336)
2671_714,3697_20250401_102_0_10,102_0,1,38.70330047607422,-9.211270332336426,17,IN_TRANSIT_TO,2025-05-06 13:37:13,13121,2671,87-XB-43,POINT (-9.211270332336426 38.70330047607422)
2680_764,7142_20250401_168_0_12,168_0,0,38.742820739746094,-9.205820083618164,22,IN_TRANSIT_TO,2025-05-06 13:37:31,8814,2680,93-XA-36,POINT (-9.205820083618164 38.742820739746094)
2681_727,4502_20250401_103_0_7,103_0,0,38.73442840576172,-9.145119667053223,9,IN_TRANSIT_TO,2025-05-06 13:37:50,1810,2681,93-XA-41,POINT (-9.145119667053223 38.73442840576172)
2679_711,3475_20250401_101_0_11,101_0,0,38.708770751953125,-9.133899688720703,2,IN_TRANSIT_TO,2025-05-06 13:37:43,4506,2679,93-XA-34,POINT (-9.133899688720703 38.708770751953125)
2672_713,3605_20250401_122_0_8,122_0,1,38.73514938354492,-9.140769958496094,35,IN_TRANSIT_TO,2025-05-06 13:37:40,11101,2672,87-XB-44,POINT (-9.140769958496094 38.73514938354492)
2670_714,3689_20250401_102_0_8,102_0,1,38.70438003540039,-9.165619850158691,31,IN_TRANSIT_TO,2025-05-06 13:37:49,10209,2670,87-XB-32,POINT (-9.165619850158691 38.70438003540039)
2964_774,7430_20250401_192_0_21,192_0,0,38.72016906738281,-9.15546989440918,8,IN_TRANSIT_TO,2025-05-06 13:37:47,6823,2964,30-VM-19,POINT (-9.15546989440918 38.72016906738281)
2962_774,7450_20250401_192_0_20,192_0,1,38.71902847290039,-9.165670394897461,12,IN_TRANSIT_TO,2025-05-06 13:37:49,8006,2962,30-VM-07,POINT (-9.165670394897461 38.71902847290039)
4623_783,7835_20250401_203_0_10,203_0,1,38.73366928100586,-9.145079612731934,24,IN_TRANSIT_TO,2025-05-06 13:37:39,1812,4623,27-JO-12,POINT (-9.145079612731934 38.73366928100586)
6031_760,7098_20250401_171_0_8,171_0,1,38.704551696777344,-9.195879936218262,17,IN_TRANSIT_TO,2025-05-06 13:37:34,13305,6031,BF-87-AX,POINT (-9.195879936218262 38.704551696777344)
604_15E,11186_20250401_76_0_14,76_0,1,38.696128845214844,-9.209699630737305,6,IN_TRANSIT_TO,2025-05-06 13:37:41,13209,604,,POINT (-9.209699630737305 38.696128845214844)
2718_754,6592_20250401_201_0_11,201_0,0,38.74729919433594,-9.147930145263672,5,IN_TRANSIT_TO,2025-05-06 13:37:37,2001,2718,92-XQ-23,POINT (-9.147930145263672 38.74729919433594)
547_28E,14998_20250401_75_0_11,75_0,1,38.709800720214844,-9.13379955291748,8,IN_TRANSIT_TO,2025-05-06 13:37:45,13801,547,,POINT (-9.13379955291748 38.709800720214844)
6049_732,5062_20250401_107_0_7,107_0,0,38.73857879638672,-9.14603042602539,6,IN_TRANSIT_TO,2025-05-06 13:37:43,1902,6049,BH-47-IR,POINT (-9.14603042602539 38.73857879638672)
2723_727,4463_20250401_103_0_7,103_0,0,38.704769134521484,-9.16841983795166,26,IN_TRANSIT_TO,2025-05-06 13:37:50,10210,2723,92-XQ-43,POINT (-9.16841983795166 38.704769134521484)
6050_732,5057_20250401_107_0_7,107_0,0,38.72468185424805,-9.150779724121094,13,IN_TRANSIT_TO,2025-05-06 13:37:33,1212,6050,BH-62-IR,POINT (-9.150779724121094 38.72468185424805)
2347_763,46424_20250401_282_0_14,282_0,1,38.77402114868164,-9.160799980163574,18,IN_TRANSIT_TO,2025-05-06 13:37:21,5905,2347,53-61-ZJ,POINT (-9.160799980163574 38.77402114868164)
2479_729,4817_20250401_104_0_8,104_0,0,38.695068359375,-9.21362018585205,36,IN_TRANSIT_TO,2025-05-06 13:37:28,13210,2479,91-BE-74,POINT (-9.21362018585205 38.695068359375)
2414_747,6119_20250401_177_0_14,177_0,0,38.76250076293945,-9.170820236206055,9,IN_TRANSIT_TO,2025-05-06 13:37:32,50007,2414,92-AO-51,POINT (-9.170820236206055 38.76250076293945)
2417_703,3124_20250401_165_0_11,165_0,0,38.78644943237305,-9.142120361328125,0,IN_TRANSIT_TO,2025-05-06 13:37:40,,2417,50-AL-06,POINT (-9.142120361328125 38.78644943237305)
2755_708,3365_20250401_100_0_11,100_0,1,38.79322814941406,-9.097829818725586,4,IN_TRANSIT_TO,2025-05-06 13:37:33,13573,2755,AG-95-TG,POINT (-9.097829818725586 38.79322814941406)
608_15E,11254_20250401_76_0_15,76_0,0,38.70375061035156,-9.162349700927734,4,IN_TRANSIT_TO,2025-05-06 13:37:36,3906,608,,POINT (-9.162349700927734 38.70375061035156)
610_15E,11280_20250401_76_0_12,76_0,1,38.70621871948242,-9.155750274658203,18,IN_TRANSIT_TO,2025-05-06 13:37:38,3901,610,,POINT (-9.155750274658203 38.70621871948242)
2257_731,5018_20250401_190_0_8,190_0,1,38.781368255615234,-9.107080459594727,6,IN_TRANSIT_TO,2025-05-06 13:37:35,12619,2257,80-50-ZE,POINT (-9.107080459594727 38.781368255615234)
2282_771,21936_20250401_248_0_13,248_0,0,38.72332000732422,-9.166379928588867,11,IN_TRANSIT_TO,2025-05-06 13:37:26,8607,2282,67-35-ZJ,POINT (-9.166379928588867 38.72332000732422)
1717_756,6730_20250401_175_0_13,175_0,0,38.73925018310547,-9.126370429992676,4,IN_TRANSIT_TO,2025-05-06 13:37:47,8910,1717,69-AL-80,POINT (-9.126370429992676 38.73925018310547)
4832_736,5379_20250401_199_0_8,199_0,1,38.72243118286133,-9.14762020111084,26,IN_TRANSIT_TO,2025-05-06 13:37:40,1206,4832,68-VQ-51,POINT (-9.14762020111084 38.72243118286133)
2301_15E,11491_20250401_76_8_20,76_8,1,38.70962905883789,-9.135129928588867,8,IN_TRANSIT_TO,2025-05-06 13:37:37,5512,2301,83-12-ZM,POINT (-9.135129928588867 38.70962905883789)
6015_706,3218_20250401_147_0_3,147_0,1,38.71604919433594,-9.154669761657715,25,IN_TRANSIT_TO,2025-05-06 13:35:46,6818,6015,69-ZF-01,POINT (-9.154669761657715 38.71604919433594)
2629_781,7756_20250401_151_0_11,151_0,1,38.761199951171875,-9.111700057983398,14,IN_TRANSIT_TO,2025-05-06 13:37:29,8424,2629,52-VP-81,POINT (-9.111700057983398 38.761199951171875)
4835_736,18816_20250401_199_0_9,199_0,0,38.78586959838867,-9.172320365905762,28,IN_TRANSIT_TO,2025-05-06 13:37:11,50083,4835,53-VR-06,POINT (-9.172320365905762 38.78586959838867)
6034_732,5093_20250401_107_0_7,107_0,1,38.70975112915039,-9.215399742126465,4,IN_TRANSIT_TO,2025-05-06 13:37:23,12407,6034,BF-61-AX,POINT (-9.215399742126465 38.70975112915039)
306_755,6682_20250401_118_0_10,118_0,0,38.75564956665039,-9.113349914550781,15,IN_TRANSIT_TO,2025-05-06 13:37:25,24370,306,73-ST-81,POINT (-9.113349914550781 38.75564956665039)
6007_706,3260_20250401_147_0_10,147_0,0,38.72343063354492,-9.148070335388184,13,IN_TRANSIT_TO,2025-05-06 13:37:38,1216,6007,80-ZC-62,POINT (-9.148070335388184 38.72343063354492)
4601_753,6534_20250401_167_0_29,167_0,0,38.72465133666992,-9.159729957580566,5,IN_TRANSIT_TO,2025-05-01 19:42:20,1223,4601,96-GL-79,POINT (-9.159729957580566 38.72465133666992)
6035_760,7103_20250401_171_0_10,171_0,0,38.7110481262207,-9.206119537353516,0,IN_TRANSIT_TO,2025-05-06 13:37:25,,6035,BG-76-LX,POINT (-9.206119537353516 38.7110481262207)
2978_702,3030_20250401_146_0_21,146_0,0,38.72578048706055,-9.157400131225586,2,IN_TRANSIT_TO,2025-05-06 13:37:48,6127,2978,29-VM-92,POINT (-9.157400131225586 38.72578048706055)
4633_755,6694_20250401_118_0_12,118_0,0,38.74811935424805,-9.105179786682129,5,IN_TRANSIT_TO,2025-05-06 13:37:33,50228,4633,90-JI-94,POINT (-9.105179786682129 38.74811935424805)
2259_758,6770_20250401_150_0_11,150_0,0,38.7275505065918,-9.161450386047363,12,IN_TRANSIT_TO,2025-05-06 13:37:43,8509,2259,67-44-ZJ,POINT (-9.161450386047363 38.7275505065918)
2270_758,6848_20250401_150_0_10,150_0,1,38.73899841308594,-9.168350219726562,14,IN_TRANSIT_TO,2025-05-06 13:37:39,1610,2270,76-82-ZG,POINT (-9.168350219726562 38.73899841308594)
2430_767,7223_20250401_112_0_7,112_0,0,38.75397872924805,-9.144330024719238,14,IN_TRANSIT_TO,2025-05-06 13:37:45,101,2430,29-AX-12,POINT (-9.144330024719238 38.75397872924805)
2495_735,5258_20250401_172_0_8,172_0,1,38.75202941894531,-9.14346981048584,7,IN_TRANSIT_TO,2025-05-06 13:37:35,102,2495,88-BL-69,POINT (-9.14346981048584 38.75202941894531)
2842_728,4714_20250401_204_0_7,204_0,1,38.70962142944336,-9.21084976196289,45,IN_TRANSIT_TO,2025-05-06 13:37:46,9606,2842,BF-56-FZ,POINT (-9.21084976196289 38.70962142944336)
4833_736,5299_20250401_199_0_9,199_0,0,38.75559997558594,-9.151450157165527,14,IN_TRANSIT_TO,2025-05-06 13:37:42,5705,4833,20-VQ-65,POINT (-9.151450157165527 38.75559997558594)
6009_760,7044_20250401_171_0_5,171_0,0,38.70606994628906,-9.183520317077637,20,IN_TRANSIT_TO,2025-05-06 13:37:49,12014,6009,81-ZC-18,POINT (-9.183520317077637 38.70606994628906)
4839_736,18817_20250401_199_0_11,199_0,0,38.771671295166016,-9.160550117492676,19,IN_TRANSIT_TO,2025-05-06 13:37:38,5903,4839,53-VR-08,POINT (-9.160550117492676 38.771671295166016)
2272_731,19406_20250401_190_0_11,190_0,0,38.74477005004883,-9.151869773864746,10,IN_TRANSIT_TO,2025-05-06 13:37:46,3309,2272,76-80-ZG,POINT (-9.151869773864746 38.74477005004883)
4825_736,5351_20250401_199_0_10,199_0,1,38.720298767089844,-9.145700454711914,27,IN_TRANSIT_TO,2025-05-06 13:37:41,1102,4825,20-VQ-72,POINT (-9.145700454711914 38.720298767089844)
2345_768,7319_20250401_111_0_15,111_0,0,38.750179290771484,-9.161430358886719,1,IN_TRANSIT_TO,2025-05-06 13:37:50,13511,2345,53-59-ZJ,POINT (-9.161430358886719 38.750179290771484)
2614_759,6943_20250401_144_0_9,144_0,0,38.72037887573242,-9.116979598999023,10,IN_TRANSIT_TO,2025-05-06 13:37:32,9813,2614,66-VI-24,POINT (-9.116979598999023 38.72037887573242)
2965_770,7364_20250401_191_0_15,191_0,0,38.736568450927734,-9.181949615478516,9,IN_TRANSIT_TO,2025-05-06 13:37:41,10723,2965,29-VM-97,POINT (-9.181949615478516 38.736568450927734)
275_61B,21530_20250401_241_0_17,241_0,0,38.726470947265625,-9.162269592285156,7,IN_TRANSIT_TO,2025-05-06 13:37:38,6104,275,AH-16-TB,POINT (-9.162269592285156 38.726470947265625)
2997_45B,45280_20250401_277_0_12,277_0,0,38.76081848144531,-9.162300109863281,12,IN_TRANSIT_TO,2025-05-06 13:37:30,5808,2997,34-VN-03,POINT (-9.162300109863281 38.76081848144531)
6023_760,7022_20250401_171_0_8,171_0,0,38.703548431396484,-9.170080184936523,16,IN_TRANSIT_TO,2025-05-06 13:37:24,10202,6023,BF-03-BD,POINT (-9.170080184936523 38.703548431396484)
2821_753,6541_20250401_167_0_18,167_0,1,38.72322082519531,-9.165749549865723,3,IN_TRANSIT_TO,2025-05-06 13:37:31,8608,2821,BF-71-FZ,POINT (-9.165749549865723 38.72322082519531)
2697_711,3501_20250401_101_0_10,101_0,1,38.713951110839844,-9.181380271911621,24,IN_TRANSIT_TO,2025-05-06 13:37:28,11804,2697,90-XF-59,POINT (-9.181380271911621 38.713951110839844)
2601_705,3186_20250401_176_0_12,176_0,1,38.74549865722656,-9.135370254516602,0,IN_TRANSIT_TO,2025-05-06 13:37:30,,2601,04-VA-70,POINT (-9.135370254516602 38.74549865722656)
2264_771,39065_20250401_248_0_13,248_0,1,38.719329833984375,-9.198169708251953,10,IN_TRANSIT_TO,2025-05-06 13:37:39,21304,2264,76-90-ZG,POINT (-9.198169708251953 38.719329833984375)
6036_732,5088_20250401_107_0_5,107_0,1,38.70328140258789,-9.17959976196289,21,IN_TRANSIT_TO,2025-05-06 13:37:42,12111,6036,BG-90-LX,POINT (-9.17959976196289 38.70328140258789)
6026_732,5038_20250401_107_0_6,107_0,0,38.703521728515625,-9.167770385742188,24,IN_TRANSIT_TO,2025-05-06 13:37:19,10202,6026,BF-39-BB,POINT (-9.167770385742188 38.703521728515625)
2706_746,5977_20250401_108_0_15,108_0,0,38.74882125854492,-9.191349983215332,17,IN_TRANSIT_TO,2025-05-06 13:37:39,10814,2706,92-XQ-46,POINT (-9.191349983215332 38.74882125854492)
2602_759,6981_20250401_144_0_10,144_0,1,38.7735710144043,-9.118650436401367,11,IN_TRANSIT_TO,2025-05-06 13:37:41,12206,2602,16-VF-81,POINT (-9.118650436401367 38.7735710144043)
2653_720,4086_20250401_143_0_11,143_0,1,38.731998443603516,-9.141679763793945,20,IN_TRANSIT_TO,2025-05-06 13:37:23,6506,2653,05-VZ-52,POINT (-9.141679763793945 38.731998443603516)
4806_748,6180_20250401_169_0_10,169_0,0,38.72568130493164,-9.189920425415039,5,IN_TRANSIT_TO,2025-05-06 13:37:33,8607,4806,20-VQ-74,POINT (-9.189920425415039 38.72568130493164)
2749_742,5783_20250401_114_0_8,114_0,1,38.706748962402344,-9.174819946289062,20,IN_TRANSIT_TO,2025-05-06 13:37:33,12105,2749,AG-03-TH,POINT (-9.174819946289062 38.706748962402344)
2988_702,3068_20250401_146_0_22,146_0,1,38.73081970214844,-9.173279762268066,0,IN_TRANSIT_TO,2025-05-06 13:37:44,,2988,29-VM-94,POINT (-9.173279762268066 38.73081970214844)
4826_736,5331_20250401_199_0_9,199_0,0,38.714420318603516,-9.139320373535156,0,IN_TRANSIT_TO,2025-05-06 13:37:39,,4826,53-VR-05,POINT (-9.139320373535156 38.714420318603516)
2657_723,4183_20250401_121_0_12,121_0,1,38.72262954711914,-9.168970108032227,25,IN_TRANSIT_TO,2025-05-06 13:37:44,50324,2657,05-VZ-66,POINT (-9.168970108032227 38.72262954711914)
2637_722,4107_20250401_196_0_9,196_0,0,38.777069091796875,-9.115449905395508,28,IN_TRANSIT_TO,2025-05-06 13:37:39,12306,2637,87-VS-51,POINT (-9.115449905395508 38.777069091796875)
2648_776,7476_20250401_193_0_36,193_0,0,38.701171875,-9.250550270080566,8,IN_TRANSIT_TO,2025-05-06 13:29:31,4302,2648,75-VS-46,POINT (-9.250550270080566 38.701171875)
2698_727,4485_20250401_103_0_8,103_0,0,38.7257194519043,-9.150899887084961,13,IN_TRANSIT_TO,2025-05-06 13:37:44,1206,2698,92-XQ-20,POINT (-9.150899887084961 38.7257194519043)
6039_760,7081_20250401_171_0_10,171_0,1,38.71757888793945,-9.13659954071045,35,IN_TRANSIT_TO,2025-05-06 13:37:21,818,6039,BG-96-LU,POINT (-9.13659954071045 38.71757888793945)
2716_738,5566_20250401_117_0_9,117_0,1,38.73350143432617,-9.144599914550781,20,IN_TRANSIT_TO,2025-05-06 13:37:48,1801,2716,92-XQ-27,POINT (-9.144599914550781 38.73350143432617)
2991_71B,45266_20250401_278_0_8,278_0,0,38.745269775390625,-9.20442008972168,16,IN_TRANSIT_TO,2025-05-06 13:34:14,8811,2991,29-VM-89,POINT (-9.20442008972168 38.745269775390625)
6041_732,5076_20250401_107_0_6,107_0,1,38.7338981628418,-9.14465045928955,38,IN_TRANSIT_TO,2025-05-06 13:37:23,1807,6041,BG-20-LV,POINT (-9.14465045928955 38.7338981628418)
2647_705,3195_20250401_176_0_12,176_0,0,38.775821685791016,-9.126449584960938,14,IN_TRANSIT_TO,2025-05-06 13:37:20,50101,2647,75-VS-45,POINT (-9.126449584960938 38.775821685791016)
2989_34B,19141_20250401_226_0_10,226_0,0,38.74802017211914,-9.11596965789795,36,IN_TRANSIT_TO,2025-05-06 13:37:45,3604,2989,29-VM-85,POINT (-9.11596965789795 38.74802017211914)
2642_705,3180_20250401_176_0_12,176_0,1,38.76966857910156,-9.097729682922363,24,IN_TRANSIT_TO,2025-05-06 13:37:32,7822,2642,75-VS-51,POINT (-9.097729682922363 38.76966857910156)
573_18E,12202_20250401_78_0_16,78_0,1,38.70487976074219,-9.188380241394043,9,IN_TRANSIT_TO,2025-05-06 13:37:47,13405,573,,POINT (-9.188380241394043 38.70487976074219)
2724_713,3592_20250401_122_0_11,122_0,0,38.72365188598633,-9.160880088806152,11,IN_TRANSIT_TO,2025-05-06 13:37:33,8512,2724,92-XQ-40,POINT (-9.160880088806152 38.72365188598633)
2609_744,5849_20250401_200_0_8,200_0,0,38.74633026123047,-9.147669792175293,9,IN_TRANSIT_TO,2025-05-06 13:37:26,2021,2609,66-VI-36,POINT (-9.147669792175293 38.74633026123047)
2721_738,5572_20250401_117_0_10,117_0,1,38.72254943847656,-9.151679992675781,15,IN_TRANSIT_TO,2025-05-06 13:37:47,6809,2721,92-XQ-37,POINT (-9.151679992675781 38.72254943847656)
2981_71B,45267_20250401_278_0_10,278_0,0,38.742469787597656,-9.200429916381836,10,IN_TRANSIT_TO,2025-05-06 13:37:22,50459,2981,29-VM-86,POINT (-9.200429916381836 38.742469787597656)
548_25E,14252_20250401_79_0_17,79_0,1,38.70682907104492,-9.155349731445312,14,IN_TRANSIT_TO,2025-05-06 13:37:48,3913,548,,POINT (-9.155349731445312 38.70682907104492)
2646_722,4129_20250401_196_0_9,196_0,1,38.77619934082031,-9.113829612731934,9,IN_TRANSIT_TO,2025-05-06 13:37:45,12307,2646,75-VS-48,POINT (-9.113829612731934 38.77619934082031)
2993_52B,21671_20250401_244_0_12,244_0,0,38.74507141113281,-9.155030250549316,7,IN_TRANSIT_TO,2025-05-06 13:37:49,50543,2993,29-VM-93,POINT (-9.155030250549316 38.74507141113281)
2308_755,6709_20250401_118_0_11,118_0,1,38.75299835205078,-9.14387035369873,10,IN_TRANSIT_TO,2025-05-06 13:37:35,104,2308,83-17-ZM,POINT (-9.14387035369873 38.75299835205078)
2640_781,7737_20250401_151_0_11,151_0,0,38.71921920776367,-9.116419792175293,5,IN_TRANSIT_TO,2025-05-06 13:37:21,2113,2640,75-VS-43,POINT (-9.116419792175293 38.71921920776367)
2654_713,3614_20250401_122_0_8,122_0,1,38.71366882324219,-9.159830093383789,19,IN_TRANSIT_TO,2025-05-06 13:37:34,6718,2654,05-VZ-69,POINT (-9.159830093383789 38.71366882324219)
2707_738,5512_20250401_117_0_9,117_0,0,38.70521926879883,-9.180769920349121,33,IN_TRANSIT_TO,2025-05-06 13:37:50,12102,2707,92-XQ-39,POINT (-9.180769920349121 38.70521926879883)
2736_742,5731_20250401_114_0_8,114_0,0,38.72534942626953,-9.163599967956543,30,IN_TRANSIT_TO,2025-05-06 13:37:21,8507,2736,AG-47-EI,POINT (-9.163599967956543 38.72534942626953)
6042_732,5080_20250401_107_0_6,107_0,1,38.70943069458008,-9.136019706726074,30,IN_TRANSIT_TO,2025-05-06 13:33:27,5519,6042,BG-97-LU,POINT (-9.136019706726074 38.70943069458008)
542_28E,14946_20250401_75_0_12,75_0,0,38.71297073364258,-9.129480361938477,11,IN_TRANSIT_TO,2025-05-06 13:37:44,50150,542,,POINT (-9.129480361938477 38.71297073364258)
2635_749,6205_20250401_195_0_17,195_0,1,38.75762939453125,-9.111379623413086,14,IN_TRANSIT_TO,2025-05-06 13:37:44,24370,2635,52-VP-90,POINT (-9.111379623413086 38.75762939453125)
2799_712,3541_20250401_189_0_12,189_0,1,38.723751068115234,-9.13202953338623,21,IN_TRANSIT_TO,2025-05-06 13:37:42,604,2799,AJ-52-LI,POINT (-9.13202953338623 38.723751068115234)
2258_731,5007_20250401_190_0_8,190_0,1,38.76190185546875,-9.120550155639648,17,IN_TRANSIT_TO,2025-05-06 13:37:38,8402,2258,53-58-ZJ,POINT (-9.120550155639648 38.76190185546875)
544_28E,14908_20250401_75_0_7,75_0,1,38.71717834472656,-9.129779815673828,15,IN_TRANSIT_TO,2025-05-06 13:37:42,14803,544,,POINT (-9.129779815673828 38.71717834472656)
2996_45B,49562_20250401_277_0_12,277_0,1,38.76512145996094,-9.153900146484375,15,IN_TRANSIT_TO,2025-05-06 13:37:42,5811,2996,30-VM-03,POINT (-9.153900146484375 38.76512145996094)
2686_738,5553_20250401_117_0_9,117_0,0,38.74906921386719,-9.149069786071777,13,IN_TRANSIT_TO,2025-05-06 13:37:30,2006,2686,99-XE-58,POINT (-9.149069786071777 38.74906921386719)
2626_759,6961_20250401_144_0_8,144_0,1,38.7158203125,-9.142669677734375,46,IN_TRANSIT_TO,2025-05-06 13:37:49,919,2626,52-VP-86,POINT (-9.142669677734375 38.7158203125)
2621_781,7748_20250401_151_0_11,151_0,1,38.738948822021484,-9.103130340576172,22,IN_TRANSIT_TO,2025-05-06 13:37:41,12512,2621,66-VI-45,POINT (-9.103130340576172 38.738948822021484)
2622_722,4127_20250401_196_0_10,196_0,1,38.74327087402344,-9.132829666137695,23,IN_TRANSIT_TO,2025-05-06 13:37:37,308,2622,66-VI-21,POINT (-9.132829666137695 38.74327087402344)
2603_759,6987_20250401_144_0_9,144_0,0,38.767051696777344,-9.098870277404785,47,IN_TRANSIT_TO,2025-05-06 13:37:44,7825,2603,16-VF-76,POINT (-9.098870277404785 38.767051696777344)
2649_776,7489_20250401_193_0_32,193_0,0,38.699501037597656,-9.227729797363281,0,IN_TRANSIT_TO,2025-05-06 13:37:22,,2649,75-VS-42,POINT (-9.227729797363281 38.699501037597656)
2986_72B,45275_20250401_279_0_11,279_0,0,38.73659896850586,-9.205650329589844,18,IN_TRANSIT_TO,2025-05-06 13:37:32,8829,2986,30-VM-12,POINT (-9.205650329589844 38.73659896850586)
551_18E,12186_20250401_78_0_14,78_0,1,38.706321716308594,-9.155369758605957,18,IN_TRANSIT_TO,2025-05-06 13:37:29,3901,551,,POINT (-9.155369758605957 38.706321716308594)
2990_34B,19151_20250401_226_0_9,226_0,0,38.737178802490234,-9.117230415344238,6,IN_TRANSIT_TO,2025-05-06 13:37:21,3601,2990,30-VM-06,POINT (-9.117230415344238 38.737178802490234)
2711_738,5535_20250401_117_0_8,117_0,0,38.70404815673828,-9.182499885559082,34,IN_TRANSIT_TO,2025-05-06 13:37:31,12114,2711,92-XQ-44,POINT (-9.182499885559082 38.70404815673828)
2616_744,5830_20250401_200_0_8,200_0,1,38.75979995727539,-9.136249542236328,15,IN_TRANSIT_TO,2025-05-06 13:37:40,7502,2616,66-VI-44,POINT (-9.136249542236328 38.75979995727539)
2604_759,6921_20250401_144_0_9,144_0,0,38.76026916503906,-9.111680030822754,29,IN_TRANSIT_TO,2025-05-06 13:37:22,8414,2604,66-VI-32,POINT (-9.111680030822754 38.76026916503906)
552_25E,14260_20250401_79_0_16,79_0,0,38.71152114868164,-9.160699844360352,9,IN_TRANSIT_TO,2025-05-06 13:37:32,10014,552,,POINT (-9.160699844360352 38.71152114868164)
2634_749,6201_20250401_195_0_18,195_0,0,38.74848175048828,-9.148170471191406,14,IN_TRANSIT_TO,2025-05-06 13:37:44,2016,2634,52-VP-85,POINT (-9.148170471191406 38.74848175048828)
2332_793,8019_20250401_145_0_13,145_0,1,38.73807907104492,-9.107250213623047,27,IN_TRANSIT_TO,2025-05-06 13:37:22,50071,2332,53-55-ZJ,POINT (-9.107250213623047 38.73807907104492)
2605_781,7747_20250401_151_0_9,151_0,1,38.70600128173828,-9.143879890441895,29,IN_TRANSIT_TO,2025-05-06 13:37:28,3820,2605,66-VI-35,POINT (-9.143879890441895 38.70600128173828)
2980_730,4967_20250401_198_0_14,198_0,0,38.731021881103516,-9.1279296875,12,IN_TRANSIT_TO,2025-05-06 13:37:31,7004,2980,29-VM-90,POINT (-9.1279296875 38.731021881103516)
2663_714,3697_20240914_102_0_16,102_0,1,38.72127151489258,-9.221500396728516,4,IN_TRANSIT_TO,2024-10-22 20:26:58,18703,2663,05-VZ-62,POINT (-9.221500396728516 38.72127151489258)
2685_764,7151_20250401_168_0_10,168_0,0,38.74967956542969,-9.191229820251465,16,IN_TRANSIT_TO,2025-05-06 13:37:33,10804,2685,93-XA-46,POINT (-9.191229820251465 38.74967956542969)
554_28E,14960_20250401_75_0_14,75_0,0,38.71672821044922,-9.135180473327637,13,IN_TRANSIT_TO,2025-05-06 13:37:50,819,554,,POINT (-9.135180473327637 38.71672821044922)
1714_720,4044_20250401_143_0_11,143_0,0,38.720069885253906,-9.154820442199707,17,IN_TRANSIT_TO,2025-05-06 13:37:34,6804,1714,69-AL-77,POINT (-9.154820442199707 38.720069885253906)
545_28E,14895_20250401_75_0_14,75_0,0,38.71107864379883,-9.130629539489746,14,IN_TRANSIT_TO,2025-05-06 13:37:43,13816,545,,POINT (-9.130629539489746 38.71107864379883)
2995_774,7467_20250401_192_0_15,192_0,0,38.72032928466797,-9.153820037841797,9,IN_TRANSIT_TO,2025-05-06 13:37:36,6811,2995,30-VM-15,POINT (-9.153820037841797 38.72032928466797)
543_12E,11025_20250401_77_0_13,77_0,1,38.710548400878906,-9.142999649047852,0,IN_TRANSIT_TO,2025-05-06 13:37:25,,543,,POINT (-9.142999649047852 38.710548400878906)
2828_728,4722_20250401_204_4_8,204_4,1,38.70777130126953,-9.132800102233887,4,IN_TRANSIT_TO,2025-05-06 13:37:39,8202,2828,BF-60-FZ,POINT (-9.132800102233887 38.70777130126953)
2696_764,7166_20250401_168_0_10,168_0,1,38.7470817565918,-9.189620018005371,18,IN_TRANSIT_TO,2025-05-06 13:37:48,10815,2696,90-XF-63,POINT (-9.189620018005371 38.7470817565918)
578_24E,17832_20250401_213_0_18,213_0,0,38.718021392822266,-9.151949882507324,6,IN_TRANSIT_TO,2025-05-06 13:37:37,10607,578,,POINT (-9.151949882507324 38.718021392822266)
2662_711,3517_20250401_101_0_9,101_0,0,38.74702072143555,-9.216429710388184,28,IN_TRANSIT_TO,2025-05-06 13:37:00,3014,2662,05-VZ-51,POINT (-9.216429710388184 38.74702072143555)
507_15E,11288_20250401_76_0_4,76_0,1,38.70212936401367,-9.1808500289917,13,IN_TRANSIT_TO,2025-05-06 13:37:28,12111,507,,POINT (-9.1808500289917 38.70212936401367)
572_25E,14271_20250401_79_0_15,79_0,1,38.707218170166016,-9.161319732666016,11,IN_TRANSIT_TO,2025-05-06 13:24:23,10007,572,,POINT (-9.161319732666016 38.707218170166016)
4824_736,5319_20250401_199_0_11,199_0,0,38.733219146728516,-9.14507007598877,6,IN_TRANSIT_TO,2025-05-06 13:37:32,1703,4824,34-VR-19,POINT (-9.14507007598877 38.733219146728516)
2641_759,6970_20250401_144_0_8,144_0,1,38.74245071411133,-9.11283016204834,25,IN_TRANSIT_TO,2025-05-06 13:37:28,3706,2641,75-VS-49,POINT (-9.11283016204834 38.74245071411133)
268_734,5166_20250401_205_4_28,205_4,0,38.7159309387207,-9.135820388793945,0,IN_TRANSIT_TO,2025-05-06 13:37:44,,268,AH-56-CZ,POINT (-9.135820388793945 38.7159309387207)
270_28E,48628_20250401_75_8_21,75_8,0,38.713680267333984,-9.160079956054688,6,IN_TRANSIT_TO,2025-05-06 13:37:27,8111,270,AH-54-CZ,POINT (-9.160079956054688 38.713680267333984)
555_18E,12182_20250401_78_0_15,78_0,0,38.70494842529297,-9.178500175476074,8,IN_TRANSIT_TO,2025-05-06 13:37:23,12116,555,,POINT (-9.178500175476074 38.70494842529297)
2974_730,4949_20250401_198_0_12,198_0,0,38.726768493652344,-9.145730018615723,24,IN_TRANSIT_TO,2025-05-06 13:37:48,6605,2974,30-VM-22,POINT (-9.145730018615723 38.726768493652344)
266_28E,48629_20250401_75_8_19,75_8,1,38.714351654052734,-9.168700218200684,18,IN_TRANSIT_TO,2025-05-06 13:37:41,8018,266,AH-55-CZ,POINT (-9.168700218200684 38.714351654052734)
2987_774,7457_20250401_192_0_20,192_0,1,38.722599029541016,-9.149669647216797,5,IN_TRANSIT_TO,2025-05-06 13:37:43,1211,2987,29-VM-99,POINT (-9.149669647216797 38.722599029541016)
2660_711,3454_20250401_101_0_10,101_0,0,38.73891830444336,-9.203929901123047,18,IN_TRANSIT_TO,2025-05-06 13:37:38,8829,2660,05-VZ-60,POINT (-9.203929901123047 38.73891830444336)
269_28E,44753_20250401_75_8_20,75_8,0,38.71232986450195,-9.15542984008789,0,IN_TRANSIT_TO,2025-05-06 13:37:46,,269,AG-25-NH,POINT (-9.15542984008789 38.71232986450195)
4807_748,6182_20250401_169_0_9,169_0,1,38.72494888305664,-9.154230117797852,9,IN_TRANSIT_TO,2025-05-06 13:37:51,1224,4807,20-VQ-69,POINT (-9.154230117797852 38.72494888305664)
4644_750,6390_20250401_106_0_9,106_0,1,38.748268127441406,-9.192099571228027,17,IN_TRANSIT_TO,2025-05-06 13:37:37,10803,4644,27-JO-11,POINT (-9.192099571228027 38.748268127441406)
4805_751,6520_20250401_109_0_9,109_0,1,38.70764923095703,-9.173529624938965,26,IN_TRANSIT_TO,2025-05-06 13:37:38,9415,4805,20-VQ-66,POINT (-9.173529624938965 38.70764923095703)
2984_797,8161_20250401_163_0_29,163_0,1,38.73065185546875,-9.127750396728516,7,IN_TRANSIT_TO,2025-05-06 13:37:50,7003,2984,30-VM-04,POINT (-9.127750396728516 38.73065185546875)
4803_751,6510_20250401_109_0_11,109_0,0,38.731719970703125,-9.168230056762695,0,IN_TRANSIT_TO,2025-05-06 13:37:51,,4803,77-VP-16,POINT (-9.168230056762695 38.731719970703125)
2651_759,6896_20250401_144_0_7,144_0,0,38.7742805480957,-9.111249923706055,40,IN_TRANSIT_TO,2025-05-06 13:37:36,12310,2651,05-VZ-54,POINT (-9.111249923706055 38.7742805480957)
2665_714,3705_20250401_102_0_10,102_0,1,38.72737121582031,-9.212200164794922,9,IN_TRANSIT_TO,2025-05-06 13:37:20,18111,2665,87-XB-33,POINT (-9.212200164794922 38.72737121582031)
272_65B,35087_20250401_250_0_13,250_0,0,38.722469329833984,-9.161199569702148,6,IN_TRANSIT_TO,2025-05-06 13:37:35,8027,272,AH-26-IN,POINT (-9.161199569702148 38.722469329833984)
2645_744,5805_20250401_200_0_9,200_0,0,38.71564865112305,-9.141280174255371,0,IN_TRANSIT_TO,2025-05-06 13:37:29,,2645,87-VS-49,POINT (-9.141280174255371 38.71564865112305)
2983_797,8172_20250401_163_0_23,163_0,0,38.72991943359375,-9.130949974060059,6,IN_TRANSIT_TO,2025-05-06 13:37:44,7016,2983,30-VM-08,POINT (-9.130949974060059 38.72991943359375)
4635_783,7817_20250401_203_0_11,203_0,0,38.723880767822266,-9.160900115966797,1,IN_TRANSIT_TO,2025-05-06 13:37:41,50309,4635,90-JI-95,POINT (-9.160900115966797 38.723880767822266)
274_61B,21520_20250401_241_0_17,241_0,1,38.74034881591797,-9.167719841003418,4,IN_TRANSIT_TO,2025-05-06 13:37:41,2713,274,AH-14-TB,POINT (-9.167719841003418 38.74034881591797)
2742_720,4100_20250401_143_0_12,143_0,1,38.70254898071289,-9.187849998474121,0,IN_TRANSIT_TO,2025-05-06 13:37:16,,2742,AG-94-TG,POINT (-9.187849998474121 38.70254898071289)
2725_712,3558_20250401_189_0_11,189_0,0,38.70655059814453,-9.173430442810059,29,IN_TRANSIT_TO,2025-05-06 13:37:14,9403,2725,92-XQ-30,POINT (-9.173430442810059 38.70655059814453)
256_37B,18839_20250401_224_0_15,224_0,0,38.728599548339844,-9.121520042419434,21,IN_TRANSIT_TO,2025-05-06 13:37:26,11702,256,AF-57-RM,POINT (-9.121520042419434 38.728599548339844)
2715_727,4537_20250401_103_0_7,103_0,1,38.710350036621094,-9.15347957611084,29,IN_TRANSIT_TO,2025-05-06 13:37:37,7103,2715,92-XQ-22,POINT (-9.15347957611084 38.710350036621094)
2608_759,6973_20250401_144_0_10,144_0,1,38.74782943725586,-9.112480163574219,23,IN_TRANSIT_TO,2025-05-06 13:37:51,3714,2608,66-VI-39,POINT (-9.112480163574219 38.74782943725586)
2719_754,6584_20250401_201_0_9,201_0,0,38.747230529785156,-9.189579963684082,16,IN_TRANSIT_TO,2025-05-06 13:37:50,10824,2719,92-XQ-17,POINT (-9.189579963684082 38.747230529785156)
258_64B,21489_20250401_238_0_17,238_0,0,38.72397994995117,-9.166930198669434,8,IN_TRANSIT_TO,2025-05-06 13:37:32,50486,258,AF-56-RM,POINT (-9.166930198669434 38.72397994995117)
2722_727,4536_20250401_103_0_7,103_0,1,38.72447967529297,-9.150050163269043,36,IN_TRANSIT_TO,2025-05-06 13:37:41,1207,2722,92-XQ-36,POINT (-9.150050163269043 38.72447967529297)
4632_796,8144_20250401_174_0_25,174_0,0,38.77859878540039,-9.164170265197754,7,IN_TRANSIT_TO,2025-05-06 13:37:51,5923,4632,98-JO-43,POINT (-9.164170265197754 38.77859878540039)
2735_708,3358_20250401_100_0_9,100_0,1,38.76662826538086,-9.110030174255371,18,IN_TRANSIT_TO,2025-05-06 13:37:40,7716,2735,AG-37-EI,POINT (-9.110030174255371 38.76662826538086)
282_734,5164_20250401_205_4_29,205_4,1,38.723670959472656,-9.131830215454102,3,IN_TRANSIT_TO,2025-05-06 13:37:32,9126,282,AI-47-OJ,POINT (-9.131830215454102 38.723670959472656)
2972_737,5475_20250401_173_0_25,173_0,0,38.71015167236328,-9.132200241088867,3,IN_TRANSIT_TO,2025-05-06 13:37:35,13801,2972,29-VM-96,POINT (-9.132200241088867 38.71015167236328)
2625_759,6949_20250401_144_0_9,144_0,0,38.713829040527344,-9.139829635620117,2,IN_TRANSIT_TO,2025-05-06 13:37:50,902,2625,72-VP-79,POINT (-9.139829635620117 38.713829040527344)
6045_760,7066_20250401_171_0_8,171_0,0,38.72734832763672,-9.140680313110352,1,IN_TRANSIT_TO,2025-05-06 13:37:24,6909,6045,BH-32-IQ,POINT (-9.140680313110352 38.72734832763672)
2247_767,7281_20250401_112_0_6,112_0,1,38.75613021850586,-9.145700454711914,30,IN_TRANSIT_TO,2025-05-06 13:37:23,5706,2247,22-34-ZB,POINT (-9.145700454711914 38.75613021850586)
2419_767,7294_20250401_112_0_8,112_0,1,38.752830505371094,-9.188079833984375,17,IN_TRANSIT_TO,2025-05-06 13:36:18,10813,2419,92-AO-55,POINT (-9.188079833984375 38.752830505371094)
2330_793,8007_20250401_145_0_14,145_0,0,38.7399787902832,-9.111249923706055,13,IN_TRANSIT_TO,2025-05-06 13:37:40,50173,2330,67-52-ZJ,POINT (-9.111249923706055 38.7399787902832)
2428_716,3753_20250401_164_0_15,164_0,0,38.736671447753906,-9.132780075073242,0,IN_TRANSIT_TO,2025-05-06 13:37:28,,2428,29-AX-13,POINT (-9.132780075073242 38.736671447753906)
2327_793,7989_20250401_145_0_15,145_0,1,38.74327850341797,-9.132749557495117,2,IN_TRANSIT_TO,2025-05-06 13:37:46,308,2327,67-53-ZJ,POINT (-9.132749557495117 38.74327850341797)
2310_735,5206_20250401_172_0_10,172_0,1,38.71961975097656,-9.116669654846191,27,IN_TRANSIT_TO,2025-05-06 13:37:36,2131,2310,83-07-ZM,POINT (-9.116669654846191 38.71961975097656)
2489_726,4317_20250401_116_0_10,116_0,1,38.76005172729492,-9.192330360412598,5,IN_TRANSIT_TO,2025-05-06 13:37:40,12813,2489,55-BH-05,POINT (-9.192330360412598 38.76005172729492)
2443_703,3162_20250401_165_0_11,165_0,1,38.76182174682617,-9.179770469665527,14,IN_TRANSIT_TO,2025-05-06 13:37:37,12836,2443,29-AX-05,POINT (-9.179770469665527 38.76182174682617)
2490_708,3311_20250401_100_0_10,100_0,0,38.73271942138672,-9.134249687194824,7,IN_TRANSIT_TO,2025-05-06 13:37:48,505,2490,55-BH-01,POINT (-9.134249687194824 38.73271942138672)
6044_760,7061_20250401_171_0_9,171_0,0,38.7216796875,-9.139180183410645,5,IN_TRANSIT_TO,2025-05-06 13:37:38,9214,6044,BG-87-LX,POINT (-9.139180183410645 38.7216796875)
2341_771,21940_20250401_248_0_14,248_0,0,38.73748016357422,-9.168319702148438,3,IN_TRANSIT_TO,2025-05-06 13:37:41,2712,2341,67-50-ZJ,POINT (-9.168319702148438 38.73748016357422)
2780_754,6615_20250401_201_0_10,201_0,1,38.744850158691406,-9.199749946594238,17,IN_TRANSIT_TO,2025-05-06 13:37:49,8813,2780,AI-06-BT,POINT (-9.199749946594238 38.744850158691406)
2994_730,4969_20250401_198_0_12,198_0,1,38.733299255371094,-9.122130393981934,22,IN_TRANSIT_TO,2025-05-06 13:37:31,8916,2994,29-VM-91,POINT (-9.122130393981934 38.733299255371094)
2404_778,18640_20250401_179_0_16,179_0,1,38.76652908325195,-9.185770034790039,4,IN_TRANSIT_TO,2025-05-06 13:37:32,12826,2404,50-AL-11,POINT (-9.185770034790039 38.76652908325195)
1708_717,3879_20250401_170_0_11,170_0,1,38.79597091674805,-9.149499893188477,2,IN_TRANSIT_TO,2025-05-06 13:36:28,16003,1708,69-AL-71,POINT (-9.149499893188477 38.79597091674805)
2286_758,6885_20250401_150_0_11,150_0,0,38.74467086791992,-9.179730415344238,22,IN_TRANSIT_TO,2025-05-06 13:37:20,10704,2286,67-42-ZJ,POINT (-9.179730415344238 38.74467086791992)
2760_727,4441_20250401_103_0_7,103_0,0,38.70552062988281,-9.202329635620117,39,IN_TRANSIT_TO,2025-05-06 13:37:48,13310,2760,AH-35-ND,POINT (-9.202329635620117 38.70552062988281)
2478_726,4325_20250401_116_0_10,116_0,1,38.76449966430664,-9.199819564819336,2,IN_TRANSIT_TO,2025-05-06 13:37:40,13903,2478,91-BE-80,POINT (-9.199819564819336 38.76449966430664)
1778_796,8127_20250401_174_0_24,174_0,1,38.79087829589844,-9.157219886779785,5,IN_TRANSIT_TO,2025-05-06 13:37:49,11609,1778,63-HX-30,POINT (-9.157219886779785 38.79087829589844)
1751_720,4087_20250401_143_0_12,143_0,1,38.72908020019531,-9.143850326538086,18,IN_TRANSIT_TO,2025-05-06 13:37:24,6601,1751,34-HU-17,POINT (-9.143850326538086 38.72908020019531)
1749_735,5182_20250401_172_0_11,172_0,0,38.708431243896484,-9.133469581604004,4,IN_TRANSIT_TO,2025-05-06 13:37:40,4501,1749,92-HR-06,POINT (-9.133469581604004 38.708431243896484)
2970_52B,21661_20250401_244_0_12,244_0,0,38.737518310546875,-9.164079666137695,19,IN_TRANSIT_TO,2025-05-06 13:37:22,50042,2970,29-VM-87,POINT (-9.164079666137695 38.737518310546875)
1747_708,3333_20250401_100_0_9,100_0,0,38.71604919433594,-9.135820388793945,2,IN_TRANSIT_TO,2025-05-06 13:37:42,818,1747,92-HR-04,POINT (-9.135820388793945 38.71604919433594)
2969_730,4947_20250401_198_0_13,198_0,1,38.72346878051758,-9.131850242614746,10,IN_TRANSIT_TO,2025-05-06 13:37:46,602,2969,30-VM-09,POINT (-9.131850242614746 38.72346878051758)
2971_702,3053_20250401_146_0_26,146_0,1,38.72747039794922,-9.162679672241211,9,IN_TRANSIT_TO,2025-05-06 13:37:30,6108,2971,29-VM-98,POINT (-9.162679672241211 38.72747039794922)
2811_718,3978_20250401_105_0_12,105_0,0,38.74422073364258,-9.101519584655762,11,IN_TRANSIT_TO,2025-05-06 13:37:24,12524,2811,02-IH-00,POINT (-9.101519584655762 38.74422073364258)
2803_725,4255_20250401_197_0_23,197_0,0,38.76824951171875,-9.100020408630371,0,IN_TRANSIT_TO,2025-05-06 13:37:20,,2803,01-IH-92,POINT (-9.100020408630371 38.76824951171875)
4802_728,4621_20250401_204_0_9,204_0,1,38.77027893066406,-9.104729652404785,8,IN_TRANSIT_TO,2025-05-06 13:37:35,7806,4802,77-VP-17,POINT (-9.104729652404785 38.77027893066406)
4812_751,6454_20250401_109_0_16,109_0,1,38.7010498046875,-9.227970123291016,10,IN_TRANSIT_TO,2025-05-06 13:37:36,4213,4812,20-VQ-70,POINT (-9.227970123291016 38.7010498046875)
2807_718,3959_20250401_105_0_13,105_0,1,38.73326873779297,-9.13302993774414,4,IN_TRANSIT_TO,2025-05-06 13:37:35,402,2807,01-IH-96,POINT (-9.13302993774414 38.73326873779297)
2968_737,5502_20250401_173_0_24,173_0,1,38.71147155761719,-9.131030082702637,2,IN_TRANSIT_TO,2025-05-06 13:37:31,13808,2968,30-VM-24,POINT (-9.131030082702637 38.71147155761719)
1748_794,8073_20250401_115_0_10,115_0,0,38.75107955932617,-9.124679565429688,19,IN_TRANSIT_TO,2025-05-06 13:37:19,14726,1748,92-HR-05,POINT (-9.124679565429688 38.75107955932617)
2806_718,3937_20250401_105_0_13,105_0,1,38.72758102416992,-9.119649887084961,9,IN_TRANSIT_TO,2025-05-06 13:37:37,11702,2806,01-IH-95,POINT (-9.119649887084961 38.72758102416992)
2453_726,4334_20250401_116_0_7,116_0,0,38.738800048828125,-9.164779663085938,17,IN_TRANSIT_TO,2025-05-06 13:37:44,1601,2453,16-AZ-13,POINT (-9.164779663085938 38.738800048828125)
401_73B,18773_20250401_220_0_9,220_0,0,38.699928283691406,-9.183950424194336,37,IN_TRANSIT_TO,2025-05-06 13:37:43,9505,401,BF-60-TR,POINT (-9.183950424194336 38.699928283691406)
4831_736,5408_20250401_199_0_10,199_0,1,38.77320098876953,-9.161450386047363,9,IN_TRANSIT_TO,2025-05-06 13:37:29,5908,4831,20-VQ-61,POINT (-9.161450386047363 38.77320098876953)
1753_742,5788_20250401_114_0_7,114_0,1,38.70349884033203,-9.19141960144043,15,IN_TRANSIT_TO,2025-05-06 13:37:25,13405,1753,34-HU-19,POINT (-9.19141960144043 38.70349884033203)
1750_742,5782_20250401_114_0_6,114_0,1,38.727630615234375,-9.161820411682129,30,IN_TRANSIT_TO,2025-05-06 13:37:24,6104,1750,92-HR-07,POINT (-9.161820411682129 38.727630615234375)
2761_727,4454_20250401_103_0_6,103_0,0,38.7076301574707,-9.17354965209961,28,IN_TRANSIT_TO,2025-05-06 13:37:43,9417,2761,AH-33-ND,POINT (-9.17354965209961 38.7076301574707)
2810_718,3975_20250401_105_0_12,105_0,0,38.730770111083984,-9.12572956085205,25,IN_TRANSIT_TO,2025-05-06 13:37:27,7013,2810,01-IH-99,POINT (-9.12572956085205 38.730770111083984)
1752_717,3800_20250401_170_0_11,170_0,0,38.780479431152344,-9.150150299072266,29,IN_TRANSIT_TO,2025-05-06 13:37:27,11511,1752,34-HU-18,POINT (-9.150150299072266 38.780479431152344)
2820_759,6963_20250401_144_0_7,144_0,0,38.71382141113281,-9.139730453491211,2,IN_TRANSIT_TO,2025-05-03 12:07:41,902,2820,90-II-60,POINT (-9.139730453491211 38.71382141113281)
231_17B,21703_20250401_247_0_10,247_0,0,38.7263298034668,-9.13467025756836,18,IN_TRANSIT_TO,2025-05-06 13:37:42,603,231,84-47-XQ,POINT (-9.13467025756836 38.7263298034668)
2455_726,4264_20250401_116_0_11,116_0,0,38.738670349121094,-9.149999618530273,12,IN_TRANSIT_TO,2025-05-06 13:37:37,1407,2455,16-AZ-12,POINT (-9.149999618530273 38.738670349121094)
2700_764,7135_20250401_168_0_12,168_0,1,38.743831634521484,-9.220149993896484,5,IN_TRANSIT_TO,2025-05-06 13:37:27,3011,2700,92-XQ-26,POINT (-9.220149993896484 38.743831634521484)
2667_723,4168_20250401_121_0_10,121_0,0,38.72555160522461,-9.148500442504883,6,IN_TRANSIT_TO,2025-05-06 13:37:41,1202,2667,87-XB-45,POINT (-9.148500442504883 38.72555160522461)
2251_767,7308_20250401_112_0_7,112_0,0,38.7529182434082,-9.208450317382812,40,IN_TRANSIT_TO,2025-05-06 13:37:35,50386,2251,22-31-ZB,POINT (-9.208450317382812 38.7529182434082)
2280_771,21942_20250401_248_0_15,248_0,1,38.72766876220703,-9.162099838256836,19,IN_TRANSIT_TO,2025-05-06 13:37:37,6119,2280,67-40-ZJ,POINT (-9.162099838256836 38.72766876220703)
4608_753,6577_20250401_167_0_16,167_0,1,38.72447967529297,-9.150300025939941,6,IN_TRANSIT_TO,2025-05-06 13:37:42,1212,4608,96-GL-85,POINT (-9.150300025939941 38.72447967529297)
2777_713,3621_20250401_122_0_12,122_0,1,38.712120056152344,-9.175230026245117,6,IN_TRANSIT_TO,2025-05-06 13:37:47,9412,2777,AI-01-BT,POINT (-9.175230026245117 38.712120056152344)
2762_712,3525_20250401_189_0_11,189_0,0,38.71820068359375,-9.127779960632324,6,IN_TRANSIT_TO,2025-05-06 13:37:30,9119,2762,AH-38-ND,POINT (-9.127779960632324 38.71820068359375)
302_744,5838_20250401_200_0_9,200_0,0,38.76918029785156,-9.128029823303223,0,IN_TRANSIT_TO,2025-05-06 13:37:39,,302,22-SP-89,POINT (-9.128029823303223 38.76918029785156)
2734_735,5232_20250401_172_0_10,172_0,1,38.73326873779297,-9.133279800415039,14,IN_TRANSIT_TO,2025-05-06 13:37:23,402,2734,AG-50-EI,POINT (-9.133279800415039 38.73326873779297)
2790_727,4544_20250401_103_0_5,103_0,1,38.70547103881836,-9.176380157470703,18,IN_TRANSIT_TO,2025-05-06 13:37:39,12111,2790,AI-54-TL,POINT (-9.176380157470703 38.70547103881836)
215_49B,22224_20250401_251_0_13,251_0,0,38.736820220947266,-9.130049705505371,8,IN_TRANSIT_TO,2025-05-06 13:37:37,50551,215,44-42-XM,POINT (-9.130049705505371 38.736820220947266)
2756_746,5958_20250401_108_0_14,108_0,1,38.74666976928711,-9.184419631958008,10,IN_TRANSIT_TO,2025-05-06 13:37:34,10829,2756,AH-27-ND,POINT (-9.184419631958008 38.74666976928711)
301_744,5819_20250401_200_0_9,200_0,1,38.73149871826172,-9.146149635314941,27,IN_TRANSIT_TO,2025-05-06 13:37:29,1812,301,74-SM-62,POINT (-9.146149635314941 38.73149871826172)
2746_720,4094_20250401_143_0_12,143_0,1,38.71329879760742,-9.161999702453613,11,IN_TRANSIT_TO,2025-05-06 13:37:13,8101,2746,AG-97-TG,POINT (-9.161999702453613 38.71329879760742)
2483_726,4295_20250401_116_0_8,116_0,1,38.7401008605957,-9.150569915771484,21,IN_TRANSIT_TO,2025-05-06 13:37:24,33101,2483,74-BC-66,POINT (-9.150569915771484 38.7401008605957)
2300_728,4581_20250401_204_0_9,204_0,1,38.70283126831055,-9.173830032348633,40,IN_TRANSIT_TO,2025-05-06 13:37:22,4002,2300,83-13-ZM,POINT (-9.173830032348633 38.70283126831055)
1775_742,5676_20250401_114_0_6,114_0,0,38.71397018432617,-9.196749687194824,0,IN_TRANSIT_TO,2025-05-06 13:37:15,,1775,53-HX-08,POINT (-9.196749687194824 38.71397018432617)
1773_794,8043_20250401_115_0_11,115_0,1,38.76808166503906,-9.099800109863281,0,IN_TRANSIT_TO,2025-05-06 13:37:26,,1773,53-HX-06,POINT (-9.099800109863281 38.76808166503906)
2759_746,5964_20250401_108_0_14,108_0,1,38.750701904296875,-9.201620101928711,5,IN_TRANSIT_TO,2025-05-06 13:37:34,10903,2759,AH-21-ND,POINT (-9.201620101928711 38.750701904296875)
1706_701,2978_20250401_123_0_14,123_0,0,38.75394821166992,-9.1525297164917,3,IN_TRANSIT_TO,2025-05-06 13:37:28,5704,1706,69-AL-69,POINT (-9.1525297164917 38.75394821166992)
1770_717,3759_20250401_170_0_10,170_0,0,38.79240036010742,-9.150270462036133,36,IN_TRANSIT_TO,2025-05-06 13:37:27,11602,1770,63-HX-17,POINT (-9.150270462036133 38.79240036010742)
1713_701,2987_20250401_123_0_15,123_0,1,38.75572967529297,-9.169879913330078,19,IN_TRANSIT_TO,2025-05-06 13:37:21,50145,1713,69-AL-76,POINT (-9.169879913330078 38.75572967529297)
2480_767,7272_20250401_112_0_10,112_0,1,38.73408126831055,-9.141349792480469,39,IN_TRANSIT_TO,2025-05-06 13:37:49,11105,2480,91-BE-75,POINT (-9.141349792480469 38.73408126831055)
2252_767,7201_20250401_112_0_7,112_0,0,38.76118087768555,-9.166879653930664,21,IN_TRANSIT_TO,2025-05-06 13:37:31,50013,2252,80-40-ZE,POINT (-9.166879653930664 38.76118087768555)
2767_713,3576_20250401_122_0_11,122_0,0,38.718929290771484,-9.156379699707031,14,IN_TRANSIT_TO,2025-05-06 13:37:24,50191,2767,AH-34-ND,POINT (-9.156379699707031 38.718929290771484)
2801_725,4239_20250401_197_0_24,197_0,1,38.79267120361328,-9.121749877929688,0,IN_TRANSIT_TO,2025-05-06 13:36:47,,2801,38-HU-27,POINT (-9.121749877929688 38.79267120361328)
1769_717,3781_20250401_170_0_8,170_0,0,38.782901763916016,-9.142169952392578,30,IN_TRANSIT_TO,2025-05-06 13:37:27,6016,1769,63-HX-24,POINT (-9.142169952392578 38.782901763916016)
1767_742,5698_20250401_114_0_8,114_0,0,38.70668029785156,-9.19651985168457,48,IN_TRANSIT_TO,2025-05-06 13:37:24,13410,1767,63-HX-29,POINT (-9.19651985168457 38.70668029785156)
2255_731,5025_20250401_190_0_9,190_0,0,38.762569427490234,-9.129949569702148,20,IN_TRANSIT_TO,2025-05-06 13:37:51,7501,2255,80-54-ZE,POINT (-9.129949569702148 38.762569427490234)
1756_717,3845_20250401_170_0_10,170_0,1,38.75442123413086,-9.152750015258789,26,IN_TRANSIT_TO,2025-05-06 13:37:26,5806,1756,34-HU-22,POINT (-9.152750015258789 38.75442123413086)
2487_767,7297_20250401_112_0_8,112_0,1,38.75571823120117,-9.19968032836914,11,IN_TRANSIT_TO,2025-05-06 13:37:43,13705,2487,54-BH-97,POINT (-9.19968032836914 38.75571823120117)
1757_717,3864_20250401_170_0_10,170_0,1,38.77912902832031,-9.144619941711426,12,IN_TRANSIT_TO,2025-05-06 13:37:32,6013,1757,34-HU-23,POINT (-9.144619941711426 38.77912902832031)
1754_794,8035_20250401_115_0_8,115_0,1,38.75672912597656,-9.112899780273438,9,IN_TRANSIT_TO,2025-05-06 13:37:43,24368,1754,34-HU-20,POINT (-9.112899780273438 38.75672912597656)
2433_703,3175_20250401_165_0_11,165_0,0,38.76029968261719,-9.184920310974121,30,IN_TRANSIT_TO,2025-05-06 13:37:36,12804,2433,44-BC-28,POINT (-9.184920310974121 38.76029968261719)
2239_767,7228_20250401_112_0_7,112_0,0,38.7393798828125,-9.137029647827148,9,IN_TRANSIT_TO,2025-05-06 13:37:41,11104,2239,06-30-XX,POINT (-9.137029647827148 38.7393798828125)
2344_703,3100_20250401_165_0_10,165_0,0,38.77989959716797,-9.159819602966309,13,IN_TRANSIT_TO,2025-05-06 13:37:31,5931,2344,53-60-ZJ,POINT (-9.159819602966309 38.77989959716797)
2412_716,3734_20250401_164_0_10,164_0,1,38.7506217956543,-9.201499938964844,3,IN_TRANSIT_TO,2025-05-06 13:37:20,10903,2412,92-AO-48,POINT (-9.201499938964844 38.7506217956543)
2774_754,6609_20250401_201_0_10,201_0,1,38.741268157958984,-9.168780326843262,28,IN_TRANSIT_TO,2025-05-06 13:37:09,1615,2774,AH-22-ND,POINT (-9.168780326843262 38.741268157958984)
2469_729,4836_20250401_104_0_11,104_0,0,38.759498596191406,-9.192580223083496,9,IN_TRANSIT_TO,2025-05-06 13:37:34,12821,2469,16-AZ-09,POINT (-9.192580223083496 38.759498596191406)
1704_783,7854_20250401_203_0_12,203_0,1,38.790218353271484,-9.124199867248535,16,IN_TRANSIT_TO,2025-05-06 13:37:34,11321,1704,35-AL-14,POINT (-9.124199867248535 38.790218353271484)
2268_758,6860_20250401_150_0_10,150_0,1,38.72637939453125,-9.161199569702148,21,IN_TRANSIT_TO,2025-05-06 13:37:24,6120,2268,76-87-ZG,POINT (-9.161199569702148 38.72637939453125)
2447_767,7250_20250401_112_0_8,112_0,0,38.7223014831543,-9.139949798583984,0,IN_TRANSIT_TO,2025-05-06 13:37:31,,2447,44-BC-33,POINT (-9.139949798583984 38.7223014831543)
1771_717,3822_20250401_170_0_11,170_0,0,38.749019622802734,-9.135370254516602,6,IN_TRANSIT_TO,2025-05-06 13:37:32,7301,1771,63-HX-27,POINT (-9.135370254516602 38.749019622802734)
1772_755,6632_20250401_118_0_8,118_0,1,38.74810028076172,-9.164520263671875,4,IN_TRANSIT_TO,2025-05-06 13:37:46,12705,1772,63-HX-22,POINT (-9.164520263671875 38.74810028076172)
2467_729,4788_20250401_104_0_9,104_0,1,38.7264289855957,-9.194350242614746,21,IN_TRANSIT_TO,2025-05-06 13:37:30,8713,2467,16-AZ-14,POINT (-9.194350242614746 38.7264289855957)
2752_735,5191_20250401_172_0_8,172_0,1,38.705318450927734,-9.143280029296875,34,IN_TRANSIT_TO,2025-05-06 13:37:21,3820,2752,AG-18-TH,POINT (-9.143280029296875 38.705318450927734)
1760_742,5720_20250401_114_0_9,114_0,0,38.71002960205078,-9.171879768371582,36,IN_TRANSIT_TO,2025-05-06 13:37:29,50067,1760,34-HU-26,POINT (-9.171879768371582 38.71002960205078)
2757_764,7158_20250401_168_0_12,168_0,0,38.74814987182617,-9.1658296585083,4,IN_TRANSIT_TO,2025-05-06 13:37:43,12706,2757,AH-32-ND,POINT (-9.1658296585083 38.74814987182617)
2497_708,3351_20250401_100_0_8,100_0,1,38.75788116455078,-9.130169868469238,30,IN_TRANSIT_TO,2025-05-06 13:37:43,7512,2497,88-BL-71,POINT (-9.130169868469238 38.75788116455078)
2422_716,3744_20250401_164_0_13,164_0,0,38.75001907348633,-9.195150375366211,20,IN_TRANSIT_TO,2025-05-06 13:37:25,10814,2422,29-AU-17,POINT (-9.195150375366211 38.75001907348633)
2285_731,4974_20250401_190_0_11,190_0,0,38.73762130737305,-9.164549827575684,17,IN_TRANSIT_TO,2025-05-06 13:37:43,11304,2285,67-55-ZJ,POINT (-9.164549827575684 38.73762130737305)
2967_774,7437_20250401_192_0_17,192_0,0,38.717369079589844,-9.167019844055176,2,IN_TRANSIT_TO,2025-05-06 13:37:37,8012,2967,30-VM-05,POINT (-9.167019844055176 38.717369079589844)
1719_708,3298_20250401_100_0_7,100_0,0,38.76742935180664,-9.110079765319824,26,IN_TRANSIT_TO,2025-05-06 13:37:29,7715,1719,25-AS-31,POINT (-9.110079765319824 38.76742935180664)
2338_794,8067_20250401_115_0_10,115_0,0,38.74972915649414,-9.104949951171875,32,IN_TRANSIT_TO,2025-05-06 13:37:23,2220,2338,53-62-ZJ,POINT (-9.104949951171875 38.74972915649414)
2758_709,3412_20250401_148_0_17,148_0,1,38.715518951416016,-9.163969993591309,3,IN_TRANSIT_TO,2025-05-06 13:37:41,8001,2758,AH-36-ND,POINT (-9.163969993591309 38.715518951416016)
218_13B,21591_20250401_243_0_16,243_0,0,38.71731948852539,-9.12987995147705,8,IN_TRANSIT_TO,2025-05-06 13:37:30,14804,218,11-13-XO,POINT (-9.12987995147705 38.71731948852539)
2833_728,4589_20250401_204_0_9,204_0,1,38.71337127685547,-9.122900009155273,29,IN_TRANSIT_TO,2025-05-06 13:37:38,2114,2833,BF-65-FZ,POINT (-9.122900009155273 38.71337127685547)
2839_728,4609_20250401_204_0_9,204_0,1,38.7264289855957,-9.110400199890137,24,IN_TRANSIT_TO,2025-05-06 13:37:40,8312,2839,BF-69-FZ,POINT (-9.110400199890137 38.7264289855957)
4622_796,8113_20250401_174_0_18,174_0,1,38.7653694152832,-9.157299995422363,15,IN_TRANSIT_TO,2025-05-06 13:37:47,5814,4622,90-JI-91,POINT (-9.157299995422363 38.7653694152832)
1766_742,5666_20250401_114_0_8,114_0,1,38.710731506347656,-9.193530082702637,5,IN_TRANSIT_TO,2025-05-06 13:37:27,10308,1766,63-HX-33,POINT (-9.193530082702637 38.710731506347656)
2465_729,4779_20250401_104_0_7,104_0,1,38.75067901611328,-9.198450088500977,30,IN_TRANSIT_TO,2025-05-06 13:37:21,10905,2465,55-BH-00,POINT (-9.198450088500977 38.75067901611328)
1715_720,4101_20250401_143_0_9,143_0,0,38.70426940917969,-9.1739501953125,25,IN_TRANSIT_TO,2025-05-06 13:37:26,4004,1715,69-AL-78,POINT (-9.1739501953125 38.70426940917969)
1777_755,6663_20250401_118_0_9,118_0,0,38.756431579589844,-9.146849632263184,34,IN_TRANSIT_TO,2025-05-06 13:37:23,11321,1777,63-HX-31,POINT (-9.146849632263184 38.756431579589844)
1763_756,6748_20250401_175_0_15,175_0,1,38.74163055419922,-9.144000053405762,14,IN_TRANSIT_TO,2025-05-06 13:37:29,1908,1763,63-HX-25,POINT (-9.144000053405762 38.74163055419922)
4612_728,4641_20250401_204_0_8,204_0,0,38.783870697021484,-9.109880447387695,51,IN_TRANSIT_TO,2025-05-06 13:37:21,12627,4612,96-GL-89,POINT (-9.109880447387695 38.783870697021484)
2477_726,4350_20250401_116_0_9,116_0,0,38.75033187866211,-9.172900199890137,21,IN_TRANSIT_TO,2025-05-06 13:37:47,12709,2477,91-BE-73,POINT (-9.172900199890137 38.75033187866211)
1712_756,6713_20250401_175_0_14,175_0,0,38.739768981933594,-9.151579856872559,12,IN_TRANSIT_TO,2025-05-06 13:37:40,33102,1712,69-AL-75,POINT (-9.151579856872559 38.739768981933594)
2484_726,4286_20250401_116_0_10,116_0,1,38.72751998901367,-9.137530326843262,28,IN_TRANSIT_TO,2025-05-06 13:37:28,613,2484,91-BE-76,POINT (-9.137530326843262 38.72751998901367)
225_773,7398_20250401_124_0_17,124_0,1,38.7065315246582,-9.173419952392578,0,IN_TRANSIT_TO,2025-05-06 13:37:43,,225,84-37-XQ,POINT (-9.173419952392578 38.7065315246582)
601_15E,11238_20250401_76_0_13,76_0,0,38.703670501708984,-9.171449661254883,5,IN_TRANSIT_TO,2025-05-06 13:37:49,10202,601,,POINT (-9.171449661254883 38.703670501708984)
2240_758,6869_20250401_150_0_12,150_0,1,38.7507209777832,-9.201780319213867,3,IN_TRANSIT_TO,2025-05-06 13:37:45,10901,2240,06-31-XX,POINT (-9.201780319213867 38.7507209777832)
2297_724,4191_20250401_178_0_14,178_0,1,38.744720458984375,-9.198829650878906,13,IN_TRANSIT_TO,2025-05-06 13:37:50,2805,2297,83-06-ZM,POINT (-9.198829650878906 38.744720458984375)
2403_729,4828_20250401_104_0_8,104_0,0,38.74892044067383,-9.202730178833008,15,IN_TRANSIT_TO,2025-05-06 13:37:18,10921,2403,50-AL-12,POINT (-9.202730178833008 38.74892044067383)
2791_714,3662_20250401_102_0_11,102_0,0,38.706050872802734,-9.159219741821289,6,IN_TRANSIT_TO,2025-05-06 13:37:33,3910,2791,AJ-61-LI,POINT (-9.159219741821289 38.706050872802734)
2426_747,6079_20250401_177_0_14,177_0,1,38.76496887207031,-9.166720390319824,17,IN_TRANSIT_TO,2025-05-06 13:37:38,50008,2426,29-AU-21,POINT (-9.166720390319824 38.76496887207031)
2838_751,6498_20250401_109_0_14,109_0,0,38.69987869262695,-9.205820083618164,17,IN_TRANSIT_TO,2025-05-06 13:37:19,9608,2838,BF-59-FZ,POINT (-9.205820083618164 38.69987869262695)
2401_767,7184_20250401_112_0_7,112_0,0,38.75027084350586,-9.196269989013672,32,IN_TRANSIT_TO,2025-05-06 13:37:25,10802,2401,50-AL-14,POINT (-9.196269989013672 38.75027084350586)
2408_747,6101_20250401_177_0_14,177_0,1,38.76665115356445,-9.185219764709473,8,IN_TRANSIT_TO,2025-05-06 13:37:46,12831,2408,50-AL-08,POINT (-9.185219764709473 38.76665115356445)
2309_755,6654_20250401_118_0_10,118_0,0,38.75027847290039,-9.15857982635498,37,IN_TRANSIT_TO,2025-05-06 13:37:38,13507,2309,83-15-ZM,POINT (-9.15857982635498 38.75027847290039)
2764_714,3627_20250401_102_0_11,102_0,0,38.705718994140625,-9.212570190429688,25,IN_TRANSIT_TO,2025-05-06 13:37:49,13120,2764,AH-29-ND,POINT (-9.212570190429688 38.705718994140625)
2776_727,4528_20250401_103_0_7,103_0,1,38.72452163696289,-9.149580001831055,36,IN_TRANSIT_TO,2025-05-06 13:37:44,1207,2776,AI-07-BT,POINT (-9.149580001831055 38.72452163696289)
2942_29B,17534_20250401_209_0_12,209_0,0,38.76165008544922,-9.110469818115234,8,IN_TRANSIT_TO,2025-05-06 13:37:36,8442,2942,51-GL-82,POINT (-9.110469818115234 38.76165008544922)
2748_701,2947_20250401_123_0_11,123_0,0,38.73102951049805,-9.16254997253418,24,IN_TRANSIT_TO,2025-05-06 13:37:24,6124,2748,AG-96-TG,POINT (-9.16254997253418 38.73102951049805)
4840_783,7857_20250401_203_0_9,203_0,0,38.755470275878906,-9.149620056152344,14,IN_TRANSIT_TO,2025-05-06 13:37:39,5708,4840,45-VX-93,POINT (-9.149620056152344 38.755470275878906)
2481_729,4825_20250401_104_0_7,104_0,0,38.73640060424805,-9.201519966125488,20,IN_TRANSIT_TO,2025-05-06 13:37:24,8838,2481,54-BH-99,POINT (-9.201519966125488 38.73640060424805)
204_41B,19385_20250401_232_0_17,232_0,0,38.774620056152344,-9.155630111694336,14,IN_TRANSIT_TO,2025-05-06 13:37:43,50442,204,89-71-XD,POINT (-9.155630111694336 38.774620056152344)
1720_755,6711_20250401_118_0_11,118_0,1,38.753150939941406,-9.144169807434082,10,IN_TRANSIT_TO,2025-05-06 13:37:38,104,1720,25-AS-32,POINT (-9.144169807434082 38.753150939941406)
2406_703,3158_20250401_165_0_10,165_0,1,38.764678955078125,-9.181229591369629,15,IN_TRANSIT_TO,2025-05-06 13:26:12,12834,2406,50-AL-09,POINT (-9.181229591369629 38.764678955078125)
2753_735,5283_20250401_172_0_9,172_0,0,38.7277717590332,-9.128230094909668,15,IN_TRANSIT_TO,2025-05-06 13:37:40,7009,2753,AG-08-TH,POINT (-9.128230094909668 38.7277717590332)
2289_724,4236_20250401_178_0_14,178_0,1,38.7269287109375,-9.200030326843262,19,IN_TRANSIT_TO,2025-05-06 13:36:59,50183,2289,92-60-ZM,POINT (-9.200030326843262 38.7269287109375)
2451_729,4810_20250401_104_0_8,104_0,1,38.697078704833984,-9.205499649047852,5,IN_TRANSIT_TO,2025-05-06 13:37:29,13209,2451,75-AQ-16,POINT (-9.205499649047852 38.697078704833984)
2405_716,3747_20250401_164_0_15,164_0,0,38.737770080566406,-9.156279563903809,8,IN_TRANSIT_TO,2025-05-06 13:37:30,1503,2405,50-AL-10,POINT (-9.156279563903809 38.737770080566406)
2434_716,3718_20250401_164_0_16,164_0,1,38.74713134765625,-9.188529968261719,7,IN_TRANSIT_TO,2025-05-06 13:37:50,10821,2434,29-AU-24,POINT (-9.188529968261719 38.74713134765625)
2464_729,4757_20250401_104_0_9,104_0,1,38.76945114135742,-9.189220428466797,42,IN_TRANSIT_TO,2025-05-06 13:37:33,14106,2464,91-BE-71,POINT (-9.189220428466797 38.76945114135742)
1723_783,7809_20250401_203_0_11,203_0,0,38.7423210144043,-9.14663028717041,8,IN_TRANSIT_TO,2025-05-06 13:37:27,1809,1723,25-AS-35,POINT (-9.14663028717041 38.7423210144043)
223_773,7416_20250401_124_0_19,124_0,0,38.710330963134766,-9.161470413208008,12,IN_TRANSIT_TO,2025-05-06 13:37:41,10001,223,84-38-XQ,POINT (-9.161470413208008 38.710330963134766)
2291_724,4222_20250401_178_0_15,178_0,0,38.75482177734375,-9.198349952697754,22,IN_TRANSIT_TO,2025-05-06 13:37:25,10910,2291,92-56-ZM,POINT (-9.198349952697754 38.75482177734375)
2610_781,7762_20250401_151_0_10,151_0,1,38.790130615234375,-9.123970031738281,26,IN_TRANSIT_TO,2025-05-06 13:37:38,2114,2610,66-VI-20,POINT (-9.123970031738281 38.790130615234375)
2840_728,4681_20250401_204_0_8,204_0,0,38.72972106933594,-9.106450080871582,29,IN_TRANSIT_TO,2025-05-06 13:37:48,8311,2840,BF-75-FZ,POINT (-9.106450080871582 38.72972106933594)
2773_738,5550_20250401_117_0_9,117_0,0,38.73387145996094,-9.145000457763672,18,IN_TRANSIT_TO,2025-05-06 13:37:17,1802,2773,AH-39-ND,POINT (-9.145000457763672 38.73387145996094)
1728_756,6757_20250401_175_0_13,175_0,1,38.712120056152344,-9.175100326538086,4,IN_TRANSIT_TO,2025-05-06 13:37:39,9415,1728,25-AS-40,POINT (-9.175100326538086 38.712120056152344)
2249_771,21928_20250401_248_0_13,248_0,0,38.726051330566406,-9.19297981262207,11,IN_TRANSIT_TO,2025-05-06 13:37:34,8607,2249,22-32-ZB,POINT (-9.19297981262207 38.726051330566406)
2438_703,3173_20250401_165_0_9,165_0,0,38.749568939208984,-9.191269874572754,34,IN_TRANSIT_TO,2025-05-06 13:37:12,10804,2438,44-BC-29,POINT (-9.191269874572754 38.749568939208984)
2825_753,6573_20250401_167_0_17,167_0,0,38.72502899169922,-9.155579566955566,5,IN_TRANSIT_TO,2025-05-06 13:37:37,1223,2825,BF-53-FZ,POINT (-9.155579566955566 38.72502899169922)
2245_768,7335_20250401_111_0_14,111_0,1,38.745601654052734,-9.181750297546387,15,IN_TRANSIT_TO,2025-05-06 13:37:19,10701,2245,22-35-ZB,POINT (-9.181750297546387 38.745601654052734)
208_46B,21509_20250401_239_0_9,239_0,0,38.74711990356445,-9.138830184936523,3,IN_TRANSIT_TO,2025-05-06 13:37:24,206,208,33-47-XH,POINT (-9.138830184936523 38.74711990356445)
2296_724,4230_20250401_178_0_17,178_0,0,38.735069274902344,-9.20182991027832,12,IN_TRANSIT_TO,2025-05-06 13:37:30,8846,2296,92-51-ZM,POINT (-9.20182991027832 38.735069274902344)
2770_723,4158_20250401_121_0_11,121_0,0,38.725868225097656,-9.1493501663208,6,IN_TRANSIT_TO,2025-05-06 13:37:42,1202,2770,AH-30-ND,POINT (-9.1493501663208 38.725868225097656)
203_41B,19375_20250401_232_0_15,232_0,1,38.78594970703125,-9.150230407714844,18,IN_TRANSIT_TO,2025-05-06 13:37:43,50437,203,89-59-XD,POINT (-9.150230407714844 38.78594970703125)
209_17B,21713_20250401_247_0_10,247_0,0,38.737098693847656,-9.136630058288574,2,IN_TRANSIT_TO,2025-05-06 13:37:23,407,209,33-46-XH,POINT (-9.136630058288574 38.737098693847656)
212_773,20155_20250401_124_0_18,124_0,1,38.71889877319336,-9.153280258178711,24,IN_TRANSIT_TO,2025-05-06 13:37:38,10607,212,44-11-XL,POINT (-9.153280258178711 38.71889877319336)
2209_701,2960_20250401_123_0_10,123_0,0,38.7393684387207,-9.16802978515625,20,IN_TRANSIT_TO,2025-05-06 13:37:43,1610,2209,01-68-XO,POINT (-9.16802978515625 38.7393684387207)
2225_708,3289_20250401_100_0_10,100_0,0,38.785518646240234,-9.096199989318848,35,IN_TRANSIT_TO,2025-05-06 13:37:40,50130,2225,08-03-XS,POINT (-9.096199989318848 38.785518646240234)
2210_717,3803_20250401_170_0_11,170_0,0,38.76081848144531,-9.157299995422363,16,IN_TRANSIT_TO,2025-05-06 13:37:46,5807,2210,01-66-XO,POINT (-9.157299995422363 38.76081848144531)
2217_742,5769_20250401_114_0_7,114_0,1,38.7305793762207,-9.125499725341797,44,IN_TRANSIT_TO,2025-05-06 13:37:40,7010,2217,07-99-XS,POINT (-9.125499725341797 38.7305793762207)
2834_728,4706_20250401_204_0_8,204_0,0,38.69715118408203,-9.200750350952148,11,IN_TRANSIT_TO,2025-05-06 13:36:39,4109,2834,BF-76-FZ,POINT (-9.200750350952148 38.69715118408203)
2215_742,5687_20250401_114_0_10,114_0,1,38.71366882324219,-9.19927978515625,1,IN_TRANSIT_TO,2025-05-06 13:37:07,10315,2215,08-01-XS,POINT (-9.19927978515625 38.71366882324219)
2212_717,3844_20250401_170_0_10,170_0,1,38.741268157958984,-9.133480072021484,37,IN_TRANSIT_TO,2025-05-06 13:37:43,308,2212,08-05-XS,POINT (-9.133480072021484 38.741268157958984)
2781_727,4552_20250401_103_0_8,103_0,1,38.69712829589844,-9.200969696044922,13,IN_TRANSIT_TO,2025-05-06 13:37:35,4109,2781,AI-00-BT,POINT (-9.200969696044922 38.69712829589844)
2208_701,2979_20250401_123_0_13,123_0,1,38.75122833251953,-9.149129867553711,27,IN_TRANSIT_TO,2025-05-06 13:37:43,2015,2208,01-69-XO,POINT (-9.149129867553711 38.75122833251953)
2216_717,3863_20250401_170_0_10,170_0,1,38.77730178833008,-9.146470069885254,13,IN_TRANSIT_TO,2025-05-06 13:37:32,11509,2216,08-00-XS,POINT (-9.146470069885254 38.77730178833008)
2206_701,2939_20250401_123_0_15,123_0,1,38.734031677246094,-9.16415023803711,9,IN_TRANSIT_TO,2025-05-06 13:37:42,6123,2206,01-67-XO,POINT (-9.16415023803711 38.734031677246094)
411_22B,19420_20250401_236_0_17,236_0,0,38.70970153808594,-9.143199920654297,3,IN_TRANSIT_TO,2025-05-06 13:37:49,3825,411,BF-51-TD,POINT (-9.143199920654297 38.70970153808594)
229_773,7408_20250401_124_0_19,124_0,0,38.713218688964844,-9.159500122070312,14,IN_TRANSIT_TO,2025-05-06 13:37:33,10012,229,97-24-XT,POINT (-9.159500122070312 38.713218688964844)
2221_742,5776_20250401_114_0_9,114_0,1,38.7340202331543,-9.135729789733887,40,IN_TRANSIT_TO,2025-05-06 13:37:36,11115,2221,07-95-XS,POINT (-9.135729789733887 38.7340202331543)
6028_760,7095_20250401_171_0_4,171_0,1,38.70452880859375,-9.176549911499023,24,IN_TRANSIT_TO,2025-05-06 13:37:15,12101,6028,BF-68-AX,POINT (-9.176549911499023 38.70452880859375)
234_49B,22225_20250401_251_0_12,251_0,0,38.74549865722656,-9.135100364685059,17,IN_TRANSIT_TO,2025-05-06 13:37:26,50109,234,13-31-XZ,POINT (-9.135100364685059 38.74549865722656)
561_28E,14934_20250401_75_0_5,75_0,1,38.71289825439453,-9.129549980163574,11,IN_TRANSIT_TO,2025-05-06 13:37:27,13811,561,,POINT (-9.129549980163574 38.71289825439453)
412_10B,21749_20250401_242_0_16,242_0,0,38.71175003051758,-9.13051986694336,5,IN_TRANSIT_TO,2025-05-06 13:37:44,13805,412,BF-65-TC,POINT (-9.13051986694336 38.71175003051758)
566_25E,14268_20250401_79_0_18,79_0,0,38.706321716308594,-9.145179748535156,2,IN_TRANSIT_TO,2025-05-06 13:35:44,50339,566,,POINT (-9.145179748535156 38.706321716308594)
568_28E,14986_20250401_75_0_11,75_0,1,38.71725082397461,-9.129579544067383,23,IN_TRANSIT_TO,2025-05-06 13:37:43,804,568,,POINT (-9.129579544067383 38.71725082397461)
567_28E,15024_20250401_75_0_5,75_0,1,38.71588134765625,-9.135869979858398,1,IN_TRANSIT_TO,2025-05-06 13:37:44,819,567,,POINT (-9.135869979858398 38.71588134765625)
2226_720,4066_20250401_143_0_11,143_0,0,38.73979949951172,-9.127099990844727,4,IN_TRANSIT_TO,2025-05-06 13:37:45,8910,2226,06-35-XX,POINT (-9.127099990844727 38.73979949951172)
2228_798,8198_20250401_194_0_18,194_0,1,38.77912902832031,-9.14447021484375,8,IN_TRANSIT_TO,2025-05-06 13:37:28,6013,2228,06-24-XX,POINT (-9.14447021484375 38.77912902832031)
2230_758,6793_20250401_150_0_10,150_0,1,38.705299377441406,-9.143449783325195,33,IN_TRANSIT_TO,2025-05-06 13:37:22,3826,2230,06-36-XX,POINT (-9.143449783325195 38.705299377441406)
2222_742,5747_20250401_114_0_9,114_0,0,38.728050231933594,-9.109950065612793,6,IN_TRANSIT_TO,2025-05-06 13:37:10,8304,2222,08-17-XS,POINT (-9.109950065612793 38.728050231933594)
562_28E,14920_20250401_75_0_14,75_0,0,38.71046829223633,-9.142330169677734,21,IN_TRANSIT_TO,2025-05-06 13:37:31,10514,562,,POINT (-9.142330169677734 38.71046829223633)
2207_742,5777_20250401_114_0_7,114_0,1,38.73508071899414,-9.145569801330566,37,IN_TRANSIT_TO,2025-05-06 13:37:47,1806,2207,01-70-XO,POINT (-9.145569801330566 38.73508071899414)
560_28E,14972_20250401_75_0_4,75_0,0,38.71794891357422,-9.129870414733887,8,IN_TRANSIT_TO,2025-05-06 13:37:23,9131,560,,POINT (-9.129870414733887 38.71794891357422)
2233_758,6831_20250401_150_0_9,150_0,1,38.70634841918945,-9.14387035369873,33,IN_TRANSIT_TO,2025-05-06 13:37:38,3826,2233,06-38-XX,POINT (-9.14387035369873 38.70634841918945)
2238_706,3235_20250401_147_0_5,147_0,1,38.728118896484375,-9.13757038116455,17,IN_TRANSIT_TO,2025-05-06 13:37:36,613,2238,06-29-XX,POINT (-9.13757038116455 38.728118896484375)
230_773,7378_20250401_124_0_20,124_0,1,38.71263122558594,-9.160229682922363,13,IN_TRANSIT_TO,2025-05-06 13:37:50,8113,230,13-33-XZ,POINT (-9.160229682922363 38.71263122558594)
414_67B,28217_20250401_253_0_10,253_0,0,38.70705032348633,-9.15822982788086,17,IN_TRANSIT_TO,2025-05-06 13:37:51,10009,414,BF-95-TP,POINT (-9.15822982788086 38.70705032348633)
6027_706,3266_20250401_147_0_10,147_0,0,38.706451416015625,-9.154729843139648,4,IN_TRANSIT_TO,2025-05-06 13:37:24,3926,6027,BF-66-BA,POINT (-9.154729843139648 38.706451416015625)
2242_768,7347_20250401_111_0_11,111_0,0,38.76081848144531,-9.196020126342773,19,IN_TRANSIT_TO,2025-05-06 13:37:47,12812,2242,22-42-ZB,POINT (-9.196020126342773 38.76081848144531)
615_15E,11228_20250401_76_0_3,76_0,0,38.696250915527344,-9.209380149841309,15,IN_TRANSIT_TO,2025-05-06 13:37:43,13210,615,,POINT (-9.209380149841309 38.696250915527344)
2262_15E,55282_20250401_76_0_10,76_0,0,38.699920654296875,-9.226980209350586,18,IN_TRANSIT_TO,2025-05-06 07:02:00,4208,2262,80-48-ZE,POINT (-9.226980209350586 38.699920654296875)
2265_799,8222_20250401_120_0_14,120_0,0,38.75556945800781,-9.19491958618164,2,IN_TRANSIT_TO,2025-05-06 13:37:37,50242,2265,76-91-ZG,POINT (-9.19491958618164 38.75556945800781)
2273_758,6889_20250401_150_0_11,150_0,0,38.74354934692383,-9.175399780273438,21,IN_TRANSIT_TO,2025-05-06 13:37:33,10706,2273,76-81-ZG,POINT (-9.175399780273438 38.74354934692383)
2832_753,18385_20250401_167_0_4,167_0,1,38.679500579833984,-9.17473030090332,2,IN_TRANSIT_TO,2025-05-05 08:48:50,14602,2832,BF-68-FZ,POINT (-9.17473030090332 38.679500579833984)
2267_799,8211_20250401_120_0_16,120_0,0,38.73957061767578,-9.223549842834473,23,IN_TRANSIT_TO,2025-05-06 13:37:32,18126,2267,76-86-ZG,POINT (-9.223549842834473 38.73957061767578)
2266_731,4989_20250401_190_0_10,190_0,1,38.74728012084961,-9.156970024108887,25,IN_TRANSIT_TO,2025-05-06 13:37:45,13507,2266,76-92-ZG,POINT (-9.156970024108887 38.74728012084961)
