id,trip_id,route_id,direction_id,latitude,longitude,current_stop_sequence,current_status,timestamp,stop_id,vehicle_id,license_plate,geometry
2793_748,6135_20250401_169_0_14,169_0,1,38.724700927734375,-9.150679588317871,10,IN_TRANSIT_TO,2025-05-24 11:08:22,1212,2793,AJ-58-LI,POINT (-9.150679588317871 38.724700927734375)
2302_742,5741_20250401_114_0_6,114_0,1,38.72549819946289,-9.162850379943848,29,IN_TRANSIT_TO,2025-05-24 11:08:27,8508,2302,83-08-ZM,POINT (-9.162850379943848 38.72549819946289)
4606_750,6302_20250401_106_0_7,106_0,1,38.75947189331055,-9.103320121765137,36,IN_TRANSIT_TO,2025-05-24 11:08:09,2311,4606,96-GL-83,POINT (-9.103320121765137 38.75947189331055)
603_15E,11290_20250401_76_0_11,76_0,0,38.69635009765625,-9.209050178527832,17,IN_TRANSIT_TO,2025-05-24 11:08:16,9610,603,,POINT (-9.209050178527832 38.69635009765625)
2766_727,4468_20250401_103_0_6,103_0,0,38.7158317565918,-9.159520149230957,16,IN_TRANSIT_TO,2025-05-24 11:08:06,6810,2766,AH-40-ND,POINT (-9.159520149230957 38.7158317565918)
2250_731,19403_20240727_190_0_8,190_0,1,38.78303146362305,-9.114009857177734,3,IN_TRANSIT_TO,2024-08-10 10:41:27,12610,2250,80-41-ZE,POINT (-9.114009857177734 38.78303146362305)
6021_760,51290_20250401_171_0_4,171_0,0,38.722599029541016,-9.139349937438965,4,IN_TRANSIT_TO,2025-05-24 11:08:36,9211,6021,BD-91-QG,POINT (-9.139349937438965 38.722599029541016)
2494_735,5253_20250401_172_0_8,172_0,1,38.75463104248047,-9.151920318603516,4,IN_TRANSIT_TO,2025-05-24 11:08:23,5706,2494,88-BL-68,POINT (-9.151920318603516 38.75463104248047)
2830_751,6451_20250401_109_0_12,109_0,1,38.707271575927734,-9.173529624938965,26,IN_TRANSIT_TO,2025-05-24 11:08:11,9415,2830,BF-57-FZ,POINT (-9.173529624938965 38.707271575927734)
2954_40B,17559_20250401_212_0_11,212_0,0,38.78451919555664,-9.14286994934082,13,IN_TRANSIT_TO,2025-05-24 11:08:29,6009,2954,62-GQ-56,POINT (-9.14286994934082 38.78451919555664)
2624_744,5807_20250401_200_0_8,200_0,1,38.715450286865234,-9.14175033569336,33,IN_TRANSIT_TO,2025-05-24 11:08:19,1002,2624,72-VP-82,POINT (-9.14175033569336 38.715450286865234)
4816_751,6483_20250401_109_0_9,109_0,0,38.70800018310547,-9.173819541931152,7,IN_TRANSIT_TO,2025-05-24 11:08:13,9425,4816,34-VR-17,POINT (-9.173819541931152 38.70800018310547)
4641_750,6376_20250401_106_0_8,106_0,0,38.754150390625,-9.185830116271973,21,IN_TRANSIT_TO,2025-05-24 11:08:22,10810,4641,90-JI-98,POINT (-9.185830116271973 38.754150390625)
4650_750,6311_20250401_106_0_8,106_0,1,38.74821853637695,-9.192230224609375,17,IN_TRANSIT_TO,2025-05-24 11:08:13,10803,4650,11-JM-80,POINT (-9.192230224609375 38.74821853637695)
4822_736,5303_20250401_199_0_10,199_0,1,38.7607307434082,-9.157219886779785,14,IN_TRANSIT_TO,2025-05-24 11:08:12,5808,4822,58-VS-27,POINT (-9.157219886779785 38.7607307434082)
2973_797,8162_20250401_163_0_19,163_0,1,38.72922897338867,-9.12987995147705,6,IN_TRANSIT_TO,2025-05-24 11:08:14,7007,2973,30-VM-13,POINT (-9.12987995147705 38.72922897338867)
2688_711,3470_20250401_101_0_9,101_0,0,38.73271942138672,-9.19336986541748,14,IN_TRANSIT_TO,2025-05-24 11:08:21,8715,2688,93-XA-35,POINT (-9.19336986541748 38.73271942138672)
2692_711,3505_20250401_101_0_6,101_0,1,38.74372100830078,-9.205780029296875,11,IN_TRANSIT_TO,2025-05-24 11:08:19,8814,2692,90-XF-62,POINT (-9.205780029296875 38.74372100830078)
2690_714,3654_20250401_102_0_9,102_0,0,38.711830139160156,-9.214229583740234,26,IN_TRANSIT_TO,2025-05-24 11:08:26,12404,2690,99-XE-57,POINT (-9.214229583740234 38.711830139160156)
2695_714,3679_20250401_102_0_4,102_0,1,38.706180572509766,-9.143919944763184,38,IN_TRANSIT_TO,2025-05-24 11:08:34,3803,2695,90-XF-50,POINT (-9.143919944763184 38.706180572509766)
2682_711,3492_20250401_101_0_8,101_0,1,38.723201751708984,-9.16569995880127,26,IN_TRANSIT_TO,2025-05-24 11:08:07,8608,2682,93-XA-42,POINT (-9.16569995880127 38.723201751708984)
4619_750,6328_20250401_106_0_8,106_0,1,38.74396896362305,-9.205470085144043,11,IN_TRANSIT_TO,2025-05-24 11:08:31,8811,4619,22-GP-53,POINT (-9.205470085144043 38.74396896362305)
4643_750,6333_20250401_106_0_5,106_0,0,38.717918395996094,-9.219169616699219,34,IN_TRANSIT_TO,2025-05-24 08:41:39,18111,4643,98-JO-45,POINT (-9.219169616699219 38.717918395996094)
2677_709,3385_20250401_148_0_16,148_0,0,38.715999603271484,-9.141650199890137,3,IN_TRANSIT_TO,2025-05-24 11:08:05,1003,2677,87-XB-41,POINT (-9.141650199890137 38.715999603271484)
2681_723,4144_20250401_121_0_9,121_0,0,38.703269958496094,-9.217080116271973,25,IN_TRANSIT_TO,2025-05-24 11:08:22,9705,2681,93-XA-41,POINT (-9.217080116271973 38.703269958496094)
2673_723,4141_20250401_121_0_8,121_0,0,38.72090148925781,-9.138279914855957,0,IN_TRANSIT_TO,2025-05-24 11:08:14,,2673,87-XB-37,POINT (-9.138279914855957 38.72090148925781)
2670_711,3467_20250401_101_0_8,101_0,0,38.749698638916016,-9.207420349121094,22,IN_TRANSIT_TO,2025-05-24 11:08:13,2909,2670,87-XB-32,POINT (-9.207420349121094 38.749698638916016)
6001_706,3203_20250401_147_0_8,147_0,1,38.7138786315918,-9.12228012084961,13,IN_TRANSIT_TO,2025-05-24 11:07:59,503,6001,99-XU-70,POINT (-9.12228012084961 38.7138786315918)
2675_754,6601_20250401_201_2_10,201_2,1,38.74496841430664,-9.20022964477539,17,IN_TRANSIT_TO,2025-05-24 11:08:34,8813,2675,87-XB-35,POINT (-9.20022964477539 38.74496841430664)
604_15E,11213_20250401_76_0_4,76_0,1,38.69784927368164,-9.191450119018555,9,IN_TRANSIT_TO,2025-05-24 11:08:31,4115,604,,POINT (-9.191450119018555 38.69784927368164)
2718_714,3657_20250401_102_0_6,102_0,0,38.69847106933594,-9.18822956085205,16,IN_TRANSIT_TO,2025-05-24 11:08:37,9506,2718,92-XQ-23,POINT (-9.18822956085205 38.69847106933594)
6050_760,51289_20250401_171_0_5,171_0,0,38.70376968383789,-9.190730094909668,23,IN_TRANSIT_TO,2025-05-24 11:08:09,12008,6050,BH-62-IR,POINT (-9.190730094909668 38.70376968383789)
2347_731,4975_20250401_190_0_9,190_0,0,38.78131866455078,-9.107500076293945,33,IN_TRANSIT_TO,2025-05-24 10:54:57,12618,2347,53-61-ZJ,POINT (-9.107500076293945 38.78131866455078)
2414_767,7229_20250401_112_0_6,112_0,1,38.76163101196289,-9.16487979888916,26,IN_TRANSIT_TO,2025-05-24 11:08:24,50014,2414,92-AO-51,POINT (-9.16487979888916 38.76163101196289)
2295_724,4189_20250401_178_0_13,178_0,0,38.73910140991211,-9.203280448913574,14,IN_TRANSIT_TO,2025-05-24 11:08:35,8829,2295,92-53-ZM,POINT (-9.203280448913574 38.73910140991211)
2417_747,6077_20250401_177_0_12,177_0,1,38.76097106933594,-9.166720390319824,16,IN_TRANSIT_TO,2025-05-24 11:08:08,50006,2417,50-AL-06,POINT (-9.166720390319824 38.76097106933594)
608_15E,11229_20250401_76_0_10,76_0,1,38.69738006591797,-9.204070091247559,6,IN_TRANSIT_TO,2025-05-24 11:08:36,13209,608,,POINT (-9.204070091247559 38.69738006591797)
610_15E,11304_20250401_76_0_3,76_0,0,38.70397186279297,-9.179019927978516,10,IN_TRANSIT_TO,2025-05-24 11:08:24,12116,610,,POINT (-9.179019927978516 38.70397186279297)
2257_768,7324_20250401_111_2_9,111_2,0,38.7471809387207,-9.167799949645996,3,IN_TRANSIT_TO,2025-05-24 11:08:14,12706,2257,80-50-ZE,POINT (-9.167799949645996 38.7471809387207)
2628_744,5813_20250401_200_0_8,200_0,1,38.74607849121094,-9.148050308227539,23,IN_TRANSIT_TO,2025-05-24 11:08:28,2002,2628,52-VP-82,POINT (-9.148050308227539 38.74607849121094)
2841_728,4693_20250401_204_0_8,204_0,0,38.699581146240234,-9.179920196533203,13,IN_TRANSIT_TO,2025-05-24 11:08:25,9501,2841,BF-55-FZ,POINT (-9.179920196533203 38.699581146240234)
4832_736,5390_20250401_199_0_9,199_0,0,38.733951568603516,-9.144749641418457,7,IN_TRANSIT_TO,2025-05-24 11:08:17,1807,4832,68-VQ-51,POINT (-9.144749641418457 38.733951568603516)
281_65B,35092_20250401_250_0_9,250_0,0,38.72005081176758,-9.164030075073242,5,IN_TRANSIT_TO,2025-05-24 11:08:38,50483,281,AI-48-OJ,POINT (-9.164030075073242 38.72005081176758)
6034_732,5069_20250401_107_2_4,107_2,1,38.70521926879883,-9.15802001953125,25,IN_TRANSIT_TO,2025-05-24 11:08:17,3905,6034,BF-61-AX,POINT (-9.15802001953125 38.70521926879883)
6007_706,19506_20250401_147_0_6,147_0,1,38.7264518737793,-9.145150184631348,20,IN_TRANSIT_TO,2025-05-24 11:08:08,6610,6007,80-ZC-62,POINT (-9.145150184631348 38.7264518737793)
2783_727,4490_20250401_103_0_7,103_0,0,38.72026824951172,-9.154029846191406,15,IN_TRANSIT_TO,2025-05-24 11:08:12,6806,2783,AI-10-BT,POINT (-9.154029846191406 38.72026824951172)
2430_778,7530_20250401_179_0_13,179_0,0,38.76382827758789,-9.170849800109863,6,IN_TRANSIT_TO,2025-05-24 11:08:06,50007,2430,29-AX-12,POINT (-9.170849800109863 38.76382827758789)
2779_748,6138_20250401_169_0_13,169_0,0,38.71506881713867,-9.231849670410156,9,IN_TRANSIT_TO,2025-05-24 11:08:12,14306,2779,AI-02-BT,POINT (-9.231849670410156 38.71506881713867)
2703_713,3588_20250401_122_0_8,122_0,1,38.707969665527344,-9.173819541931152,7,IN_TRANSIT_TO,2025-05-24 11:08:26,9425,2703,92-XQ-24,POINT (-9.173819541931152 38.707969665527344)
2495_742,5680_20250401_114_0_5,114_0,0,38.721649169921875,-9.167169570922852,32,IN_TRANSIT_TO,2025-05-24 11:08:38,8010,2495,88-BL-69,POINT (-9.167169570922852 38.721649169921875)
6038_732,5036_20250401_107_2_6,107_2,1,38.705421447753906,-9.204549789428711,11,IN_TRANSIT_TO,2025-05-24 11:08:05,13109,6038,BG-46-LV,POINT (-9.204549789428711 38.705421447753906)
2842_753,6544_20250401_167_0_10,167_0,1,38.697078704833984,-9.178629875183105,2,IN_TRANSIT_TO,2025-05-24 11:08:32,14602,2842,BF-56-FZ,POINT (-9.178629875183105 38.697078704833984)
4825_736,5396_20250401_199_0_9,199_0,0,38.72719955444336,-9.148750305175781,4,IN_TRANSIT_TO,2025-05-24 11:08:27,1205,4825,20-VQ-72,POINT (-9.148750305175781 38.72719955444336)
2614_755,6638_20250401_118_0_9,118_0,1,38.744319915771484,-9.113579750061035,32,IN_TRANSIT_TO,2025-05-24 11:07:58,3706,2614,66-VI-24,POINT (-9.113579750061035 38.744319915771484)
275_61B,35061_20250401_241_0_14,241_0,0,38.72650146484375,-9.162229537963867,6,IN_TRANSIT_TO,2025-05-24 11:08:26,6131,275,AH-16-TB,POINT (-9.162229537963867 38.72650146484375)
2997_730,4940_20250401_198_0_11,198_0,1,38.73252868652344,-9.134300231933594,11,IN_TRANSIT_TO,2025-05-24 11:08:10,505,2997,34-VN-03,POINT (-9.134300231933594 38.73252868652344)
2607_755,6635_20250401_118_0_10,118_0,0,38.7476806640625,-9.103019714355469,4,IN_TRANSIT_TO,2025-05-24 11:08:24,50477,2607,AA-95-TQ,POINT (-9.103019714355469 38.7476806640625)
6023_732,5051_20250401_107_2_6,107_2,1,38.71492004394531,-9.214570045471191,28,IN_TRANSIT_TO,2025-05-24 11:08:35,3803,6023,BF-03-BD,POINT (-9.214570045471191 38.71492004394531)
4827_736,41525_20250401_199_0_6,199_0,1,38.754581451416016,-9.152999877929688,15,IN_TRANSIT_TO,2025-05-24 11:08:35,5806,4827,34-VR-15,POINT (-9.152999877929688 38.754581451416016)
2601_783,7806_20250401_203_2_11,203_2,0,38.738380432128906,-9.145779609680176,6,IN_TRANSIT_TO,2025-05-24 11:08:11,1809,2601,04-VA-70,POINT (-9.145779609680176 38.738380432128906)
2749_756,6724_20250401_175_0_13,175_0,1,38.70682144165039,-9.176300048828125,3,IN_TRANSIT_TO,2025-05-24 11:08:37,12105,2749,AG-03-TH,POINT (-9.176300048828125 38.70682144165039)
2743_735,5218_20250401_172_0_8,172_0,1,38.718021392822266,-9.122170448303223,24,IN_TRANSIT_TO,2025-05-24 11:08:14,2108,2743,AG-02-TH,POINT (-9.122170448303223 38.718021392822266)
2657_738,5510_20250401_117_0_7,117_0,1,38.75559997558594,-9.17628002166748,34,IN_TRANSIT_TO,2025-05-24 11:08:04,50143,2657,05-VZ-66,POINT (-9.17628002166748 38.75559997558594)
2638_722,41523_20250401_196_0_2,196_0,0,38.7730712890625,-9.117250442504883,25,IN_TRANSIT_TO,2025-05-24 11:08:12,12205,2638,87-VS-48,POINT (-9.117250442504883 38.7730712890625)
2617_759,6954_20250401_144_0_8,144_0,1,38.75857162475586,-9.112420082092285,19,IN_TRANSIT_TO,2025-05-24 11:08:27,8413,2617,66-VI-28,POINT (-9.112420082092285 38.75857162475586)
2648_713,3599_20250401_122_0_8,122_0,0,38.70463180541992,-9.163330078125,25,IN_TRANSIT_TO,2025-05-24 11:08:21,3908,2648,75-VS-46,POINT (-9.163330078125 38.70463180541992)
2698_711,3449_20250401_101_0_8,101_0,1,38.7493782043457,-9.21288013458252,5,IN_TRANSIT_TO,2025-05-24 11:08:38,3018,2698,92-XQ-20,POINT (-9.21288013458252 38.7493782043457)
2716_754,6595_20250401_201_2_12,201_2,0,38.743568420410156,-9.17549991607666,3,IN_TRANSIT_TO,2025-05-24 11:08:11,10706,2716,92-XQ-27,POINT (-9.17549991607666 38.743568420410156)
2991_730,4960_20250401_198_0_9,198_0,0,38.73270034790039,-9.121450424194336,0,IN_TRANSIT_TO,2025-05-24 11:08:15,,2991,29-VM-89,POINT (-9.121450424194336 38.73270034790039)
2639_759,6952_20250401_144_0_8,144_0,1,38.73387145996094,-9.112730026245117,29,IN_TRANSIT_TO,2025-05-24 11:08:36,17580,2639,75-VS-47,POINT (-9.112730026245117 38.73387145996094)
577_28E,14987_20250401_75_0_6,75_0,0,38.71546936035156,-9.163619995117188,25,IN_TRANSIT_TO,2025-05-24 11:08:11,8108,577,,POINT (-9.163619995117188 38.71546936035156)
573_28E,15013_20250401_75_0_6,75_0,0,38.709930419921875,-9.135820388793945,10,IN_TRANSIT_TO,2025-05-24 11:08:38,5602,573,,POINT (-9.135820388793945 38.709930419921875)
2609_722,41522_20250401_196_0_7,196_0,0,38.78501892089844,-9.111350059509277,35,IN_TRANSIT_TO,2025-05-24 11:06:46,12627,2609,66-VI-36,POINT (-9.111350059509277 38.78501892089844)
2632_759,6912_20250401_144_0_7,144_0,0,38.7464485168457,-9.11281967163086,24,IN_TRANSIT_TO,2025-05-24 11:08:35,3705,2632,52-VP-88,POINT (-9.11281967163086 38.7464485168457)
548_28E,14921_20250401_75_0_7,75_0,1,38.71284866333008,-9.129229545593262,35,IN_TRANSIT_TO,2025-05-24 11:08:15,5602,548,,POINT (-9.129229545593262 38.71284866333008)
2993_774,7438_20250401_192_1_10,192_1,1,38.72148132324219,-9.156370162963867,8,IN_TRANSIT_TO,2025-05-24 11:08:28,6824,2993,29-VM-93,POINT (-9.156370162963867 38.72148132324219)
2733_756,6733_20250401_175_0_9,175_0,1,38.73912811279297,-9.12345027923584,21,IN_TRANSIT_TO,2025-05-24 11:08:33,8908,2733,AG-41-EI,POINT (-9.12345027923584 38.73912811279297)
2308_742,5702_20250401_114_0_8,114_0,0,38.73326873779297,-9.132430076599121,16,IN_TRANSIT_TO,2025-05-24 11:07:43,501,2308,83-17-ZM,POINT (-9.132430076599121 38.73326873779297)
2640_759,6934_20250401_144_0_7,144_0,0,38.71207809448242,-9.124380111694336,6,IN_TRANSIT_TO,2025-05-24 11:08:22,8201,2640,75-VS-43,POINT (-9.124380111694336 38.71207809448242)
541_28E,14896_20250401_75_0_3,75_0,1,38.71480178833008,-9.136199951171875,37,IN_TRANSIT_TO,2025-05-24 11:08:27,50620,541,,POINT (-9.136199951171875 38.71480178833008)
2612_708,3325_20250401_100_0_9,100_0,1,38.7221794128418,-9.13539981842041,41,IN_TRANSIT_TO,2025-05-24 11:08:24,704,2612,66-VI-29,POINT (-9.13539981842041 38.7221794128418)
574_24E,17843_20250401_213_0_13,213_0,1,38.71677017211914,-9.148550033569336,6,IN_TRANSIT_TO,2025-05-24 11:08:29,10608,574,,POINT (-9.148550033569336 38.71677017211914)
2635_718,3955_20250401_105_0_11,105_0,1,38.73326873779297,-9.132579803466797,4,IN_TRANSIT_TO,2025-05-24 11:08:38,402,2635,52-VP-90,POINT (-9.132579803466797 38.73326873779297)
2799_714,3635_20250401_102_0_6,102_0,1,38.727928161621094,-9.209250450134277,8,IN_TRANSIT_TO,2025-05-24 11:07:45,14008,2799,AJ-52-LI,POINT (-9.209250450134277 38.727928161621094)
6040_778,18906_20250401_179_0_12,179_0,1,38.76361846923828,-9.190369606018066,3,IN_TRANSIT_TO,2025-05-24 11:08:21,12822,6040,BG-46-LT,POINT (-9.190369606018066 38.76361846923828)
2996_774,7458_20250401_192_1_10,192_1,0,38.72050094604492,-9.164030075073242,23,IN_TRANSIT_TO,2025-05-24 11:08:07,8027,2996,30-VM-03,POINT (-9.164030075073242 38.72050094604492)
2769_727,4449_20250401_103_0_7,103_0,1,38.70539855957031,-9.202329635620117,9,IN_TRANSIT_TO,2025-05-24 11:08:07,13113,2769,AH-19-ND,POINT (-9.202329635620117 38.70539855957031)
556_28E,14909_20250401_75_0_7,75_0,1,38.7158203125,-9.129130363464355,35,IN_TRANSIT_TO,2025-05-24 11:08:27,5602,556,,POINT (-9.129130363464355 38.7158203125)
2636_744,5821_20250401_200_0_7,200_0,0,38.77001953125,-9.097430229187012,25,IN_TRANSIT_TO,2025-05-24 11:08:15,7805,2636,87-VS-50,POINT (-9.097430229187012 38.77001953125)
2686_764,7143_20250401_168_2_14,168_2,1,38.74406814575195,-9.20536994934082,13,IN_TRANSIT_TO,2025-05-24 11:08:14,8811,2686,99-XE-58,POINT (-9.20536994934082 38.74406814575195)
571_28E,14961_20250401_75_0_7,75_0,1,38.71072006225586,-9.144149780273438,35,IN_TRANSIT_TO,2025-05-24 11:08:09,5602,571,,POINT (-9.144149780273438 38.71072006225586)
2626_708,3281_20250401_100_0_8,100_0,0,38.77231979370117,-9.097620010375977,28,IN_TRANSIT_TO,2025-05-24 10:51:34,7805,2626,52-VP-86,POINT (-9.097620010375977 38.77231979370117)
2620_783,7826_20250401_203_2_10,203_2,1,38.77743148803711,-9.117950439453125,6,IN_TRANSIT_TO,2025-05-24 11:08:11,12604,2620,66-VI-33,POINT (-9.117950439453125 38.77743148803711)
2829_751,6462_20250401_109_0_14,109_0,1,38.69728088378906,-9.202679634094238,18,IN_TRANSIT_TO,2025-05-24 11:08:23,9603,2829,BF-58-FZ,POINT (-9.202679634094238 38.69728088378906)
2621_755,6660_20250401_118_0_9,118_0,1,38.756500244140625,-9.146050453186035,8,IN_TRANSIT_TO,2025-05-24 11:08:32,5712,2621,66-VI-45,POINT (-9.146050453186035 38.756500244140625)
2975_774,7473_20250401_192_1_4,192_1,1,38.70624923706055,-9.14408016204834,29,IN_TRANSIT_TO,2025-05-24 11:08:20,3913,2975,30-VM-11,POINT (-9.14408016204834 38.70624923706055)
2985_702,3031_20250401_146_0_19,146_0,0,38.72832107543945,-9.160149574279785,3,IN_TRANSIT_TO,2025-05-24 11:08:33,6103,2985,30-VM-14,POINT (-9.160149574279785 38.72832107543945)
2986_702,3048_20250401_146_0_18,146_0,1,38.72718048095703,-9.171079635620117,5,IN_TRANSIT_TO,2025-05-24 11:08:19,2704,2986,30-VM-12,POINT (-9.171079635620117 38.72718048095703)
2982_52B,35053_20250401_244_0_8,244_0,0,38.73876953125,-9.165180206298828,21,IN_TRANSIT_TO,2025-05-24 11:08:08,1601,2982,30-VM-23,POINT (-9.165180206298828 38.73876953125)
2990_774,7431_20250401_192_1_10,192_1,1,38.715518951416016,-9.164079666137695,18,IN_TRANSIT_TO,2025-05-24 11:08:08,8001,2990,30-VM-06,POINT (-9.164079666137695 38.715518951416016)
2711_746,5979_20250401_108_0_11,108_0,1,38.74399948120117,-9.177120208740234,12,IN_TRANSIT_TO,2025-05-24 11:08:02,10703,2711,92-XQ-44,POINT (-9.177120208740234 38.74399948120117)
2976_72B,45254_20250401_279_0_9,279_0,0,38.75497055053711,-9.19540023803711,2,IN_TRANSIT_TO,2025-05-24 11:08:19,50242,2976,30-VM-00,POINT (-9.19540023803711 38.75497055053711)
2616_708,3303_20250401_100_0_8,100_0,0,38.75442123413086,-9.13029956817627,13,IN_TRANSIT_TO,2025-05-24 11:08:35,7307,2616,66-VI-44,POINT (-9.13029956817627 38.75442123413086)
2604_759,6937_20250401_144_0_8,144_0,1,38.7087516784668,-9.130599975585938,43,IN_TRANSIT_TO,2025-05-24 11:08:17,8202,2604,66-VI-32,POINT (-9.130599975585938 38.7087516784668)
552_12E,11026_20250401_77_0_7,77_0,0,38.712528228759766,-9.130669593811035,5,IN_TRANSIT_TO,2025-05-24 11:08:10,13809,552,,POINT (-9.130669593811035 38.712528228759766)
2663_714,3697_20240914_102_0_16,102_0,1,38.72127151489258,-9.221500396728516,4,IN_TRANSIT_TO,2024-10-22 20:26:58,18703,2663,05-VZ-62,POINT (-9.221500396728516 38.72127151489258)
576_28E,15039_20250401_75_0_3,75_0,1,38.71495056152344,-9.128700256347656,35,IN_TRANSIT_TO,2025-05-24 11:08:38,5602,576,,POINT (-9.128700256347656 38.71495056152344)
581_28E,14999_20250401_75_0_6,75_0,0,38.71097946166992,-9.152270317077637,19,IN_TRANSIT_TO,2025-05-24 11:06:11,6724,581,,POINT (-9.152270317077637 38.71097946166992)
2995_774,7451_20250401_192_1_10,192_1,0,38.72296905517578,-9.149080276489258,28,IN_TRANSIT_TO,2025-05-24 11:08:12,1216,2995,30-VM-15,POINT (-9.149080276489258 38.72296905517578)
543_24E,17833_20250401_213_0_14,213_0,0,38.710418701171875,-9.143050193786621,0,IN_TRANSIT_TO,2025-05-24 11:08:13,,543,,POINT (-9.143050193786621 38.710418701171875)
404_19B,35088_20250401_245_0_5,245_0,0,38.71561813354492,-9.14408016204834,14,IN_TRANSIT_TO,2025-05-24 11:08:33,10602,404,BF-14-TQ,POINT (-9.14408016204834 38.71561813354492)
2708_723,17897_20250401_121_0_7,121_0,0,38.71372985839844,-9.197830200195312,14,IN_TRANSIT_TO,2025-05-24 11:08:32,50036,2708,92-XQ-32,POINT (-9.197830200195312 38.71372985839844)
2696_738,5526_20250401_117_0_8,117_0,1,38.713218688964844,-9.162050247192383,10,IN_TRANSIT_TO,2025-05-24 11:08:12,10103,2696,90-XF-63,POINT (-9.162050247192383 38.713218688964844)
2644_708,3328_20250401_100_0_6,100_0,1,38.763519287109375,-9.116880416870117,22,IN_TRANSIT_TO,2025-05-24 11:08:35,8438,2644,87-VS-52,POINT (-9.116880416870117 38.763519287109375)
2977_71B,45279_20250401_278_0_8,278_0,0,38.74872970581055,-9.198399543762207,4,IN_TRANSIT_TO,2025-05-24 11:08:32,10908,2977,30-VM-21,POINT (-9.198399543762207 38.74872970581055)
2427_767,7207_20250401_112_0_5,112_0,0,38.722198486328125,-9.139949798583984,0,IN_TRANSIT_TO,2025-05-24 11:08:14,,2427,29-AX-14,POINT (-9.139949798583984 38.722198486328125)
4824_736,5367_20250401_199_0_7,199_0,0,38.76968002319336,-9.159330368041992,18,IN_TRANSIT_TO,2025-05-24 11:08:26,5901,4824,34-VR-19,POINT (-9.159330368041992 38.76968002319336)
2641_722,4116_20250401_196_0_8,196_0,1,38.717918395996094,-9.143600463867188,33,IN_TRANSIT_TO,2025-05-24 11:08:24,1102,2641,75-VS-49,POINT (-9.143600463867188 38.717918395996094)
268_64B,35076_20250401_238_0_12,238_0,0,38.72113037109375,-9.16746997833252,5,IN_TRANSIT_TO,2025-05-24 11:08:08,8011,268,AH-56-CZ,POINT (-9.16746997833252 38.72113037109375)
555_28E,15025_20250401_75_0_8,75_0,0,38.71371841430664,-9.130599975585938,4,IN_TRANSIT_TO,2025-05-24 11:08:32,13822,555,,POINT (-9.130599975585938 38.71371841430664)
266_79B,35096_20250401_221_0_8,221_0,0,38.706321716308594,-9.205169677734375,13,IN_TRANSIT_TO,2025-05-24 11:08:12,13123,266,AH-55-CZ,POINT (-9.205169677734375 38.706321716308594)
2987_774,7468_20250401_192_1_6,192_1,1,38.70624923706055,-9.14424991607666,29,IN_TRANSIT_TO,2025-05-24 11:08:37,3913,2987,29-VM-99,POINT (-9.14424991607666 38.70624923706055)
575_18E,12187_20250401_78_0_12,78_0,1,38.70466995239258,-9.188779830932617,9,IN_TRANSIT_TO,2025-05-24 11:08:36,13405,575,,POINT (-9.188779830932617 38.70466995239258)
2655_776,7497_20250401_193_2_19,193_2,1,38.70048141479492,-9.242230415344238,5,IN_TRANSIT_TO,2025-05-24 11:08:09,14903,2655,05-VZ-67,POINT (-9.242230415344238 38.70048141479492)
1729_735,5259_20250401_172_0_4,172_0,1,38.750179290771484,-9.161100387573242,31,IN_TRANSIT_TO,2025-05-24 11:08:30,8202,1729,25-AS-41,POINT (-9.161100387573242 38.750179290771484)
4644_750,6280_20250401_106_0_8,106_0,0,38.76750183105469,-9.09988021850586,0,IN_TRANSIT_TO,2025-05-24 11:08:31,,4644,27-JO-11,POINT (-9.09988021850586 38.76750183105469)
2984_55B,35094_20250401_240_0_12,240_0,0,38.766021728515625,-9.198229789733887,6,IN_TRANSIT_TO,2025-05-24 11:08:13,13906,2984,30-VM-04,POINT (-9.198229789733887 38.766021728515625)
2630_759,6915_20250401_144_0_8,144_0,1,38.723350524902344,-9.114580154418945,43,IN_TRANSIT_TO,2025-05-24 11:08:04,8202,2630,52-VP-89,POINT (-9.114580154418945 38.723350524902344)
2744_720,4081_20250401_143_0_11,143_0,0,38.704498291015625,-9.175569534301758,25,IN_TRANSIT_TO,2025-05-24 11:08:24,4004,2744,AG-13-TH,POINT (-9.175569534301758 38.704498291015625)
2651_776,7477_20250401_193_2_28,193_2,0,38.69929885864258,-9.23777961730957,4,IN_TRANSIT_TO,2025-05-24 11:08:10,14908,2651,05-VZ-54,POINT (-9.23777961730957 38.69929885864258)
2665_738,5542_20250401_117_0_6,117_0,0,38.723148345947266,-9.151399612426758,22,IN_TRANSIT_TO,2025-05-24 11:08:26,1208,2665,87-XB-33,POINT (-9.151399612426758 38.723148345947266)
2645_708,3341_20250401_100_0_3,100_0,0,38.76852035522461,-9.09801959991455,28,IN_TRANSIT_TO,2025-05-24 10:24:45,7805,2645,87-VS-49,POINT (-9.09801959991455 38.76852035522461)
257_37B,35067_20250401_224_0_11,224_0,0,38.734371185302734,-9.124919891357422,17,IN_TRANSIT_TO,2025-05-24 11:08:12,8911,257,AF-59-RM,POINT (-9.124919891357422 38.734371185302734)
4635_736,5347_20250401_199_0_9,199_0,0,38.78578186035156,-9.172800064086914,27,IN_TRANSIT_TO,2025-05-24 11:07:47,7211,4635,90-JI-95,POINT (-9.172800064086914 38.78578186035156)
274_28E,48781_20250401_75_8_24,75_8,0,38.7169189453125,-9.135580062866211,1,IN_TRANSIT_TO,2025-05-24 11:02:14,819,274,AH-14-TB,POINT (-9.135580062866211 38.7169189453125)
256_13B,35066_20250401_243_0_10,243_0,0,38.7216796875,-9.131500244140625,5,IN_TRANSIT_TO,2025-05-24 11:08:20,708,256,AF-57-RM,POINT (-9.131500244140625 38.7216796875)
2608_783,7819_20250401_203_2_10,203_2,1,38.72626876831055,-9.149680137634277,27,IN_TRANSIT_TO,2025-05-24 11:08:26,1206,2608,66-VI-39,POINT (-9.149680137634277 38.72626876831055)
2631_708,3284_20250401_100_0_8,100_0,0,38.76530075073242,-9.109649658203125,25,IN_TRANSIT_TO,2025-05-24 11:07:33,7717,2631,52-VP-80,POINT (-9.109649658203125 38.76530075073242)
2419_716,3726_20250401_164_0_10,164_0,1,38.748321533203125,-9.192580223083496,6,IN_TRANSIT_TO,2025-05-24 11:08:34,10803,2419,92-AO-55,POINT (-9.192580223083496 38.748321533203125)
2428_747,6095_20250401_177_0_13,177_0,1,38.76150131225586,-9.197330474853516,0,IN_TRANSIT_TO,2025-05-24 11:08:07,,2428,29-AX-13,POINT (-9.197330474853516 38.76150131225586)
253_58B,35097_20250401_227_0_10,227_0,0,38.741851806640625,-9.173649787902832,21,IN_TRANSIT_TO,2025-05-24 11:08:23,50416,253,AF-88-NU,POINT (-9.173649787902832 38.741851806640625)
2402_767,7243_20250401_112_0_6,112_0,1,38.75627899169922,-9.203949928283691,9,IN_TRANSIT_TO,2025-05-24 11:08:18,13712,2402,50-AL-13,POINT (-9.203949928283691 38.75627899169922)
2443_747,6098_20250401_177_0_11,177_0,0,38.76475143432617,-9.16670036315918,5,IN_TRANSIT_TO,2025-05-24 11:08:31,5815,2443,29-AX-05,POINT (-9.16670036315918 38.76475143432617)
2490_720,4040_20250401_143_0_7,143_0,1,38.73738098144531,-9.133700370788574,25,IN_TRANSIT_TO,2025-05-24 11:08:27,414,2490,55-BH-01,POINT (-9.133700370788574 38.73738098144531)
1701_701,2934_20250401_123_0_11,123_0,1,38.7210693359375,-9.167519569396973,4,IN_TRANSIT_TO,2025-05-24 11:08:27,8011,1701,39-AB-08,POINT (-9.167519569396973 38.7210693359375)
6044_760,7080_20250401_171_0_2,171_0,1,38.70640182495117,-9.15233039855957,28,IN_TRANSIT_TO,2025-05-24 11:08:11,3901,6044,BG-87-LX,POINT (-9.15233039855957 38.70640182495117)
2750_756,6716_20250401_175_0_11,175_0,1,38.71194839477539,-9.174920082092285,4,IN_TRANSIT_TO,2025-05-24 11:08:36,9415,2750,AG-10-TH,POINT (-9.174920082092285 38.71194839477539)
2785_713,18726_20250401_122_0_7,122_0,0,38.722679138183594,-9.158029556274414,12,IN_TRANSIT_TO,2025-05-24 11:08:30,8516,2785,AI-05-BT,POINT (-9.158029556274414 38.722679138183594)
2404_767,7199_20250401_112_0_7,112_0,0,38.74129867553711,-9.137399673461914,10,IN_TRANSIT_TO,2025-05-24 11:08:26,6405,2404,50-AL-11,POINT (-9.137399673461914 38.74129867553711)
2709_727,4471_20250401_103_0_6,103_0,0,38.698768615722656,-9.186880111694336,32,IN_TRANSIT_TO,2025-05-24 11:08:10,9504,2709,92-XQ-42,POINT (-9.186880111694336 38.698768615722656)
1708_717,3819_20250401_170_0_9,170_0,0,38.73733139038086,-9.133700370788574,2,IN_TRANSIT_TO,2025-05-24 11:07:49,414,1708,69-AL-71,POINT (-9.133700370788574 38.73733139038086)
2714_713,3583_20250401_122_0_8,122_0,1,38.72766876220703,-9.160820007324219,27,IN_TRANSIT_TO,2025-05-24 11:08:16,8509,2714,92-XQ-38,POINT (-9.160820007324219 38.72766876220703)
2286_758,6816_20250401_150_0_7,150_0,0,38.727569580078125,-9.161430358886719,12,IN_TRANSIT_TO,2025-05-24 11:08:29,8509,2286,67-42-ZJ,POINT (-9.161430358886719 38.727569580078125)
2478_729,4785_20250401_104_0_6,104_0,1,38.75749969482422,-9.193779945373535,34,IN_TRANSIT_TO,2025-05-24 11:08:15,50242,2478,91-BE-80,POINT (-9.193779945373535 38.75749969482422)
4814_751,6473_20250401_109_0_13,109_0,0,38.71358108520508,-9.224530220031738,29,IN_TRANSIT_TO,2025-05-24 11:08:35,14310,4814,68-VQ-52,POINT (-9.224530220031738 38.71358108520508)
2496_735,5233_20250401_172_0_8,172_0,1,38.71778106689453,-9.122220039367676,25,IN_TRANSIT_TO,2025-05-24 11:08:10,2106,2496,88-BL-70,POINT (-9.122220039367676 38.71778106689453)
2815_793,7986_20250401_145_0_11,145_0,1,38.74222946166992,-9.118280410766602,25,IN_TRANSIT_TO,2025-05-24 11:08:30,17572,2815,90-II-55,POINT (-9.118280410766602 38.74222946166992)
4647_750,6354_20250401_106_0_7,106_0,0,38.707298278808594,-9.225899696350098,37,IN_TRANSIT_TO,2025-05-24 11:08:29,18401,4647,02-JN-88,POINT (-9.225899696350098 38.707298278808594)
1747_735,5243_20250401_172_0_8,172_0,1,38.734901428222656,-9.13407039642334,14,IN_TRANSIT_TO,2025-05-24 11:08:28,402,1747,92-HR-04,POINT (-9.13407039642334 38.734901428222656)
2969_737,5476_20250401_173_0_16,173_0,0,38.71009826660156,-9.135250091552734,2,IN_TRANSIT_TO,2025-05-24 11:08:24,5601,2969,30-VM-09,POINT (-9.135250091552734 38.71009826660156)
4636_796,8136_20250401_174_0_14,174_0,1,38.7912712097168,-9.152070045471191,2,IN_TRANSIT_TO,2025-05-24 11:07:48,11601,4636,90-JI-97,POINT (-9.152070045471191 38.7912712097168)
2811_725,4242_20250401_197_2_18,197_2,1,38.7747688293457,-9.102700233459473,12,IN_TRANSIT_TO,2025-05-24 11:08:30,7812,2811,02-IH-00,POINT (-9.102700233459473 38.7747688293457)
2807_755,6686_20250401_118_0_7,118_0,0,38.75014877319336,-9.164629936218262,38,IN_TRANSIT_TO,2025-05-24 11:08:21,13508,2807,01-IH-96,POINT (-9.164629936218262 38.75014877319336)
2817_793,7997_20250401_145_0_10,145_0,0,38.74073028564453,-9.122320175170898,23,IN_TRANSIT_TO,2025-05-24 11:08:03,3609,2817,90-II-57,POINT (-9.122320175170898 38.74073028564453)
2960_40B,19269_20250401_212_0_10,212_0,1,38.77402877807617,-9.160869598388672,2,IN_TRANSIT_TO,2025-05-24 11:08:18,5905,2960,27-GU-75,POINT (-9.160869598388672 38.77402877807617)
2459_726,4267_20250401_116_0_9,116_0,0,38.73324966430664,-9.132479667663574,7,IN_TRANSIT_TO,2025-05-24 11:07:09,503,2459,74-BC-74,POINT (-9.132479667663574 38.73324966430664)
401_67B,35057_20250401_253_0_9,253_0,0,38.706600189208984,-9.173319816589355,8,IN_TRANSIT_TO,2025-05-24 11:08:21,50527,401,BF-60-TR,POINT (-9.173319816589355 38.706600189208984)
2810_718,3933_20250401_105_0_10,105_0,0,38.72597122192383,-9.112500190734863,18,IN_TRANSIT_TO,2025-05-24 11:08:15,8302,2810,01-IH-99,POINT (-9.112500190734863 38.72597122192383)
2816_725,4252_20250401_197_2_13,197_2,0,38.77592086791992,-9.113530158996582,8,IN_TRANSIT_TO,2025-05-24 11:08:03,12307,2816,90-II-56,POINT (-9.113530158996582 38.77592086791992)
2820_755,17789_20250401_118_0_8,118_0,0,38.75450134277344,-9.131170272827148,27,IN_TRANSIT_TO,2025-05-24 11:08:31,50229,2820,90-II-60,POINT (-9.131170272827148 38.75450134277344)
231_17B,35080_20250401_247_0_7,247_0,0,38.73569869995117,-9.133899688720703,23,IN_TRANSIT_TO,2025-05-24 11:02:56,505,231,84-47-XQ,POINT (-9.133899688720703 38.73569869995117)
2455_729,18901_20250401_104_0_6,104_0,1,38.69906997680664,-9.225749969482422,1,IN_TRANSIT_TO,2025-05-24 11:08:15,4211,2455,16-AZ-12,POINT (-9.225749969482422 38.69906997680664)
2410_716,3739_20250401_164_0_9,164_0,0,38.73740005493164,-9.144669532775879,4,IN_TRANSIT_TO,2025-05-24 11:08:16,11118,2410,92-AO-46,POINT (-9.144669532775879 38.73740005493164)
2777_714,3676_20250401_102_0_9,102_0,0,38.70627975463867,-9.145369529724121,2,IN_TRANSIT_TO,2025-05-24 11:08:36,3802,2777,AI-01-BT,POINT (-9.145369529724121 38.70627975463867)
2623_718,3944_20250401_105_0_12,105_0,0,38.752071380615234,-9.113880157470703,2,IN_TRANSIT_TO,2025-05-24 11:08:35,50070,2623,66-VI-26,POINT (-9.113880157470703 38.752071380615234)
215_34B,35064_20250401_226_0_5,226_0,0,38.7475700378418,-9.1181001663208,37,IN_TRANSIT_TO,2025-05-24 11:08:25,50547,215,44-42-XM,POINT (-9.1181001663208 38.7475700378418)
2756_727,4446_20250401_103_0_6,103_0,1,38.69742965698242,-9.194069862365723,14,IN_TRANSIT_TO,2025-05-24 11:08:15,4115,2756,AH-27-ND,POINT (-9.194069862365723 38.69742965698242)
2450_716,3731_20250401_164_0_9,164_0,0,38.74420166015625,-9.1779203414917,15,IN_TRANSIT_TO,2025-05-24 11:08:10,10706,2450,44-BC-36,POINT (-9.1779203414917 38.74420166015625)
2483_726,4314_20250401_116_0_7,116_0,0,38.75368118286133,-9.174650192260742,27,IN_TRANSIT_TO,2025-05-24 11:08:15,13617,2483,74-BC-66,POINT (-9.174650192260742 38.75368118286133)
2499_720,19453_20250401_143_0_6,143_0,0,38.73701858520508,-9.141949653625488,9,IN_TRANSIT_TO,2025-05-24 11:08:09,11109,2499,03-BM-58,POINT (-9.141949653625488 38.73701858520508)
1721_742,5705_20250401_114_0_7,114_0,0,38.731868743896484,-9.11454963684082,2,IN_TRANSIT_TO,2025-05-24 11:08:21,17570,1721,25-AS-33,POINT (-9.11454963684082 38.731868743896484)
1775_717,3858_20250401_170_0_6,170_0,1,38.77973175048828,-9.148480415344238,16,IN_TRANSIT_TO,2025-05-24 11:08:12,6015,1775,53-HX-08,POINT (-9.148480415344238 38.77973175048828)
2759_746,5954_20250401_108_0_11,108_0,0,38.74325180053711,-9.174579620361328,11,IN_TRANSIT_TO,2025-05-24 11:08:12,1616,2759,AH-21-ND,POINT (-9.174579620361328 38.74325180053711)
2284_758,6788_20250401_150_0_8,150_0,1,38.71860122680664,-9.15291976928711,26,IN_TRANSIT_TO,2025-05-24 11:06:28,6807,2284,67-36-ZJ,POINT (-9.15291976928711 38.71860122680664)
1705_742,5760_20250401_114_0_3,114_0,0,38.71125030517578,-9.19219970703125,52,IN_TRANSIT_TO,2025-05-24 11:08:12,10308,1705,69-AL-68,POINT (-9.19219970703125 38.71125030517578)
1706_794,8033_20250401_115_0_9,115_0,1,38.76808166503906,-9.09988021850586,0,IN_TRANSIT_TO,2025-05-24 11:07:20,,1706,69-AL-69,POINT (-9.09988021850586 38.76808166503906)
1710_717,3775_20250401_170_0_9,170_0,1,38.79766845703125,-9.141770362854004,1,IN_TRANSIT_TO,2025-05-24 11:08:26,16001,1710,69-AL-73,POINT (-9.141770362854004 38.79766845703125)
1713_717,3797_20250401_170_0_9,170_0,0,38.76662063598633,-9.157699584960938,17,IN_TRANSIT_TO,2025-05-24 11:08:28,5811,1713,69-AL-76,POINT (-9.157699584960938 38.76662063598633)
2480_726,4270_20250401_116_0_9,116_0,0,38.7370491027832,-9.146769523620605,16,IN_TRANSIT_TO,2025-05-24 11:08:12,1811,2480,91-BE-75,POINT (-9.146769523620605 38.7370491027832)
2413_729,4760_20250401_104_0_7,104_0,1,38.71390151977539,-9.198699951171875,42,IN_TRANSIT_TO,2025-05-24 11:08:30,14106,2413,92-AO-50,POINT (-9.198699951171875 38.71390151977539)
2454_703,3136_20250401_165_0_10,165_0,1,38.74810028076172,-9.191329956054688,7,IN_TRANSIT_TO,2025-05-24 11:08:29,10835,2454,16-AZ-18,POINT (-9.191329956054688 38.74810028076172)
2801_783,7837_20250401_203_2_8,203_2,0,38.77322006225586,-9.116920471191406,21,IN_TRANSIT_TO,2025-05-24 11:05:42,12205,2801,38-HU-27,POINT (-9.116920471191406 38.77322006225586)
1780_735,5192_20250401_172_0_7,172_0,0,38.71894836425781,-9.122050285339355,9,IN_TRANSIT_TO,2025-05-24 11:08:12,2107,1780,63-HX-18,POINT (-9.122050285339355 38.71894836425781)
1769_794,8075_20250401_115_0_8,115_0,1,38.75605010986328,-9.119050025939941,14,IN_TRANSIT_TO,2025-05-24 11:07:37,24381,1769,63-HX-24,POINT (-9.119050025939941 38.75605010986328)
1767_742,5755_20250401_114_0_8,114_0,1,38.71084976196289,-9.193380355834961,8,IN_TRANSIT_TO,2025-05-24 11:08:28,10307,1767,63-HX-29,POINT (-9.193380355834961 38.71084976196289)
1768_717,3784_20250401_170_0_9,170_0,0,38.7796516418457,-9.151599884033203,29,IN_TRANSIT_TO,2025-05-24 11:08:16,11511,1768,63-HX-23,POINT (-9.151599884033203 38.7796516418457)
2666_711,3489_20250401_101_0_9,101_0,0,38.71617889404297,-9.141730308532715,5,IN_TRANSIT_TO,2025-05-24 11:08:13,1003,2666,87-XB-39,POINT (-9.141730308532715 38.71617889404297)
1756_717,3759_20250401_170_0_9,170_0,1,38.751319885253906,-9.137370109558105,32,IN_TRANSIT_TO,2025-05-22 12:26:38,11202,1756,34-HU-22,POINT (-9.137370109558105 38.751319885253906)
2487_726,4292_20250401_116_0_8,116_0,1,38.740081787109375,-9.150529861450195,22,IN_TRANSIT_TO,2025-05-24 11:08:25,33101,2487,54-BH-97,POINT (-9.150529861450195 38.740081787109375)
2470_729,4804_20250401_104_0_4,104_0,1,38.75054931640625,-9.201069831848145,29,IN_TRANSIT_TO,2025-05-24 11:08:10,10903,2470,74-BC-71,POINT (-9.201069831848145 38.75054931640625)
2774_754,6581_20250401_201_2_11,201_2,0,38.73815155029297,-9.20895004272461,28,IN_TRANSIT_TO,2025-05-24 11:08:08,50252,2774,AH-22-ND,POINT (-9.20895004272461 38.73815155029297)
2469_729,4763_20250401_104_0_8,104_0,0,38.750118255615234,-9.202949523925781,15,IN_TRANSIT_TO,2025-05-24 11:08:21,10921,2469,16-AZ-09,POINT (-9.202949523925781 38.750118255615234)
2268_731,4990_20250401_190_0_9,190_0,0,38.773929595947266,-9.104780197143555,29,IN_TRANSIT_TO,2025-05-24 11:08:15,7807,2268,76-87-ZG,POINT (-9.104780197143555 38.773929595947266)
1779_794,8045_20250401_115_0_10,115_0,0,38.74386978149414,-9.118430137634277,13,IN_TRANSIT_TO,2025-05-24 11:07:39,3604,1779,63-HX-20,POINT (-9.118430137634277 38.74386978149414)
1758_794,8065_20250401_115_0_10,115_0,1,38.725799560546875,-9.113180160522461,32,IN_TRANSIT_TO,2025-05-24 11:08:20,8320,1758,34-HU-24,POINT (-9.113180160522461 38.725799560546875)
2333_742,5662_20250401_114_0_7,114_0,0,38.70481872558594,-9.186980247497559,43,IN_TRANSIT_TO,2025-05-24 11:08:19,12002,2333,62-97-ZG,POINT (-9.186980247497559 38.70481872558594)
2422_767,7221_20250401_112_0_6,112_0,1,38.7377815246582,-9.14188003540039,38,IN_TRANSIT_TO,2025-05-24 11:08:27,11109,2422,29-AU-17,POINT (-9.14188003540039 38.7377815246582)
1719_742,5724_20250401_114_0_7,114_0,1,38.72945022583008,-9.108380317687988,53,IN_TRANSIT_TO,2025-05-24 11:08:35,8303,1719,25-AS-31,POINT (-9.108380317687988 38.72945022583008)
2445_729,4782_20250401_104_0_6,104_0,0,38.76029968261719,-9.193619728088379,20,IN_TRANSIT_TO,2025-05-24 11:08:23,8838,2445,44-BC-31,POINT (-9.193619728088379 38.76029968261719)
2758_764,7136_20250401_168_2_17,168_2,0,38.74386978149414,-9.205650329589844,8,IN_TRANSIT_TO,2025-05-24 11:08:29,8814,2758,AH-36-ND,POINT (-9.205650329589844 38.74386978149414)
2833_728,4653_20250401_204_0_7,204_0,0,38.70977020263672,-9.128520011901855,0,IN_TRANSIT_TO,2025-05-24 11:08:22,,2833,BF-65-FZ,POINT (-9.128520011901855 38.70977020263672)
2839_728,4633_20250401_204_0_6,204_0,1,38.707279205322266,-9.133299827575684,31,IN_TRANSIT_TO,2025-05-24 11:07:50,8202,2839,BF-69-FZ,POINT (-9.133299827575684 38.707279205322266)
4622_736,18825_20250401_199_0_8,199_0,1,38.716148376464844,-9.142370223999023,27,IN_TRANSIT_TO,2025-05-24 11:08:31,1102,4622,90-JI-91,POINT (-9.142370223999023 38.716148376464844)
2465_703,3125_20250401_165_0_8,165_0,1,38.753578186035156,-9.187370300292969,9,IN_TRANSIT_TO,2025-05-24 11:08:15,10813,2465,55-BH-00,POINT (-9.187370300292969 38.753578186035156)
1715_735,5207_20250401_172_0_8,172_0,1,38.71772003173828,-9.122050285339355,31,IN_TRANSIT_TO,2025-05-24 11:08:37,8202,1715,69-AL-78,POINT (-9.122050285339355 38.71772003173828)
1777_717,3841_20250401_170_0_8,170_0,1,38.75484848022461,-9.153149604797363,26,IN_TRANSIT_TO,2025-05-24 11:08:33,5806,1777,63-HX-31,POINT (-9.153149604797363 38.75484848022461)
2305_794,8056_20250401_115_0_10,115_0,0,38.71397018432617,-9.121970176696777,3,IN_TRANSIT_TO,2025-05-24 11:07:46,2111,2305,83-18-ZM,POINT (-9.121970176696777 38.71397018432617)
1761_717,3762_20250401_170_0_7,170_0,1,38.79867172241211,-9.149669647216797,2,IN_TRANSIT_TO,2025-05-24 11:08:18,16003,1761,63-HX-19,POINT (-9.149669647216797 38.79867172241211)
220_773,7408_20250401_124_0_19,124_0,0,38.71165084838867,-9.164019584655762,20,IN_TRANSIT_TO,2025-05-23 16:13:17,10105,220,11-07-XO,POINT (-9.164019584655762 38.71165084838867)
2484_703,20079_20250401_165_0_7,165_0,0,38.75212860107422,-9.189319610595703,33,IN_TRANSIT_TO,2025-05-24 11:06:52,10808,2484,91-BE-76,POINT (-9.189319610595703 38.75212860107422)
605_15E,11281_20250401_76_0_9,76_0,0,38.69504928588867,-9.215080261230469,19,IN_TRANSIT_TO,2025-05-24 11:08:18,13206,605,,POINT (-9.215080261230469 38.69504928588867)
2297_724,19279_20250401_178_0_7,178_0,0,38.751251220703125,-9.197380065917969,19,IN_TRANSIT_TO,2025-05-24 11:08:34,10907,2297,83-06-ZM,POINT (-9.197380065917969 38.751251220703125)
2403_767,7252_20250401_112_0_6,112_0,1,38.75212097167969,-9.209500312805176,5,IN_TRANSIT_TO,2025-05-24 11:08:21,3003,2403,50-AL-12,POINT (-9.209500312805176 38.75212097167969)
2491_720,4062_20250401_143_0_10,143_0,0,38.704368591308594,-9.183019638061523,27,IN_TRANSIT_TO,2025-05-24 11:08:25,12112,2491,54-BH-98,POINT (-9.183019638061523 38.704368591308594)
2791_714,3632_20250401_102_0_8,102_0,1,38.70235061645508,-9.206620216369629,19,IN_TRANSIT_TO,2025-05-24 11:08:37,9605,2791,AJ-61-LI,POINT (-9.206620216369629 38.70235061645508)
2838_751,6440_20250401_109_0_10,109_0,0,38.704078674316406,-9.174699783325195,7,IN_TRANSIT_TO,2025-05-24 11:08:37,9425,2838,BF-59-FZ,POINT (-9.174699783325195 38.704078674316406)
221_773,7394_20250401_124_0_14,124_0,1,38.70471954345703,-9.169079780578613,3,IN_TRANSIT_TO,2025-05-24 11:08:27,10207,221,11-06-XO,POINT (-9.169079780578613 38.70471954345703)
2401_716,3716_20250401_164_0_10,164_0,1,38.739768981933594,-9.151180267333984,19,IN_TRANSIT_TO,2025-05-24 11:08:33,33101,2401,50-AL-14,POINT (-9.151180267333984 38.739768981933594)
2485_703,3110_20250401_165_0_8,165_0,1,38.78594970703125,-9.149920463562012,36,IN_TRANSIT_TO,2025-05-24 11:08:16,6023,2485,91-BE-77,POINT (-9.149920463562012 38.78594970703125)
2837_728,4597_20250401_204_0_4,204_0,0,38.755470275878906,-9.096529960632324,38,IN_TRANSIT_TO,2025-05-24 11:06:33,2410,2837,BF-66-FZ,POINT (-9.096529960632324 38.755470275878906)
609_15E,11203_20250401_76_0_10,76_0,1,38.70412826538086,-9.173749923706055,15,IN_TRANSIT_TO,2025-05-24 11:08:26,4001,609,,POINT (-9.173749923706055 38.70412826538086)
204_41B,19376_20250401_232_0_14,232_0,0,38.777130126953125,-9.146470069885254,9,IN_TRANSIT_TO,2025-05-24 11:08:35,11511,204,89-71-XD,POINT (-9.146470069885254 38.777130126953125)
1720_701,2952_20250401_123_0_14,123_0,0,38.74953079223633,-9.172380447387695,16,IN_TRANSIT_TO,2025-05-24 11:08:19,12712,1720,25-AS-32,POINT (-9.172380447387695 38.74953079223633)
2753_720,4059_20250401_143_0_10,143_0,1,38.72420120239258,-9.150650024414062,16,IN_TRANSIT_TO,2025-05-24 11:08:26,1207,2753,AG-08-TH,POINT (-9.150650024414062 38.72420120239258)
2788_712,3526_20250401_189_2_16,189_2,0,38.71427917480469,-9.122830390930176,2,IN_TRANSIT_TO,2025-05-24 11:08:27,2101,2788,AI-51-TL,POINT (-9.122830390930176 38.71427917480469)
2792_712,3536_20250401_189_2_16,189_2,1,38.7194709777832,-9.128029823303223,17,IN_TRANSIT_TO,2025-05-24 11:08:21,9112,2792,AJ-53-LI,POINT (-9.128029823303223 38.7194709777832)
2464_703,3101_20250401_165_0_9,165_0,0,38.770931243896484,-9.166449546813965,18,IN_TRANSIT_TO,2025-05-24 11:08:28,5915,2464,91-BE-71,POINT (-9.166449546813965 38.770931243896484)
4610_750,6258_20250401_106_0_8,106_0,0,38.76087188720703,-9.13290023803711,10,IN_TRANSIT_TO,2025-05-24 11:08:15,7515,4610,96-GL-87,POINT (-9.13290023803711 38.76087188720703)
2610_744,5827_20250401_200_0_9,200_0,0,38.767601013183594,-9.10492992401123,24,IN_TRANSIT_TO,2025-05-24 11:08:31,7711,2610,66-VI-20,POINT (-9.10492992401123 38.767601013183594)
2840_728,4573_20250401_204_0_6,204_0,0,38.709678649902344,-9.21030044555664,19,IN_TRANSIT_TO,2025-05-24 11:08:36,3803,2840,BF-75-FZ,POINT (-9.21030044555664 38.709678649902344)
6012_706,3242_20250401_147_0_8,147_0,0,38.72277069091797,-9.149419784545898,13,IN_TRANSIT_TO,2025-05-24 11:08:29,1216,6012,67-ZF-26,POINT (-9.149419784545898 38.72277069091797)
2249_758,6771_20250401_150_0_8,150_0,1,38.70785140991211,-9.14330005645752,33,IN_TRANSIT_TO,2025-05-24 11:08:31,3826,2249,22-32-ZB,POINT (-9.14330005645752 38.70785140991211)
2438_767,7274_20250401_112_0_3,112_0,0,38.75217056274414,-9.189279556274414,30,IN_TRANSIT_TO,2025-05-24 11:08:28,10808,2438,44-BC-29,POINT (-9.189279556274414 38.75217056274414)
2418_767,7187_20250401_112_0_7,112_0,0,38.759300231933594,-9.154720306396484,18,IN_TRANSIT_TO,2025-05-24 11:08:11,5805,2418,92-AO-54,POINT (-9.154720306396484 38.759300231933594)
2466_726,4311_20250401_116_0_8,116_0,1,38.766780853271484,-9.201569557189941,0,IN_TRANSIT_TO,2025-05-24 11:08:37,,2466,16-AZ-16,POINT (-9.201569557189941 38.766780853271484)
208_46B,35063_20250401_239_2_8,239_2,0,38.74837875366211,-9.146780014038086,0,IN_TRANSIT_TO,2025-05-24 11:08:25,,208,33-47-XH,POINT (-9.146780014038086 38.74837875366211)
2296_724,4207_20250401_178_0_12,178_0,1,38.7247200012207,-9.191780090332031,21,IN_TRANSIT_TO,2025-05-24 11:08:16,8702,2296,92-51-ZM,POINT (-9.191780090332031 38.7247200012207)
2770_727,4510_20250401_103_0_2,103_0,1,38.71062088012695,-9.153429985046387,29,IN_TRANSIT_TO,2025-05-24 11:08:29,7103,2770,AH-30-ND,POINT (-9.153429985046387 38.71062088012695)
409_22B,35059_20250401_236_0_11,236_0,0,38.71023178100586,-9.142999649047852,3,IN_TRANSIT_TO,2025-05-24 11:08:29,3825,409,BF-73-TQ,POINT (-9.142999649047852 38.71023178100586)
410_10B,35052_20250401_242_0_10,242_0,0,38.710121154785156,-9.129030227661133,15,IN_TRANSIT_TO,2025-05-24 11:08:13,50520,410,BF-21-VF,POINT (-9.129030227661133 38.710121154785156)
2834_728,4617_20250401_204_0_6,204_0,1,38.70737075805664,-9.133549690246582,31,IN_TRANSIT_TO,2025-05-24 11:08:31,8202,2834,BF-76-FZ,POINT (-9.133549690246582 38.70737075805664)
2215_742,5727_20250401_114_0_4,114_0,1,38.73516845703125,-9.141779899597168,38,IN_TRANSIT_TO,2025-05-24 11:08:27,11101,2215,08-01-XS,POINT (-9.141779899597168 38.73516845703125)
2712_738,5537_20250401_117_0_7,117_0,0,38.70709991455078,-9.167519569396973,30,IN_TRANSIT_TO,2025-05-24 11:08:36,10206,2712,92-XQ-33,POINT (-9.167519569396973 38.70709991455078)
2221_742,5744_20250401_114_0_7,114_0,1,38.70542907714844,-9.17632007598877,20,IN_TRANSIT_TO,2025-05-24 11:08:13,12105,2221,07-95-XS,POINT (-9.17632007598877 38.70542907714844)
561_28E,14947_20250401_75_0_7,75_0,1,38.71038055419922,-9.143770217895508,13,IN_TRANSIT_TO,2025-05-24 11:08:16,10513,561,,POINT (-9.143770217895508 38.71038055419922)
568_12E,11039_20250401_77_0_2,77_0,0,38.710269927978516,-9.13502025604248,9,IN_TRANSIT_TO,2025-05-24 11:08:08,13802,568,,POINT (-9.13502025604248 38.710269927978516)
2230_758,6832_20250401_150_0_7,150_0,0,38.723228454589844,-9.161029815673828,10,IN_TRANSIT_TO,2025-05-24 11:08:27,8513,2230,06-36-XX,POINT (-9.161029815673828 38.723228454589844)
565_28E,14935_20250401_75_0_7,75_0,1,38.70867919921875,-9.139630317687988,17,IN_TRANSIT_TO,2025-05-24 11:07:52,10521,565,,POINT (-9.139630317687988 38.70867919921875)
2232_731,5008_20250401_190_0_6,190_0,1,38.75542068481445,-9.149820327758789,22,IN_TRANSIT_TO,2025-05-24 11:08:34,11321,2232,06-23-XX,POINT (-9.149820327758789 38.75542068481445)
2237_758,6794_20250401_150_0_10,150_0,1,38.74066925048828,-9.167929649353027,14,IN_TRANSIT_TO,2025-05-24 11:08:14,1610,2237,06-27-XX,POINT (-9.167929649353027 38.74066925048828)
2238_768,7322_20250401_111_2_10,111_2,1,38.77439880371094,-9.15546989440918,0,IN_TRANSIT_TO,2025-05-24 11:08:34,,2238,06-29-XX,POINT (-9.15546989440918 38.77439880371094)
2234_768,7338_20250401_111_2_9,111_2,1,38.76462936401367,-9.19944953918457,17,IN_TRANSIT_TO,2025-05-24 11:08:20,13909,2234,06-26-XX,POINT (-9.19944953918457 38.76462936401367)
2835_728,4673_20250401_204_0_6,204_0,1,38.705631256103516,-9.143899917602539,40,IN_TRANSIT_TO,2025-05-24 11:08:18,4002,2835,BF-62-FZ,POINT (-9.143899917602539 38.705631256103516)
2262_750,38368_20250401_106_4_12,106_4,1,38.739200592041016,-9.20186996459961,9,IN_TRANSIT_TO,2025-05-23 16:18:50,8807,2262,80-48-ZE,POINT (-9.20186996459961 38.739200592041016)
