id,trip_id,route_id,direction_id,latitude,longitude,current_stop_sequence,current_status,timestamp,stop_id,vehicle_id,license_plate,geometry
2782_727,4528_20260101_103_0_9,103_0,1,38.70907974243164,-9.21382999420166,3,IN_TRANSIT_TO,2026-04-29 15:08:40,12405,2782,AI-99-BS,POINT (-9.21382999420166 38.70907974243164)
2785_727,4454_20260101_103_0_7,103_0,1,38.747920989990234,-9.148030281066895,43,IN_TRANSIT_TO,2026-04-29 15:08:48,2022,2785,AI-05-BT,POINT (-9.148030281066895 38.747920989990234)
2775_727,4463_20260101_103_0_8,103_0,1,38.73820114135742,-9.145819664001465,41,IN_TRANSIT_TO,2026-04-29 15:08:53,1805,2775,AH-31-ND,POINT (-9.145819664001465 38.73820114135742)
2779_727,4485_20260101_103_0_9,103_0,1,38.707801818847656,-9.150620460510254,27,IN_TRANSIT_TO,2026-04-29 15:07:26,3922,2779,AI-02-BT,POINT (-9.150620460510254 38.707801818847656)
2778_727,4502_20260101_103_0_8,103_0,1,38.7087287902832,-9.152950286865234,29,IN_TRANSIT_TO,2026-04-29 15:08:51,7103,2778,AI-03-BT,POINT (-9.152950286865234 38.7087287902832)
2666_727,4515_20260101_103_0_9,103_0,1,38.697181701660156,-9.201600074768066,12,IN_TRANSIT_TO,2026-04-29 15:08:16,9603,2666,87-XB-39,POINT (-9.201600074768066 38.697181701660156)
2699_727,4518_20260101_103_0_2,103_0,1,38.70457077026367,-9.202369689941406,9,IN_TRANSIT_TO,2026-04-29 15:08:52,13113,2699,92-XQ-25,POINT (-9.202369689941406 38.70457077026367)
1760_717,3822_20260101_170_0_12,170_0,1,38.755680084228516,-9.149049758911133,27,IN_TRANSIT_TO,2026-04-29 15:08:33,5706,1760,34-HU-26,POINT (-9.149049758911133 38.755680084228516)
1762_717,3803_20260101_170_0_12,170_0,1,38.74562072753906,-9.131369590759277,35,IN_TRANSIT_TO,2026-04-29 15:08:45,7308,1762,63-HX-32,POINT (-9.131369590759277 38.74562072753906)
1770_717,3845_20260101_170_0_12,170_0,1,38.78858184814453,-9.15060043334961,6,IN_TRANSIT_TO,2026-04-29 15:08:35,11601,1770,63-HX-17,POINT (-9.15060043334961 38.78858184814453)
1751_717,3825_20260101_170_0_9,170_0,1,38.77246856689453,-9.161029815673828,21,IN_TRANSIT_TO,2026-04-29 15:08:40,5906,1751,34-HU-17,POINT (-9.161029815673828 38.77246856689453)
1767_717,3844_20260101_170_0_12,170_0,1,38.7778205871582,-9.147769927978516,16,IN_TRANSIT_TO,2026-04-29 15:08:56,6015,1767,63-HX-29,POINT (-9.147769927978516 38.7778205871582)
552_28E,14960_20260101_75_0_15,75_0,1,38.720401763916016,-9.135519981384277,34,IN_TRANSIT_TO,2026-04-29 15:08:32,704,552,,POINT (-9.135519981384277 38.720401763916016)
576_28E,14998_20260101_75_0_13,75_0,1,38.717201232910156,-9.129779815673828,27,IN_TRANSIT_TO,2026-04-29 15:08:26,14803,576,,POINT (-9.129779815673828 38.717201232910156)
542_28E,14895_20260101_75_0_17,75_0,1,38.71009826660156,-9.135330200195312,19,IN_TRANSIT_TO,2026-04-29 15:08:29,5601,542,,POINT (-9.135330200195312 38.71009826660156)
565_28E,15024_20260101_75_0_7,75_0,1,38.71242141723633,-9.130570411682129,23,IN_TRANSIT_TO,2026-04-29 15:08:26,13811,565,,POINT (-9.130570411682129 38.71242141723633)
563_28E,15012_20260101_75_0_17,75_0,1,38.717201232910156,-9.129770278930664,27,IN_TRANSIT_TO,2026-04-29 15:08:41,14803,563,,POINT (-9.129770278930664 38.717201232910156)
2739_708,3351_20260101_100_0_8,100_0,1,38.78287124633789,-9.095250129699707,12,IN_TRANSIT_TO,2026-04-23 15:05:37,50123,2739,AG-31-EI,POINT (-9.095250129699707 38.78287124633789)
2734_708,3333_20260101_100_0_10,100_0,1,38.767330169677734,-9.101770401000977,15,IN_TRANSIT_TO,2026-04-29 15:08:52,7825,2734,AG-50-EI,POINT (-9.101770401000977 38.767330169677734)
2744_708,3311_20260101_100_0_11,100_0,1,38.75463104248047,-9.130499839782715,30,IN_TRANSIT_TO,2026-04-29 15:08:47,7512,2744,AG-13-TH,POINT (-9.130499839782715 38.75463104248047)
2743_708,3298_20260101_100_0_8,100_0,1,38.732120513916016,-9.134320259094238,38,IN_TRANSIT_TO,2026-04-29 15:08:44,506,2743,AG-02-TH,POINT (-9.134320259094238 38.732120513916016)
278_734,5144_20260101_205_0_23,205_0,1,38.723548889160156,-9.133319854736328,11,IN_TRANSIT_TO,2026-04-29 15:07:31,708,278,AI-39-FG,POINT (-9.133319854736328 38.723548889160156)
1749_736,5299_20260101_199_0_10,199_0,1,38.7234992980957,-9.148520469665527,26,IN_TRANSIT_TO,2026-04-29 15:08:39,1206,1749,92-HR-06,POINT (-9.148520469665527 38.7234992980957)
4648_736,5331_20260101_199_0_10,199_0,1,38.75468063354492,-9.153070449829102,15,IN_TRANSIT_TO,2026-04-29 15:08:32,5806,4648,98-JO-47,POINT (-9.153070449829102 38.75468063354492)
4839_736,5319_20260101_199_0_12,199_0,1,38.7475700378418,-9.14840030670166,19,IN_TRANSIT_TO,2026-04-29 15:08:49,2002,4839,53-VR-08,POINT (-9.14840030670166 38.7475700378418)
4639_736,5351_20260101_199_0_12,199_0,1,38.770320892333984,-9.159850120544434,11,IN_TRANSIT_TO,2026-04-29 15:08:46,5904,4639,27-JO-13,POINT (-9.159850120544434 38.770320892333984)
4637_736,5359_20260101_199_0_12,199_0,1,38.785831451416016,-9.172149658203125,5,IN_TRANSIT_TO,2026-04-29 15:08:48,50083,4637,98-JO-44,POINT (-9.172149658203125 38.785831451416016)
5208_709,3401_20260101_148_0_25,148_0,1,38.71403121948242,-9.161430358886719,3,IN_TRANSIT_TO,2026-04-29 15:08:47,8001,5208,CA-73-BZ,POINT (-9.161430358886719 38.71403121948242)
2685_709,3384_20260101_148_0_23,148_0,1,38.71348190307617,-9.138830184936523,11,IN_TRANSIT_TO,2026-04-29 15:08:47,902,2685,93-XA-46,POINT (-9.138830184936523 38.71348190307617)
2604_744,5850_20260101_200_0_10,200_0,1,38.735931396484375,-9.145299911499023,26,IN_TRANSIT_TO,2026-04-29 15:08:42,1814,2604,66-VI-32,POINT (-9.145299911499023 38.735931396484375)
2616_744,5805_20260101_200_0_10,200_0,1,38.737850189208984,-9.145950317382812,26,IN_TRANSIT_TO,2026-04-29 15:08:47,1814,2616,66-VI-44,POINT (-9.145950317382812 38.737850189208984)
2652_744,5819_20260101_200_0_11,200_0,1,38.76948165893555,-9.122119903564453,11,IN_TRANSIT_TO,2026-04-29 15:08:52,7704,2652,05-VZ-61,POINT (-9.122119903564453 38.76948165893555)
2612_759,6896_20260101_144_0_8,144_0,1,38.71443176269531,-9.139220237731934,46,IN_TRANSIT_TO,2026-04-29 15:08:44,919,2612,66-VI-29,POINT (-9.139220237731934 38.71443176269531)
2602_759,6956_20260101_144_0_2,144_0,1,38.76945114135742,-9.116920471191406,13,IN_TRANSIT_TO,2026-04-29 15:08:56,7727,2602,16-VF-81,POINT (-9.116920471191406 38.76945114135742)
2637_759,6949_20260101_144_0_10,144_0,1,38.758750915527344,-9.112299919128418,19,IN_TRANSIT_TO,2026-04-29 15:08:54,8413,2637,87-VS-51,POINT (-9.112299919128418 38.758750915527344)
2607_759,6961_20260101_144_0_10,144_0,1,38.77442169189453,-9.09727954864502,3,IN_TRANSIT_TO,2026-04-29 15:08:47,7821,2607,AA-95-TQ,POINT (-9.09727954864502 38.77442169189453)
2613_759,6943_20260101_144_0_10,144_0,1,38.759498596191406,-9.11161994934082,19,IN_TRANSIT_TO,2026-04-29 15:08:58,8413,2613,66-VI-22,POINT (-9.11161994934082 38.759498596191406)
2711_759,6928_20260101_144_0_8,144_0,1,38.712398529052734,-9.124130249023438,41,IN_TRANSIT_TO,2026-04-29 15:08:54,2118,2711,92-XQ-44,POINT (-9.124130249023438 38.712398529052734)
2649_759,6921_20260101_144_0_10,144_0,1,38.710350036621094,-9.1279296875,42,IN_TRANSIT_TO,2026-04-29 15:08:46,8204,2649,75-VS-42,POINT (-9.1279296875 38.710350036621094)
2622_722,4121_20260101_196_0_11,196_0,1,38.759521484375,-9.130020141601562,17,IN_TRANSIT_TO,2026-04-29 15:08:57,7514,2622,66-VI-21,POINT (-9.130020141601562 38.759521484375)
2650_722,4119_20260101_196_0_11,196_0,1,38.72446823120117,-9.149849891662598,32,IN_TRANSIT_TO,2026-04-29 15:08:48,1206,2650,75-VS-50,POINT (-9.149849891662598 38.72446823120117)
5207_746,5964_20260101_108_0_16,108_0,1,38.74995040893555,-9.194729804992676,6,IN_TRANSIT_TO,2026-04-29 15:08:47,10905,5207,CA-74-BZ,POINT (-9.194729804992676 38.74995040893555)
2777_746,5958_20260101_108_0_16,108_0,1,38.73793029785156,-9.160380363464355,18,IN_TRANSIT_TO,2026-04-29 15:08:52,1510,2777,AI-01-BT,POINT (-9.160380363464355 38.73793029785156)
2703_748,6160_20260101_169_0_22,169_0,1,38.722869873046875,-9.168020248413086,6,IN_TRANSIT_TO,2026-04-29 15:08:50,14311,2703,92-XQ-24,POINT (-9.168020248413086 38.722869873046875)
2837_748,6162_20260101_169_0_2,169_0,1,38.71477127075195,-9.231269836425781,2,IN_TRANSIT_TO,2026-04-29 15:08:48,50066,2837,BF-66-FZ,POINT (-9.231269836425781 38.71477127075195)
2965_52B,21671_20260101_244_0_14,244_0,0,38.736568450927734,-9.149649620056152,14,IN_TRANSIT_TO,2026-04-29 15:08:53,1811,2965,29-VM-97,POINT (-9.149649620056152 38.736568450927734)
6014_771,39066_20260101_248_0_3,248_0,1,38.7147216796875,-9.201129913330078,9,IN_TRANSIT_TO,2026-04-29 15:08:29,10315,6014,67-ZF-30,POINT (-9.201129913330078 38.7147216796875)
2308_771,21928_20260101_248_0_16,248_0,1,38.70296859741211,-9.194820404052734,2,IN_TRANSIT_TO,2026-04-29 15:08:38,13410,2308,83-17-ZM,POINT (-9.194820404052734 38.70296859741211)
2971_770,7364_20260101_191_0_17,191_0,0,38.74259948730469,-9.167349815368652,17,IN_TRANSIT_TO,2026-04-29 15:08:50,1621,2971,29-VM-98,POINT (-9.167349815368652 38.74259948730469)
252_58B,19291_20260101_227_0_16,227_0,0,38.74734878540039,-9.167449951171875,3,IN_TRANSIT_TO,2026-04-29 15:08:51,12703,252,AF-89-NU,POINT (-9.167449951171875 38.74734878540039)
2825_753,6573_20260101_167_0_18,167_0,1,38.71754837036133,-9.176130294799805,2,IN_TRANSIT_TO,2026-04-29 15:08:45,14602,2825,BF-53-FZ,POINT (-9.176130294799805 38.71754837036133)
2828_753,6577_20260101_167_0_18,167_0,1,38.673221588134766,-9.173219680786133,1,IN_TRANSIT_TO,2026-04-29 15:08:45,19001,2828,BF-60-FZ,POINT (-9.173219680786133 38.673221588134766)
2780_754,6609_20260101_201_0_12,201_0,1,38.74721908569336,-9.188599586486816,21,IN_TRANSIT_TO,2026-04-29 15:08:52,10815,2780,AI-06-BT,POINT (-9.188599586486816 38.74721908569336)
2792_754,6615_20260101_201_0_12,201_0,1,38.73617172241211,-9.211130142211914,4,IN_TRANSIT_TO,2026-04-29 15:08:30,50254,2792,AJ-53-LI,POINT (-9.211130142211914 38.73617172241211)
206_46B,21499_20260101_239_0_15,239_0,0,38.75006866455078,-9.140000343322754,4,IN_TRANSIT_TO,2026-04-29 15:08:47,50703,206,33-49-XH,POINT (-9.140000343322754 38.75006866455078)
304_749,59015_20260101_195_5_18,195_5,0,38.748199462890625,-9.108819961547852,8,IN_TRANSIT_TO,2026-04-29 15:08:55,3719,304,22-SP-91,POINT (-9.108819961547852 38.748199462890625)
273_734,5150_20260101_205_0_22,205_0,0,38.712120056152344,-9.126930236816406,15,IN_TRANSIT_TO,2026-04-29 15:08:48,50519,273,AH-15-TB,POINT (-9.126930236816406 38.712120056152344)
275_734,5152_20260101_205_0_11,205_0,0,38.72317886352539,-9.131970405578613,5,IN_TRANSIT_TO,2026-04-29 15:08:20,709,275,AH-16-TB,POINT (-9.131970405578613 38.72317886352539)
2321_712,3541_20260101_189_0_13,189_0,1,38.72447967529297,-9.149720191955566,15,IN_TRANSIT_TO,2026-04-29 15:08:48,1212,2321,04-47-ZF,POINT (-9.149720191955566 38.72447967529297)
2786_712,3525_20260101_189_0_10,189_0,1,38.7194709777832,-9.118080139160156,30,IN_TRANSIT_TO,2026-04-29 15:08:43,2131,2786,AI-52-TL,POINT (-9.118080139160156 38.7194709777832)
6015_706,3235_20260101_147_0_6,147_0,0,38.731300354003906,-9.136070251464844,19,IN_TRANSIT_TO,2026-04-29 15:08:46,6504,6015,69-ZF-01,POINT (-9.136070251464844 38.731300354003906)
2489_706,3241_20260101_147_0_12,147_0,0,38.7236213684082,-9.147820472717285,13,IN_TRANSIT_TO,2026-04-29 15:08:32,1216,2489,55-BH-05,POINT (-9.147820472717285 38.7236213684082)
2951_26B,17520_20260101_208_0_15,208_0,0,38.76860046386719,-9.101969718933105,16,IN_TRANSIT_TO,2026-04-29 15:08:39,2315,2951,62-GQ-53,POINT (-9.101969718933105 38.76860046386719)
2840_751,6437_20260101_109_0_16,109_0,1,38.7221794128418,-9.175100326538086,29,IN_TRANSIT_TO,2026-04-29 15:08:50,11901,2840,BF-75-FZ,POINT (-9.175100326538086 38.7221794128418)
4824_751,6481_20260101_109_0_9,109_0,1,38.69974899291992,-9.212499618530273,15,IN_TRANSIT_TO,2026-04-29 15:08:44,9713,4824,34-VR-19,POINT (-9.212499618530273 38.69974899291992)
4830_751,6476_20260101_109_0_16,109_0,1,38.698448181152344,-9.188300132751465,21,IN_TRANSIT_TO,2026-04-29 15:08:44,9507,4830,20-VQ-63,POINT (-9.188300132751465 38.698448181152344)
4827_751,6459_20260101_109_0_10,109_0,1,38.6982307434082,-9.189399719238281,21,IN_TRANSIT_TO,2026-04-29 15:07:31,9507,4827,34-VR-15,POINT (-9.189399719238281 38.6982307434082)
4816_751,6495_20260101_109_0_9,109_0,1,38.714969635009766,-9.231679916381836,1,IN_TRANSIT_TO,2026-04-29 15:08:50,29367,4816,34-VR-17,POINT (-9.231679916381836 38.714969635009766)
2833_751,6490_20260101_109_0_16,109_0,1,38.7034797668457,-9.227299690246582,8,IN_TRANSIT_TO,2026-04-29 15:08:54,18403,2833,BF-65-FZ,POINT (-9.227299690246582 38.7034797668457)
2696_713,20157_20260101_122_0_11,122_0,0,38.73469924926758,-9.15291976928711,6,IN_TRANSIT_TO,2026-04-29 15:08:43,1413,2696,90-XF-63,POINT (-9.15291976928711 38.73469924926758)
2680_713,3576_20260101_122_0_13,122_0,0,38.73759841918945,-9.14365005493164,3,IN_TRANSIT_TO,2026-04-29 15:08:43,11118,2680,93-XA-36,POINT (-9.14365005493164 38.73759841918945)
2693_713,3621_20260101_122_0_13,122_0,0,38.707481384277344,-9.160200119018555,22,IN_TRANSIT_TO,2026-04-29 15:08:49,10007,2693,90-XF-46,POINT (-9.160200119018555 38.707481384277344)
2438_703,3162_20260101_165_0_12,165_0,0,38.74509811401367,-9.19972038269043,37,IN_TRANSIT_TO,2026-04-29 15:08:45,2804,2438,44-BC-29,POINT (-9.19972038269043 38.74509811401367)
2345_703,3170_20260101_165_0_13,165_0,0,38.77436828613281,-9.16211986541748,16,IN_TRANSIT_TO,2026-04-29 15:08:26,5950,2345,53-59-ZJ,POINT (-9.16211986541748 38.77436828613281)
2443_703,3173_20260101_165_0_11,165_0,0,38.759521484375,-9.179780006408691,29,IN_TRANSIT_TO,2026-04-29 15:08:29,12828,2443,29-AX-05,POINT (-9.179780006408691 38.759521484375)
2676_764,7142_20260101_168_0_14,168_0,0,38.74496841430664,-9.19950008392334,19,IN_TRANSIT_TO,2026-04-29 15:08:48,10818,2676,87-XB-40,POINT (-9.19950008392334 38.74496841430664)
2803_764,7151_20260101_168_0_12,168_0,0,38.746829986572266,-9.167869567871094,5,IN_TRANSIT_TO,2026-04-29 15:08:34,12704,2803,01-IH-92,POINT (-9.167869567871094 38.746829986572266)
2771_711,3522_20260101_101_0_2,101_0,0,38.71432113647461,-9.139200210571289,4,IN_TRANSIT_TO,2026-04-29 15:08:47,919,2771,AH-20-ND,POINT (-9.139200210571289 38.71432113647461)
2665_711,3517_20260101_101_0_11,101_0,0,38.724281311035156,-9.16117000579834,9,IN_TRANSIT_TO,2026-04-29 15:08:44,8501,2665,87-XB-33,POINT (-9.16117000579834 38.724281311035156)
5209_711,3512_20260101_101_0_9,101_0,0,38.74589920043945,-9.204219818115234,20,IN_TRANSIT_TO,2026-04-29 15:08:55,8811,5209,CA-81-BZ,POINT (-9.204219818115234 38.74589920043945)
2789_746,5977_20260101_108_0_17,108_0,0,38.745849609375,-9.18202018737793,14,IN_TRANSIT_TO,2026-04-29 15:08:48,10702,2789,AI-53-TL,POINT (-9.18202018737793 38.745849609375)
2790_746,5986_20260101_108_0_15,108_0,0,38.73955154418945,-9.166799545288086,8,IN_TRANSIT_TO,2026-04-29 15:08:51,1601,2790,AI-54-TL,POINT (-9.166799545288086 38.73955154418945)
2208_735,5275_20260101_172_0_10,172_0,1,38.70867919921875,-9.135129928588867,32,IN_TRANSIT_TO,2026-04-29 14:57:30,4502,2208,01-69-XO,POINT (-9.135129928588867 38.70867919921875)
2221_735,5191_20260101_172_0_10,172_0,1,38.74250030517578,-9.13683032989502,11,IN_TRANSIT_TO,2026-04-29 15:08:44,304,2221,07-95-XS,POINT (-9.13683032989502 38.74250030517578)
1779_735,5182_20260101_172_0_12,172_0,1,38.73176956176758,-9.12777042388916,16,IN_TRANSIT_TO,2026-04-29 15:08:52,502,1779,63-HX-20,POINT (-9.12777042388916 38.73176956176758)
2228_735,5271_20260101_172_1_10,172_1,1,38.72602081298828,-9.128479957580566,5,IN_TRANSIT_TO,2026-04-29 15:08:32,7006,2228,06-24-XX,POINT (-9.128479957580566 38.72602081298828)
580_18E,12182_20260101_78_0_20,78_0,1,38.703468322753906,-9.170769691467285,15,IN_TRANSIT_TO,2026-04-29 15:08:27,4001,580,,POINT (-9.170769691467285 38.703468322753906)
6003_706,3218_20260101_147_0_5,147_0,1,38.721649169921875,-9.11987018585205,5,IN_TRANSIT_TO,2026-04-29 15:08:55,9824,6003,82-ZC-02,POINT (-9.11987018585205 38.721649169921875)
6013_706,3267_20260101_147_0_13,147_0,1,38.73292922973633,-9.134320259094238,13,IN_TRANSIT_TO,2026-04-29 15:08:50,503,6013,68-ZF-53,POINT (-9.134320259094238 38.73292922973633)
2483_706,3266_20260101_147_0_11,147_0,1,38.71297836303711,-9.153079986572266,27,IN_TRANSIT_TO,2026-04-29 15:07:51,6704,2483,74-BC-66,POINT (-9.153079986572266 38.71297836303711)
407_22B,19420_20260101_236_0_20,236_0,0,38.7105712890625,-9.143449783325195,4,IN_TRANSIT_TO,2026-04-29 15:08:45,10512,407,BF-55-TT,POINT (-9.143449783325195 38.7105712890625)
2242_758,6770_20260101_150_0_12,150_0,1,38.70528030395508,-9.143449783325195,33,IN_TRANSIT_TO,2026-04-29 15:08:45,3826,2242,22-42-ZB,POINT (-9.143449783325195 38.70528030395508)
2266_758,6793_20260101_150_0_12,150_0,1,38.717620849609375,-9.151049613952637,27,IN_TRANSIT_TO,2026-04-29 15:08:40,10608,2266,76-92-ZG,POINT (-9.151049613952637 38.717620849609375)
2284_758,6815_20260101_150_0_12,150_0,1,38.7204704284668,-9.155579566955566,25,IN_TRANSIT_TO,2026-04-29 15:08:39,6813,2284,67-36-ZJ,POINT (-9.155579566955566 38.7204704284668)
2253_758,6853_20260101_150_0_10,150_0,1,38.750099182128906,-9.19534969329834,5,IN_TRANSIT_TO,2026-04-29 15:08:38,10905,2253,80-52-ZE,POINT (-9.19534969329834 38.750099182128906)
2258_758,6848_20260101_150_0_12,150_0,1,38.74842834472656,-9.192680358886719,7,IN_TRANSIT_TO,2026-04-29 15:07:54,10803,2258,53-58-ZJ,POINT (-9.192680358886719 38.74842834472656)
2611_781,7762_20260101_151_0_12,151_0,1,38.73537826538086,-9.103879928588867,22,IN_TRANSIT_TO,2026-04-29 15:08:41,12512,2611,66-VI-38,POINT (-9.103879928588867 38.73537826538086)
2620_781,57699_20260101_151_0_12,151_0,1,38.7648811340332,-9.109720230102539,13,IN_TRANSIT_TO,2026-04-29 15:08:56,7718,2620,66-VI-33,POINT (-9.109720230102539 38.7648811340332)
2700_714,3684_20260101_102_0_2,102_0,1,38.71696853637695,-9.213000297546387,11,IN_TRANSIT_TO,2026-04-29 15:08:55,10401,2700,92-XQ-26,POINT (-9.213000297546387 38.71696853637695)
2710_714,3671_20260101_102_0_12,102_0,1,38.704349517822266,-9.20718002319336,18,IN_TRANSIT_TO,2026-04-29 15:08:45,13105,2710,92-XQ-19,POINT (-9.20718002319336 38.704349517822266)
2692_714,3662_20260101_102_0_4,102_0,1,38.7067985534668,-9.175049781799316,28,IN_TRANSIT_TO,2026-04-29 15:08:47,12105,2692,90-XF-62,POINT (-9.175049781799316 38.7067985534668)
2671_714,3640_20260101_102_0_12,102_0,1,38.70624923706055,-9.173430442810059,28,IN_TRANSIT_TO,2026-04-29 15:08:49,12105,2671,87-XB-43,POINT (-9.173430442810059 38.70624923706055)
2663_714,3697_20240914_102_0_16,102_0,1,38.72127151489258,-9.221500396728516,4,IN_TRANSIT_TO,2024-10-22 20:26:58,18703,2663,05-VZ-62,POINT (-9.221500396728516 38.72127151489258)
2311_712,3557_20260101_189_0_13,189_0,0,38.72528076171875,-9.1522798538208,18,IN_TRANSIT_TO,2026-04-29 15:08:44,1209,2311,72-23-XN,POINT (-9.1522798538208 38.72528076171875)
2336_712,3565_20260101_189_0_13,189_0,0,38.7205810546875,-9.127019882202148,7,IN_TRANSIT_TO,2026-04-29 15:08:34,9117,2336,53-63-ZJ,POINT (-9.127019882202148 38.7205810546875)
4611_750,6401_20260101_106_0_10,106_0,0,38.757598876953125,-9.163729667663574,17,IN_TRANSIT_TO,2026-04-29 15:08:45,5802,4611,96-GL-88,POINT (-9.163729667663574 38.757598876953125)
4607_750,6413_20260101_106_0_8,106_0,0,38.76007843017578,-9.117079734802246,8,IN_TRANSIT_TO,2026-04-29 15:08:41,8408,4607,96-GL-84,POINT (-9.117079734802246 38.76007843017578)
4606_750,6372_20260101_106_0_9,106_0,0,38.719329833984375,-9.216819763183594,33,IN_TRANSIT_TO,2026-04-29 15:08:31,18111,4606,96-GL-83,POINT (-9.216819763183594 38.719329833984375)
4613_750,6390_20260101_106_0_10,106_0,0,38.7578010559082,-9.175379753112793,19,IN_TRANSIT_TO,2026-04-29 15:08:37,12805,4613,22-GP-48,POINT (-9.175379753112793 38.7578010559082)
2675_723,4149_20260101_121_0_10,121_0,0,38.726051330566406,-9.144880294799805,4,IN_TRANSIT_TO,2026-04-29 15:08:10,6603,2675,87-XB-35,POINT (-9.144880294799805 38.726051330566406)
2687_723,4187_20260101_121_0_10,121_0,0,38.69578170776367,-9.21852970123291,28,IN_TRANSIT_TO,2026-04-29 15:08:55,50385,2687,93-XA-44,POINT (-9.21852970123291 38.69578170776367)
2815_723,63530_20260101_121_0_10,121_0,0,38.71173095703125,-9.214719772338867,22,IN_TRANSIT_TO,2026-04-29 15:08:48,10404,2815,90-II-55,POINT (-9.214719772338867 38.71173095703125)
2812_723,4136_20260101_121_0_11,121_0,0,38.724830627441406,-9.183019638061523,10,IN_TRANSIT_TO,2026-04-29 15:08:51,8607,2812,90-II-61,POINT (-9.183019638061523 38.724830627441406)
2973_79B,18671_20260101_221_0_10,221_0,0,38.70912170410156,-9.211979866027832,26,IN_TRANSIT_TO,2026-04-29 15:08:42,12403,2973,30-VM-13,POINT (-9.211979866027832 38.70912170410156)
266_79B,18661_20260101_221_0_11,221_0,0,38.695350646972656,-9.212180137634277,7,IN_TRANSIT_TO,2026-04-29 15:08:55,50385,266,AH-55-CZ,POINT (-9.212180137634277 38.695350646972656)
2405_729,4810_20260101_104_0_9,104_0,0,38.74440002441406,-9.19672966003418,18,IN_TRANSIT_TO,2026-04-29 15:08:49,2805,2405,50-AL-10,POINT (-9.19672966003418 38.74440002441406)
2467_729,4801_20260101_104_0_10,104_0,0,38.70198059082031,-9.19968032836914,32,IN_TRANSIT_TO,2026-04-29 15:08:34,13307,2467,16-AZ-14,POINT (-9.19968032836914 38.70198059082031)
2419_729,4788_20260101_104_0_10,104_0,0,38.697120666503906,-9.22206974029541,38,IN_TRANSIT_TO,2026-04-29 15:08:37,13204,2419,92-AO-55,POINT (-9.22206974029541 38.697120666503906)
2473_729,4817_20260101_104_0_10,104_0,0,38.75279998779297,-9.189249992370605,10,IN_TRANSIT_TO,2026-04-29 15:08:29,50241,2473,74-BC-68,POINT (-9.189249992370605 38.75279998779297)
6001_729,4820_20260101_104_0_9,104_0,0,38.76517105102539,-9.19890022277832,6,IN_TRANSIT_TO,2026-04-29 15:08:44,13909,6001,99-XU-70,POINT (-9.19890022277832 38.76517105102539)
607_15E,11254_20260101_76_0_9,76_0,0,38.70869827270508,-9.136019706726074,16,IN_TRANSIT_TO,2026-04-29 15:08:37,4112,607,IA-30-13,POINT (-9.136019706726074 38.70869827270508)
609_15E,11228_20260101_76_0_13,76_0,0,38.70634841918945,-9.14723014831543,4,IN_TRANSIT_TO,2026-04-29 15:08:45,3802,609,,POINT (-9.14723014831543 38.70634841918945)
611_15E,11186_20260101_76_0_11,76_0,0,38.69810104370117,-9.224419593811035,20,IN_TRANSIT_TO,2026-04-29 15:08:49,13204,611,,POINT (-9.224419593811035 38.69810104370117)
605_15E,11303_20260101_76_0_11,76_0,0,38.706478118896484,-9.151619911193848,5,IN_TRANSIT_TO,2026-04-29 15:08:26,7102,605,,POINT (-9.151619911193848 38.706478118896484)
269_776,7489_20260101_193_0_37,193_0,1,38.699581146240234,-9.23822021484375,8,IN_TRANSIT_TO,2026-04-29 15:08:47,14905,269,AG-25-NH,POINT (-9.23822021484375 38.699581146240234)
413_10B,21749_20260101_242_0_19,242_0,0,38.714298248291016,-9.130800247192383,7,IN_TRANSIT_TO,2026-04-29 15:08:43,50522,413,BF-41-TS,POINT (-9.130800247192383 38.714298248291016)
2205_794,8101_20260101_115_0_12,115_0,1,38.75593185424805,-9.11316967010498,9,IN_TRANSIT_TO,2026-04-29 15:08:50,24368,2205,01-71-XO,POINT (-9.11316967010498 38.75593185424805)
6012_778,18640_20260101_179_0_20,179_0,1,38.76387023925781,-9.159250259399414,23,IN_TRANSIT_TO,2026-04-29 15:08:56,5824,6012,67-ZF-26,POINT (-9.159250259399414 38.76387023925781)
4640_796,8144_20260101_174_0_28,174_0,1,38.7611198425293,-9.15725040435791,16,IN_TRANSIT_TO,2026-04-29 15:08:42,5808,4640,02-JN-87,POINT (-9.15725040435791 38.7611198425293)
4629_796,8152_20260101_174_0_24,174_0,1,38.77547073364258,-9.162879943847656,11,IN_TRANSIT_TO,2026-04-29 15:08:33,5908,4629,11-JM-77,POINT (-9.162879943847656 38.77547073364258)
2490_747,6110_20260101_177_0_17,177_0,1,38.76502990722656,-9.178179740905762,12,IN_TRANSIT_TO,2026-04-29 15:08:50,12833,2490,55-BH-01,POINT (-9.178179740905762 38.76502990722656)
2230_747,6101_20260101_177_0_16,177_0,1,38.76057052612305,-9.169219970703125,14,IN_TRANSIT_TO,2026-04-29 15:08:33,50010,2230,06-36-XX,POINT (-9.169219970703125 38.76057052612305)
1709_701,2979_20260101_123_0_15,123_0,1,38.747230529785156,-9.156869888305664,23,IN_TRANSIT_TO,2026-04-29 15:08:29,13509,1709,69-AL-72,POINT (-9.156869888305664 38.747230529785156)
1722_701,2987_20260101_123_0_17,123_0,1,38.750831604003906,-9.17317008972168,15,IN_TRANSIT_TO,2026-04-29 15:08:49,12711,1722,25-AS-34,POINT (-9.17317008972168 38.750831604003906)
1707_701,2939_20260101_123_0_17,123_0,1,38.719581604003906,-9.1696195602417,3,IN_TRANSIT_TO,2026-04-29 15:08:41,8014,1707,69-AL-70,POINT (-9.1696195602417 38.719581604003906)
2408_703,3100_20260101_165_0_11,165_0,1,38.782020568847656,-9.147529602050781,33,IN_TRANSIT_TO,2026-04-29 15:08:52,6018,2408,50-AL-08,POINT (-9.147529602050781 38.782020568847656)
2451_703,3124_20260101_165_0_12,165_0,1,38.773681640625,-9.17002010345459,23,IN_TRANSIT_TO,2026-04-29 15:08:30,5919,2451,75-AQ-16,POINT (-9.17002010345459 38.773681640625)
2401_703,3135_20260101_165_0_12,165_0,1,38.76409912109375,-9.180950164794922,15,IN_TRANSIT_TO,2026-04-29 15:08:54,12834,2401,50-AL-14,POINT (-9.180950164794922 38.76409912109375)
2447_703,3158_20260101_165_0_12,165_0,1,38.744781494140625,-9.198030471801758,4,IN_TRANSIT_TO,2026-04-29 15:08:57,2812,2447,44-BC-33,POINT (-9.198030471801758 38.744781494140625)
2468_703,3149_20260101_165_0_10,165_0,1,38.75288009643555,-9.188119888305664,9,IN_TRANSIT_TO,2026-04-29 15:08:49,10813,2468,16-AZ-10,POINT (-9.188119888305664 38.75288009643555)
544_24E,17832_20260101_213_0_22,213_0,0,38.727481842041016,-9.161450386047363,11,IN_TRANSIT_TO,2026-04-29 15:08:43,6129,544,,POINT (-9.161450386047363 38.727481842041016)
560_24E,17832_20260101_213_0_24,213_0,0,38.72684860229492,-9.162300109863281,11,IN_TRANSIT_TO,2026-04-16 15:34:41,6129,560,,POINT (-9.162300109863281 38.72684860229492)
230_773,7408_20260101_124_0_22,124_0,1,38.71363067626953,-9.1599702835083,12,IN_TRANSIT_TO,2026-04-29 15:08:34,8111,230,13-33-XZ,POINT (-9.1599702835083 38.71363067626953)
228_773,7398_20260101_124_0_19,124_0,1,38.71921920776367,-9.153570175170898,24,IN_TRANSIT_TO,2026-04-29 15:08:29,10607,228,84-39-XQ,POINT (-9.153570175170898 38.71921920776367)
2963_774,7467_20260101_192_0_19,192_0,0,38.71467971801758,-9.169919967651367,0,IN_TRANSIT_TO,2026-04-29 15:08:41,,2963,29-VM-88,POINT (-9.169919967651367 38.71467971801758)
2974_774,7457_20260101_192_0_23,192_0,0,38.72766876220703,-9.142680168151855,12,IN_TRANSIT_TO,2026-04-29 15:08:56,6609,2974,30-VM-22,POINT (-9.142680168151855 38.72766876220703)
6040_760,7081_20260101_171_0_12,171_0,1,38.71099853515625,-9.205670356750488,1,IN_TRANSIT_TO,2026-04-29 15:08:55,50137,6040,BG-46-LT,POINT (-9.205670356750488 38.71099853515625)
6025_760,7061_20260101_171_0_10,171_0,1,38.70415115356445,-9.173749923706055,25,IN_TRANSIT_TO,2026-04-29 15:08:49,4001,6025,BF-92-AX,POINT (-9.173749923706055 38.70415115356445)
6026_760,7044_20260101_171_0_6,171_0,1,38.7117805480957,-9.135720252990723,32,IN_TRANSIT_TO,2026-04-29 15:08:51,5519,6026,BF-39-BB,POINT (-9.135720252990723 38.7117805480957)
6035_760,7066_20260101_171_0_9,171_0,1,38.70634841918945,-9.199170112609863,15,IN_TRANSIT_TO,2026-04-29 15:08:50,10301,6035,BG-76-LX,POINT (-9.199170112609863 38.70634841918945)
6023_760,7022_20260101_171_0_9,171_0,1,38.72391891479492,-9.139829635620117,38,IN_TRANSIT_TO,2026-04-29 15:08:52,9213,6023,BF-03-BD,POINT (-9.139829635620117 38.72391891479492)
2658_725,4255_20260101_197_0_24,197_0,1,38.7735481262207,-9.10474967956543,10,IN_TRANSIT_TO,2026-04-29 15:08:47,12316,2658,05-VZ-71,POINT (-9.10474967956543 38.7735481262207)
4618_750,6283_20260101_106_0_2,106_0,1,38.75893020629883,-9.156530380249023,24,IN_TRANSIT_TO,2026-04-29 15:08:51,5801,4618,22-GP-52,POINT (-9.156530380249023 38.75893020629883)
4616_750,6290_20260101_106_0_10,106_0,1,38.758121490478516,-9.159350395202637,24,IN_TRANSIT_TO,2026-04-29 15:08:36,5801,4616,22-GP-50,POINT (-9.159350395202637 38.758121490478516)
4620_750,6335_20260101_106_0_10,106_0,1,38.701148986816406,-9.227179527282715,2,IN_TRANSIT_TO,2026-04-29 15:08:29,4202,4620,22-GP-54,POINT (-9.227179527282715 38.701148986816406)
4608_750,6326_20260101_106_0_2,106_0,1,38.74148178100586,-9.202750205993652,10,IN_TRANSIT_TO,2026-04-29 15:08:52,8835,4608,96-GL-85,POINT (-9.202750205993652 38.74148178100586)
1741_794,8035_20260101_115_0_5,115_0,0,38.75551986694336,-9.102950096130371,33,IN_TRANSIT_TO,2026-04-29 10:54:44,2319,1741,08-HN-24,POINT (-9.102950096130371 38.75551986694336)
1719_794,8043_20260101_115_0_12,115_0,0,38.75389862060547,-9.125900268554688,20,IN_TRANSIT_TO,2026-04-29 15:08:49,14723,1719,25-AS-31,POINT (-9.125900268554688 38.75389862060547)
2305_794,8067_20260101_115_0_12,115_0,0,38.72195053100586,-9.114080429077148,4,IN_TRANSIT_TO,2026-04-29 15:08:50,2127,2305,83-18-ZM,POINT (-9.114080429077148 38.72195053100586)
2624_705,3186_20260101_176_0_14,176_0,1,38.7700309753418,-9.125550270080566,10,IN_TRANSIT_TO,2026-04-29 15:08:43,7603,2624,72-VP-82,POINT (-9.125550270080566 38.7700309753418)
2606_759,6973_20260101_144_0_11,144_0,0,38.7578010559082,-9.112649917602539,26,IN_TRANSIT_TO,2026-04-29 15:08:44,24377,2606,66-VI-40,POINT (-9.112649917602539 38.7578010559082)
2641_759,6981_20260101_144_0_11,144_0,0,38.72243118286133,-9.115850448608398,10,IN_TRANSIT_TO,2026-04-29 15:08:56,9813,2641,75-VS-49,POINT (-9.115850448608398 38.72243118286133)
2655_759,6987_20260101_144_0_11,144_0,0,38.708431243896484,-9.13107967376709,5,IN_TRANSIT_TO,2026-04-29 15:08:48,4501,2655,05-VZ-67,POINT (-9.13107967376709 38.708431243896484)
2722_744,5849_20260101_200_0_10,200_0,0,38.715599060058594,-9.141280174255371,0,IN_TRANSIT_TO,2026-04-29 15:08:41,,2722,92-XQ-36,POINT (-9.141280174255371 38.715599060058594)
2608_744,5830_20260101_200_0_9,200_0,0,38.76832962036133,-9.098649978637695,25,IN_TRANSIT_TO,2026-04-29 15:08:45,7805,2608,66-VI-39,POINT (-9.098649978637695 38.76832962036133)
2648_744,5838_20260101_200_0_11,200_0,0,38.762420654296875,-9.130149841308594,17,IN_TRANSIT_TO,2026-04-29 15:08:57,7513,2648,75-VS-46,POINT (-9.130149841308594 38.762420654296875)
1712_701,2960_20260101_123_0_12,123_0,0,38.761680603027344,-9.15427017211914,1,IN_TRANSIT_TO,2026-04-29 15:08:41,5829,1712,69-AL-75,POINT (-9.15427017211914 38.761680603027344)
1703_701,2967_20260101_123_0_10,123_0,0,38.74745178222656,-9.154629707336426,7,IN_TRANSIT_TO,2026-04-29 15:08:39,2009,1703,35-AL-13,POINT (-9.154629707336426 38.74745178222656)
264_65B,35087_20260101_250_0_16,250_0,0,38.71931838989258,-9.164230346679688,5,IN_TRANSIT_TO,2026-04-29 15:08:49,50483,264,AG-42-OV,POINT (-9.164230346679688 38.71931838989258)
2991_774,7430_20260101_192_0_24,192_0,1,38.72140121459961,-9.163570404052734,10,IN_TRANSIT_TO,2026-04-29 15:08:48,8519,2991,29-VM-89,POINT (-9.163570404052734 38.72140121459961)
2962_774,7437_20260101_192_0_20,192_0,1,38.726200103759766,-9.145429611206055,3,IN_TRANSIT_TO,2026-04-29 15:08:51,6610,2962,30-VM-07,POINT (-9.145429611206055 38.726200103759766)
2684_709,3412_20260101_148_0_20,148_0,0,38.719730377197266,-9.155830383300781,7,IN_TRANSIT_TO,2026-04-29 15:08:53,6810,2684,99-XE-59,POINT (-9.155830383300781 38.719730377197266)
2690_754,6622_20260101_201_0_11,201_0,0,38.744930267333984,-9.197870254516602,18,IN_TRANSIT_TO,2026-04-29 15:08:48,10818,2690,99-XE-57,POINT (-9.197870254516602 38.744930267333984)
2969_730,4967_20260101_198_0_15,198_0,1,38.721580505371094,-9.129799842834473,10,IN_TRANSIT_TO,2026-04-29 15:08:51,602,2969,30-VM-09,POINT (-9.129799842834473 38.721580505371094)
307_720,4087_20260101_143_0_14,143_0,1,38.70441818237305,-9.176079750061035,5,IN_TRANSIT_TO,2026-04-29 15:08:45,12101,307,73-ST-82,POINT (-9.176079750061035 38.70441818237305)
2770_720,4086_20260101_143_0_13,143_0,1,38.720001220703125,-9.15464973449707,14,IN_TRANSIT_TO,2026-04-29 15:08:45,6805,2770,AH-30-ND,POINT (-9.15464973449707 38.720001220703125)
308_720,4066_20260101_143_0_12,143_0,1,38.73871994018555,-9.12024974822998,32,IN_TRANSIT_TO,2026-04-29 15:08:54,8907,308,68-SX-55,POINT (-9.12024974822998 38.73871994018555)
2752_756,6748_20260101_175_0_17,175_0,1,38.7377815246582,-9.127079963684082,21,IN_TRANSIT_TO,2026-04-29 15:08:50,9006,2752,AG-18-TH,POINT (-9.127079963684082 38.7377815246582)
2765_756,6757_20260101_175_0_15,175_0,1,38.73981857299805,-9.151200294494629,13,IN_TRANSIT_TO,2026-04-29 15:08:47,33101,2765,AH-37-ND,POINT (-9.151200294494629 38.73981857299805)
2756_756,6761_20260101_175_0_17,175_0,1,38.70537185668945,-9.176420211791992,2,IN_TRANSIT_TO,2026-04-29 15:08:49,12107,2756,AH-27-ND,POINT (-9.176420211791992 38.70537185668945)
2464_767,7267_20260101_112_0_2,112_0,1,38.750450134277344,-9.222100257873535,0,IN_TRANSIT_TO,2026-04-29 15:08:32,,2464,91-BE-71,POINT (-9.222100257873535 38.750450134277344)
2403_767,7250_20260101_112_0_9,112_0,1,38.75519943237305,-9.198980331420898,11,IN_TRANSIT_TO,2026-04-29 15:08:24,13705,2403,50-AL-12,POINT (-9.198980331420898 38.75519943237305)
2241_767,7228_20260101_112_0_8,112_0,1,38.749820709228516,-9.194379806518555,15,IN_TRANSIT_TO,2026-04-29 15:08:41,10835,2241,22-37-ZB,POINT (-9.194379806518555 38.749820709228516)
2466_767,7206_20260101_112_0_2,112_0,1,38.76060104370117,-9.1668701171875,25,IN_TRANSIT_TO,2026-04-29 15:08:40,50006,2466,16-AZ-16,POINT (-9.1668701171875 38.76060104370117)
2274_767,7223_20260101_112_0_8,112_0,1,38.755401611328125,-9.185779571533203,17,IN_TRANSIT_TO,2026-04-29 15:08:36,10813,2274,76-79-ZG,POINT (-9.185779571533203 38.755401611328125)
2417_767,7201_20260101_112_0_8,112_0,1,38.747398376464844,-9.141030311584473,35,IN_TRANSIT_TO,2026-04-29 15:08:45,202,2417,50-AL-06,POINT (-9.141030311584473 38.747398376464844)
2238_767,7184_20260101_112_0_8,112_0,1,38.73918151855469,-9.137470245361328,37,IN_TRANSIT_TO,2026-04-29 15:08:38,6408,2238,06-29-XX,POINT (-9.137470245361328 38.73918151855469)
2773_723,4186_20260101_121_0_12,121_0,1,38.69765090942383,-9.22301959991455,2,IN_TRANSIT_TO,2026-04-29 15:08:52,4209,2773,AH-39-ND,POINT (-9.22301959991455 38.69765090942383)
2294_723,4182_20260101_121_0_12,121_0,1,38.71792984008789,-9.20930004119873,13,IN_TRANSIT_TO,2026-04-29 15:08:58,10406,2294,92-52-ZM,POINT (-9.20930004119873 38.71792984008789)
2682_723,4177_20260101_121_0_2,121_0,1,38.72439956665039,-9.159449577331543,27,IN_TRANSIT_TO,2026-04-29 15:08:57,8502,2682,93-XA-42,POINT (-9.159449577331543 38.72439956665039)
2310_723,4176_20260101_121_0_10,121_0,1,38.72352981567383,-9.16415023803711,26,IN_TRANSIT_TO,2026-04-29 15:08:37,8608,2310,83-07-ZM,POINT (-9.16415023803711 38.72352981567383)
406_19B,21687_20260101_245_0_10,245_0,0,38.71577835083008,-9.142129898071289,19,IN_TRANSIT_TO,2026-04-29 15:08:43,50686,406,BF-93-TB,POINT (-9.142129898071289 38.71577835083008)
2738_756,6713_20260101_175_0_16,175_0,0,38.71595001220703,-9.175749778747559,20,IN_TRANSIT_TO,2026-04-29 15:08:51,11904,2738,AG-46-EI,POINT (-9.175749778747559 38.71595001220703)
2746_756,6730_20260101_175_0_15,175_0,0,38.74114990234375,-9.147500038146973,10,IN_TRANSIT_TO,2026-04-29 15:08:50,1904,2746,AG-97-TG,POINT (-9.147500038146973 38.74114990234375)
2834_728,4722_20260101_204_4_8,204_4,1,38.69636917114258,-9.198479652404785,15,IN_TRANSIT_TO,2026-04-29 15:08:50,4102,2834,BF-76-FZ,POINT (-9.198479652404785 38.69636917114258)
1705_742,5788_20260101_114_0_8,114_0,0,38.73630142211914,-9.152119636535645,24,IN_TRANSIT_TO,2026-04-29 15:08:34,1409,1705,69-AL-68,POINT (-9.152119636535645 38.73630142211914)
2301_742,5783_20260101_114_0_9,114_0,0,38.72624969482422,-9.16232967376709,29,IN_TRANSIT_TO,2026-04-29 15:08:36,6113,2301,83-12-ZM,POINT (-9.16232967376709 38.72624969482422)
2740_742,5782_20260101_114_0_7,114_0,0,38.714969635009766,-9.17378044128418,34,IN_TRANSIT_TO,2026-04-29 15:08:51,9301,2740,AG-43-EI,POINT (-9.17378044128418 38.714969635009766)
2735_742,5777_20260101_114_0_8,114_0,0,38.70233154296875,-9.180749893188477,40,IN_TRANSIT_TO,2026-04-29 15:08:51,12121,2735,AG-37-EI,POINT (-9.180749893188477 38.70233154296875)
2304_742,5776_20260101_114_0_10,114_0,0,38.71255111694336,-9.195449829101562,57,IN_TRANSIT_TO,2026-04-29 15:08:44,50140,2304,83-10-ZM,POINT (-9.195449829101562 38.71255111694336)
1773_742,5769_20260101_114_0_8,114_0,0,38.71078109741211,-9.193449974060059,55,IN_TRANSIT_TO,2026-04-29 15:08:28,10307,1773,53-HX-06,POINT (-9.193449974060059 38.71078109741211)
2206_742,5666_20260101_114_0_9,114_0,0,38.7263298034668,-9.118820190429688,11,IN_TRANSIT_TO,2026-04-29 15:08:51,9802,2206,01-67-XO,POINT (-9.118820190429688 38.7263298034668)
6029_732,5085_20260101_107_0_10,107_0,0,38.715370178222656,-9.141579627990723,15,IN_TRANSIT_TO,2026-04-29 15:08:42,1006,6029,BF-52-AX,POINT (-9.141579627990723 38.715370178222656)
2425_732,5080_20260101_107_0_7,107_0,0,38.706180572509766,-9.155980110168457,22,IN_TRANSIT_TO,2026-04-29 15:08:50,3902,2425,29-AU-20,POINT (-9.155980110168457 38.706180572509766)
2430_732,5088_20260101_107_0_6,107_0,0,38.73596954345703,-9.145500183105469,7,IN_TRANSIT_TO,2026-04-29 15:08:54,1814,2430,29-AX-12,POINT (-9.145500183105469 38.73596954345703)
6047_732,5076_20260101_107_0_7,107_0,0,38.70927047729492,-9.20835018157959,40,IN_TRANSIT_TO,2026-04-29 15:08:54,13104,6047,BH-20-IP,POINT (-9.20835018157959 38.70927047729492)
577_24E,17842_20260101_213_0_25,213_0,1,38.71417999267578,-9.14408016204834,9,IN_TRANSIT_TO,2026-04-29 15:08:45,10602,577,,POINT (-9.14408016204834 38.71417999267578)
545_12E,11035_20260101_77_0_14,77_0,0,38.71541976928711,-9.131999969482422,4,IN_TRANSIT_TO,2026-04-29 15:08:49,13822,545,,POINT (-9.131999969482422 38.71541976928711)
2233_799,8222_20260101_120_0_17,120_0,1,38.73659896850586,-9.216050148010254,10,IN_TRANSIT_TO,2026-04-29 15:08:29,18107,2233,06-38-XX,POINT (-9.216050148010254 38.73659896850586)
2347_763,46424_20260101_282_0_17,282_0,0,38.77796936035156,-9.164429664611816,6,IN_TRANSIT_TO,2026-04-29 15:08:48,5912,2347,53-61-ZJ,POINT (-9.164429664611816 38.77796936035156)
2406_778,7529_20260101_179_0_19,179_0,0,38.766578674316406,-9.184000015258789,20,IN_TRANSIT_TO,2026-04-29 15:08:53,50360,2406,50-AL-09,POINT (-9.184000015258789 38.766578674316406)
2987_765,18944_20260101_110_0_38,110_0,1,38.754451751708984,-9.19591999053955,8,IN_TRANSIT_TO,2026-04-29 15:08:54,10909,2987,29-VM-99,POINT (-9.19591999053955 38.754451751708984)
2244_716,3734_20260101_164_0_11,164_0,0,38.74987030029297,-9.203049659729004,0,IN_TRANSIT_TO,2026-04-29 15:08:30,,2244,22-44-ZB,POINT (-9.203049659729004 38.74987030029297)
2455_716,3753_20260101_164_0_17,164_0,0,38.73659896850586,-9.133500099182129,0,IN_TRANSIT_TO,2026-04-29 15:08:54,,2455,16-AZ-12,POINT (-9.133500099182129 38.73659896850586)
2412_716,3744_20260101_164_0_15,164_0,0,38.74882125854492,-9.191120147705078,20,IN_TRANSIT_TO,2026-04-29 15:08:52,10814,2412,92-AO-48,POINT (-9.191120147705078 38.74882125854492)
2442_716,3747_20260101_164_0_17,164_0,0,38.73857116699219,-9.157219886779785,8,IN_TRANSIT_TO,2026-04-29 15:08:54,1503,2442,29-AX-06,POINT (-9.157219886779785 38.73857116699219)
2251_758,6889_20260101_150_0_13,150_0,0,38.717430114746094,-9.15032958984375,6,IN_TRANSIT_TO,2026-04-29 15:08:27,10605,2251,22-31-ZB,POINT (-9.15032958984375 38.717430114746094)
2257_758,6885_20260101_150_0_13,150_0,0,38.71979904174805,-9.154029846191406,7,IN_TRANSIT_TO,2026-04-29 15:08:35,10607,2257,80-50-ZE,POINT (-9.154029846191406 38.71979904174805)
2270_758,6877_20260101_150_0_11,150_0,0,38.74774932861328,-9.190719604492188,25,IN_TRANSIT_TO,2026-04-29 15:08:43,10826,2270,76-82-ZG,POINT (-9.190719604492188 38.74774932861328)
2265_758,6869_20260101_150_0_13,150_0,0,38.73698043823242,-9.166850090026855,16,IN_TRANSIT_TO,2026-04-29 15:08:54,2711,2265,76-91-ZG,POINT (-9.166850090026855 38.73698043823242)
2254_758,6868_20260101_150_0_11,150_0,0,38.74895095825195,-9.191049575805664,26,IN_TRANSIT_TO,2026-04-29 15:08:40,10814,2254,80-51-ZE,POINT (-9.191049575805664 38.74895095825195)
2990_765,7176_20260101_110_0_37,110_0,0,38.75632095336914,-9.200300216674805,5,IN_TRANSIT_TO,2026-04-29 15:08:53,13706,2990,30-VM-06,POINT (-9.200300216674805 38.75632095336914)
2972_45B,49563_20260101_277_0_2,277_0,1,38.768798828125,-9.168230056762695,2,IN_TRANSIT_TO,2026-04-29 15:08:49,5953,2972,29-VM-96,POINT (-9.168230056762695 38.768798828125)
2986_45B,49562_20260101_277_0_14,277_0,1,38.774478912353516,-9.14937973022461,26,IN_TRANSIT_TO,2026-04-29 15:08:47,11507,2986,30-VM-12,POINT (-9.14937973022461 38.774478912353516)
209_41B,19385_20260101_232_0_20,232_0,1,38.775821685791016,-9.150230407714844,13,IN_TRANSIT_TO,2026-04-29 15:08:40,50444,209,33-46-XH,POINT (-9.150230407714844 38.775821685791016)
1714_796,8127_20260101_174_0_27,174_0,0,38.790470123291016,-9.15077018737793,13,IN_TRANSIT_TO,2026-04-29 15:08:50,50276,1714,69-AL-77,POINT (-9.15077018737793 38.790470123291016)
4626_796,8140_20260101_174_0_29,174_0,0,38.772098541259766,-9.160699844360352,4,IN_TRANSIT_TO,2026-04-29 15:08:37,5903,4626,90-JI-93,POINT (-9.160699844360352 38.772098541259766)
2670_738,5535_20260101_117_0_10,117_0,0,38.74797058105469,-9.148579597473145,13,IN_TRANSIT_TO,2026-04-29 15:08:52,2006,2670,87-XB-32,POINT (-9.148579597473145 38.74797058105469)
2796_738,5550_20260101_117_0_11,117_0,0,38.750030517578125,-9.159700393676758,0,IN_TRANSIT_TO,2026-04-29 15:08:49,,2796,AJ-59-LI,POINT (-9.159700393676758 38.750030517578125)
2290_724,4204_20260101_178_0_18,178_0,1,38.756568908691406,-9.20343017578125,4,IN_TRANSIT_TO,2026-04-29 15:08:30,13712,2290,92-55-ZM,POINT (-9.20343017578125 38.756568908691406)
2291_724,4191_20260101_178_0_16,178_0,1,38.74195098876953,-9.200349807739258,14,IN_TRANSIT_TO,2026-04-29 15:08:33,2810,2291,92-56-ZM,POINT (-9.200349807739258 38.74195098876953)
4820_728,4714_20260101_204_0_9,204_0,1,38.77791976928711,-9.103580474853516,4,IN_TRANSIT_TO,2026-04-29 15:08:54,7904,4820,20-VQ-62,POINT (-9.103580474853516 38.77791976928711)
2829_728,4698_20260101_204_0_7,204_0,1,38.71358108520508,-9.122650146484375,29,IN_TRANSIT_TO,2026-04-29 15:08:52,2114,2829,BF-58-FZ,POINT (-9.122650146484375 38.71358108520508)
4803_728,4706_20260101_204_0_9,204_0,1,38.75122833251953,-9.096050262451172,15,IN_TRANSIT_TO,2026-04-29 15:08:56,2307,4803,77-VP-16,POINT (-9.096050262451172 38.75122833251953)
4601_728,4681_20260101_204_0_9,204_0,1,38.702980041503906,-9.173480033874512,40,IN_TRANSIT_TO,2026-04-29 15:08:50,4002,4601,96-GL-79,POINT (-9.173480033874512 38.702980041503906)
4604_728,4661_20260101_204_0_7,204_0,1,38.70882034301758,-9.21207046508789,50,IN_TRANSIT_TO,2026-04-29 15:08:36,12406,4604,96-GL-82,POINT (-9.21207046508789 38.70882034301758)
2706_727,4536_20260101_103_0_8,103_0,0,38.700279235839844,-9.203149795532227,38,IN_TRANSIT_TO,2026-04-29 15:08:49,9602,2706,92-XQ-46,POINT (-9.203149795532227 38.700279235839844)
2201_727,4537_20260101_103_0_8,103_0,0,38.69742965698242,-9.198269844055176,35,IN_TRANSIT_TO,2026-04-29 15:07:50,4114,2201,72-15-XN,POINT (-9.198269844055176 38.69742965698242)
5214_727,4552_20260101_103_0_9,103_0,0,38.72623062133789,-9.149700164794922,13,IN_TRANSIT_TO,2026-04-29 15:08:43,1206,5214,CB-83-RU,POINT (-9.149700164794922 38.72623062133789)
2813_727,4553_20260101_103_0_9,103_0,0,38.74671936035156,-9.148200035095215,6,IN_TRANSIT_TO,2026-04-29 15:08:41,2004,2813,90-II-53,POINT (-9.148200035095215 38.74671936035156)
2298_755,6694_20260101_118_0_13,118_0,1,38.75661849975586,-9.121350288391113,23,IN_TRANSIT_TO,2026-04-29 15:08:44,14704,2298,83-05-ZM,POINT (-9.121350288391113 38.75661849975586)
2714_755,6706_20260101_118_0_8,118_0,1,38.752498626708984,-9.157429695129395,6,IN_TRANSIT_TO,2026-04-29 15:08:56,13510,2714,92-XQ-38,POINT (-9.157429695129395 38.752498626708984)
1766_755,6702_20260101_118_0_13,118_0,1,38.7540283203125,-9.144530296325684,10,IN_TRANSIT_TO,2026-04-29 15:08:56,104,1766,63-HX-33,POINT (-9.144530296325684 38.7540283203125)
2647_793,7973_20260101_145_0_16,145_0,1,38.74407958984375,-9.110919952392578,16,IN_TRANSIT_TO,2026-04-29 15:08:55,3720,2647,75-VS-45,POINT (-9.110919952392578 38.74407958984375)
2654_793,7989_20260101_145_0_17,145_0,1,38.73759841918945,-9.126830101013184,5,IN_TRANSIT_TO,2026-04-29 15:08:38,9006,2654,05-VZ-69,POINT (-9.126830101013184 38.73759841918945)
-9991_728,4744_20260101_204_0_2,204_0,0,38.716148376464844,-9.236129760742188,0,IN_TRANSIT_TO,2026-04-16 16:13:52,,-9991,KIT TESTE 1,POINT (-9.236129760742188 38.716148376464844)
4817_728,4581_20260101_204_0_10,204_0,0,38.767051696777344,-9.09885025024414,43,IN_TRANSIT_TO,2026-04-29 15:08:47,7825,4817,00-VV-37,POINT (-9.09885025024414 38.767051696777344)
4815_728,4589_20260101_204_0_10,204_0,0,38.743499755859375,-9.101570129394531,33,IN_TRANSIT_TO,2026-04-29 15:08:44,12511,4815,34-VR-24,POINT (-9.101570129394531 38.743499755859375)
4806_728,4569_20260101_204_0_8,204_0,0,38.7794303894043,-9.102620124816895,47,IN_TRANSIT_TO,2026-04-29 15:08:51,7905,4806,20-VQ-74,POINT (-9.102620124816895 38.7794303894043)
4829_728,4601_20260101_204_0_8,204_0,0,38.70827865600586,-9.136870384216309,20,IN_TRANSIT_TO,2026-04-29 15:08:55,3824,4829,34-VR-21,POINT (-9.136870384216309 38.70827865600586)
4805_728,4609_20260101_204_0_10,204_0,0,38.708431243896484,-9.136269569396973,21,IN_TRANSIT_TO,2026-04-29 15:08:56,5501,4805,20-VQ-66,POINT (-9.136269569396973 38.708431243896484)
2842_728,4621_20260101_204_0_10,204_0,0,38.697330474853516,-9.203669548034668,10,IN_TRANSIT_TO,2026-04-29 15:08:46,9603,2842,BF-56-FZ,POINT (-9.203669548034668 38.697330474853516)
4818_728,4641_20260101_204_0_10,204_0,0,38.70233154296875,-9.206629753112793,8,IN_TRANSIT_TO,2026-04-29 15:08:54,9605,4818,42-VT-57,POINT (-9.206629753112793 38.70233154296875)
2644_722,4107_20260101_196_0_11,196_0,0,38.72296905517578,-9.147820472717285,2,IN_TRANSIT_TO,2026-04-29 15:08:49,1103,2644,87-VS-52,POINT (-9.147820472717285 38.72296905517578)
2603_722,4129_20260101_196_0_10,196_0,0,38.76435089111328,-9.129280090332031,20,IN_TRANSIT_TO,2026-04-29 15:08:42,7505,2603,16-VF-76,POINT (-9.129280090332031 38.76435089111328)
567_18E,12202_20260101_78_0_17,78_0,0,38.706050872802734,-9.178999900817871,8,IN_TRANSIT_TO,2026-04-29 15:08:27,12120,567,,POINT (-9.178999900817871 38.706050872802734)
2668_764,7158_20260101_168_0_13,168_0,1,38.751399993896484,-9.158769607543945,33,IN_TRANSIT_TO,2026-04-29 15:08:43,13510,2668,87-XB-36,POINT (-9.158769607543945 38.751399993896484)
2214_764,7162_20260101_168_0_14,168_0,1,38.754730224609375,-9.175700187683105,26,IN_TRANSIT_TO,2026-04-29 15:08:50,13618,2214,08-02-XS,POINT (-9.175700187683105 38.754730224609375)
2681_764,7166_20260101_168_0_12,168_0,1,38.74089813232422,-9.210200309753418,10,IN_TRANSIT_TO,2026-04-29 15:08:45,8819,2681,93-XA-41,POINT (-9.210200309753418 38.74089813232422)
2272_768,7347_20260101_111_0_15,111_0,1,38.75004959106445,-9.158570289611816,22,IN_TRANSIT_TO,2026-04-29 15:08:27,13509,2272,76-80-ZG,POINT (-9.158570289611816 38.75004959106445)
6045_768,7350_20260101_111_0_2,111_0,1,38.754730224609375,-9.178930282592773,11,IN_TRANSIT_TO,2026-04-29 15:08:45,13605,6045,BH-32-IQ,POINT (-9.178930282592773 38.754730224609375)
2260_768,7319_20260101_111_0_12,111_0,1,38.7692985534668,-9.189169883728027,0,IN_TRANSIT_TO,2026-04-29 15:08:26,,2260,67-47-ZJ,POINT (-9.189169883728027 38.7692985534668)
2750_735,5206_20260101_172_0_11,172_0,0,38.756351470947266,-9.14702033996582,29,IN_TRANSIT_TO,2026-04-29 15:08:49,11321,2750,AG-10-TH,POINT (-9.14702033996582 38.756351470947266)
1757_735,5267_20260101_172_0_11,172_0,0,38.72214889526367,-9.128780364990234,13,IN_TRANSIT_TO,2026-04-29 15:08:27,9109,1757,34-HU-23,POINT (-9.128780364990234 38.72214889526367)
2748_735,5232_20260101_172_0_11,172_0,0,38.75429916381836,-9.14447021484375,28,IN_TRANSIT_TO,2026-04-29 15:08:53,103,2748,AG-96-TG,POINT (-9.14447021484375 38.75429916381836)
2210_735,5258_20260101_172_0_9,172_0,0,38.73740005493164,-9.13368034362793,20,IN_TRANSIT_TO,2026-04-29 15:08:55,414,2210,01-66-XO,POINT (-9.13368034362793 38.73740005493164)
6028_732,5071_20260101_107_0_2,107_0,1,38.71712112426758,-9.212570190429688,0,IN_TRANSIT_TO,2026-04-29 15:08:43,,6028,BF-68-AX,POINT (-9.212570190429688 38.71712112426758)
6043_732,5062_20260101_107_0_8,107_0,1,38.709720611572266,-9.21541976928711,4,IN_TRANSIT_TO,2026-04-29 15:08:45,12407,6043,BG-93-LT,POINT (-9.21541976928711 38.709720611572266)
6046_732,5038_20260101_107_0_7,107_0,1,38.70970153808594,-9.135000228881836,30,IN_TRANSIT_TO,2026-04-29 15:08:49,5519,6046,BH-73-IR,POINT (-9.135000228881836 38.70970153808594)
6022_732,5057_20260101_107_0_8,107_0,1,38.69887924194336,-9.191920280456543,17,IN_TRANSIT_TO,2026-04-29 15:08:57,9509,6022,BF-48-BB,POINT (-9.191920280456543 38.69887924194336)
6027_732,5096_20260101_107_0_6,107_0,1,38.7409782409668,-9.146599769592285,39,IN_TRANSIT_TO,2026-04-29 15:08:52,1809,6027,BF-66-BA,POINT (-9.146599769592285 38.7409782409668)
2967_737,5475_20260101_173_0_31,173_0,0,38.71232986450195,-9.1318998336792,5,IN_TRANSIT_TO,2026-04-29 15:08:37,13807,2967,30-VM-05,POINT (-9.1318998336792 38.71232986450195)
2487_726,4350_20260101_116_0_11,116_0,0,38.72145080566406,-9.129969596862793,2,IN_TRANSIT_TO,2026-04-29 15:08:36,9105,2487,54-BH-97,POINT (-9.129969596862793 38.72145080566406)
2474_726,4325_20260101_116_0_11,116_0,0,38.74065017700195,-9.167499542236328,18,IN_TRANSIT_TO,2026-04-29 15:08:37,1621,2474,74-BC-67,POINT (-9.167499542236328 38.74065017700195)
2440_726,4317_20260101_116_0_13,116_0,0,38.76028060913086,-9.182820320129395,24,IN_TRANSIT_TO,2026-04-29 15:08:42,13608,2440,29-AX-08,POINT (-9.182820320129395 38.76028060913086)
2293_724,4222_20260101_178_0_17,178_0,0,38.76182174682617,-9.19694995880127,27,IN_TRANSIT_TO,2026-04-29 15:08:54,13912,2293,92-57-ZM,POINT (-9.19694995880127 38.76182174682617)
2341_724,4230_20260101_178_0_19,178_0,0,38.74851989746094,-9.197600364685059,18,IN_TRANSIT_TO,2026-04-29 15:08:47,2803,2341,67-50-ZJ,POINT (-9.197600364685059 38.74851989746094)
2292_724,4236_20260101_178_0_17,178_0,0,38.71147918701172,-9.179880142211914,3,IN_TRANSIT_TO,2026-04-29 15:08:52,11801,2292,83-16-ZM,POINT (-9.179880142211914 38.71147918701172)
2450_747,6079_20260101_177_0_17,177_0,0,38.75952911376953,-9.154970169067383,2,IN_TRANSIT_TO,2026-04-29 15:08:49,5807,2450,44-BC-36,POINT (-9.154970169067383 38.75952911376953)
2495_747,6122_20260101_177_0_17,177_0,0,38.768001556396484,-9.180529594421387,11,IN_TRANSIT_TO,2026-04-29 15:08:25,12829,2495,88-BL-69,POINT (-9.180529594421387 38.768001556396484)
2248_747,6119_20260101_177_0_16,177_0,0,38.76332092285156,-9.197580337524414,20,IN_TRANSIT_TO,2026-04-29 15:08:45,13909,2248,22-33-ZB,POINT (-9.197580337524414 38.76332092285156)
2477_729,4757_20260101_104_0_11,104_0,1,38.70082092285156,-9.199819564819336,9,IN_TRANSIT_TO,2026-04-29 15:08:26,4105,2477,91-BE-73,POINT (-9.199819564819336 38.70082092285156)
2449_729,4828_20260101_104_0_9,104_0,1,38.755828857421875,-9.193380355834961,34,IN_TRANSIT_TO,2026-04-29 15:08:04,50242,2449,44-BC-35,POINT (-9.193380355834961 38.755828857421875)
2423_729,4836_20260101_104_0_8,104_0,1,38.74205017089844,-9.199979782104492,22,IN_TRANSIT_TO,2026-04-29 15:08:34,8837,2423,29-AU-18,POINT (-9.199979782104492 38.74205017089844)
2344_768,7335_20260101_111_0_15,111_0,0,38.76966857910156,-9.190730094909668,24,IN_TRANSIT_TO,2026-04-29 15:08:49,50512,2344,53-60-ZJ,POINT (-9.190730094909668 38.76966857910156)
2269_768,7341_20260101_111_0_15,111_0,0,38.74245071411133,-9.172249794006348,6,IN_TRANSIT_TO,2026-04-29 15:08:47,1609,2269,76-88-ZG,POINT (-9.172249794006348 38.74245071411133)
4621_736,18816_20260101_199_0_11,199_0,0,38.73133087158203,-9.146249771118164,6,IN_TRANSIT_TO,2026-04-29 15:08:53,1703,4621,90-JI-90,POINT (-9.146249771118164 38.73133087158203)
2751_736,5424_20260101_199_0_9,199_0,0,38.74763107299805,-9.147930145263672,11,IN_TRANSIT_TO,2026-04-29 15:08:56,2011,2751,AG-12-TH,POINT (-9.147930145263672 38.74763107299805)
4833_736,5422_20260101_199_0_11,199_0,0,38.76688003540039,-9.15779972076416,16,IN_TRANSIT_TO,2026-04-29 15:08:57,5811,4833,20-VQ-65,POINT (-9.15779972076416 38.76688003540039)
1723_736,5408_20260101_199_0_11,199_0,0,38.78691864013672,-9.170350074768066,26,IN_TRANSIT_TO,2026-04-29 15:08:38,7211,1723,25-AS-35,POINT (-9.170350074768066 38.78691864013672)
4835_736,5399_20260101_199_0_11,199_0,0,38.7894287109375,-9.177149772644043,28,IN_TRANSIT_TO,2026-04-29 15:08:57,15104,4835,53-VR-06,POINT (-9.177149772644043 38.7894287109375)
1756_717,3781_20260101_170_0_10,170_0,0,38.74906921386719,-9.136150360107422,6,IN_TRANSIT_TO,2026-04-29 15:08:39,7301,1756,34-HU-22,POINT (-9.136150360107422 38.74906921386719)
1780_717,3879_20260101_170_0_12,170_0,0,38.76395034790039,-9.156999588012695,16,IN_TRANSIT_TO,2026-04-29 15:08:27,5807,1780,63-HX-18,POINT (-9.156999588012695 38.76395034790039)
1746_717,3864_20260101_170_0_11,170_0,0,38.77983093261719,-9.148420333862305,29,IN_TRANSIT_TO,2026-04-29 15:08:40,11511,1746,92-HR-03,POINT (-9.148420333862305 38.77983093261719)
1776_717,3759_20260101_170_0_12,170_0,0,38.756019592285156,-9.148070335388184,13,IN_TRANSIT_TO,2026-04-29 15:08:34,11301,1776,53-HX-09,POINT (-9.148070335388184 38.756019592285156)
2605_781,7762_20260101_151_0_3,151_0,0,38.78567886352539,-9.123970031738281,28,IN_TRANSIT_TO,2026-04-17 06:47:05,16305,2605,66-VI-35,POINT (-9.123970031738281 38.78567886352539)
2636_781,7737_20260101_151_0_12,151_0,0,38.75453186035156,-9.098469734191895,13,IN_TRANSIT_TO,2026-04-29 15:08:44,2316,2636,87-VS-50,POINT (-9.098469734191895 38.75453186035156)
2626_781,7747_20260101_151_0_12,151_0,0,38.70853042602539,-9.131050109863281,4,IN_TRANSIT_TO,2026-04-29 15:08:44,4505,2626,52-VP-86,POINT (-9.131050109863281 38.70853042602539)
4646_783,7857_20260101_203_0_11,203_0,0,38.725650787353516,-9.149550437927246,3,IN_TRANSIT_TO,2026-04-29 15:08:32,50197,4646,11-JM-79,POINT (-9.149550437927246 38.725650787353516)
302_783,7854_20260101_203_0_13,203_0,0,38.7486686706543,-9.148019790649414,11,IN_TRANSIT_TO,2026-04-29 15:08:42,2011,302,22-SP-89,POINT (-9.148019790649414 38.7486686706543)
4634_783,7846_20260101_203_0_11,203_0,0,38.780548095703125,-9.119930267333984,25,IN_TRANSIT_TO,2026-04-29 15:08:39,12603,4634,11-JM-78,POINT (-9.119930267333984 38.780548095703125)
4642_783,7842_20260101_203_0_11,203_0,0,38.78874969482422,-9.12399959564209,29,IN_TRANSIT_TO,2026-04-29 15:08:27,16307,4642,90-JI-99,POINT (-9.12399959564209 38.78874969482422)
2742_742,5759_20260101_114_0_10,114_0,1,38.704978942871094,-9.187600135803223,15,IN_TRANSIT_TO,2026-04-29 15:08:41,13405,2742,AG-94-TG,POINT (-9.187600135803223 38.704978942871094)
2302_742,5761_20260101_114_0_2,114_0,1,38.70341873168945,-9.191679954528809,14,IN_TRANSIT_TO,2026-04-29 15:08:40,13401,2302,83-08-ZM,POINT (-9.191679954528809 38.70341873168945)
2766_742,5720_20260101_114_0_10,114_0,1,38.73332977294922,-9.132430076599121,42,IN_TRANSIT_TO,2026-04-29 15:08:09,522,2766,AH-40-ND,POINT (-9.132430076599121 38.73332977294922)
2760_742,5698_20260101_114_0_9,114_0,1,38.7264289855957,-9.111680030822754,52,IN_TRANSIT_TO,2026-04-29 15:08:42,8301,2760,AH-35-ND,POINT (-9.111680030822754 38.7264289855957)
1772_742,5737_20260101_114_0_8,114_0,1,38.7341194152832,-9.154120445251465,34,IN_TRANSIT_TO,2026-04-29 15:08:37,1406,1772,63-HX-22,POINT (-9.154120445251465 38.7341194152832)
2222_742,5731_20260101_114_0_9,114_0,1,38.73408126831055,-9.135700225830078,41,IN_TRANSIT_TO,2026-04-29 15:08:28,517,2222,08-17-XS,POINT (-9.135700225830078 38.73408126831055)
303_742,5747_20260101_114_0_10,114_0,1,38.70692825317383,-9.17300033569336,20,IN_TRANSIT_TO,2026-04-29 15:08:47,12105,303,22-SP-90,POINT (-9.17300033569336 38.70692825317383)
2264_799,8211_20260101_120_0_20,120_0,0,38.751380920410156,-9.197319984436035,4,IN_TRANSIT_TO,2026-04-29 15:08:13,10913,2264,76-90-ZG,POINT (-9.197319984436035 38.751380920410156)
2793_714,3705_20260101_102_0_11,102_0,0,38.706451416015625,-9.212929725646973,25,IN_TRANSIT_TO,2026-04-29 15:08:48,13120,2793,AJ-58-LI,POINT (-9.212929725646973 38.706451416015625)
2809_714,3709_20260101_102_0_11,102_0,0,38.69755172729492,-9.195300102233887,17,IN_TRANSIT_TO,2026-04-29 15:08:27,9508,2809,01-IH-98,POINT (-9.195300102233887 38.69755172729492)
2328_714,3627_20260101_102_0_13,102_0,0,38.705078125,-9.161230087280273,6,IN_TRANSIT_TO,2026-04-29 15:08:51,3910,2328,62-96-ZG,POINT (-9.161230087280273 38.705078125)
2672_714,3697_20260101_102_0_11,102_0,0,38.72077941894531,-9.220529556274414,35,IN_TRANSIT_TO,2026-04-29 15:08:53,18710,2672,87-XB-44,POINT (-9.220529556274414 38.72077941894531)
2827_753,6536_20260101_167_0_2,167_0,0,38.72544860839844,-9.148329734802246,3,IN_TRANSIT_TO,2026-04-29 15:08:46,1202,2827,BF-61-FZ,POINT (-9.148329734802246 38.72544860839844)
4802_753,6564_20260101_167_0_19,167_0,0,38.722049713134766,-9.174030303955078,7,IN_TRANSIT_TO,2026-04-29 15:08:47,8607,4802,77-VP-17,POINT (-9.174030303955078 38.722049713134766)
2615_718,3994_20260101_105_0_13,105_0,1,38.74977111816406,-9.104769706726074,24,IN_TRANSIT_TO,2026-04-29 15:08:49,2206,2615,66-VI-27,POINT (-9.104769706726074 38.74977111816406)
2623_718,3959_20260101_105_0_15,105_0,1,38.73685073852539,-9.13401985168457,4,IN_TRANSIT_TO,2026-04-29 15:08:16,402,2623,66-VI-26,POINT (-9.13401985168457 38.73685073852539)
2638_718,3937_20260101_105_0_15,105_0,1,38.73017120361328,-9.10789966583252,17,IN_TRANSIT_TO,2026-04-29 15:08:43,8305,2638,87-VS-48,POINT (-9.10789966583252 38.73017120361328)
2225_749,6201_20260101_195_5_19,195_5,1,38.749351501464844,-9.141220092773438,4,IN_TRANSIT_TO,2026-04-29 15:08:41,2053,2225,08-03-XS,POINT (-9.141220092773438 38.749351501464844)
5204_748,6144_20260101_169_0_23,169_0,0,38.72520065307617,-9.153280258178711,2,IN_TRANSIT_TO,2026-04-29 15:08:41,1209,5204,CA-76-BZ,POINT (-9.153280258178711 38.72520065307617)
2702_748,6132_20260101_169_0_19,169_0,0,38.71440124511719,-9.226969718933105,8,IN_TRANSIT_TO,2026-04-29 15:08:46,14308,2702,92-XQ-21,POINT (-9.226969718933105 38.71440124511719)
4812_751,6517_20260101_109_0_12,109_0,0,38.69783020019531,-9.191749572753906,13,IN_TRANSIT_TO,2026-04-29 15:08:54,9508,4812,20-VQ-70,POINT (-9.191749572753906 38.69783020019531)
4828_751,6510_20260101_109_0_10,109_0,0,38.69982147216797,-9.214300155639648,19,IN_TRANSIT_TO,2026-04-29 15:08:43,9714,4828,20-VQ-64,POINT (-9.214300155639648 38.69982147216797)
2231_731,4974_20260101_190_0_8,190_0,1,38.757598876953125,-9.143099784851074,23,IN_TRANSIT_TO,2026-04-29 15:08:48,11306,2231,06-28-XX,POINT (-9.143099784851074 38.757598876953125)
2286_731,4989_20260101_190_0_10,190_0,1,38.77429962158203,-9.11122989654541,13,IN_TRANSIT_TO,2026-04-29 15:08:44,12310,2286,67-42-ZJ,POINT (-9.11122989654541 38.77429962158203)
2252_731,4996_20260101_190_0_10,190_0,1,38.78348159790039,-9.114080429077148,5,IN_TRANSIT_TO,2026-04-29 15:08:41,12610,2252,80-40-ZE,POINT (-9.114080429077148 38.78348159790039)
2282_731,41474_20260101_190_0_10,190_0,1,38.74089813232422,-9.168180465698242,34,IN_TRANSIT_TO,2026-04-29 15:08:40,1610,2282,67-35-ZJ,POINT (-9.168180465698242 38.74089813232422)
2250_731,19403_20240727_190_0_8,190_0,1,38.78303146362305,-9.114009857177734,3,IN_TRANSIT_TO,2024-08-10 10:41:27,12610,2250,80-41-ZE,POINT (-9.114009857177734 38.78303146362305)
261_61B,21520_20260101_241_0_20,241_0,0,38.72652053833008,-9.16211986541748,7,IN_TRANSIT_TO,2026-04-29 15:08:53,6104,261,AF-48-ZD,POINT (-9.16211986541748 38.72652053833008)
2995_702,3068_20260101_146_0_25,146_0,0,38.727481842041016,-9.158980369567871,3,IN_TRANSIT_TO,2026-04-29 15:08:54,6103,2995,30-VM-15,POINT (-9.158980369567871 38.727481842041016)
2719_29B,17534_20260101_209_0_14,209_0,0,38.77933120727539,-9.12012004852295,18,IN_TRANSIT_TO,2026-04-29 15:08:47,12311,2719,92-XQ-17,POINT (-9.12012004852295 38.77933120727539)
2941_29B,17524_20260101_209_0_16,209_0,0,38.7617301940918,-9.113479614257812,0,IN_TRANSIT_TO,2026-04-29 15:08:31,,2941,51-GL-81,POINT (-9.113479614257812 38.7617301940918)
2601_705,3190_20260101_176_0_10,176_0,0,38.74679946899414,-9.131270408630371,23,IN_TRANSIT_TO,2026-04-29 15:08:53,7308,2601,04-VA-70,POINT (-9.131270408630371 38.74679946899414)
2614_705,3195_20260101_176_0_14,176_0,0,38.772769927978516,-9.125929832458496,16,IN_TRANSIT_TO,2026-04-29 15:08:41,7606,2614,66-VI-24,POINT (-9.125929832458496 38.772769927978516)
2651_705,3199_20260101_176_0_10,176_0,0,38.77248001098633,-9.097430229187012,3,IN_TRANSIT_TO,2026-04-29 15:08:57,7821,2651,05-VZ-54,POINT (-9.097430229187012 38.77248001098633)
2220_40B,17568_20260101_212_0_16,212_0,1,38.778900146484375,-9.14387035369873,16,IN_TRANSIT_TO,2026-04-29 15:08:37,6016,2220,07-96-XS,POINT (-9.14387035369873 38.778900146484375)
2640_793,7994_20260101_145_0_16,145_0,0,38.73992156982422,-9.12399959564209,24,IN_TRANSIT_TO,2026-04-29 15:08:46,8912,2640,75-VS-43,POINT (-9.12399959564209 38.73992156982422)
2659_793,8007_20260101_145_0_16,145_0,0,38.75014877319336,-9.119000434875488,20,IN_TRANSIT_TO,2026-04-29 15:08:55,3713,2659,05-VZ-57,POINT (-9.119000434875488 38.75014877319336)
2660_793,8019_20260101_145_0_16,145_0,0,38.74089813232422,-9.105719566345215,0,IN_TRANSIT_TO,2026-04-29 15:08:48,,2660,05-VZ-60,POINT (-9.105719566345215 38.74089813232422)
2983_797,8161_20260101_163_0_34,163_0,0,38.737518310546875,-9.132949829101562,1,IN_TRANSIT_TO,2026-04-29 15:08:47,409,2983,30-VM-08,POINT (-9.132949829101562 38.737518310546875)
2979_797,8172_20260101_163_0_27,163_0,0,38.72774887084961,-9.130620002746582,7,IN_TRANSIT_TO,2026-04-29 15:08:39,7008,2979,30-VM-17,POINT (-9.130620002746582 38.72774887084961)
6041_760,7098_20260101_171_0_9,171_0,0,38.706119537353516,-9.181830406188965,19,IN_TRANSIT_TO,2026-04-29 15:08:46,12120,6041,BG-20-LV,POINT (-9.181830406188965 38.706119537353516)
6030_760,7103_20260101_171_0_12,171_0,0,38.70637130737305,-9.146949768066406,12,IN_TRANSIT_TO,2026-04-29 15:08:48,50339,6030,BF-39-AU,POINT (-9.146949768066406 38.70637130737305)
6036_760,7105_20260101_171_0_9,171_0,0,38.715579986572266,-9.13700008392334,7,IN_TRANSIT_TO,2026-04-29 15:08:47,809,6036,BG-90-LX,POINT (-9.13700008392334 38.715579986572266)
6021_760,7095_20260101_171_0_5,171_0,0,38.7111701965332,-9.207050323486328,38,IN_TRANSIT_TO,2026-04-29 15:08:50,12911,6021,BD-91-QG,POINT (-9.207050323486328 38.7111701965332)
2958_40B,17558_20260101_212_0_16,212_0,0,38.79249954223633,-9.150270462036133,6,IN_TRANSIT_TO,2026-04-29 15:08:37,11608,2958,27-GU-73,POINT (-9.150270462036133 38.79249954223633)
2960_40B,19262_20260101_212_0_15,212_0,0,38.77098083496094,-9.162030220031738,28,IN_TRANSIT_TO,2026-04-29 15:08:23,5940,2960,27-GU-75,POINT (-9.162030220031738 38.77098083496094)
2642_725,4239_20260101_197_0_25,197_0,0,38.78635025024414,-9.123749732971191,11,IN_TRANSIT_TO,2026-04-29 15:08:51,16305,2642,75-VS-51,POINT (-9.123749732971191 38.78635025024414)
2997_702,3030_20260101_146_0_24,146_0,1,38.7264289855957,-9.164830207824707,9,IN_TRANSIT_TO,2026-04-29 15:08:43,6108,2997,34-VN-03,POINT (-9.164830207824707 38.7264289855957)
270_73B,18773_20260101_220_0_12,220_0,0,38.706729888916016,-9.174249649047852,25,IN_TRANSIT_TO,2026-04-29 15:08:43,50375,270,AH-54-CZ,POINT (-9.174249649047852 38.706729888916016)
2705_711,3497_20260101_101_0_2,101_0,1,38.745418548583984,-9.20479965209961,10,IN_TRANSIT_TO,2026-04-29 15:08:55,2907,2705,92-XQ-29,POINT (-9.20479965209961 38.745418548583984)
2801_711,3484_20260101_101_0_10,101_0,1,38.7227783203125,-9.168230056762695,25,IN_TRANSIT_TO,2026-04-29 15:08:35,50324,2801,38-HU-27,POINT (-9.168230056762695 38.7227783203125)
2677_711,3475_20260101_101_0_12,101_0,1,38.724918365478516,-9.15546989440918,27,IN_TRANSIT_TO,2026-04-29 15:08:55,8502,2677,87-XB-41,POINT (-9.15546989440918 38.724918365478516)
2667_713,3612_20260101_122_0_14,122_0,1,38.72187042236328,-9.175470352172852,3,IN_TRANSIT_TO,2026-04-29 15:08:51,8602,2667,87-XB-45,POINT (-9.175470352172852 38.72187042236328)
2664_713,3606_20260101_122_0_2,122_0,1,38.706600189208984,-9.158129692077637,13,IN_TRANSIT_TO,2026-04-29 15:08:47,3909,2664,05-VZ-68,POINT (-9.158129692077637 38.706600189208984)
2811_713,3605_20260101_122_0_10,122_0,1,38.71820068359375,-9.156900405883789,22,IN_TRANSIT_TO,2026-04-29 15:08:43,6801,2811,02-IH-00,POINT (-9.156900405883789 38.71820068359375)
5205_713,3592_20260101_122_0_12,122_0,1,38.733970642089844,-9.154250144958496,31,IN_TRANSIT_TO,2026-04-29 15:08:44,1406,5205,CA-75-BZ,POINT (-9.154250144958496 38.733970642089844)
2454_726,4286_20260101_116_0_12,116_0,1,38.74277114868164,-9.166930198669434,12,IN_TRANSIT_TO,2026-04-29 15:08:48,12708,2454,16-AZ-18,POINT (-9.166930198669434 38.74277114868164)
6002_726,4273_20260101_116_0_10,116_0,1,38.73794937133789,-9.159669876098633,17,IN_TRANSIT_TO,2026-04-29 15:08:36,1510,6002,98-XU-85,POINT (-9.159669876098633 38.73794937133789)
2949_26B,17510_20260101_208_0_16,208_0,1,38.76742172241211,-9.11007022857666,12,IN_TRANSIT_TO,2026-04-29 15:08:30,7715,2949,62-GQ-52,POINT (-9.11007022857666 38.76742172241211)
2218_783,7809_20260101_203_0_12,203_0,1,38.72433090209961,-9.160869598388672,30,IN_TRANSIT_TO,2026-04-29 15:08:38,8501,2218,07-98-XS,POINT (-9.160869598388672 38.72433090209961)
4643_783,7817_20260101_203_0_12,203_0,1,38.75400161743164,-9.152569770812988,17,IN_TRANSIT_TO,2026-04-29 15:08:53,5704,4643,98-JO-45,POINT (-9.152569770812988 38.75400161743164)
2414_767,7294_20260101_112_0_9,112_0,0,38.762298583984375,-9.162449836730957,20,IN_TRANSIT_TO,2026-04-29 15:08:31,5823,2414,92-AO-51,POINT (-9.162449836730957 38.762298583984375)
2491_767,7286_20260101_112_0_9,112_0,0,38.76007080078125,-9.185050010681152,27,IN_TRANSIT_TO,2026-04-29 15:08:38,12804,2491,54-BH-98,POINT (-9.185050010681152 38.76007080078125)
2243_767,7281_20260101_112_0_7,112_0,0,38.751399993896484,-9.21090030670166,41,IN_TRANSIT_TO,2026-04-29 15:08:41,11006,2243,22-36-ZB,POINT (-9.21090030670166 38.751399993896484)
2420_767,7297_20260101_112_0_9,112_0,0,38.760318756103516,-9.184720039367676,27,IN_TRANSIT_TO,2026-04-29 15:08:32,12804,2420,29-AU-15,POINT (-9.184720039367676 38.760318756103516)
2465_767,7305_20260101_112_0_9,112_0,0,38.733421325683594,-9.14115047454834,5,IN_TRANSIT_TO,2026-04-29 15:08:41,6502,2465,55-BH-00,POINT (-9.14115047454834 38.733421325683594)
2410_767,7272_20260101_112_0_9,112_0,0,38.7486686706543,-9.19795036315918,32,IN_TRANSIT_TO,2026-04-29 15:08:50,10802,2410,92-AO-46,POINT (-9.19795036315918 38.7486686706543)
2945_32B,17548_20260101_211_0_16,211_0,0,38.746028900146484,-9.112879753112793,18,IN_TRANSIT_TO,2026-04-29 15:08:40,3708,2945,75-GO-14,POINT (-9.112879753112793 38.746028900146484)
2209_720,4101_20260101_143_0_11,143_0,0,38.73183059692383,-9.14093017578125,11,IN_TRANSIT_TO,2026-04-29 15:08:36,6501,2209,01-68-XO,POINT (-9.14093017578125 38.73183059692383)
2306_720,4044_20260101_143_0_13,143_0,0,38.73833084106445,-9.124670028686523,3,IN_TRANSIT_TO,2026-04-29 15:08:46,8905,2306,83-19-ZM,POINT (-9.124670028686523 38.73833084106445)
2303_720,4094_20260101_143_0_13,143_0,0,38.70254898071289,-9.180879592895508,27,IN_TRANSIT_TO,2026-04-29 15:08:37,12112,2303,83-11-ZM,POINT (-9.180879592895508 38.70254898071289)
221_773,7378_20260101_124_0_23,124_0,0,38.71794891357422,-9.151729583740234,3,IN_TRANSIT_TO,2026-04-29 15:08:37,50146,221,11-06-XO,POINT (-9.151729583740234 38.71794891357422)
2950_71B,45267_20260101_278_0_12,278_0,0,38.735450744628906,-9.205080032348633,11,IN_TRANSIT_TO,2026-04-29 15:08:33,8828,2950,62-GQ-51,POINT (-9.205080032348633 38.735450744628906)
2975_34B,19151_20260101_226_0_10,226_0,0,38.727420806884766,-9.110349655151367,13,IN_TRANSIT_TO,2026-04-29 15:08:46,8303,2975,30-VM-11,POINT (-9.110349655151367 38.727420806884766)
2996_34B,19141_20260101_226_0_10,226_0,0,38.7371711730957,-9.125269889831543,42,IN_TRANSIT_TO,2026-04-29 15:08:47,50409,2996,30-VM-03,POINT (-9.125269889831543 38.7371711730957)
234_41B,19375_20260101_232_0_20,232_0,0,38.774330139160156,-9.159469604492188,17,IN_TRANSIT_TO,2026-04-29 15:08:44,50163,234,13-31-XZ,POINT (-9.159469604492188 38.774330139160156)
2661_708,3276_20260101_100_0_12,100_0,0,38.72922897338867,-9.134570121765137,6,IN_TRANSIT_TO,2026-04-29 15:08:35,609,2661,05-VZ-58,POINT (-9.134570121765137 38.72922897338867)
2741_708,3358_20260101_100_0_10,100_0,0,38.76570129394531,-9.113280296325684,22,IN_TRANSIT_TO,2026-04-29 15:08:49,8443,2741,AG-99-TG,POINT (-9.113280296325684 38.76570129394531)
2733_708,3365_20260101_100_0_12,100_0,0,38.76115036010742,-9.12147045135498,17,IN_TRANSIT_TO,2026-04-29 15:08:53,7509,2733,AG-41-EI,POINT (-9.12147045135498 38.76115036010742)
2610_708,3351_20260101_100_0_9,100_0,0,38.79433059692383,-9.097419738769531,39,IN_TRANSIT_TO,2026-04-29 15:08:48,50303,2610,66-VI-20,POINT (-9.097419738769531 38.79433059692383)
2256_771,39065_20260101_248_0_16,248_0,0,38.73044967651367,-9.162300109863281,19,IN_TRANSIT_TO,2026-04-29 15:08:53,10305,2256,80-53-ZE,POINT (-9.162300109863281 38.73044967651367)
2346_771,21936_20260101_248_0_15,248_0,0,38.70684814453125,-9.199000358581543,20,IN_TRANSIT_TO,2026-04-29 15:08:43,10303,2346,62-93-ZG,POINT (-9.199000358581543 38.70684814453125)
2249_771,21940_20260101_248_0_16,248_0,0,38.72727966308594,-9.162320137023926,7,IN_TRANSIT_TO,2026-04-29 15:08:34,6122,2249,22-32-ZB,POINT (-9.162320137023926 38.72727966308594)
6007_716,3723_20260101_164_0_2,164_0,1,38.7430305480957,-9.17389965057373,11,IN_TRANSIT_TO,2026-04-29 15:08:58,10705,6007,80-ZC-62,POINT (-9.17389965057373 38.7430305480957)
2413_716,3718_20260101_164_0_18,164_0,1,38.73910140991211,-9.16664981842041,14,IN_TRANSIT_TO,2026-04-29 15:08:50,1620,2413,92-AO-50,POINT (-9.16664981842041 38.73910140991211)
2802_738,5553_20260101_117_0_10,117_0,1,38.753150939941406,-9.150300025939941,25,IN_TRANSIT_TO,2026-04-29 15:08:30,2003,2802,01-IH-91,POINT (-9.150300025939941 38.753150939941406)
2704_738,5561_20260101_117_0_10,117_0,1,38.730628967285156,-9.146650314331055,18,IN_TRANSIT_TO,2026-04-29 15:08:44,1701,2704,92-XQ-18,POINT (-9.146650314331055 38.730628967285156)
2694_738,5566_20260101_117_0_11,117_0,1,38.70376968383789,-9.17199993133545,6,IN_TRANSIT_TO,2026-04-29 15:08:43,4001,2694,90-XF-49,POINT (-9.17199993133545 38.70376968383789)
2285_758,6891_20260101_150_4_11,150_4,0,38.723968505859375,-9.160670280456543,1,IN_TRANSIT_TO,2026-04-29 15:08:45,8511,2285,67-55-ZJ,POINT (-9.160670280456543 38.723968505859375)
2609_718,3975_20260101_105_0_14,105_0,0,38.73160171508789,-9.127530097961426,25,IN_TRANSIT_TO,2026-04-29 15:08:44,7013,2609,66-VI-36,POINT (-9.127530097961426 38.73160171508789)
2749_718,3962_20260101_105_0_12,105_0,0,38.74061965942383,-9.13344955444336,30,IN_TRANSIT_TO,2026-04-29 15:08:54,411,2749,AG-03-TH,POINT (-9.13344955444336 38.74061965942383)
2981_730,4949_20260101_198_0_14,198_0,0,38.737281799316406,-9.12279987335205,4,IN_TRANSIT_TO,2026-04-29 15:08:53,8915,2981,29-VM-86,POINT (-9.12279987335205 38.737281799316406)
2992_730,4947_20260101_198_0_14,198_0,0,38.726200103759766,-9.133049964904785,18,IN_TRANSIT_TO,2026-04-29 15:08:52,603,2992,29-VM-95,POINT (-9.133049964904785 38.726200103759766)
279_64B,21489_20260101_238_0_20,238_0,0,38.72283172607422,-9.166729927062988,6,IN_TRANSIT_TO,2026-04-29 15:08:56,50486,279,AI-38-FG,POINT (-9.166729927062988 38.72283172607422)
277_61B,21530_20260101_241_0_20,241_0,1,38.73297882080078,-9.1628999710083,8,IN_TRANSIT_TO,2026-04-29 15:08:42,2710,277,AH-13-TB,POINT (-9.1628999710083 38.73297882080078)
251_55B,21534_20260101_240_0_20,240_0,0,38.765018463134766,-9.198129653930664,5,IN_TRANSIT_TO,2026-04-29 15:08:43,13904,251,AF-87-NU,POINT (-9.198129653930664 38.765018463134766)
282_13B,21591_20260101_243_0_19,243_0,0,38.71672058105469,-9.129570007324219,8,IN_TRANSIT_TO,2026-04-29 15:08:54,14804,282,AI-47-OJ,POINT (-9.129570007324219 38.71672058105469)
412_67B,28217_20260101_253_0_12,253_0,0,38.70677947998047,-9.17294979095459,1,IN_TRANSIT_TO,2026-04-29 15:08:47,50525,412,BF-65-TC,POINT (-9.17294979095459 38.70677947998047)
409_67B,28216_20260101_253_0_12,253_0,0,38.71179962158203,-9.153980255126953,23,IN_TRANSIT_TO,2026-04-29 15:08:41,6701,409,BF-73-TQ,POINT (-9.153980255126953 38.71179962158203)
1771_755,6711_20260101_118_0_12,118_0,0,38.742279052734375,-9.167920112609863,40,IN_TRANSIT_TO,2026-04-29 15:08:31,12704,1771,63-HX-27,POINT (-9.167920112609863 38.742279052734375)
2757_755,6641_20260101_118_0_2,118_0,0,38.75920104980469,-9.124750137329102,21,IN_TRANSIT_TO,2026-04-29 15:08:45,14705,2757,AH-32-ND,POINT (-9.124750137329102 38.75920104980469)
1754_755,6632_20260101_118_0_9,118_0,0,38.75471878051758,-9.139180183410645,31,IN_TRANSIT_TO,2026-04-29 15:08:55,7408,1754,34-HU-20,POINT (-9.139180183410645 38.75471878051758)
2262_755,6654_20260101_118_0_12,118_0,0,38.74663162231445,-9.112850189208984,12,IN_TRANSIT_TO,2026-04-29 15:08:43,3705,2262,80-48-ZE,POINT (-9.112850189208984 38.74663162231445)
1763_755,6663_20260101_118_0_11,118_0,0,38.74304962158203,-9.101799964904785,2,IN_TRANSIT_TO,2026-04-29 15:08:34,12511,1763,63-HX-25,POINT (-9.101799964904785 38.74304962158203)
204_17B,21703_20260101_247_0_14,247_0,0,38.724578857421875,-9.132399559020996,17,IN_TRANSIT_TO,2026-04-29 15:08:49,601,204,89-71-XD,POINT (-9.132399559020996 38.724578857421875)
215_49B,22224_20260101_251_0_20,251_0,0,38.74542999267578,-9.135120391845703,17,IN_TRANSIT_TO,2026-04-29 15:08:26,50109,215,44-42-XM,POINT (-9.135120391845703 38.74542999267578)
2232_731,5025_20260101_190_0_9,190_0,0,38.74113082885742,-9.162819862365723,3,IN_TRANSIT_TO,2026-04-29 15:08:28,1605,2232,06-23-XX,POINT (-9.162819862365723 38.74113082885742)
2234_731,5007_20260101_190_0_9,190_0,0,38.785980224609375,-9.111370086669922,36,IN_TRANSIT_TO,2026-04-29 15:08:25,12611,2234,06-26-XX,POINT (-9.111370086669922 38.785980224609375)
2246_731,5018_20260101_190_0_8,190_0,0,38.77109909057617,-9.108770370483398,26,IN_TRANSIT_TO,2026-04-29 15:08:34,7809,2246,22-38-ZB,POINT (-9.108770370483398 38.77109909057617)
615_15E,11318_20260101_76_0_14,76_0,1,38.70370101928711,-9.171930313110352,15,IN_TRANSIT_TO,2026-04-29 15:08:55,4001,615,,POINT (-9.171930313110352 38.70370101928711)
608_15E,11202_20260101_76_0_14,76_0,1,38.69504928588867,-9.215519905090332,5,IN_TRANSIT_TO,2026-04-29 15:08:46,13205,608,,POINT (-9.215519905090332 38.69504928588867)
610_15E,11288_20260101_76_0_14,76_0,1,38.69601821899414,-9.219200134277344,4,IN_TRANSIT_TO,2026-04-29 15:08:47,13203,610,,POINT (-9.219200134277344 38.69601821899414)
507_15E,11264_20260101_76_0_13,76_0,1,38.706268310546875,-9.145000457763672,20,IN_TRANSIT_TO,2026-04-29 15:08:39,3803,507,,POINT (-9.145000457763672 38.706268310546875)
602_15E,11280_20260101_76_0_14,76_0,1,38.704429626464844,-9.17492961883545,14,IN_TRANSIT_TO,2026-04-29 15:08:47,12115,602,,POINT (-9.17492961883545 38.704429626464844)
566_25E,14263_20260101_79_0_15,79_0,1,38.712650299072266,-9.160229682922363,7,IN_TRANSIT_TO,2026-04-29 15:08:46,8113,566,,POINT (-9.160229682922363 38.712650299072266)
564_25E,14260_20260101_79_0_15,79_0,1,38.70663070678711,-9.141630172729492,16,IN_TRANSIT_TO,2026-04-29 15:08:39,3803,564,,POINT (-9.141630172729492 38.70663070678711)
557_25E,14255_20260101_79_0_15,79_0,1,38.70830154418945,-9.136320114135742,18,IN_TRANSIT_TO,2026-04-29 15:08:52,5512,557,,POINT (-9.136320114135742 38.70830154418945)
2968_72B,45275_20260101_279_0_13,279_0,0,38.73957824707031,-9.202670097351074,15,IN_TRANSIT_TO,2026-04-29 15:08:50,8836,2968,30-VM-24,POINT (-9.202670097351074 38.73957824707031)
280_28E,48628_20260101_75_8_24,75_8,0,38.711978912353516,-9.154399871826172,8,IN_TRANSIT_TO,2026-04-29 15:08:25,6721,280,AI-46-OJ,POINT (-9.154399871826172 38.711978912353516)
2279_763,49571_20260101_282_0_2,282_0,1,38.75579833984375,-9.194549560546875,2,IN_TRANSIT_TO,2026-04-29 15:08:40,50242,2279,67-38-ZJ,POINT (-9.194549560546875 38.75579833984375)
2288_763,49570_20260101_282_0_18,282_0,1,38.78181838989258,-9.171520233154297,14,IN_TRANSIT_TO,2026-04-29 15:08:33,50358,2288,92-59-ZM,POINT (-9.171520233154297 38.78181838989258)
2944_31B,17538_20260101_210_0_15,210_0,0,38.759178161621094,-9.123519897460938,33,IN_TRANSIT_TO,2026-04-29 15:08:35,8427,2944,75-GO-13,POINT (-9.123519897460938 38.759178161621094)
582_25E,14271_20260101_79_0_16,79_0,0,38.71527862548828,-9.163330078125,15,IN_TRANSIT_TO,2026-04-29 15:08:30,8108,582,,POINT (-9.163330078125 38.71527862548828)
578_28E,14946_20260101_75_0_14,75_0,0,38.7080192565918,-9.137280464172363,0,IN_TRANSIT_TO,2026-04-29 15:08:24,,578,,POINT (-9.137280464172363 38.7080192565918)
572_28E,14934_20260101_75_0_8,75_0,0,38.71065139770508,-9.142999649047852,20,IN_TRANSIT_TO,2026-04-29 15:08:46,10514,572,,POINT (-9.142999649047852 38.71065139770508)
281_28E,44753_20260101_75_8_24,75_8,1,38.714969635009766,-9.166029930114746,13,IN_TRANSIT_TO,2026-04-29 15:08:43,8002,281,AI-48-OJ,POINT (-9.166029930114746 38.714969635009766)
575_25E,14276_20260101_79_0_14,79_0,0,38.711299896240234,-9.160900115966797,11,IN_TRANSIT_TO,2026-04-29 15:08:41,10014,575,,POINT (-9.160900115966797 38.711299896240234)
414_51E,65340_20260101_158_0_4,158_0,0,38.711669921875,-9.140700340270996,3,IN_TRANSIT_TO,2026-04-29 15:08:42,5510,414,BF-95-TP,POINT (-9.140700340270996 38.711669921875)
