id,trip_id,route_id,direction_id,latitude,longitude,current_stop_sequence,current_status,timestamp,stop_id,vehicle_id,license_plate,geometry
6032_732,5082_20250801_107_0_2,107_0,1,38.71784973144531,-9.14352035522461,33,IN_TRANSIT_TO,2025-08-21 07:15:02,1010,6032,BF-93-BC,POINT (-9.14352035522461 38.71784973144531)
4645_750,6370_20250801_106_0_2,106_0,1,38.75749969482422,-9.175169944763184,22,IN_TRANSIT_TO,2025-08-21 07:14:55,12806,4645,98-JO-46,POINT (-9.175169944763184 38.75749969482422)
4648_728,4571_20250801_204_0_3,204_0,1,38.70627975463867,-9.144749641418457,34,IN_TRANSIT_TO,2025-08-21 07:14:58,3820,4648,98-JO-47,POINT (-9.144749641418457 38.70627975463867)
611_15E,11295_20250801_76_0_5,76_0,0,38.695220947265625,-9.21679973602295,19,IN_TRANSIT_TO,2025-08-21 07:14:48,13206,611,,POINT (-9.21679973602295 38.695220947265625)
4607_750,6303_20250801_106_0_4,106_0,0,38.76316833496094,-9.130029678344727,9,IN_TRANSIT_TO,2025-08-21 07:14:36,7506,4607,96-GL-84,POINT (-9.130029678344727 38.76316833496094)
304_744,5844_20250801_200_0_3,200_0,0,38.74774932861328,-9.148079872131348,9,IN_TRANSIT_TO,2025-08-21 07:14:53,2021,304,22-SP-91,POINT (-9.148079872131348 38.74774932861328)
6022_760,7046_20250801_171_0_3,171_0,0,38.705078125,-9.196029663085938,26,IN_TRANSIT_TO,2025-08-21 07:14:43,13410,6022,BF-48-BB,POINT (-9.196029663085938 38.705078125)
2440_747,6115_20250801_177_0_5,177_0,0,38.76707077026367,-9.164819717407227,5,IN_TRANSIT_TO,2025-08-21 07:15:01,5815,2440,29-AX-08,POINT (-9.164819717407227 38.76707077026367)
2992_730,4971_20250801_198_0_4,198_0,1,38.722450256347656,-9.141070365905762,5,IN_TRANSIT_TO,2025-08-21 07:14:42,9206,2992,29-VM-95,POINT (-9.141070365905762 38.722450256347656)
6010_706,3232_20250801_147_0_3,147_0,1,38.73086929321289,-9.127079963684082,10,IN_TRANSIT_TO,2025-08-21 07:15:01,7015,6010,81-ZC-09,POINT (-9.127079963684082 38.73086929321289)
603_15E,11189_20250801_76_0_3,76_0,0,38.706298828125,-9.145130157470703,3,IN_TRANSIT_TO,2025-08-21 07:15:05,3820,603,,POINT (-9.145130157470703 38.706298828125)
2250_731,19403_20240727_190_0_8,190_0,1,38.78303146362305,-9.114009857177734,3,IN_TRANSIT_TO,2024-08-10 10:41:27,12610,2250,80-41-ZE,POINT (-9.114009857177734 38.78303146362305)
4602_750,6395_20250801_106_0_4,106_0,1,38.74842071533203,-9.197649955749512,14,IN_TRANSIT_TO,2025-08-21 07:14:57,2803,4602,96-GL-80,POINT (-9.197649955749512 38.74842071533203)
6021_760,7094_20250801_171_0_4,171_0,1,38.72172164916992,-9.139019966125488,38,IN_TRANSIT_TO,2025-08-21 07:14:52,9213,6021,BD-91-QG,POINT (-9.139019966125488 38.72172164916992)
2292_724,4203_20250801_178_0_2,178_0,1,38.74222946166992,-9.199749946594238,13,IN_TRANSIT_TO,2025-08-21 07:14:39,2805,2292,83-16-ZM,POINT (-9.199749946594238 38.74222946166992)
612_15E,11231_20250801_76_0_4,76_0,1,38.70637893676758,-9.154950141906738,18,IN_TRANSIT_TO,2025-08-21 07:14:45,3901,612,,POINT (-9.154950141906738 38.70637893676758)
2256_799,8215_20250801_120_0_5,120_0,0,38.73524856567383,-9.222100257873535,18,IN_TRANSIT_TO,2025-08-21 07:14:55,50057,2256,80-53-ZE,POINT (-9.222100257873535 38.73524856567383)
2795_746,5957_20250801_108_0_7,108_0,0,38.74443054199219,-9.178970336914062,12,IN_TRANSIT_TO,2025-08-21 07:14:35,10706,2795,AJ-55-LI,POINT (-9.178970336914062 38.74443054199219)
2494_735,5195_20250801_172_1_3,172_1,1,38.73686981201172,-9.133979797363281,0,IN_TRANSIT_TO,2025-08-21 07:14:26,,2494,88-BL-68,POINT (-9.133979797363281 38.73686981201172)
6033_732,5060_20250801_107_0_3,107_0,0,38.75,-9.159379959106445,0,IN_TRANSIT_TO,2025-08-21 07:15:04,,6033,BF-92-AZ,POINT (-9.159379959106445 38.75)
4620_748,6157_20250801_169_0_3,169_0,0,38.722900390625,-9.19972038269043,5,IN_TRANSIT_TO,2025-08-21 07:14:41,8607,4620,22-GP-54,POINT (-9.19972038269043 38.722900390625)
2955_798,8196_20250801_194_0_7,194_0,0,38.76491928100586,-9.152750015258789,5,IN_TRANSIT_TO,2025-08-21 07:14:55,5837,2955,27-GU-70,POINT (-9.152750015258789 38.76491928100586)
2954_71B,45273_20250801_278_0_2,278_0,0,38.755218505859375,-9.198980331420898,26,IN_TRANSIT_TO,2025-08-21 07:14:55,13705,2954,62-GQ-56,POINT (-9.198980331420898 38.755218505859375)
2624_781,7741_20250801_151_0_4,151_0,1,38.76485061645508,-9.109729766845703,13,IN_TRANSIT_TO,2025-08-21 07:14:36,7718,2624,72-VP-82,POINT (-9.109729766845703 38.76485061645508)
4642_748,6146_20250801_169_0_4,169_0,1,38.71648025512695,-9.2191801071167,6,IN_TRANSIT_TO,2025-08-21 07:15:04,14311,4642,90-JI-99,POINT (-9.2191801071167 38.71648025512695)
4614_750,6357_20250801_106_0_4,106_0,1,38.758121490478516,-9.141169548034668,27,IN_TRANSIT_TO,2025-08-21 07:10:07,11304,4614,96-GL-90,POINT (-9.141169548034668 38.758121490478516)
4616_728,4671_20250801_204_0_4,204_0,0,38.70785140991211,-9.133279800415039,22,IN_TRANSIT_TO,2025-08-21 07:14:54,4505,4616,22-GP-50,POINT (-9.133279800415039 38.70785140991211)
2943_45B,45292_20250801_277_0_4,277_0,0,38.77677917480469,-9.145770072937012,0,IN_TRANSIT_TO,2025-08-21 07:14:54,,2943,51-GL-83,POINT (-9.145770072937012 38.77677917480469)
4611_750,6324_20250801_106_0_3,106_0,0,38.766578674316406,-9.104330062866211,2,IN_TRANSIT_TO,2025-08-21 07:14:46,2324,4611,96-GL-88,POINT (-9.104330062866211 38.766578674316406)
4641_750,6292_20250801_106_0_4,106_0,0,38.74993133544922,-9.19491958618164,22,IN_TRANSIT_TO,2025-08-21 07:14:48,10806,4641,90-JI-98,POINT (-9.19491958618164 38.74993133544922)
2945_32B,17552_20250801_211_0_4,211_0,0,38.7569694519043,-9.112469673156738,1,IN_TRANSIT_TO,2025-08-21 07:15:00,50346,2945,75-GO-14,POINT (-9.112469673156738 38.7569694519043)
4626_796,8138_20250801_174_0_3,174_0,0,38.781681060791016,-9.163029670715332,7,IN_TRANSIT_TO,2025-08-21 07:15:03,5923,4626,90-JI-93,POINT (-9.163029670715332 38.781681060791016)
4646_728,4713_20250801_204_0_3,204_0,1,38.69704818725586,-9.190899848937988,41,IN_TRANSIT_TO,2025-08-21 07:15:00,9502,4646,11-JM-79,POINT (-9.190899848937988 38.69704818725586)
4650_728,4600_20250801_204_0_3,204_0,1,38.76858139038086,-9.104399681091309,8,IN_TRANSIT_TO,2025-08-21 07:14:41,7806,4650,11-JM-80,POINT (-9.104399681091309 38.76858139038086)
2973_55B,21538_20250801_240_0_4,240_0,0,38.764320373535156,-9.181770324707031,12,IN_TRANSIT_TO,2025-08-21 07:14:40,12807,2973,30-VM-13,POINT (-9.181770324707031 38.764320373535156)
4627_796,8142_20250801_174_0_7,174_0,0,38.790218353271484,-9.157549858093262,10,IN_TRANSIT_TO,2025-08-21 07:14:58,11618,4627,11-JM-76,POINT (-9.157549858093262 38.790218353271484)
2688_714,3674_20250801_102_0_5,102_0,0,38.70627975463867,-9.145369529724121,2,IN_TRANSIT_TO,2025-08-21 07:14:48,3802,2688,93-XA-35,POINT (-9.145369529724121 38.70627975463867)
2699_712,3553_20250801_189_0_5,189_0,1,38.723751068115234,-9.131950378417969,21,IN_TRANSIT_TO,2025-08-21 07:15:02,604,2699,92-XQ-25,POINT (-9.131950378417969 38.723751068115234)
2692_727,4465_20250801_103_0_2,103_0,1,38.74580001831055,-9.147529602050781,42,IN_TRANSIT_TO,2025-08-21 07:15:02,1903,2692,90-XF-62,POINT (-9.147529602050781 38.74580001831055)
2691_776,7493_20250801_193_0_9,193_0,1,38.700130462646484,-9.23246955871582,7,IN_TRANSIT_TO,2025-08-21 07:14:37,14905,2691,90-XF-45,POINT (-9.23246955871582 38.700130462646484)
2690_776,7480_20250801_193_0_14,193_0,0,38.7003288269043,-9.247099876403809,6,IN_TRANSIT_TO,2025-08-21 07:15:01,14904,2690,99-XE-57,POINT (-9.247099876403809 38.7003288269043)
2669_723,4174_20250801_121_0_4,121_0,1,38.72467041015625,-9.150670051574707,29,IN_TRANSIT_TO,2025-08-21 07:14:56,1212,2669,87-XB-34,POINT (-9.150670051574707 38.72467041015625)
4836_736,5421_20250801_199_0_5,199_0,0,38.7628288269043,-9.15662956237793,16,IN_TRANSIT_TO,2025-08-21 07:14:47,5807,4836,34-VR-23,POINT (-9.15662956237793 38.7628288269043)
2682_714,3652_20250801_102_0_5,102_0,0,38.707679748535156,-9.173500061035156,11,IN_TRANSIT_TO,2025-08-21 07:14:40,9417,2682,93-XA-42,POINT (-9.173500061035156 38.707679748535156)
2947_29B,17528_20250801_209_0_25,209_0,0,38.76155090332031,-9.11050033569336,8,IN_TRANSIT_TO,2025-08-20 20:34:20,8442,2947,51-GL-84,POINT (-9.11050033569336 38.76155090332031)
2946_29B,17528_20250801_209_0_4,209_0,0,38.761478424072266,-9.110480308532715,8,IN_TRANSIT_TO,2025-08-21 07:15:03,8442,2946,75-GO-15,POINT (-9.110480308532715 38.761478424072266)
2678_746,5976_20250801_108_0_2,108_0,1,38.74557876586914,-9.181779861450195,12,IN_TRANSIT_TO,2025-08-21 07:14:52,10701,2678,93-XA-39,POINT (-9.181779861450195 38.74557876586914)
2948_29B,17536_20250801_209_0_2,209_0,0,38.76845169067383,-9.120579719543457,26,IN_TRANSIT_TO,2025-08-21 07:14:39,50089,2948,51-GL-85,POINT (-9.120579719543457 38.76845169067383)
2959_40B,17562_20250801_212_0_3,212_0,1,38.7778205871582,-9.147749900817871,14,IN_TRANSIT_TO,2025-08-21 07:14:38,6015,2959,27-GU-74,POINT (-9.147749900817871 38.7778205871582)
4643_750,6399_20250801_106_0_4,106_0,1,38.735870361328125,-9.206080436706543,9,IN_TRANSIT_TO,2025-08-21 07:14:50,8807,4643,98-JO-45,POINT (-9.206080436706543 38.735870361328125)
2676_754,6598_20250801_201_0_2,201_0,1,38.74274826049805,-9.146719932556152,34,IN_TRANSIT_TO,2025-08-21 07:14:33,1901,2676,87-XB-40,POINT (-9.146719932556152 38.74274826049805)
2677_723,4171_20250801_121_0_4,121_0,1,38.724998474121094,-9.154120445251465,28,IN_TRANSIT_TO,2025-08-21 07:15:01,1224,2677,87-XB-41,POINT (-9.154120445251465 38.724998474121094)
2671_727,4513_20250801_103_0_2,103_0,1,38.706729888916016,-9.174980163574219,19,IN_TRANSIT_TO,2025-08-21 07:15:06,12105,2671,87-XB-43,POINT (-9.174980163574219 38.706729888916016)
2680_723,4161_20250801_121_0_3,121_0,0,38.72557067871094,-9.194199562072754,10,IN_TRANSIT_TO,2025-08-21 07:14:36,8607,2680,93-XA-36,POINT (-9.194199562072754 38.72557067871094)
2681_727,4546_20250801_103_0_3,103_0,0,38.72853088378906,-9.147879600524902,12,IN_TRANSIT_TO,2025-08-21 07:14:59,1702,2681,93-XA-41,POINT (-9.147879600524902 38.72853088378906)
2673_713,3591_20250801_122_0_4,122_0,1,38.7132682800293,-9.158869743347168,19,IN_TRANSIT_TO,2025-08-21 07:14:39,6718,2673,87-XB-37,POINT (-9.158869743347168 38.7132682800293)
2672_713,3580_20250801_122_0_2,122_0,1,38.731449127197266,-9.155630111694336,30,IN_TRANSIT_TO,2025-08-21 07:14:38,6118,2672,87-XB-44,POINT (-9.155630111694336 38.731449127197266)
6001_706,3230_20250801_147_0_5,147_0,1,38.727928161621094,-9.13757038116455,17,IN_TRANSIT_TO,2025-08-21 07:12:38,613,6001,99-XU-70,POINT (-9.13757038116455 38.727928161621094)
2674_738,5515_20250801_117_0_3,117_0,0,38.72163009643555,-9.1522798538208,23,IN_TRANSIT_TO,2025-08-21 07:14:57,6806,2674,87-XB-38,POINT (-9.1522798538208 38.72163009643555)
2964_737,51377_20250801_173_0_2,173_0,0,38.740150451660156,-9.150429725646973,0,IN_TRANSIT_TO,2025-08-21 07:15:04,,2964,30-VM-19,POINT (-9.150429725646973 38.740150451660156)
2962_79B,18673_20250801_221_0_2,221_0,0,38.698768615722656,-9.227129936218262,40,IN_TRANSIT_TO,2025-08-21 07:14:59,4208,2962,30-VM-07,POINT (-9.227129936218262 38.698768615722656)
4819_751,6491_20250801_109_0_3,109_0,0,38.70465087890625,-9.17786979675293,9,IN_TRANSIT_TO,2025-08-21 07:14:45,12121,4819,34-VR-16,POINT (-9.17786979675293 38.70465087890625)
6050_760,7102_20250801_171_0_5,171_0,1,38.703651428222656,-9.171649932861328,25,IN_TRANSIT_TO,2025-08-21 07:14:51,4001,6050,BH-62-IR,POINT (-9.171649932861328 38.703651428222656)
2441_767,7293_20250801_112_0_2,112_0,1,38.75579833984375,-9.15386962890625,29,IN_TRANSIT_TO,2025-08-21 07:14:46,5804,2441,29-AX-07,POINT (-9.15386962890625 38.75579833984375)
2741_749,59035_20250801_195_0_4,195_0,0,38.755680084228516,-9.194580078125,23,IN_TRANSIT_TO,2025-08-21 07:15:05,50476,2741,AG-99-TG,POINT (-9.194580078125 38.755680084228516)
2658_738,5548_20250801_117_0_2,117_0,1,38.705379486083984,-9.18008041381836,4,IN_TRANSIT_TO,2025-08-21 07:15:02,12113,2658,05-VZ-71,POINT (-9.18008041381836 38.705379486083984)
2479_729,4756_20250801_104_0_2,104_0,1,38.76918029785156,-9.189069747924805,40,IN_TRANSIT_TO,2025-08-21 07:14:49,14106,2479,91-BE-74,POINT (-9.189069747924805 38.76918029785156)
2844_728,4640_20250801_204_0_4,204_0,0,38.78097152709961,-9.10657024383545,48,IN_TRANSIT_TO,2025-08-21 07:14:57,7903,2844,BF-73-FZ,POINT (-9.10657024383545 38.78097152709961)
2288_763,46425_20250801_282_0_5,282_0,0,38.77455139160156,-9.15542984008789,0,IN_TRANSIT_TO,2025-08-21 07:14:44,,2288,92-59-ZM,POINT (-9.15542984008789 38.77455139160156)
2295_731,5024_20250801_190_0_4,190_0,1,38.74732971191406,-9.156999588012695,27,IN_TRANSIT_TO,2025-08-21 07:14:51,13507,2295,92-53-ZM,POINT (-9.156999588012695 38.74732971191406)
2298_742,5767_20250801_114_0_2,114_0,1,38.731719970703125,-9.127650260925293,43,IN_TRANSIT_TO,2025-08-21 06:49:35,502,2298,83-05-ZM,POINT (-9.127650260925293 38.731719970703125)
608_15E,11267_20250801_76_0_5,76_0,1,38.6998291015625,-9.227330207824707,2,IN_TRANSIT_TO,2025-08-21 07:15:02,4219,608,,POINT (-9.227330207824707 38.6998291015625)
2979_702,3063_20250801_146_0_12,146_0,1,38.72766876220703,-9.16172981262207,10,IN_TRANSIT_TO,2025-08-21 07:14:41,6101,2979,30-VM-17,POINT (-9.16172981262207 38.72766876220703)
610_15E,11241_20250801_76_0_2,76_0,1,38.70417022705078,-9.1737699508667,15,IN_TRANSIT_TO,2025-08-21 07:14:39,4001,610,,POINT (-9.1737699508667 38.70417022705078)
2257_758,6873_20250801_150_0_5,150_0,0,38.74134826660156,-9.168169975280762,18,IN_TRANSIT_TO,2025-08-21 07:14:41,50472,2257,80-50-ZE,POINT (-9.168169975280762 38.74134826660156)
2281_758,6856_20250801_150_0_4,150_0,1,38.750301361083984,-9.203129768371582,4,IN_TRANSIT_TO,2025-08-21 07:14:51,10921,2281,67-56-ZJ,POINT (-9.203129768371582 38.750301361083984)
2628_705,3197_20250801_176_0_3,176_0,1,38.7672004699707,-9.097970008850098,24,IN_TRANSIT_TO,2025-08-21 07:14:45,7822,2628,52-VP-82,POINT (-9.097970008850098 38.7672004699707)
6015_778,7536_20250801_179_0_3,179_0,0,38.767578125,-9.170370101928711,9,IN_TRANSIT_TO,2025-08-21 07:14:51,50025,6015,69-ZF-01,POINT (-9.170370101928711 38.767578125)
2629_759,6903_20250801_144_0_4,144_0,1,38.73276901245117,-9.11476993560791,30,IN_TRANSIT_TO,2025-08-21 07:14:36,17572,2629,52-VP-81,POINT (-9.11476993560791 38.73276901245117)
271_64B,21493_20250801_238_0_4,238_0,0,38.718570709228516,-9.171680450439453,12,IN_TRANSIT_TO,2025-08-21 07:14:45,50489,271,AH-27-IN,POINT (-9.171680450439453 38.718570709228516)
306_744,5835_20250801_200_0_2,200_0,1,38.774898529052734,-9.100899696350098,3,IN_TRANSIT_TO,2025-08-21 07:14:38,7910,306,73-ST-81,POINT (-9.100899696350098 38.774898529052734)
2738_756,6752_20250801_175_0_3,175_0,1,38.730018615722656,-9.165980339050293,9,IN_TRANSIT_TO,2025-08-21 07:14:36,2715,2738,AG-46-EI,POINT (-9.165980339050293 38.730018615722656)
6007_706,3263_20250801_147_0_4,147_0,0,38.72298049926758,-9.149029731750488,13,IN_TRANSIT_TO,2025-08-21 07:15:03,1216,6007,80-ZC-62,POINT (-9.149029731750488 38.72298049926758)
6035_732,5083_20250801_107_0_3,107_0,1,38.706199645996094,-9.155779838562012,26,IN_TRANSIT_TO,2025-08-21 07:15:00,3901,6035,BG-76-LX,POINT (-9.155779838562012 38.706199645996094)
2765_712,3547_20250801_189_0_5,189_0,0,38.71417999267578,-9.122050285339355,0,IN_TRANSIT_TO,2025-08-21 07:14:54,,2765,AH-37-ND,POINT (-9.122050285339355 38.71417999267578)
4633_783,7822_20250801_203_0_3,203_0,0,38.78874969482422,-9.12399959564209,30,IN_TRANSIT_TO,2025-08-21 07:15:00,16307,4633,90-JI-94,POINT (-9.12399959564209 38.78874969482422)
2259_731,5000_20250801_190_0_2,190_0,0,38.779170989990234,-9.105770111083984,32,IN_TRANSIT_TO,2025-08-21 07:14:45,7902,2259,67-44-ZJ,POINT (-9.105770111083984 38.779170989990234)
2270_758,6821_20250801_150_0_2,150_0,1,38.72357177734375,-9.161020278930664,23,IN_TRANSIT_TO,2025-08-21 07:14:45,8512,2270,76-82-ZG,POINT (-9.161020278930664 38.72357177734375)
2430_726,4263_20250801_116_0_3,116_0,0,38.72214889526367,-9.128780364990234,0,IN_TRANSIT_TO,2025-08-21 07:14:47,,2430,29-AX-12,POINT (-9.128780364990234 38.72214889526367)
2442_767,7301_20250801_112_0_4,112_0,1,38.7523307800293,-9.209400177001953,5,IN_TRANSIT_TO,2025-08-21 07:14:36,3003,2442,29-AX-06,POINT (-9.209400177001953 38.7523307800293)
2495_735,5261_20250801_172_1_3,172_1,1,38.71269989013672,-9.123720169067383,17,IN_TRANSIT_TO,2025-08-21 07:14:56,2118,2495,88-BL-69,POINT (-9.123720169067383 38.71269989013672)
6038_732,5090_20250801_107_0_1,107_0,1,38.69792938232422,-9.191149711608887,17,IN_TRANSIT_TO,2025-08-21 07:14:43,9509,6038,BG-46-LV,POINT (-9.191149711608887 38.69792938232422)
4833_736,5341_20250801_199_0_4,199_0,1,38.720401763916016,-9.14585018157959,27,IN_TRANSIT_TO,2025-08-21 07:14:57,1102,4833,20-VQ-65,POINT (-9.14585018157959 38.720401763916016)
2272_758,6843_20250801_150_0_4,150_0,1,38.74354934692383,-9.175629615783691,13,IN_TRANSIT_TO,2025-08-21 07:14:43,10705,2272,76-80-ZG,POINT (-9.175629615783691 38.74354934692383)
4825_736,5381_20250801_199_0_6,199_0,1,38.78282928466797,-9.166029930114746,6,IN_TRANSIT_TO,2025-08-21 07:14:40,7204,4825,20-VQ-72,POINT (-9.166029930114746 38.78282928466797)
2965_737,5493_20250801_173_0_3,173_0,0,38.710018157958984,-9.133270263671875,3,IN_TRANSIT_TO,2025-08-21 07:14:52,13801,2965,29-VM-97,POINT (-9.133270263671875 38.710018157958984)
275_734,5138_20250801_205_0_3,205_0,1,38.71495056152344,-9.136449813842773,15,IN_TRANSIT_TO,2025-08-21 07:14:55,805,275,AH-16-TB,POINT (-9.136449813842773 38.71495056152344)
2997_774,7434_20250801_192_0_8,192_0,1,38.721981048583984,-9.15071964263916,5,IN_TRANSIT_TO,2025-08-21 07:14:49,1211,2997,34-VN-03,POINT (-9.15071964263916 38.721981048583984)
2607_781,7725_20250801_151_0_3,151_0,1,38.70838165283203,-9.136449813842773,27,IN_TRANSIT_TO,2025-08-21 07:14:51,4502,2607,AA-95-TQ,POINT (-9.136449813842773 38.70838165283203)
2824_753,6542_20250801_167_0_7,167_0,0,38.7265510559082,-9.147049903869629,2,IN_TRANSIT_TO,2025-08-21 07:14:52,6602,2824,BF-67-FZ,POINT (-9.147049903869629 38.7265510559082)
2613_722,4113_20250801_196_0_4,196_0,1,38.764068603515625,-9.129520416259766,16,IN_TRANSIT_TO,2025-08-21 07:14:46,7602,2613,66-VI-22,POINT (-9.129520416259766 38.764068603515625)
4827_736,5370_20250801_199_0_4,199_0,1,38.7629508972168,-9.156700134277344,13,IN_TRANSIT_TO,2025-08-21 07:15:05,5814,4827,34-VR-15,POINT (-9.156700134277344 38.7629508972168)
2697_746,5992_20250801_108_0_5,108_0,0,38.74987030029297,-9.203120231628418,18,IN_TRANSIT_TO,2025-08-21 07:14:52,10802,2697,90-XF-59,POINT (-9.203120231628418 38.74987030029297)
6036_726,4351_20250801_116_0_5,116_0,0,38.73748016357422,-9.149580001831055,12,IN_TRANSIT_TO,2025-08-21 07:14:43,1407,6036,BG-90-LX,POINT (-9.149580001831055 38.73748016357422)
6026_760,51297_20250801_171_0_3,171_0,1,38.713401794433594,-9.209870338439941,4,IN_TRANSIT_TO,2025-08-21 07:14:44,50169,6026,BF-39-BB,POINT (-9.209870338439941 38.713401794433594)
2739_755,6631_20250801_118_0_6,118_0,0,38.74993133544922,-9.104479789733887,5,IN_TRANSIT_TO,2025-08-21 07:15:04,50228,2739,AG-31-EI,POINT (-9.104479789733887 38.74993133544922)
2602_705,3188_20250801_176_0_3,176_0,0,38.74665069580078,-9.131400108337402,23,IN_TRANSIT_TO,2025-08-21 07:14:46,7308,2602,16-VF-81,POINT (-9.131400108337402 38.74665069580078)
2749_735,5269_20250801_172_0_4,172_0,1,38.753231048583984,-9.14424991607666,6,IN_TRANSIT_TO,2025-08-21 07:14:51,104,2749,AG-03-TH,POINT (-9.14424991607666 38.753231048583984)
2657_708,3345_20250801_100_0_5,100_0,1,38.75382995605469,-9.130599975585938,31,IN_TRANSIT_TO,2025-08-21 07:15:02,7413,2657,05-VZ-66,POINT (-9.130599975585938 38.75382995605469)
4830_736,5301_20250801_199_0_5,199_0,0,38.738380432128906,-9.145870208740234,7,IN_TRANSIT_TO,2025-08-21 07:14:33,1807,4830,20-VQ-63,POINT (-9.145870208740234 38.738380432128906)
6037_732,5041_20250801_107_0_2,107_0,0,38.70362091064453,-9.19534969329834,33,IN_TRANSIT_TO,2025-08-21 07:14:49,13410,6037,BG-37-LT,POINT (-9.19534969329834 38.70362091064453)
2617_759,6968_20250801_144_0_5,144_0,0,38.70840072631836,-9.136249542236328,4,IN_TRANSIT_TO,2025-08-21 07:14:36,5501,2617,66-VI-28,POINT (-9.136249542236328 38.70840072631836)
2633_759,6925_20250801_144_0_2,144_0,1,38.775081634521484,-9.102029800415039,4,IN_TRANSIT_TO,2025-08-21 07:14:50,7823,2633,52-VP-79,POINT (-9.102029800415039 38.775081634521484)
6005_706,3208_20250801_147_0_4,147_0,0,38.70587158203125,-9.143919944763184,0,IN_TRANSIT_TO,2025-08-21 07:14:57,,6005,81-ZC-91,POINT (-9.143919944763184 38.70587158203125)
2619_782,7769_20250801_152_0_3,152_0,1,38.76707077026367,-9.099120140075684,5,IN_TRANSIT_TO,2025-08-21 07:14:42,7825,2619,66-VI-37,POINT (-9.099120140075684 38.76707077026367)
6039_767,20138_20250801_112_1_2,112_1,0,38.75685119628906,-9.201430320739746,19,IN_TRANSIT_TO,2025-08-21 07:14:55,13704,6039,BG-96-LU,POINT (-9.201430320739746 38.75685119628906)
2716_711,3451_20250801_101_0_2,101_0,0,38.75226974487305,-9.20656967163086,24,IN_TRANSIT_TO,2025-08-21 07:14:46,50170,2716,92-XQ-27,POINT (-9.20656967163086 38.75226974487305)
6025_760,7087_20250801_171_0_3,171_0,0,38.72011947631836,-9.138480186462402,5,IN_TRANSIT_TO,2025-08-21 07:15:02,9214,6025,BF-92-AX,POINT (-9.138480186462402 38.72011947631836)
2991_797,8165_20250801_163_0_10,163_0,0,38.731868743896484,-9.12798023223877,5,IN_TRANSIT_TO,2025-08-21 07:14:59,502,2991,29-VM-89,POINT (-9.12798023223877 38.731868743896484)
4820_751,6512_20250801_109_4_2,109_4,0,38.730350494384766,-9.16862964630127,2,IN_TRANSIT_TO,2025-08-21 07:14:53,2704,4820,20-VQ-62,POINT (-9.16862964630127 38.730350494384766)
283_734,5138_20250801_205_0_6,205_0,0,38.71443176269531,-9.123080253601074,16,IN_TRANSIT_TO,2025-08-07 08:52:19,2110,283,AI-49-OJ,POINT (-9.123080253601074 38.71443176269531)
2647_782,7772_20250801_152_0_3,152_0,0,38.77248001098633,-9.097399711608887,19,IN_TRANSIT_TO,2025-08-21 07:14:51,7821,2647,75-VS-45,POINT (-9.097399711608887 38.77248001098633)
2642_718,3941_20250801_105_0_5,105_0,1,38.728919982910156,-9.122249603271484,8,IN_TRANSIT_TO,2025-08-21 07:14:44,7012,2642,75-VS-51,POINT (-9.122249603271484 38.728919982910156)
273_734,5135_20250801_205_0_3,205_0,0,38.72303009033203,-9.132220268249512,4,IN_TRANSIT_TO,2025-08-21 07:14:38,707,273,AH-15-TB,POINT (-9.132220268249512 38.72303009033203)
2737_756,6742_20250801_175_0_6,175_0,0,38.74148178100586,-9.128399848937988,5,IN_TRANSIT_TO,2025-08-21 07:14:50,9007,2737,AG-45-EI,POINT (-9.128399848937988 38.74148178100586)
2609_705,3182_20250801_176_0_4,176_0,1,38.76620101928711,-9.129070281982422,8,IN_TRANSIT_TO,2025-08-21 07:15:05,7511,2609,66-VI-36,POINT (-9.129070281982422 38.76620101928711)
2611_759,6959_20250801_144_0_5,144_0,0,38.76327896118164,-9.11832046508789,31,IN_TRANSIT_TO,2025-08-21 07:14:53,8437,2611,66-VI-38,POINT (-9.11832046508789 38.76327896118164)
2721_714,3695_20250801_102_0_2,102_0,1,38.69847869873047,-9.188050270080566,24,IN_TRANSIT_TO,2025-08-21 07:14:42,9507,2721,92-XQ-37,POINT (-9.188050270080566 38.69847869873047)
2632_759,6958_20250801_144_0_3,144_0,0,38.77497100830078,-9.09926986694336,44,IN_TRANSIT_TO,2025-08-21 07:14:15,7910,2632,52-VP-88,POINT (-9.09926986694336 38.77497100830078)
6030_732,5042_20250801_107_0_3,107_0,0,38.70668029785156,-9.14175033569336,19,IN_TRANSIT_TO,2025-08-21 07:14:39,3820,6030,BF-39-AU,POINT (-9.14175033569336 38.70668029785156)
548_28E,14989_20250801_75_0_4,75_0,0,38.722999572753906,-9.132530212402344,4,IN_TRANSIT_TO,2025-08-21 07:14:39,707,548,,POINT (-9.132530212402344 38.722999572753906)
2643_718,3963_20250801_105_0_4,105_0,0,38.728580474853516,-9.121450424194336,23,IN_TRANSIT_TO,2025-08-21 07:14:59,11703,2643,75-VS-44,POINT (-9.121450424194336 38.728580474853516)
2468_729,4778_20250801_104_0_2,104_0,1,38.72460174560547,-9.193599700927734,20,IN_TRANSIT_TO,2025-08-21 07:14:48,21302,2468,16-AZ-10,POINT (-9.193599700927734 38.72460174560547)
2664_709,3405_20250801_148_0_5,148_0,0,38.715118408203125,-9.141050338745117,2,IN_TRANSIT_TO,2025-08-21 07:15:04,919,2664,05-VZ-68,POINT (-9.141050338745117 38.715118408203125)
2640_705,3192_20250801_176_0_3,176_0,0,38.78178024291992,-9.118720054626465,10,IN_TRANSIT_TO,2025-08-21 07:14:47,12603,2640,75-VS-43,POINT (-9.118720054626465 38.78178024291992)
2654_714,3691_20250801_102_0_4,102_0,1,38.70650100708008,-9.158370018005371,33,IN_TRANSIT_TO,2025-08-21 07:14:35,3907,2654,05-VZ-69,POINT (-9.158370018005371 38.70650100708008)
2612_722,4124_20250801_196_0_4,196_0,0,38.74814987182617,-9.13092041015625,15,IN_TRANSIT_TO,2025-08-21 07:14:56,313,2612,66-VI-29,POINT (-9.13092041015625 38.74814987182617)
501_15E,11306_20250801_76_0_3,76_0,0,38.69628143310547,-9.209250450134277,17,IN_TRANSIT_TO,2025-08-21 07:14:45,9610,501,,POINT (-9.209250450134277 38.69628143310547)
542_28E,14963_20250801_75_0_2,75_0,0,38.70951843261719,-9.137249946594238,16,IN_TRANSIT_TO,2025-08-21 07:06:18,13802,542,,POINT (-9.137249946594238 38.70951843261719)
574_28E,14937_20250801_75_0_4,75_0,0,38.714298248291016,-9.169480323791504,34,IN_TRANSIT_TO,2025-08-21 07:14:47,8017,574,,POINT (-9.169480323791504 38.714298248291016)
2713_711,3494_20250801_101_0_4,101_0,1,38.73237991333008,-9.189720153808594,18,IN_TRANSIT_TO,2025-08-21 07:14:59,8706,2713,92-XQ-34,POINT (-9.189720153808594 38.73237991333008)
2635_781,7718_20250801_151_0_4,151_0,0,38.70597839355469,-9.143179893493652,0,IN_TRANSIT_TO,2025-08-21 07:15:04,,2635,52-VP-90,POINT (-9.143179893493652 38.70597839355469)
2799_712,3533_20250801_189_0_3,189_0,0,38.725250244140625,-9.163700103759766,21,IN_TRANSIT_TO,2025-08-21 07:14:54,6113,2799,AJ-52-LI,POINT (-9.163700103759766 38.725250244140625)
544_28E,14911_20250801_75_0_3,75_0,1,38.71348190307617,-9.159520149230957,6,IN_TRANSIT_TO,2025-08-21 07:14:47,8111,544,,POINT (-9.159520149230957 38.71348190307617)
2996_797,8176_20250801_163_0_4,163_0,1,38.7298698425293,-9.130620002746582,5,IN_TRANSIT_TO,2025-08-21 07:14:49,50395,2996,30-VM-03,POINT (-9.130620002746582 38.7298698425293)
556_12E,11030_20250801_77_0_2,77_0,0,38.7105712890625,-9.142919540405273,13,IN_TRANSIT_TO,2025-08-21 07:14:40,10514,556,,POINT (-9.142919540405273 38.7105712890625)
2686_714,3700_20250801_102_0_4,102_0,1,38.716400146484375,-9.214619636535645,11,IN_TRANSIT_TO,2025-08-21 07:14:17,10401,2686,99-XE-58,POINT (-9.214619636535645 38.716400146484375)
2652_711,3472_20250801_101_0_5,101_0,0,38.70745086669922,-9.133049964904785,0,IN_TRANSIT_TO,2025-08-21 07:14:50,,2652,05-VZ-61,POINT (-9.133049964904785 38.70745086669922)
2626_782,7782_20250801_152_0_3,152_0,1,38.70637130737305,-9.142769813537598,21,IN_TRANSIT_TO,2025-08-21 07:14:55,3820,2626,52-VP-86,POINT (-9.142769813537598 38.70637130737305)
2622_759,6899_20250801_144_0_4,144_0,1,38.709999084472656,-9.135129928588867,44,IN_TRANSIT_TO,2025-08-21 07:14:42,4506,2622,66-VI-21,POINT (-9.135129928588867 38.709999084472656)
263_76B,18634_20250801_219_0_4,219_0,0,38.70682144165039,-9.191129684448242,7,IN_TRANSIT_TO,2025-08-21 07:14:52,50331,263,AG-26-NH,POINT (-9.191129684448242 38.70682144165039)
2603_782,7779_20250801_152_0_3,152_0,0,38.71403121948242,-9.121930122375488,4,IN_TRANSIT_TO,2025-08-21 07:10:05,4505,2603,16-VF-76,POINT (-9.121930122375488 38.71403121948242)
2656_782,7789_20250801_152_0_2,152_0,1,38.7247314453125,-9.111800193786621,17,IN_TRANSIT_TO,2025-08-21 07:15:05,8310,2656,05-VZ-53,POINT (-9.111800193786621 38.7247314453125)
2986_730,4954_20250801_198_0_4,198_0,0,38.731231689453125,-9.127869606018066,12,IN_TRANSIT_TO,2025-08-21 07:14:57,7004,2986,30-VM-12,POINT (-9.127869606018066 38.731231689453125)
2982_774,7454_20250801_192_0_7,192_0,0,38.72111892700195,-9.162369728088379,5,IN_TRANSIT_TO,2025-08-21 07:15:01,8027,2982,30-VM-23,POINT (-9.162369728088379 38.72111892700195)
2990_45B,45293_20250801_277_0_2,277_0,1,38.76348114013672,-9.171719551086426,8,IN_TRANSIT_TO,2025-08-21 07:14:38,50024,2990,30-VM-06,POINT (-9.171719551086426 38.76348114013672)
2711_711,3465_20250801_101_0_4,101_0,0,38.72478103637695,-9.157919883728027,8,IN_TRANSIT_TO,2025-08-21 07:14:47,1223,2711,92-XQ-44,POINT (-9.157919883728027 38.72478103637695)
2976_34B,19145_20250801_226_0_3,226_0,0,38.73262023925781,-9.114999771118164,15,IN_TRANSIT_TO,2025-08-21 07:14:50,17569,2976,30-VM-00,POINT (-9.114999771118164 38.73262023925781)
2616_781,7752_20250801_151_0_4,151_0,0,38.74150085449219,-9.102519989013672,8,IN_TRANSIT_TO,2025-08-21 07:15:03,12513,2616,66-VI-44,POINT (-9.102519989013672 38.74150085449219)
2702_713,21385_20250801_122_0_4,122_0,1,38.71009826660156,-9.160280227661133,16,IN_TRANSIT_TO,2025-08-21 07:15:02,10006,2702,92-XQ-21,POINT (-9.160280227661133 38.71009826660156)
552_25E,14256_20250801_79_0_5,79_0,1,38.706268310546875,-9.144969940185547,16,IN_TRANSIT_TO,2025-08-21 07:14:40,3803,552,,POINT (-9.144969940185547 38.706268310546875)
2634_755,6690_20250801_118_0_2,118_0,0,38.75334930419922,-9.143549919128418,32,IN_TRANSIT_TO,2025-08-21 07:15:05,108,2634,52-VP-85,POINT (-9.143549919128418 38.75334930419922)
2663_714,3697_20240914_102_0_16,102_0,1,38.72127151489258,-9.221500396728516,4,IN_TRANSIT_TO,2024-10-22 20:26:58,18703,2663,05-VZ-62,POINT (-9.221500396728516 38.72127151489258)
2659_723,4146_20250801_121_0_3,121_0,0,38.695350646972656,-9.217100143432617,28,IN_TRANSIT_TO,2025-08-21 07:14:38,50385,2659,05-VZ-57,POINT (-9.217100143432617 38.695350646972656)
576_18E,12181_20250801_78_0_6,78_0,1,38.703651428222656,-9.171649932861328,15,IN_TRANSIT_TO,2025-08-21 07:14:40,4001,576,,POINT (-9.171649932861328 38.703651428222656)
2615_759,6924_20250801_144_0_4,144_0,1,38.7690315246582,-9.117850303649902,14,IN_TRANSIT_TO,2025-08-21 07:14:39,7704,2615,66-VI-27,POINT (-9.117850303649902 38.7690315246582)
554_24E,17846_20250801_213_0_5,213_0,1,38.7147216796875,-9.144399642944336,8,IN_TRANSIT_TO,2025-08-21 07:14:46,10604,554,,POINT (-9.144399642944336 38.7147216796875)
2732_720,4056_20250801_143_0_5,143_0,0,38.741371154785156,-9.128270149230957,5,IN_TRANSIT_TO,2025-08-21 07:14:44,9007,2732,AG-39-EI,POINT (-9.128270149230957 38.741371154785156)
1714_701,2950_20250801_123_0_7,123_0,1,38.747779846191406,-9.151430130004883,25,IN_TRANSIT_TO,2025-08-21 07:14:47,2010,1714,69-AL-77,POINT (-9.151430130004883 38.747779846191406)
2995_730,4963_20250801_198_0_5,198_0,1,38.7330207824707,-9.123220443725586,1,IN_TRANSIT_TO,2025-08-21 07:15:05,50475,2995,30-VM-15,POINT (-9.123220443725586 38.7330207824707)
543_18E,12200_20250801_78_0_3,78_0,0,38.70471954345703,-9.17693042755127,6,IN_TRANSIT_TO,2025-08-21 07:14:42,4004,543,,POINT (-9.17693042755127 38.70471954345703)
4804_751,6499_20250801_109_0_6,109_0,0,38.706878662109375,-9.173979759216309,7,IN_TRANSIT_TO,2025-08-21 07:14:38,9425,4804,53-VR-07,POINT (-9.173979759216309 38.706878662109375)
505_15E,11215_20250801_76_0_4,76_0,1,38.7127685546875,-9.13759994506836,23,IN_TRANSIT_TO,2025-08-21 07:14:56,50621,505,,POINT (-9.13759994506836 38.7127685546875)
2963_72B,45258_20250801_279_0_3,279_0,0,38.74660110473633,-9.206720352172852,11,IN_TRANSIT_TO,2025-08-21 07:14:36,2910,2963,29-VM-88,POINT (-9.206720352172852 38.74660110473633)
2687_754,6599_20250801_201_0_2,201_0,1,38.747379302978516,-9.148369789123535,31,IN_TRANSIT_TO,2025-08-21 07:14:42,2010,2687,93-XA-44,POINT (-9.148369789123535 38.747379302978516)
404_19B,21691_20250801_245_0_3,245_0,0,38.71812057495117,-9.144570350646973,16,IN_TRANSIT_TO,2025-08-21 07:15:02,50623,404,BF-14-TQ,POINT (-9.144570350646973 38.71812057495117)
265_79B,18665_20250801_221_0_3,221_0,0,38.714019775390625,-9.208869934082031,24,IN_TRANSIT_TO,2025-08-21 07:14:40,12401,265,AG-40-OV,POINT (-9.208869934082031 38.714019775390625)
4813_751,6477_20250801_109_0_2,109_0,0,38.69742965698242,-9.204050064086914,15,IN_TRANSIT_TO,2025-08-21 07:14:42,4112,4813,68-VQ-50,POINT (-9.204050064086914 38.69742965698242)
2696_754,6612_20250801_201_0_3,201_0,1,38.744449615478516,-9.19789981842041,18,IN_TRANSIT_TO,2025-08-21 07:14:42,2811,2696,90-XF-63,POINT (-9.19789981842041 38.744449615478516)
2644_718,3974_20250801_105_0_4,105_0,0,38.751129150390625,-9.104470252990723,8,IN_TRANSIT_TO,2025-08-21 07:15:00,24371,2644,87-VS-52,POINT (-9.104470252990723 38.751129150390625)
2662_723,18980_20250801_121_0_2,121_0,1,38.7170295715332,-9.210350036621094,12,IN_TRANSIT_TO,2025-08-21 07:14:59,10404,2662,05-VZ-51,POINT (-9.210350036621094 38.7170295715332)
2977_702,3059_20250801_146_0_7,146_0,0,38.725379943847656,-9.151470184326172,1,IN_TRANSIT_TO,2025-08-21 07:14:57,50188,2977,30-VM-21,POINT (-9.151470184326172 38.725379943847656)
2427_703,3104_20250801_165_0_4,165_0,1,38.74977111816406,-9.194629669189453,6,IN_TRANSIT_TO,2025-08-21 07:15:02,10907,2427,29-AX-14,POINT (-9.194629669189453 38.74977111816406)
4808_751,6480_20250801_109_0_4,109_0,1,38.6998291015625,-9.205880165100098,17,IN_TRANSIT_TO,2025-08-21 07:14:48,9607,4808,20-VQ-73,POINT (-9.205880165100098 38.6998291015625)
572_25E,14267_20250801_79_0_2,79_0,0,38.70627975463867,-9.1431303024292,3,IN_TRANSIT_TO,2025-08-21 07:14:48,3820,572,,POINT (-9.1431303024292 38.70627975463867)
264_734,5149_20250801_205_0_3,205_0,0,38.714149475097656,-9.123120307922363,16,IN_TRANSIT_TO,2025-08-21 07:14:15,2110,264,AG-42-OV,POINT (-9.123120307922363 38.714149475097656)
4824_736,20127_20250801_199_0_3,199_0,0,38.76007080078125,-9.155380249023438,15,IN_TRANSIT_TO,2025-08-21 07:14:39,5805,4824,34-VR-19,POINT (-9.155380249023438 38.76007080078125)
2778_727,4504_20250801_103_0_3,103_0,1,38.710880279541016,-9.153470039367676,29,IN_TRANSIT_TO,2025-08-21 07:15:03,7103,2778,AI-03-BT,POINT (-9.153470039367676 38.710880279541016)
4817_728,4611_20250801_204_0_5,204_0,1,38.779300689697266,-9.10591983795166,3,IN_TRANSIT_TO,2025-08-21 07:14:57,12619,4817,00-VV-37,POINT (-9.10591983795166 38.779300689697266)
2987_52B,21665_20250801_244_0_2,244_0,0,38.74491882324219,-9.15977954864502,4,IN_TRANSIT_TO,2025-08-21 07:14:48,50540,2987,29-VM-99,POINT (-9.15977954864502 38.74491882324219)
2655_708,3286_20250801_100_0_2,100_0,0,38.78860092163086,-9.098030090332031,36,IN_TRANSIT_TO,2025-08-21 07:12:27,50300,2655,05-VZ-67,POINT (-9.098030090332031 38.78860092163086)
269_734,5146_20250801_205_0_3,205_0,1,38.71588134765625,-9.136650085449219,14,IN_TRANSIT_TO,2025-08-21 07:14:59,804,269,AG-25-NH,POINT (-9.136650085449219 38.71588134765625)
4807_728,4591_20250801_204_0_5,204_0,1,38.74394989013672,-9.101380348205566,19,IN_TRANSIT_TO,2025-08-21 07:14:38,12504,4807,20-VQ-69,POINT (-9.101380348205566 38.74394989013672)
2650_727,4520_20250801_103_0_3,103_0,1,38.70232009887695,-9.20248031616211,10,IN_TRANSIT_TO,2025-08-21 07:14:41,13309,2650,75-VS-50,POINT (-9.20248031616211 38.70232009887695)
2782_713,3617_20250801_122_0_5,122_0,0,38.7080192565918,-9.15861988067627,23,IN_TRANSIT_TO,2025-08-21 07:14:56,10009,2782,AI-99-BS,POINT (-9.15861988067627 38.7080192565918)
2984_730,4943_20250801_198_0_4,198_0,0,38.7252197265625,-9.14424991607666,23,IN_TRANSIT_TO,2025-08-21 07:14:50,6603,2984,30-VM-04,POINT (-9.14424991607666 38.7252197265625)
2630_744,5825_20250801_200_0_4,200_0,1,38.763648986816406,-9.129579544067383,14,IN_TRANSIT_TO,2025-08-21 07:14:44,50592,2630,52-VP-89,POINT (-9.129579544067383 38.763648986816406)
2744_720,4093_20250801_143_0_3,143_0,0,38.71567916870117,-9.159700393676758,19,IN_TRANSIT_TO,2025-08-21 07:14:08,8104,2744,AG-13-TH,POINT (-9.159700393676758 38.71567916870117)
4803_728,4631_20250801_204_0_2,204_0,0,38.78038024902344,-9.103219985961914,48,IN_TRANSIT_TO,2025-08-21 07:15:06,7903,4803,77-VP-16,POINT (-9.103219985961914 38.78038024902344)
2651_750,57123_20250801_106_4_3,106_4,0,38.743778228759766,-9.205750465393066,3,IN_TRANSIT_TO,2025-08-21 07:15:05,8814,2651,05-VZ-54,POINT (-9.205750465393066 38.743778228759766)
2645_718,3936_20250801_105_0_3,105_0,1,38.75477981567383,-9.113679885864258,29,IN_TRANSIT_TO,2025-08-21 07:14:43,24389,2645,87-VS-49,POINT (-9.113679885864258 38.75477981567383)
2983_702,3044_20250801_146_0_5,146_0,0,38.726478576660156,-9.165019989013672,5,IN_TRANSIT_TO,2025-08-21 07:14:42,6107,2983,30-VM-08,POINT (-9.165019989013672 38.726478576660156)
262_61B,21524_20250801_241_0_4,241_0,0,38.73310089111328,-9.162850379943848,11,IN_TRANSIT_TO,2025-08-21 07:15:00,6123,262,AF-49-ZD,POINT (-9.162850379943848 38.73310089111328)
2627_759,6967_20250801_144_0_3,144_0,0,38.73139953613281,-9.111929893493652,16,IN_TRANSIT_TO,2025-08-21 07:14:46,17567,2627,52-VP-83,POINT (-9.111929893493652 38.73139953613281)
4635_783,7851_20250801_203_0_2,203_0,1,38.7689208984375,-9.127969741821289,12,IN_TRANSIT_TO,2025-08-21 07:14:25,7602,4635,90-JI-95,POINT (-9.127969741821289 38.7689208984375)
274_49B,22228_20250801_251_0_3,251_0,0,38.74142837524414,-9.128299713134766,11,IN_TRANSIT_TO,2025-08-21 07:14:08,8910,274,AH-14-TB,POINT (-9.128299713134766 38.74142837524414)
2742_720,4078_20250801_143_0_6,143_0,1,38.72602081298828,-9.147820472717285,17,IN_TRANSIT_TO,2025-08-21 07:14:39,1201,2742,AG-94-TG,POINT (-9.147820472717285 38.72602081298828)
2715_714,3637_20250801_102_0_3,102_0,0,38.704219818115234,-9.212949752807617,24,IN_TRANSIT_TO,2025-08-21 07:14:39,13122,2715,92-XQ-22,POINT (-9.212949752807617 38.704219818115234)
2719_738,5516_20250801_117_0_3,117_0,0,38.74937057495117,-9.149399757385254,13,IN_TRANSIT_TO,2025-08-21 07:15:04,2006,2719,92-XQ-17,POINT (-9.149399757385254 38.74937057495117)
2631_722,4114_20250801_196_0_3,196_0,0,38.781898498535156,-9.108380317687988,33,IN_TRANSIT_TO,2025-08-21 07:07:52,12625,2631,52-VP-80,POINT (-9.108380317687988 38.781898498535156)
2722_713,3604_20250801_122_0_5,122_0,0,38.71411895751953,-9.175829887390137,31,IN_TRANSIT_TO,2025-08-21 07:15:00,9411,2722,92-XQ-36,POINT (-9.175829887390137 38.71411895751953)
2735_756,6726_20250801_175_0_6,175_0,0,38.72306823730469,-9.175029754638672,18,IN_TRANSIT_TO,2025-08-21 07:14:55,8602,2735,AG-37-EI,POINT (-9.175029754638672 38.72306823730469)
2625_781,7751_20250801_151_0_3,151_0,0,38.76285171508789,-9.109319686889648,17,IN_TRANSIT_TO,2025-08-21 07:14:59,8423,2625,72-VP-79,POINT (-9.109319686889648 38.76285171508789)
2247_758,6880_20250801_150_0_5,150_0,0,38.72758102416992,-9.161430358886719,12,IN_TRANSIT_TO,2025-08-21 07:15:03,8509,2247,22-34-ZB,POINT (-9.161430358886719 38.72758102416992)
2428_703,3139_20250801_165_0_3,165_0,0,38.75239944458008,-9.18904972076416,33,IN_TRANSIT_TO,2025-08-21 07:15:03,10808,2428,29-AX-13,POINT (-9.18904972076416 38.75239944458008)
2327_793,7971_20250801_145_0_6,145_0,1,38.74153137207031,-9.129429817199707,4,IN_TRANSIT_TO,2025-08-21 07:15:03,9008,2327,67-53-ZJ,POINT (-9.129429817199707 38.74153137207031)
2310_708,3323_20250801_100_0_4,100_0,0,38.72209930419922,-9.135299682617188,3,IN_TRANSIT_TO,2025-08-21 07:14:49,803,2310,83-07-ZM,POINT (-9.135299682617188 38.72209930419922)
2489_729,4789_20250801_104_0_2,104_0,1,38.69501876831055,-9.214969635009766,4,IN_TRANSIT_TO,2025-08-21 07:14:40,13205,2489,55-BH-05,POINT (-9.214969635009766 38.69501876831055)
2402_778,18646_20250801_179_0_3,179_0,1,38.769771575927734,-9.171050071716309,10,IN_TRANSIT_TO,2025-08-21 07:14:49,5953,2402,50-AL-13,POINT (-9.171050071716309 38.769771575927734)
6044_760,7059_20250801_171_0_5,171_0,0,38.70621871948242,-9.155929565429688,13,IN_TRANSIT_TO,2025-08-21 07:14:51,7102,6044,BG-87-LX,POINT (-9.155929565429688 38.70621871948242)
2341_799,8224_20250801_120_0_4,120_0,0,38.755699157714844,-9.194319725036621,2,IN_TRANSIT_TO,2025-08-21 07:14:56,50242,2341,67-50-ZJ,POINT (-9.194319725036621 38.755699157714844)
2750_756,6714_20250801_175_0_5,175_0,1,38.70003128051758,-9.183480262756348,0,IN_TRANSIT_TO,2025-08-21 07:14:48,,2750,AG-10-TH,POINT (-9.183480262756348 38.70003128051758)
2785_746,5987_20250801_108_0_6,108_0,1,38.752201080322266,-9.209480285644531,2,IN_TRANSIT_TO,2025-08-21 07:14:57,3003,2785,AI-05-BT,POINT (-9.209480285644531 38.752201080322266)
2994_770,7367_20250801_191_0_4,191_0,0,38.73588180541992,-9.180020332336426,11,IN_TRANSIT_TO,2025-08-21 07:14:57,50355,2994,29-VM-91,POINT (-9.180020332336426 38.73588180541992)
2471_703,3164_20250801_165_0_4,165_0,1,38.774871826171875,-9.161279678344727,26,IN_TRANSIT_TO,2025-08-21 07:14:38,5905,2471,74-BC-70,POINT (-9.161279678344727 38.774871826171875)
2404_716,3719_20250801_164_0_3,164_0,0,38.73875045776367,-9.157320022583008,8,IN_TRANSIT_TO,2025-08-21 07:14:41,1503,2404,50-AL-11,POINT (-9.157320022583008 38.73875045776367)
2822_753,6535_20250801_167_0_7,167_0,0,38.72494888305664,-9.15587043762207,5,IN_TRANSIT_TO,2025-08-21 07:14:40,1223,2822,BF-54-FZ,POINT (-9.15587043762207 38.72494888305664)
2760_764,7133_20250801_168_0_5,168_0,0,38.752079010009766,-9.189350128173828,15,IN_TRANSIT_TO,2025-08-21 07:14:39,10808,2760,AH-35-ND,POINT (-9.189350128173828 38.752079010009766)
2299_742,5677_20250801_114_0_2,114_0,1,38.73460006713867,-9.137319564819336,40,IN_TRANSIT_TO,2025-08-21 07:14:45,11115,2299,83-14-ZM,POINT (-9.137319564819336 38.73460006713867)
6013_716,3735_20250801_164_0_6,164_0,1,38.75093078613281,-9.202779769897461,0,IN_TRANSIT_TO,2025-08-21 07:14:42,,6013,68-ZF-53,POINT (-9.202779769897461 38.75093078613281)
2293_731,4993_20250801_190_0_4,190_0,1,38.790321350097656,-9.109100341796875,0,IN_TRANSIT_TO,2025-08-21 07:14:57,,2293,92-57-ZM,POINT (-9.109100341796875 38.790321350097656)
2478_729,4811_20250801_104_0_4,104_0,0,38.6993293762207,-9.199749946594238,33,IN_TRANSIT_TO,2025-08-21 07:14:51,4106,2478,91-BE-80,POINT (-9.199749946594238 38.6993293762207)
1778_735,5236_20250801_172_0_5,172_0,0,38.71369934082031,-9.123499870300293,5,IN_TRANSIT_TO,2025-08-21 07:14:43,8201,1778,63-HX-30,POINT (-9.123499870300293 38.71369934082031)
2814_749,6203_20250801_195_0_6,195_0,0,38.74422836303711,-9.113630294799805,6,IN_TRANSIT_TO,2025-08-21 07:14:39,3706,2814,90-II-54,POINT (-9.113630294799805 38.74422836303711)
4639_796,8150_20250801_174_0_4,174_0,1,38.76866912841797,-9.158679962158203,13,IN_TRANSIT_TO,2025-08-21 07:14:54,5904,4639,27-JO-13,POINT (-9.158679962158203 38.76866912841797)
4647_750,6346_20250801_106_0_3,106_0,1,38.75981903076172,-9.116780281066895,32,IN_TRANSIT_TO,2025-08-21 07:14:46,8407,4647,02-JN-88,POINT (-9.116780281066895 38.75981903076172)
1749_794,8080_20250801_115_0_5,115_0,0,38.707420349121094,-9.133049964904785,0,IN_TRANSIT_TO,2025-08-21 07:14:54,,1749,92-HR-06,POINT (-9.133049964904785 38.707420349121094)
2970_774,7441_20250801_192_0_7,192_0,0,38.727718353271484,-9.142450332641602,12,IN_TRANSIT_TO,2025-08-21 07:14:52,6609,2970,29-VM-87,POINT (-9.142450332641602 38.727718353271484)
2813_749,59032_20250801_195_0_2,195_0,1,38.74382019042969,-9.152549743652344,14,IN_TRANSIT_TO,2025-08-21 07:15:04,3309,2813,90-II-53,POINT (-9.152549743652344 38.74382019042969)
1747_794,8061_20250801_115_0_3,115_0,0,38.762428283691406,-9.103599548339844,35,IN_TRANSIT_TO,2025-08-21 07:14:50,2311,1747,92-HR-04,POINT (-9.103599548339844 38.762428283691406)
4636_783,7848_20250801_203_0_4,203_0,1,38.73952102661133,-9.146349906921387,22,IN_TRANSIT_TO,2025-08-21 07:15:00,1906,4636,90-JI-97,POINT (-9.146349906921387 38.73952102661133)
4802_753,6547_20250801_167_0_3,167_0,0,38.72904968261719,-9.143930435180664,1,IN_TRANSIT_TO,2025-08-21 07:15:03,1712,4802,77-VP-17,POINT (-9.143930435180664 38.72904968261719)
4812_751,20106_20250801_109_4_3,109_4,1,38.70143127441406,-9.181400299072266,6,IN_TRANSIT_TO,2025-08-21 07:14:40,9503,4812,20-VQ-70,POINT (-9.181400299072266 38.70143127441406)
1748_749,59033_20250801_195_0_2,195_0,1,38.75394821166992,-9.206100463867188,4,IN_TRANSIT_TO,2025-08-21 07:14:43,50171,1748,92-HR-05,POINT (-9.206100463867188 38.75394821166992)
2960_40B,19264_20250801_212_0_3,212_0,0,38.79256820678711,-9.150320053100586,6,IN_TRANSIT_TO,2025-08-21 07:14:49,11608,2960,27-GU-75,POINT (-9.150320053100586 38.79256820678711)
2453_747,6080_20250801_177_0_4,177_0,1,38.76401901245117,-9.175629615783691,13,IN_TRANSIT_TO,2025-08-21 07:14:59,50022,2453,16-AZ-13,POINT (-9.175629615783691 38.76401901245117)
4640_783,7805_20250801_203_0_4,203_0,1,38.790199279785156,-9.12421989440918,0,IN_TRANSIT_TO,2025-08-21 07:14:51,,4640,02-JN-87,POINT (-9.12421989440918 38.790199279785156)
1753_717,3804_20250801_170_0_4,170_0,1,38.73421859741211,-9.135149955749512,39,IN_TRANSIT_TO,2025-08-21 07:14:56,410,1753,34-HU-19,POINT (-9.135149955749512 38.73421859741211)
1750_717,3782_20250801_170_0_5,170_0,0,38.74882888793945,-9.130579948425293,5,IN_TRANSIT_TO,2025-08-21 07:15:03,313,1750,92-HR-07,POINT (-9.130579948425293 38.74882888793945)
2810_725,4257_20250801_197_0_7,197_0,0,38.7902717590332,-9.124469757080078,13,IN_TRANSIT_TO,2025-08-21 07:14:50,16307,2810,01-IH-99,POINT (-9.124469757080078 38.7902717590332)
1755_717,3777_20250801_170_0_5,170_0,0,38.76647186279297,-9.15762996673584,17,IN_TRANSIT_TO,2025-08-21 07:15:02,5811,1755,34-HU-21,POINT (-9.15762996673584 38.76647186279297)
1752_742,5770_20250801_114_0_5,114_0,0,38.733821868896484,-9.11242961883545,0,IN_TRANSIT_TO,2025-08-21 07:14:58,,1752,34-HU-18,POINT (-9.11242961883545 38.733821868896484)
231_46B,21511_20250801_239_0_2,239_0,0,38.751121520996094,-9.147870063781738,22,IN_TRANSIT_TO,2025-08-21 07:15:03,107,231,84-47-XQ,POINT (-9.147870063781738 38.751121520996094)
2455_726,4340_20250801_116_0_3,116_0,0,38.74972915649414,-9.172450065612793,20,IN_TRANSIT_TO,2025-08-21 07:14:58,12709,2455,16-AZ-12,POINT (-9.172450065612793 38.74972915649414)
2700_738,5547_20250801_117_0_4,117_0,1,38.70417022705078,-9.16802978515625,7,IN_TRANSIT_TO,2025-08-21 07:14:58,10203,2700,92-XQ-26,POINT (-9.16802978515625 38.70417022705078)
2311_708,3308_20250801_100_0_3,100_0,0,38.7558708190918,-9.130149841308594,14,IN_TRANSIT_TO,2025-08-21 07:14:40,7401,2311,72-23-XN,POINT (-9.130149841308594 38.7558708190918)
2667_713,3575_20250801_122_0_5,122_0,0,38.736881256103516,-9.13634967803955,0,IN_TRANSIT_TO,2025-08-21 07:14:45,,2667,87-XB-45,POINT (-9.13634967803955 38.736881256103516)
4608_750,6260_20250801_106_0_5,106_0,1,38.69858169555664,-9.227279663085938,0,IN_TRANSIT_TO,2025-08-21 07:15:02,,4608,96-GL-85,POINT (-9.227279663085938 38.69858169555664)
2777_709,3390_20250801_148_0_7,148_0,1,38.71784973144531,-9.157099723815918,6,IN_TRANSIT_TO,2025-08-21 07:15:00,6803,2777,AI-01-BT,POINT (-9.157099723815918 38.71784973144531)
2762_727,4543_20250801_103_0_3,103_0,0,38.709869384765625,-9.153300285339355,20,IN_TRANSIT_TO,2025-08-21 07:14:53,6702,2762,AH-38-ND,POINT (-9.153300285339355 38.709869384765625)
219_37B,18843_20250801_224_0_4,224_0,0,38.73323059082031,-9.125200271606445,18,IN_TRANSIT_TO,2025-08-21 07:15:00,50396,219,11-12-XO,POINT (-9.125200271606445 38.73323059082031)
2623_744,5843_20250801_200_0_2,200_0,0,38.767921447753906,-9.128620147705078,18,IN_TRANSIT_TO,2025-08-21 07:14:27,7601,2623,66-VI-26,POINT (-9.128620147705078 38.767921447753906)
2734_735,5210_20250801_172_0_3,172_0,0,38.73503112792969,-9.133999824523926,19,IN_TRANSIT_TO,2025-08-21 07:14:38,509,2734,AG-50-EI,POINT (-9.133999824523926 38.73503112792969)
2790_714,3630_20250801_102_0_5,102_0,0,38.726680755615234,-9.208820343017578,32,IN_TRANSIT_TO,2025-08-21 07:15:03,14006,2790,AI-54-TL,POINT (-9.208820343017578 38.726680755615234)
301_744,5811_20250801_200_0_4,200_0,1,38.734771728515625,-9.145130157470703,26,IN_TRANSIT_TO,2025-08-21 07:14:56,1814,301,74-SM-62,POINT (-9.145130157470703 38.734771728515625)
2483_703,3153_20250801_165_0_5,165_0,0,38.77452850341797,-9.160730361938477,15,IN_TRANSIT_TO,2025-08-21 07:15:02,5925,2483,74-BC-66,POINT (-9.160730361938477 38.77452850341797)
1711_701,2971_20250801_123_0_4,123_0,0,38.73012924194336,-9.162280082702637,24,IN_TRANSIT_TO,2025-08-21 07:14:38,6124,1711,69-AL-74,POINT (-9.162280082702637 38.73012924194336)
2499_749,59031_20250801_195_0_3,195_0,0,38.75482177734375,-9.113980293273926,1,IN_TRANSIT_TO,2025-08-21 07:14:46,24384,2499,03-BM-58,POINT (-9.113980293273926 38.75482177734375)
2300_742,5699_20250801_114_0_3,114_0,1,38.70656967163086,-9.174169540405273,20,IN_TRANSIT_TO,2025-08-21 07:14:57,12105,2300,83-13-ZM,POINT (-9.174169540405273 38.70656967163086)
2759_738,5532_20250801_117_0_3,117_0,1,38.74591827392578,-9.147549629211426,23,IN_TRANSIT_TO,2025-08-21 07:14:55,2022,2759,AH-21-ND,POINT (-9.147549629211426 38.74591827392578)
2284_758,6881_20250801_150_0_3,150_0,0,38.7180290222168,-9.151820182800293,7,IN_TRANSIT_TO,2025-08-21 07:14:27,10607,2284,67-36-ZJ,POINT (-9.151820182800293 38.7180290222168)
1705_794,8079_20250801_115_0_5,115_0,0,38.74538040161133,-9.11655044555664,13,IN_TRANSIT_TO,2025-08-21 07:14:39,3604,1705,69-AL-68,POINT (-9.11655044555664 38.74538040161133)
2754_742,5708_20250801_114_0_2,114_0,1,38.703128814697266,-9.195429801940918,13,IN_TRANSIT_TO,2025-08-21 07:14:41,13305,2754,AG-01-TH,POINT (-9.195429801940918 38.703128814697266)
2784_754,6579_20250801_201_0_3,201_0,0,38.74502944946289,-9.205069541931152,20,IN_TRANSIT_TO,2025-08-21 07:14:51,8816,2784,AI-09-BT,POINT (-9.205069541931152 38.74502944946289)
1706_701,2957_20250801_123_0_4,123_0,1,38.73236846923828,-9.162569999694824,8,IN_TRANSIT_TO,2025-08-21 07:14:47,6121,1706,69-AL-69,POINT (-9.162569999694824 38.73236846923828)
4628_796,8146_20250801_174_0_8,174_0,1,38.760231018066406,-9.155380249023438,16,IN_TRANSIT_TO,2025-08-21 07:14:37,5808,4628,27-JO-10,POINT (-9.155380249023438 38.760231018066406)
1770_708,3353_20250801_100_0_5,100_0,1,38.767181396484375,-9.110179901123047,17,IN_TRANSIT_TO,2025-08-21 07:14:39,50330,1770,63-HX-17,POINT (-9.110179901123047 38.767181396484375)
2480_703,3128_20250801_165_0_4,165_0,0,38.763450622558594,-9.180879592895508,26,IN_TRANSIT_TO,2025-08-21 07:14:44,12807,2480,91-BE-75,POINT (-9.180879592895508 38.763450622558594)
2252_765,7175_20250801_110_0_10,110_0,1,38.75257873535156,-9.209429740905762,0,IN_TRANSIT_TO,2025-08-21 07:14:49,,2252,80-40-ZE,POINT (-9.209429740905762 38.75257873535156)
217_58B,19295_20250801_227_0_4,227_0,0,38.74903106689453,-9.169599533081055,4,IN_TRANSIT_TO,2025-08-21 07:15:04,12713,217,29-98-XM,POINT (-9.169599533081055 38.74903106689453)
2767_712,3531_20250801_189_0_6,189_0,1,38.70183181762695,-9.179949760437012,1,IN_TRANSIT_TO,2025-08-21 07:14:40,4005,2767,AH-34-ND,POINT (-9.179949760437012 38.70183181762695)
403_10B,21753_20250801_242_0_3,242_0,0,38.70977020263672,-9.129220008850098,16,IN_TRANSIT_TO,2025-08-21 07:15:04,8203,403,BF-84-TA,POINT (-9.129220008850098 38.70977020263672)
2454_726,4274_20250801_116_0_2,116_0,1,38.7215690612793,-9.130350112915039,31,IN_TRANSIT_TO,2025-08-21 07:14:41,602,2454,16-AZ-18,POINT (-9.130350112915039 38.7215690612793)
1780_742,5738_20250801_114_0_3,114_0,0,38.706600189208984,-9.173330307006836,37,IN_TRANSIT_TO,2025-08-21 07:14:39,9403,1780,63-HX-18,POINT (-9.173330307006836 38.706600189208984)
1767_717,3850_20250801_170_0_5,170_0,0,38.79423141479492,-9.152119636535645,38,IN_TRANSIT_TO,2025-08-21 07:14:40,11610,1767,63-HX-29,POINT (-9.152119636535645 38.79423141479492)
1768_794,8038_20250801_115_0_2,115_0,1,38.74155044555664,-9.118929862976074,26,IN_TRANSIT_TO,2025-08-21 07:15:05,3609,1768,63-HX-23,POINT (-9.118929862976074 38.74155044555664)
2768_714,3703_20250801_102_0_6,102_0,1,38.72256851196289,-9.217049598693848,6,IN_TRANSIT_TO,2025-08-21 07:14:42,18709,2768,AH-25-ND,POINT (-9.217049598693848 38.72256851196289)
2666_764,7155_20250801_168_0_5,168_0,1,38.74433135986328,-9.19594955444336,15,IN_TRANSIT_TO,2025-08-21 07:14:36,2811,2666,87-XB-39,POINT (-9.19594955444336 38.74433135986328)
1722_783,7825_20250801_203_0_5,203_0,0,38.76298141479492,-9.129079818725586,18,IN_TRANSIT_TO,2025-08-21 07:14:39,7513,1722,25-AS-34,POINT (-9.129079818725586 38.76298141479492)
1759_720,4043_20250801_143_0_2,143_0,0,38.73052978515625,-9.14367961883545,11,IN_TRANSIT_TO,2025-08-21 07:15:01,6501,1759,34-HU-25,POINT (-9.14367961883545 38.73052978515625)
1756_717,19441_20250801_170_4_4,170_4,1,38.771671295166016,-9.16057014465332,21,IN_TRANSIT_TO,2025-08-21 07:14:33,5906,1756,34-HU-22,POINT (-9.16057014465332 38.771671295166016)
2487_726,4335_20250801_116_0_3,116_0,0,38.7606315612793,-9.194899559020996,28,IN_TRANSIT_TO,2025-08-21 07:14:43,12812,2487,54-BH-97,POINT (-9.194899559020996 38.7606315612793)
1757_742,5721_20250801_114_0_5,114_0,1,38.71076965332031,-9.193470001220703,4,IN_TRANSIT_TO,2025-08-21 07:15:02,50139,1757,34-HU-23,POINT (-9.193470001220703 38.71076965332031)
2470_799,8213_20250801_120_0_5,120_0,1,38.74129867553711,-9.207579612731934,13,IN_TRANSIT_TO,2025-08-21 07:14:48,8815,2470,74-BC-71,POINT (-9.207579612731934 38.74129867553711)
2433_767,7183_20250801_112_0_4,112_0,1,38.74687957763672,-9.216099739074707,3,IN_TRANSIT_TO,2025-08-21 07:14:51,3015,2433,44-BC-28,POINT (-9.216099739074707 38.74687957763672)
2344_731,5016_20250801_190_0_5,190_0,0,38.74385070800781,-9.15250015258789,9,IN_TRANSIT_TO,2025-08-21 07:14:39,3309,2344,53-60-ZJ,POINT (-9.15250015258789 38.74385070800781)
2771_746,5965_20250801_108_0_4,108_0,1,38.726318359375,-9.149580001831055,25,IN_TRANSIT_TO,2025-08-21 07:14:53,1206,2771,AH-20-ND,POINT (-9.149580001831055 38.726318359375)
2322_793,7992_20250801_145_0_6,145_0,0,38.733848571777344,-9.112719535827637,6,IN_TRANSIT_TO,2025-08-21 07:14:50,17572,2322,67-46-ZJ,POINT (-9.112719535827637 38.733848571777344)
2412_767,20137_20250801_112_1_2,112_1,0,38.75067901611328,-9.212129592895508,23,IN_TRANSIT_TO,2025-08-21 07:14:55,11006,2412,92-AO-48,POINT (-9.212129592895508 38.75067901611328)
2469_729,4816_20250801_104_0_4,104_0,0,38.755001068115234,-9.1939697265625,9,IN_TRANSIT_TO,2025-08-21 07:15:01,12821,2469,16-AZ-09,POINT (-9.1939697265625 38.755001068115234)
2747_735,5255_20250801_172_0_4,172_0,1,38.705718994140625,-9.143899917602539,35,IN_TRANSIT_TO,2025-08-21 07:15:03,3820,2747,AG-09-TH,POINT (-9.143899917602539 38.705718994140625)
2268_758,6799_20250801_150_0_2,150_0,1,38.705299377441406,-9.143830299377441,34,IN_TRANSIT_TO,2025-08-21 07:14:59,3826,2268,76-87-ZG,POINT (-9.143830299377441 38.705299377441406)
2447_767,7205_20250801_112_0_3,112_0,0,38.752899169921875,-9.208419799804688,40,IN_TRANSIT_TO,2025-08-21 07:14:57,50386,2447,44-BC-33,POINT (-9.208419799804688 38.752899169921875)
1771_717,3760_20250801_170_0_5,170_0,0,38.77714920043945,-9.14645004272461,40,IN_TRANSIT_TO,2025-08-21 07:14:39,16002,1771,63-HX-27,POINT (-9.14645004272461 38.77714920043945)
1779_755,6675_20250801_118_0_5,118_0,1,38.75004959106445,-9.158570289611816,5,IN_TRANSIT_TO,2025-08-21 07:15:04,13509,1779,63-HX-20,POINT (-9.158570289611816 38.75004959106445)
1725_717,3821_20250801_170_0_5,170_0,1,38.748779296875,-9.13284969329834,33,IN_TRANSIT_TO,2025-08-21 07:14:49,11204,1725,25-AS-37,POINT (-9.13284969329834 38.748779296875)
202_41B,19387_20250801_232_0_4,232_0,1,38.78129959106445,-9.14780044555664,16,IN_TRANSIT_TO,2025-08-21 07:14:54,6018,202,89-58-XD,POINT (-9.14780044555664 38.78129959106445)
2772_727,4487_20250801_103_0_3,103_0,1,38.72447967529297,-9.149979591369629,36,IN_TRANSIT_TO,2025-08-21 07:14:51,1207,2772,AH-24-ND,POINT (-9.149979591369629 38.72447967529297)
2467_729,4824_20250801_104_0_4,104_0,0,38.77162170410156,-9.189720153808594,2,IN_TRANSIT_TO,2025-08-21 07:15:01,14105,2467,16-AZ-14,POINT (-9.189720153808594 38.77162170410156)
2823_728,4680_20250801_204_0_4,204_0,0,38.703670501708984,-9.162799835205078,15,IN_TRANSIT_TO,2025-08-21 07:14:45,10201,2823,BF-64-FZ,POINT (-9.162799835205078 38.703670501708984)
2473_729,4767_20250801_104_0_3,104_0,1,38.750099182128906,-9.197469711303711,28,IN_TRANSIT_TO,2025-08-21 07:14:39,10907,2473,74-BC-68,POINT (-9.197469711303711 38.750099182128906)
406_61B,21532_20250801_241_0_4,241_0,1,38.7247200012207,-9.167750358581543,14,IN_TRANSIT_TO,2025-08-21 07:14:57,50505,406,BF-93-TB,POINT (-9.167750358581543 38.7247200012207)
2497_794,8095_20250801_115_0_5,115_0,1,38.72446823120117,-9.112099647521973,33,IN_TRANSIT_TO,2025-08-21 07:14:50,9810,2497,88-BL-71,POINT (-9.112099647521973 38.72446823120117)
2461_726,4307_20250801_116_0_4,116_0,1,38.7593994140625,-9.186949729919434,7,IN_TRANSIT_TO,2025-08-21 07:14:37,12819,2461,55-BH-04,POINT (-9.186949729919434 38.7593994140625)
2775_712,3555_20250801_189_0_4,189_0,1,38.724029541015625,-9.165379524230957,9,IN_TRANSIT_TO,2025-08-21 07:14:47,8610,2775,AH-31-ND,POINT (-9.165379524230957 38.724029541015625)
2449_771,39067_20250801_248_0_3,248_0,1,38.734100341796875,-9.164230346679688,21,IN_TRANSIT_TO,2025-08-21 07:14:36,6123,2449,44-BC-35,POINT (-9.164230346679688 38.734100341796875)
1719_708,3356_20250801_100_0_2,100_0,1,38.785728454589844,-9.096400260925293,7,IN_TRANSIT_TO,2025-08-21 07:15:02,50306,1719,25-AS-31,POINT (-9.096400260925293 38.785728454589844)
2809_725,4238_20250801_197_0_8,197_0,1,38.76752853393555,-9.099969863891602,15,IN_TRANSIT_TO,2025-08-21 07:14:55,7825,2809,01-IH-98,POINT (-9.099969863891602 38.76752853393555)
2437_767,7290_20250801_112_0_2,112_0,1,38.7330207824707,-9.141180038452148,39,IN_TRANSIT_TO,2025-08-21 07:14:55,11105,2437,29-AX-09,POINT (-9.141180038452148 38.7330207824707)
2420_716,3737_20250801_164_0_8,164_0,1,38.74895095825195,-9.197580337524414,2,IN_TRANSIT_TO,2025-08-21 07:14:37,10919,2420,29-AU-15,POINT (-9.197580337524414 38.74895095825195)
4622_796,8117_20250801_174_0_8,174_0,1,38.782169342041016,-9.162830352783203,9,IN_TRANSIT_TO,2025-08-21 07:14:53,7214,4622,90-JI-91,POINT (-9.162830352783203 38.782169342041016)
1766_755,6653_20250801_118_0_5,118_0,1,38.75585174560547,-9.11365032196045,27,IN_TRANSIT_TO,2025-08-21 07:14:32,24367,1766,63-HX-33,POINT (-9.11365032196045 38.75585174560547)
2465_729,4821_20250801_104_0_2,104_0,0,38.75035095214844,-9.197529792785645,12,IN_TRANSIT_TO,2025-08-21 07:15:03,10802,2465,55-BH-00,POINT (-9.197529792785645 38.75035095214844)
1715_701,2975_20250801_123_0_2,123_0,0,38.74304962158203,-9.166919708251953,18,IN_TRANSIT_TO,2025-08-21 07:14:50,12708,1715,69-AL-78,POINT (-9.166919708251953 38.74304962158203)
1763_717,3799_20250801_170_0_1,170_0,1,38.737098693847656,-9.133899688720703,39,IN_TRANSIT_TO,2025-08-21 07:00:13,410,1763,63-HX-25,POINT (-9.133899688720703 38.737098693847656)
1776_735,5221_20250801_172_1_3,172_1,0,38.722801208496094,-9.1287202835083,13,IN_TRANSIT_TO,2025-08-21 07:14:49,9109,1776,53-HX-09,POINT (-9.1287202835083 38.722801208496094)
4603_728,4697_20250801_204_0_2,204_0,0,38.698448181152344,-9.205169677734375,9,IN_TRANSIT_TO,2025-08-21 07:14:38,9607,4603,96-GL-81,POINT (-9.205169677734375 38.698448181152344)
1761_755,6695_20250801_118_0_3,118_0,0,38.75741958618164,-9.126480102539062,21,IN_TRANSIT_TO,2025-08-21 07:14:59,14705,1761,63-HX-19,POINT (-9.126480102539062 38.75741958618164)
4605_753,6568_20250801_167_0_4,167_0,1,38.69572067260742,-9.178350448608398,2,IN_TRANSIT_TO,2025-08-21 07:15:02,14602,4605,31-GN-72,POINT (-9.178350448608398 38.69572067260742)
2306_742,5686_20250801_114_0_4,114_0,1,38.72761917114258,-9.161820411682129,30,IN_TRANSIT_TO,2025-08-21 07:14:58,6104,2306,83-19-ZM,POINT (-9.161820411682129 38.72761917114258)
220_773,7401_20250801_124_0_3,124_0,0,38.719451904296875,-9.151220321655273,2,IN_TRANSIT_TO,2025-08-21 04:57:05,50186,220,11-07-XO,POINT (-9.151220321655273 38.719451904296875)
2240_768,7342_20250801_111_0_2,111_0,1,38.74369812011719,-9.176119804382324,17,IN_TRANSIT_TO,2025-08-21 07:14:50,10705,2240,06-31-XX,POINT (-9.176119804382324 38.74369812011719)
2297_724,4221_20250801_178_0_5,178_0,0,38.765228271484375,-9.19873046875,27,IN_TRANSIT_TO,2025-08-21 07:15:01,13912,2297,83-06-ZM,POINT (-9.19873046875 38.765228271484375)
1707_717,3843_20250801_170_0_2,170_0,0,38.77912902832031,-9.144619941711426,33,IN_TRANSIT_TO,2025-08-21 07:14:44,6008,1707,69-AL-70,POINT (-9.144619941711426 38.77912902832031)
2791_713,3619_20250801_122_0_5,122_0,0,38.723819732666016,-9.160869598388672,11,IN_TRANSIT_TO,2025-08-21 07:14:54,8512,2791,AJ-61-LI,POINT (-9.160869598388672 38.723819732666016)
2786_727,4535_20250801_103_0_9,103_0,0,38.70627975463867,-9.175350189208984,29,IN_TRANSIT_TO,2025-08-21 07:14:49,12110,2786,AI-52-TL,POINT (-9.175350189208984 38.70627975463867)
2401_767,7282_20250801_112_0_2,112_0,1,38.729549407958984,-9.140419960021973,41,IN_TRANSIT_TO,2025-08-21 07:14:40,6903,2401,50-AL-14,POINT (-9.140419960021973 38.729549407958984)
2485_703,3160_20250801_165_0_3,165_0,1,38.781028747558594,-9.154399871826172,30,IN_TRANSIT_TO,2025-08-21 07:14:07,5928,2485,91-BE-77,POINT (-9.154399871826172 38.781028747558594)
2408_771,21934_20250801_248_0_4,248_0,0,38.70682144165039,-9.198450088500977,20,IN_TRANSIT_TO,2025-08-21 07:14:49,10303,2408,50-AL-08,POINT (-9.198450088500977 38.70682144165039)
2776_727,4530_20250801_103_0_2,103_0,0,38.709800720214844,-9.203470230102539,41,IN_TRANSIT_TO,2025-08-21 07:14:42,13112,2776,AI-07-BT,POINT (-9.203470230102539 38.709800720214844)
2303_742,5730_20250801_114_0_2,114_0,0,38.7100715637207,-9.194979667663574,56,IN_TRANSIT_TO,2025-08-21 07:14:55,10314,2303,83-11-ZM,POINT (-9.194979667663574 38.7100715637207)
606_15E,11257_20250801_76_0_4,76_0,1,38.697418212890625,-9.198450088500977,8,IN_TRANSIT_TO,2025-08-21 07:14:42,4113,606,,POINT (-9.198450088500977 38.697418212890625)
2748_735,5265_20250801_172_0_4,172_0,1,38.71744918823242,-9.11946964263916,27,IN_TRANSIT_TO,2025-08-21 07:14:36,2104,2748,AG-96-TG,POINT (-9.11946964263916 38.71744918823242)
4840_736,5310_20250801_199_0_5,199_0,0,38.715179443359375,-9.14109992980957,1,IN_TRANSIT_TO,2025-08-21 07:14:47,901,4840,45-VX-93,POINT (-9.14109992980957 38.715179443359375)
2481_726,4296_20250801_116_0_4,116_0,1,38.740848541259766,-9.168120384216309,16,IN_TRANSIT_TO,2025-08-21 07:14:40,1610,2481,54-BH-99,POINT (-9.168120384216309 38.740848541259766)
609_15E,11205_20250801_76_0_5,76_0,0,38.710731506347656,-9.135970115661621,1,IN_TRANSIT_TO,2025-08-21 07:14:39,50620,609,,POINT (-9.135970115661621 38.710731506347656)
1720_783,7838_20250801_203_0_5,203_0,0,38.7265510559082,-9.149149894714355,4,IN_TRANSIT_TO,2025-08-21 07:14:50,1225,1720,25-AS-32,POINT (-9.149149894714355 38.7265510559082)
2406_716,3745_20250801_164_0_7,164_0,0,38.75046920776367,-9.196969985961914,21,IN_TRANSIT_TO,2025-08-21 07:14:50,10802,2406,50-AL-09,POINT (-9.196969985961914 38.75046920776367)
1724_717,3826_20250801_170_0_5,170_0,1,38.77437973022461,-9.152000427246094,18,IN_TRANSIT_TO,2025-08-21 07:14:40,11510,1724,25-AS-36,POINT (-9.152000427246094 38.77437973022461)
2941_26B,17514_20250801_208_0_4,208_0,1,38.76287078857422,-9.098079681396484,5,IN_TRANSIT_TO,2025-08-21 07:14:42,2402,2941,51-GL-81,POINT (-9.098079681396484 38.76287078857422)
2289_731,5020_20250801_190_0_5,190_0,0,38.737548828125,-9.164850234985352,0,IN_TRANSIT_TO,2025-08-21 07:14:57,,2289,92-60-ZM,POINT (-9.164850234985352 38.737548828125)
2451_767,7268_20250801_112_0_3,112_0,0,38.73271942138672,-9.141070365905762,5,IN_TRANSIT_TO,2025-08-21 07:14:37,6502,2451,75-AQ-16,POINT (-9.141070365905762 38.73271942138672)
2405_767,7249_20250801_112_0_3,112_0,0,38.75600051879883,-9.148070335388184,16,IN_TRANSIT_TO,2025-08-21 07:14:38,11301,2405,50-AL-10,POINT (-9.148070335388184 38.75600051879883)
2831_753,6558_20250801_167_0_2,167_0,1,38.72447967529297,-9.149620056152344,6,IN_TRANSIT_TO,2025-08-21 07:14:49,1212,2831,BF-72-FZ,POINT (-9.149620056152344 38.72447967529297)
2792_751,6436_20250801_109_0_5,109_0,1,38.69873046875,-9.226900100708008,11,IN_TRANSIT_TO,2025-08-21 07:14:43,4210,2792,AJ-53-LI,POINT (-9.226900100708008 38.69873046875)
2464_771,21930_20250801_248_0_4,248_0,1,38.709129333496094,-9.195870399475098,6,IN_TRANSIT_TO,2025-08-21 07:14:54,10304,2464,91-BE-71,POINT (-9.195870399475098 38.709129333496094)
1723_794,8039_20250801_115_0_5,115_0,1,38.752899169921875,-9.10354995727539,6,IN_TRANSIT_TO,2025-08-21 07:14:37,2312,1723,25-AS-35,POINT (-9.10354995727539 38.752899169921875)
223_13B,21595_20250801_243_0_3,243_0,0,38.715248107910156,-9.121879577636719,15,IN_TRANSIT_TO,2025-08-21 07:14:51,2101,223,84-38-XQ,POINT (-9.121879577636719 38.715248107910156)
2291_731,4978_20250801_190_0_2,190_0,1,38.76905059814453,-9.116620063781738,15,IN_TRANSIT_TO,2025-08-21 07:15:04,7706,2291,92-56-ZM,POINT (-9.116620063781738 38.76905059814453)
4610_748,6142_20250801_169_0_4,169_0,1,38.72407150268555,-9.16100025177002,7,IN_TRANSIT_TO,2025-08-21 07:15:01,8608,4610,96-GL-87,POINT (-9.16100025177002 38.72407150268555)
2290_724,4226_20250801_178_0_7,178_0,0,38.749820709228516,-9.197529792785645,18,IN_TRANSIT_TO,2025-08-21 07:14:42,2803,2290,92-55-ZM,POINT (-9.197529792785645 38.749820709228516)
2840_728,4580_20250801_204_0_5,204_0,1,38.71657943725586,-9.119400024414062,28,IN_TRANSIT_TO,2025-08-21 07:14:35,2128,2840,BF-75-FZ,POINT (-9.119400024414062 38.71657943725586)
2773_712,3545_20250801_189_0_5,189_0,0,38.7269287109375,-9.136770248413086,12,IN_TRANSIT_TO,2025-08-21 07:13:58,605,2773,AH-39-ND,POINT (-9.136770248413086 38.7269287109375)
2751_720,4085_20250801_143_0_6,143_0,1,38.707618713378906,-9.167420387268066,8,IN_TRANSIT_TO,2025-08-21 07:14:49,10205,2751,AG-12-TH,POINT (-9.167420387268066 38.707618713378906)
2438_747,6102_20250801_177_0_5,177_0,1,38.763221740722656,-9.197099685668945,1,IN_TRANSIT_TO,2025-08-21 07:14:57,13913,2438,44-BC-29,POINT (-9.197099685668945 38.763221740722656)
2825_753,6565_20250801_167_0_6,167_0,1,38.72352981567383,-9.163949966430664,3,IN_TRANSIT_TO,2025-08-21 07:14:47,8608,2825,BF-53-FZ,POINT (-9.163949966430664 38.72352981567383)
6029_732,5059_20250801_107_0_3,107_0,0,38.731571197509766,-9.141180038452148,9,IN_TRANSIT_TO,2025-08-21 07:14:44,6506,6029,BF-52-AX,POINT (-9.141180038452148 38.731571197509766)
2418_771,21938_20250801_248_0_6,248_0,0,38.73984909057617,-9.167770385742188,2,IN_TRANSIT_TO,2025-08-21 07:14:49,1610,2418,92-AO-54,POINT (-9.167770385742188 38.73984909057617)
2944_31B,17542_20250801_210_0_4,210_0,0,38.755680084228516,-9.113719940185547,0,IN_TRANSIT_TO,2025-08-21 07:14:44,,2944,75-GO-13,POINT (-9.113719940185547 38.755680084228516)
2466_703,3113_20250801_165_0_2,165_0,1,38.74496841430664,-9.20028018951416,3,IN_TRANSIT_TO,2025-08-21 07:15:01,8813,2466,16-AZ-16,POINT (-9.20028018951416 38.74496841430664)
2956_798,8200_20250801_194_0_6,194_0,1,38.77437973022461,-9.15215015411377,14,IN_TRANSIT_TO,2025-08-21 07:14:44,11510,2956,27-GU-71,POINT (-9.15215015411377 38.77437973022461)
208_17B,21715_20250801_247_0_2,247_0,0,38.723201751708984,-9.135279655456543,14,IN_TRANSIT_TO,2025-08-21 07:14:51,701,208,33-47-XH,POINT (-9.135279655456543 38.723201751708984)
4834_736,5361_20250801_199_0_4,199_0,1,38.74346923828125,-9.147270202636719,20,IN_TRANSIT_TO,2025-08-21 07:14:44,2019,4834,20-VQ-71,POINT (-9.147270202636719 38.74346923828125)
2843_751,6502_20250801_109_4_2,109_4,0,38.70587158203125,-9.175950050354004,8,IN_TRANSIT_TO,2025-08-21 07:14:56,12110,2843,BF-63-FZ,POINT (-9.175950050354004 38.70587158203125)
2770_754,6613_20250801_201_0_4,201_0,1,38.7381706237793,-9.212820053100586,0,IN_TRANSIT_TO,2025-08-21 07:14:40,,2770,AH-30-ND,POINT (-9.212820053100586 38.7381706237793)
203_49B,22227_20250801_251_0_3,251_0,0,38.74546813964844,-9.135149955749512,17,IN_TRANSIT_TO,2025-08-21 07:14:54,50109,203,89-59-XD,POINT (-9.135149955749512 38.74546813964844)
2209_708,3301_20250801_100_0_3,100_0,0,38.767948150634766,-9.108220100402832,26,IN_TRANSIT_TO,2025-08-21 07:14:53,7715,2209,01-68-XO,POINT (-9.108220100402832 38.767948150634766)
2235_768,7334_20250801_111_0_5,111_0,1,38.74177169799805,-9.167630195617676,19,IN_TRANSIT_TO,2025-08-21 07:14:42,1603,2235,06-32-XX,POINT (-9.167630195617676 38.74177169799805)
2789_727,4443_20250801_103_0_3,103_0,0,38.74932098388672,-9.142580032348633,3,IN_TRANSIT_TO,2025-08-21 07:14:24,201,2789,AI-53-TL,POINT (-9.142580032348633 38.74932098388672)
2217_793,7991_20250801_145_0_6,145_0,0,38.740779876708984,-9.123100280761719,23,IN_TRANSIT_TO,2025-08-21 07:14:45,3609,2217,07-99-XS,POINT (-9.123100280761719 38.740779876708984)
2212_749,59036_20250801_195_0_3,195_0,0,38.74523162841797,-9.151780128479004,19,IN_TRANSIT_TO,2025-08-21 07:14:40,50681,2212,08-05-XS,POINT (-9.151780128479004 38.74523162841797)
2781_713,3595_20250801_122_0_6,122_0,1,38.70722961425781,-9.17378044128418,7,IN_TRANSIT_TO,2025-08-21 07:15:02,9425,2781,AI-00-BT,POINT (-9.17378044128418 38.70722961425781)
2216_793,8009_20250801_145_0_5,145_0,1,38.73434829711914,-9.112850189208984,25,IN_TRANSIT_TO,2025-08-21 07:15:04,17572,2216,08-00-XS,POINT (-9.112850189208984 38.73434829711914)
2712_711,3487_20250801_101_0_4,101_0,1,38.72026824951172,-9.145730018615723,30,IN_TRANSIT_TO,2025-08-21 07:14:56,1102,2712,92-XQ-33,POINT (-9.145730018615723 38.72026824951172)
412_67B,28224_20250801_253_0_3,253_0,0,38.71110153198242,-9.174400329589844,9,IN_TRANSIT_TO,2025-08-21 07:14:43,9401,412,BF-65-TC,POINT (-9.174400329589844 38.71110153198242)
566_25E,14264_20250801_79_0_4,79_0,0,38.71083068847656,-9.161419868469238,11,IN_TRANSIT_TO,2025-08-21 07:14:59,10014,566,,POINT (-9.161419868469238 38.71083068847656)
568_28E,14923_20250801_75_0_4,75_0,0,38.71421813964844,-9.169480323791504,34,IN_TRANSIT_TO,2025-08-21 07:14:56,8017,568,,POINT (-9.169480323791504 38.71421813964844)
2226_742,5758_20250801_114_0_5,114_0,0,38.72652053833008,-9.162349700927734,29,IN_TRANSIT_TO,2025-08-21 07:14:55,6113,2226,06-35-XX,POINT (-9.162349700927734 38.72652053833008)
2228_742,5762_20250801_114_0_4,114_0,0,38.729400634765625,-9.122969627380371,13,IN_TRANSIT_TO,2025-08-21 07:14:48,11701,2228,06-24-XX,POINT (-9.122969627380371 38.729400634765625)
2230_763,46423_20250801_282_0_3,282_0,0,38.763301849365234,-9.197620391845703,17,IN_TRANSIT_TO,2025-08-21 07:14:42,13909,2230,06-36-XX,POINT (-9.197620391845703 38.763301849365234)
2222_742,5665_20250801_114_0_3,114_0,1,38.72840118408203,-9.10947036743164,53,IN_TRANSIT_TO,2025-08-21 07:14:28,8303,2222,08-17-XS,POINT (-9.10947036743164 38.72840118408203)
562_28E,14898_20250801_75_0_3,75_0,1,38.7098503112793,-9.142499923706055,14,IN_TRANSIT_TO,2025-08-21 07:14:14,10515,562,,POINT (-9.142499923706055 38.7098503112793)
413_67B,28225_20250801_253_0_2,253_0,0,38.711299896240234,-9.153679847717285,23,IN_TRANSIT_TO,2025-08-21 07:14:02,6701,413,BF-41-TS,POINT (-9.153679847717285 38.711299896240234)
4615_750,6281_20250801_106_0_4,106_0,0,38.749969482421875,-9.195030212402344,22,IN_TRANSIT_TO,2025-08-21 07:14:58,10806,4615,22-GP-49,POINT (-9.195030212402344 38.749969482421875)
565_24E,17836_20250801_213_0_4,213_0,0,38.71826934814453,-9.152350425720215,6,IN_TRANSIT_TO,2025-08-21 07:14:43,10607,565,,POINT (-9.152350425720215 38.71826934814453)
2233_758,6865_20250801_150_0_5,150_0,0,38.74980163574219,-9.203129768371582,27,IN_TRANSIT_TO,2025-08-21 07:14:56,10802,2233,06-38-XX,POINT (-9.203129768371582 38.74980163574219)
2232_724,4229_20250801_178_0_5,178_0,0,38.728450775146484,-9.204299926757812,9,IN_TRANSIT_TO,2025-08-21 07:14:36,8712,2232,06-23-XX,POINT (-9.204299926757812 38.728450775146484)
6008_763,46427_20250801_282_0_4,282_0,1,38.778831481933594,-9.1670503616333,15,IN_TRANSIT_TO,2025-08-21 07:14:51,50641,6008,81-ZC-08,POINT (-9.1670503616333 38.778831481933594)
2238_724,4214_20250801_178_0_4,178_0,1,38.76028060913086,-9.199970245361328,2,IN_TRANSIT_TO,2025-08-21 07:14:58,13911,2238,06-29-XX,POINT (-9.199970245361328 38.76028060913086)
230_773,7377_20250801_124_0_5,124_0,0,38.711830139160156,-9.153349876403809,8,IN_TRANSIT_TO,2025-08-21 07:14:35,6704,230,13-33-XZ,POINT (-9.153349876403809 38.711830139160156)
2234_768,7329_20250801_111_0_5,111_0,0,38.759220123291016,-9.181119918823242,15,IN_TRANSIT_TO,2025-08-21 07:14:51,13608,2234,06-26-XX,POINT (-9.181119918823242 38.759220123291016)
6027_760,51296_20250801_171_0_2,171_0,1,38.70515060424805,-9.178629875183105,23,IN_TRANSIT_TO,2025-08-21 07:15:05,12119,6027,BF-66-BA,POINT (-9.178629875183105 38.70515060424805)
2242_758,6776_20250801_150_0_5,150_0,0,38.70552062988281,-9.143150329589844,0,IN_TRANSIT_TO,2025-08-21 07:14:39,,2242,22-42-ZB,POINT (-9.143150329589844 38.70552062988281)
615_15E,11315_20250801_76_0_5,76_0,0,38.699119567871094,-9.185930252075195,12,IN_TRANSIT_TO,2025-08-21 07:14:37,9504,615,,POINT (-9.185930252075195 38.699119567871094)
407_22B,19424_20250801_236_0_4,236_0,0,38.71480178833008,-9.150070190429688,8,IN_TRANSIT_TO,2025-08-21 07:08:00,50075,407,BF-55-TT,POINT (-9.150070190429688 38.71480178833008)
2287_758,6828_20250801_150_0_4,150_0,1,38.72782897949219,-9.16238021850586,20,IN_TRANSIT_TO,2025-08-21 07:14:40,6122,2287,92-58-ZM,POINT (-9.16238021850586 38.72782897949219)
2265_763,49574_20250801_282_0_6,282_0,1,38.75257110595703,-9.189370155334473,0,IN_TRANSIT_TO,2025-08-21 07:14:53,,2265,76-91-ZG,POINT (-9.189370155334473 38.75257110595703)
2273_747,6109_20250801_177_0_3,177_0,0,38.76332092285156,-9.197819709777832,20,IN_TRANSIT_TO,2025-08-21 07:15:00,13909,2273,76-81-ZG,POINT (-9.197819709777832 38.76332092285156)
2261_750,39036_20250801_106_4_4,106_4,1,38.74330139160156,-9.205750465393066,10,IN_TRANSIT_TO,2025-08-21 07:14:38,8835,2261,80-49-ZE,POINT (-9.205750465393066 38.74330139160156)
2267_758,6845_20250801_150_0_2,150_0,1,38.75101852416992,-9.197369575500488,6,IN_TRANSIT_TO,2025-08-21 07:14:58,10907,2267,76-86-ZG,POINT (-9.197369575500488 38.75101852416992)
