id,trip_id,route_id,direction_id,latitude,longitude,current_stop_sequence,current_status,timestamp,stop_id,vehicle_id,license_plate,geometry
6032_732,5088_20250901_107_0_6,107_0,0,38.71337890625,-9.139530181884766,16,IN_TRANSIT_TO,2025-11-25 16:32:10,908,6032,BF-93-BC,POINT (-9.139530181884766 38.71337890625)
2689_723,4182_20250901_121_0_12,121_0,1,38.72433090209961,-9.159879684448242,27,IN_TRANSIT_TO,2025-11-25 16:32:11,8502,2689,93-XA-45,POINT (-9.159879684448242 38.72433090209961)
4645_750,6290_20250901_106_0_10,106_0,1,38.764251708984375,-9.103799819946289,37,IN_TRANSIT_TO,2025-11-25 16:32:19,2313,4645,98-JO-46,POINT (-9.103799819946289 38.764251708984375)
2793_738,5535_20250901_117_0_10,117_0,0,38.718528747558594,-9.156700134277344,24,IN_TRANSIT_TO,2025-11-25 16:32:06,6804,2793,AJ-58-LI,POINT (-9.156700134277344 38.718528747558594)
2302_742,5737_20250901_114_0_8,114_0,1,38.724300384521484,-9.11532974243164,49,IN_TRANSIT_TO,2025-11-25 16:32:14,9803,2302,83-08-ZM,POINT (-9.11532974243164 38.724300384521484)
2253_726,4273_20250901_116_0_10,116_0,1,38.730918884277344,-9.137499809265137,28,IN_TRANSIT_TO,2025-11-25 16:32:07,6503,2253,80-52-ZE,POINT (-9.137499809265137 38.730918884277344)
4607_750,6313_20250901_106_0_11,106_0,1,38.74721908569336,-9.188969612121582,17,IN_TRANSIT_TO,2025-11-25 16:32:24,10803,4607,96-GL-84,POINT (-9.188969612121582 38.74721908569336)
304_708,3365_20250901_100_0_12,100_0,0,38.76858139038086,-9.099570274353027,27,IN_TRANSIT_TO,2025-11-25 16:32:17,7711,304,22-SP-91,POINT (-9.099570274353027 38.76858139038086)
4606_751,6523_20250901_109_0_13,109_0,0,38.699920654296875,-9.205829620361328,17,IN_TRANSIT_TO,2025-11-25 16:32:13,9608,4606,96-GL-83,POINT (-9.205829620361328 38.699920654296875)
6022_729,4801_20250901_104_0_10,104_0,0,38.698978424072266,-9.226280212402344,39,IN_TRANSIT_TO,2025-11-25 16:32:08,4208,6022,BF-48-BB,POINT (-9.226280212402344 38.698978424072266)
2315_712,3541_20250901_189_0_13,189_0,1,38.71976852416992,-9.116880416870117,30,IN_TRANSIT_TO,2025-11-25 16:32:08,2131,2315,61-88-ZB,POINT (-9.116880416870117 38.71976852416992)
2440_778,18640_20250901_179_0_21,179_0,0,38.76585006713867,-9.1876802444458,20,IN_TRANSIT_TO,2025-11-25 16:32:19,50360,2440,29-AX-08,POINT (-9.1876802444458 38.76585006713867)
2992_770,7364_20250901_191_0_18,191_0,0,38.73223114013672,-9.172900199890137,13,IN_TRANSIT_TO,2025-11-25 16:32:20,50087,2992,29-VM-95,POINT (-9.172900199890137 38.73223114013672)
2766_742,5687_20250901_114_0_11,114_0,0,38.73497009277344,-9.139519691467285,19,IN_TRANSIT_TO,2025-11-25 16:32:13,11116,2766,AH-40-ND,POINT (-9.139519691467285 38.73497009277344)
2250_731,19403_20240727_190_0_8,190_0,1,38.78303146362305,-9.114009857177734,3,IN_TRANSIT_TO,2024-08-10 10:41:27,12610,2250,80-41-ZE,POINT (-9.114009857177734 38.78303146362305)
6021_732,5038_20250901_107_0_7,107_0,1,38.73271942138672,-9.145429611206055,37,IN_TRANSIT_TO,2025-11-25 16:32:37,1709,6021,BD-91-QG,POINT (-9.145429611206055 38.73271942138672)
2321_712,3557_20250901_189_0_13,189_0,0,38.70515060424805,-9.17432975769043,31,IN_TRANSIT_TO,2025-11-25 16:32:28,50203,2321,04-47-ZF,POINT (-9.17432975769043 38.70515060424805)
2256_731,5022_20250901_190_0_11,190_0,0,38.77016830444336,-9.110119819641113,25,IN_TRANSIT_TO,2025-11-25 16:32:31,7705,2256,80-53-ZE,POINT (-9.110119819641113 38.77016830444336)
2795_754,6615_20250901_201_0_12,201_0,1,38.74467086791992,-9.19087028503418,20,IN_TRANSIT_TO,2025-11-25 16:32:16,10838,2795,AJ-55-LI,POINT (-9.19087028503418 38.74467086791992)
2494_720,4101_20250901_143_0_11,143_0,0,38.71678161621094,-9.157970428466797,18,IN_TRANSIT_TO,2025-11-25 16:32:28,6802,2494,88-BL-68,POINT (-9.157970428466797 38.71678161621094)
2346_767,7201_20250901_112_0_8,112_0,1,38.73107147216797,-9.140669822692871,40,IN_TRANSIT_TO,2025-11-25 16:31:03,6501,2346,62-93-ZG,POINT (-9.140669822692871 38.73107147216797)
6033_732,5080_20250901_107_0_7,107_0,0,38.7038688659668,-9.206520080566406,37,IN_TRANSIT_TO,2025-11-25 16:32:31,13110,6033,BF-92-AZ,POINT (-9.206520080566406 38.7038688659668)
2955_798,8198_20250901_194_0_21,194_0,0,38.7877197265625,-9.145099639892578,20,IN_TRANSIT_TO,2025-11-25 16:32:18,6008,2955,27-GU-70,POINT (-9.145099639892578 38.7877197265625)
2951_26B,17510_20250901_208_0_17,208_0,0,38.77947998046875,-9.095680236816406,7,IN_TRANSIT_TO,2025-11-25 16:32:25,50127,2951,62-GQ-53,POINT (-9.095680236816406 38.77947998046875)
2624_781,7721_20250901_151_0_9,151_0,1,38.75659942626953,-9.105899810791016,16,IN_TRANSIT_TO,2025-11-25 16:32:14,2301,2624,72-VP-82,POINT (-9.105899810791016 38.75659942626953)
4642_728,4569_20250901_204_0_9,204_0,1,38.76860046386719,-9.101570129394531,8,IN_TRANSIT_TO,2025-11-25 16:32:31,7806,4642,90-JI-99,POINT (-9.101570129394531 38.76860046386719)
4614_728,4706_20250901_204_0_9,204_0,1,38.722320556640625,-9.113969802856445,27,IN_TRANSIT_TO,2025-11-25 16:31:43,9812,4614,96-GL-90,POINT (-9.113969802856445 38.722320556640625)
2953_798,8190_20250901_194_0_22,194_0,1,38.787349700927734,-9.143119812011719,4,IN_TRANSIT_TO,2025-11-25 16:32:29,6003,2953,62-GQ-55,POINT (-9.143119812011719 38.787349700927734)
2950_31B,17538_20250901_210_0_16,210_0,0,38.75148010253906,-9.104299545288086,9,IN_TRANSIT_TO,2025-11-25 16:32:28,24371,2950,62-GQ-51,POINT (-9.104299545288086 38.75148010253906)
2949_32B,17548_20250901_211_0_17,211_0,0,38.756568908691406,-9.127269744873047,10,IN_TRANSIT_TO,2025-11-25 16:32:27,14707,2949,62-GQ-52,POINT (-9.127269744873047 38.756568908691406)
4626_783,7857_20250901_203_0_11,203_0,0,38.77040100097656,-9.122719764709473,21,IN_TRANSIT_TO,2025-11-25 16:32:10,12201,4626,90-JI-93,POINT (-9.122719764709473 38.77040100097656)
4646_750,6262_20250901_106_0_11,106_0,0,38.765419006347656,-9.104180335998535,2,IN_TRANSIT_TO,2025-11-25 16:32:10,2324,4646,11-JM-79,POINT (-9.104180335998535 38.765419006347656)
4629_796,8140_20250901_174_0_28,174_0,1,38.7923698425293,-9.156270027160645,4,IN_TRANSIT_TO,2025-11-05 15:40:33,11607,4629,11-JM-77,POINT (-9.156270027160645 38.7923698425293)
2973_702,3030_20250901_146_0_25,146_0,0,38.72697830200195,-9.165670394897461,5,IN_TRANSIT_TO,2025-11-25 16:32:08,6107,2973,30-VM-13,POINT (-9.165670394897461 38.72697830200195)
4818_751,6503_20250901_109_0_11,109_0,1,38.700469970703125,-9.227450370788574,10,IN_TRANSIT_TO,2025-11-25 16:32:06,4213,4818,42-VT-57,POINT (-9.227450370788574 38.700469970703125)
4627_755,6702_20250901_118_0_13,118_0,1,38.746620178222656,-9.109869956970215,34,IN_TRANSIT_TO,2025-11-25 16:32:18,3719,4627,11-JM-76,POINT (-9.109869956970215 38.746620178222656)
2688_727,4515_20250901_103_0_9,103_0,1,38.715370178222656,-9.154379844665527,32,IN_TRANSIT_TO,2025-11-25 16:32:36,6705,2688,93-XA-35,POINT (-9.154379844665527 38.715370178222656)
2699_711,3454_20250901_101_0_12,101_0,0,38.724430084228516,-9.149270057678223,6,IN_TRANSIT_TO,2025-11-25 16:32:14,1103,2699,92-XQ-25,POINT (-9.149270057678223 38.724430084228516)
2691_764,7162_20250901_168_0_14,168_0,1,38.750099182128906,-9.161370277404785,31,IN_TRANSIT_TO,2025-11-25 16:32:24,12705,2691,90-XF-45,POINT (-9.161370277404785 38.750099182128906)
2690_713,3605_20250901_122_0_10,122_0,1,38.7359504699707,-9.13683032989502,36,IN_TRANSIT_TO,2025-11-25 16:32:27,11108,2690,99-XE-57,POINT (-9.13683032989502 38.7359504699707)
2693_764,7151_20250901_168_0_12,168_0,0,38.75320053100586,-9.187979698181152,14,IN_TRANSIT_TO,2025-11-25 16:32:10,12802,2693,90-XF-46,POINT (-9.187979698181152 38.75320053100586)
2694_709,3401_20250901_148_0_26,148_0,0,38.71443176269531,-9.139269828796387,2,IN_TRANSIT_TO,2025-11-25 16:32:01,919,2694,90-XF-49,POINT (-9.139269828796387 38.71443176269531)
2695_714,3671_20250901_102_0_12,102_0,1,38.706748962402344,-9.174779891967773,28,IN_TRANSIT_TO,2025-11-25 16:32:30,12105,2695,90-XF-50,POINT (-9.174779891967773 38.706748962402344)
4836_736,5422_20250901_199_0_11,199_0,0,38.786869049072266,-9.182499885559082,30,IN_TRANSIT_TO,2025-11-25 16:32:02,15102,4836,34-VR-23,POINT (-9.182499885559082 38.786869049072266)
2705_738,5550_20250901_117_0_11,117_0,0,38.72005081176758,-9.155070304870605,24,IN_TRANSIT_TO,2025-11-25 16:32:04,6804,2705,92-XQ-29,POINT (-9.155070304870605 38.72005081176758)
2682_746,5977_20250901_108_0_18,108_0,1,38.751869201660156,-9.204750061035156,4,IN_TRANSIT_TO,2025-11-25 16:32:32,10901,2682,93-XA-42,POINT (-9.204750061035156 38.751869201660156)
4619_750,6326_20250901_106_0_2,106_0,1,38.75749969482422,-9.173029899597168,22,IN_TRANSIT_TO,2025-11-25 16:32:18,12806,4619,22-GP-53,POINT (-9.173029899597168 38.75749969482422)
4618_750,6401_20250901_106_0_10,106_0,0,38.72896957397461,-9.209230422973633,31,IN_TRANSIT_TO,2025-11-25 16:32:13,8804,4618,22-GP-52,POINT (-9.209230422973633 38.72896957397461)
2946_29B,17524_20250901_209_0_16,209_0,0,38.77933120727539,-9.120100021362305,19,IN_TRANSIT_TO,2025-11-25 16:31:54,12603,2946,75-GO-15,POINT (-9.120100021362305 38.77933120727539)
2948_26B,17520_20250901_208_0_16,208_0,1,38.76129913330078,-9.096170425415039,4,IN_TRANSIT_TO,2025-11-25 16:32:07,2404,2948,51-GL-85,POINT (-9.096170425415039 38.76129913330078)
2958_71B,45267_20250901_278_0_12,278_0,0,38.754150390625,-9.197580337524414,27,IN_TRANSIT_TO,2025-11-25 16:32:06,10909,2958,27-GU-73,POINT (-9.197580337524414 38.754150390625)
4643_750,6372_20250901_106_0_10,106_0,1,38.70518112182617,-9.226980209350586,4,IN_TRANSIT_TO,2025-11-25 16:31:39,18404,4643,98-JO-45,POINT (-9.226980209350586 38.70518112182617)
2957_40B,17568_20250901_212_0_17,212_0,0,38.78847885131836,-9.16195011138916,1,IN_TRANSIT_TO,2025-11-25 16:32:10,50103,2957,27-GU-72,POINT (-9.16195011138916 38.78847885131836)
2677_754,6604_20250901_201_0_10,201_0,0,38.74190139770508,-9.14387035369873,1,IN_TRANSIT_TO,2025-11-25 16:32:20,1905,2677,87-XB-41,POINT (-9.14387035369873 38.74190139770508)
2671_738,5558_20250901_117_0_2,117_0,0,38.75579833984375,-9.169429779052734,3,IN_TRANSIT_TO,2025-11-25 16:32:36,50145,2671,87-XB-43,POINT (-9.169429779052734 38.75579833984375)
2680_714,3705_20250901_102_0_11,102_0,0,38.721229553222656,-9.221349716186523,36,IN_TRANSIT_TO,2025-11-25 16:29:24,18702,2680,93-XA-36,POINT (-9.221349716186523 38.721229553222656)
2681_776,7476_20250901_193_0_43,193_0,1,38.70051956176758,-9.227529525756836,10,IN_TRANSIT_TO,2025-11-25 16:31:18,4202,2681,93-XA-41,POINT (-9.227529525756836 38.70051956176758)
2673_711,3497_20250901_101_0_2,101_0,1,38.72359848022461,-9.16349983215332,26,IN_TRANSIT_TO,2025-11-25 16:32:27,8608,2673,87-XB-37,POINT (-9.16349983215332 38.72359848022461)
2679_754,6584_20250901_201_0_11,201_0,0,38.744380950927734,-9.19301986694336,18,IN_TRANSIT_TO,2025-11-25 16:32:27,10818,2679,93-XA-34,POINT (-9.19301986694336 38.744380950927734)
2670_709,3411_20250901_148_0_2,148_0,1,38.721771240234375,-9.151080131530762,7,IN_TRANSIT_TO,2025-11-25 16:32:25,6811,2670,87-XB-32,POINT (-9.151080131530762 38.721771240234375)
6001_724,4225_20250901_178_0_2,178_0,1,38.760528564453125,-9.2006196975708,2,IN_TRANSIT_TO,2025-11-25 16:31:45,13911,6001,99-XU-70,POINT (-9.2006196975708 38.760528564453125)
2674_714,3684_20250901_102_0_2,102_0,1,38.700950622558594,-9.181929588317871,26,IN_TRANSIT_TO,2025-11-25 16:32:12,9503,2674,87-XB-38,POINT (-9.181929588317871 38.700950622558594)
2675_727,4518_20250901_103_0_2,103_0,1,38.706581115722656,-9.157919883728027,25,IN_TRANSIT_TO,2025-11-25 16:32:37,3911,2675,87-XB-35,POINT (-9.157919883728027 38.706581115722656)
2964_737,5475_20250901_173_0_33,173_0,0,38.71261978149414,-9.136580467224121,1,IN_TRANSIT_TO,2025-11-25 16:32:20,912,2964,30-VM-19,POINT (-9.136580467224121 38.71261978149414)
2961_45B,49563_20250901_277_0_2,277_0,1,38.76572036743164,-9.152669906616211,18,IN_TRANSIT_TO,2025-11-25 16:32:19,5837,2961,26-VD-02,POINT (-9.152669906616211 38.76572036743164)
4623_783,7835_20250901_203_0_12,203_0,1,38.738128662109375,-9.145950317382812,23,IN_TRANSIT_TO,2025-11-25 16:32:12,1814,4623,27-JO-12,POINT (-9.145950317382812 38.738128662109375)
510_15E,11303_20250901_76_0_12,76_0,1,38.70627975463867,-9.145000457763672,20,IN_TRANSIT_TO,2025-11-25 16:32:10,3803,510,,POINT (-9.145000457763672 38.70627975463867)
4819_751,6495_20250901_109_0_9,109_0,1,38.69738006591797,-9.203200340270996,18,IN_TRANSIT_TO,2025-11-25 16:32:13,9603,4819,34-VR-16,POINT (-9.203200340270996 38.69738006591797)
2718_727,4441_20250901_103_0_9,103_0,0,38.725948333740234,-9.150670051574707,13,IN_TRANSIT_TO,2025-11-25 16:32:31,1206,2718,92-XQ-23,POINT (-9.150670051574707 38.725948333740234)
6014_706,3267_20250901_147_0_13,147_0,1,38.723819732666016,-9.147279739379883,21,IN_TRANSIT_TO,2025-11-25 16:32:11,1217,6014,67-ZF-30,POINT (-9.147279739379883 38.723819732666016)
6049_760,7105_20250901_171_0_9,171_0,0,38.70473098754883,-9.177619934082031,18,IN_TRANSIT_TO,2025-11-25 16:32:13,12121,6049,BH-47-IR,POINT (-9.177619934082031 38.70473098754883)
2723_727,4536_20250901_103_0_9,103_0,1,38.69717025756836,-9.200849533081055,12,IN_TRANSIT_TO,2025-11-25 16:32:30,9603,2723,92-XQ-43,POINT (-9.200849533081055 38.69717025756836)
2827_753,6573_20250901_167_0_20,167_0,1,38.728118896484375,-9.144920349121094,8,IN_TRANSIT_TO,2025-11-25 16:32:08,6601,2827,BF-61-FZ,POINT (-9.144920349121094 38.728118896484375)
2347_763,46422_20250901_282_0_16,282_0,1,38.760501861572266,-9.193920135498047,3,IN_TRANSIT_TO,2025-11-25 16:32:35,12822,2347,53-61-ZJ,POINT (-9.193920135498047 38.760501861572266)
2441_747,6101_20250901_177_0_17,177_0,0,38.7663688659668,-9.157620429992676,3,IN_TRANSIT_TO,2025-11-25 16:32:06,5811,2441,29-AX-07,POINT (-9.157620429992676 38.7663688659668)
2741_735,5182_20250901_172_0_12,172_0,1,38.707069396972656,-9.141679763793945,34,IN_TRANSIT_TO,2025-11-25 16:32:11,3820,2741,AG-99-TG,POINT (-9.141679763793945 38.707069396972656)
2479_729,4810_20250901_104_0_9,104_0,0,38.69501876831055,-9.215020179748535,37,IN_TRANSIT_TO,2025-11-25 16:32:12,13206,2479,91-BE-74,POINT (-9.215020179748535 38.69501876831055)
2844_728,4714_20250901_204_0_9,204_0,1,38.742431640625,-9.10237979888916,20,IN_TRANSIT_TO,2025-11-25 16:32:07,12512,2844,BF-73-FZ,POINT (-9.10237979888916 38.742431640625)
2288_799,8222_20250901_120_0_18,120_0,0,38.75273132324219,-9.189470291137695,0,IN_TRANSIT_TO,2025-11-25 16:32:17,,2288,92-59-ZM,POINT (-9.189470291137695 38.75273132324219)
2763_735,5191_20250901_172_0_10,172_0,1,38.73686981201172,-9.133979797363281,14,IN_TRANSIT_TO,2025-11-25 16:32:20,402,2763,AH-23-ND,POINT (-9.133979797363281 38.73686981201172)
2755_708,3358_20250901_100_0_11,100_0,1,38.794071197509766,-9.10377025604248,0,IN_TRANSIT_TO,2025-11-25 16:32:38,,2755,AG-95-TG,POINT (-9.10377025604248 38.794071197509766)
2298_794,8086_20250901_115_0_3,115_0,0,38.70737838745117,-9.133020401000977,0,IN_TRANSIT_TO,2025-11-25 16:32:32,,2298,83-05-ZM,POINT (-9.133020401000977 38.70737838745117)
608_15E,11228_20250901_76_0_13,76_0,0,38.696449279785156,-9.208499908447266,17,IN_TRANSIT_TO,2025-11-25 16:32:35,9610,608,,POINT (-9.208499908447266 38.696449279785156)
2282_758,6831_20250901_150_0_11,150_0,1,38.70804977416992,-9.143329620361328,33,IN_TRANSIT_TO,2025-11-25 16:32:19,3826,2282,67-35-ZJ,POINT (-9.143329620361328 38.70804977416992)
2281_771,21942_20250901_248_0_18,248_0,0,38.71371841430664,-9.197649955749512,16,IN_TRANSIT_TO,2025-11-25 16:32:34,12928,2281,67-56-ZJ,POINT (-9.197649955749512 38.71371841430664)
2628_705,3195_20250901_176_0_15,176_0,1,38.7447509765625,-9.132599830627441,1,IN_TRANSIT_TO,2025-11-25 16:32:22,50099,2628,52-VP-82,POINT (-9.132599830627441 38.7447509765625)
2841_748,6140_20250901_169_0_12,169_0,1,38.71501922607422,-9.231800079345703,1,IN_TRANSIT_TO,2025-11-25 16:32:37,29367,2841,BF-55-FZ,POINT (-9.231800079345703 38.71501922607422)
1717_794,8043_20250901_115_0_12,115_0,0,38.75645065307617,-9.102999687194824,34,IN_TRANSIT_TO,2025-11-25 16:32:33,2328,1717,69-AL-80,POINT (-9.102999687194824 38.75645065307617)
4832_736,5408_20250901_199_0_12,199_0,1,38.788368225097656,-9.176569938659668,3,IN_TRANSIT_TO,2025-11-25 16:32:36,15106,4832,68-VQ-51,POINT (-9.176569938659668 38.788368225097656)
6015_706,3241_20250901_147_0_12,147_0,0,38.7307014465332,-9.127449989318848,24,IN_TRANSIT_TO,2025-11-25 16:32:11,7014,6015,69-ZF-01,POINT (-9.127449989318848 38.7307014465332)
2717_711,3501_20250901_101_0_12,101_0,1,38.73606872558594,-9.201370239257812,14,IN_TRANSIT_TO,2025-11-25 16:32:04,8826,2717,92-XQ-16,POINT (-9.201370239257812 38.73606872558594)
4835_736,18816_20250901_199_0_11,199_0,0,38.7835807800293,-9.163579940795898,24,IN_TRANSIT_TO,2025-11-25 16:32:28,7205,4835,53-VR-06,POINT (-9.163579940795898 38.7835807800293)
4624_783,7842_20250901_203_0_12,203_0,1,38.75926971435547,-9.137669563293457,14,IN_TRANSIT_TO,2025-11-25 16:32:18,11308,4624,11-JM-75,POINT (-9.137669563293457 38.75926971435547)
4811_728,4609_20250901_204_0_10,204_0,0,38.74237060546875,-9.10216999053955,32,IN_TRANSIT_TO,2025-11-25 16:32:29,12509,4811,34-VR-20,POINT (-9.10216999053955 38.74237060546875)
6034_732,5062_20250901_107_0_8,107_0,1,38.70492935180664,-9.17726993560791,21,IN_TRANSIT_TO,2025-11-25 16:32:22,12111,6034,BF-61-AX,POINT (-9.17726993560791 38.70492935180664)
306_708,3333_20250901_100_0_10,100_0,1,38.745079040527344,-9.131319999694824,34,IN_TRANSIT_TO,2025-11-25 16:32:06,310,306,73-ST-81,POINT (-9.131319999694824 38.745079040527344)
307_708,3351_20250901_100_0_10,100_0,1,38.77608108520508,-9.095230102539062,12,IN_TRANSIT_TO,2025-11-25 16:32:18,50123,307,73-ST-82,POINT (-9.095230102539062 38.77608108520508)
6007_732,5071_20250901_107_0_2,107_0,1,38.7076301574707,-9.209070205688477,7,IN_TRANSIT_TO,2025-11-25 16:32:33,13101,6007,80-ZC-62,POINT (-9.209070205688477 38.7076301574707)
4601_750,6390_20250901_106_0_10,106_0,0,38.70912170410156,-9.224929809570312,35,IN_TRANSIT_TO,2025-11-25 16:32:10,14311,4601,96-GL-79,POINT (-9.224929809570312 38.70912170410156)
6035_760,7061_20250901_171_0_10,171_0,1,38.719818115234375,-9.13817024230957,37,IN_TRANSIT_TO,2025-11-25 16:32:23,812,6035,BG-76-LX,POINT (-9.13817024230957 38.719818115234375)
2294_764,7166_20250901_168_0_12,168_0,1,38.7476806640625,-9.171030044555664,28,IN_TRANSIT_TO,2025-11-25 16:32:27,12710,2294,92-52-ZM,POINT (-9.171030044555664 38.7476806640625)
2765_742,5788_20250901_114_0_8,114_0,0,38.726898193359375,-9.162300109863281,28,IN_TRANSIT_TO,2025-11-25 16:32:08,6115,2765,AH-37-ND,POINT (-9.162300109863281 38.726898193359375)
607_15E,11288_20250901_76_0_14,76_0,1,38.7065315246582,-9.14210033416748,20,IN_TRANSIT_TO,2025-11-25 16:32:14,3803,607,,POINT (-9.14210033416748 38.7065315246582)
4633_755,6641_20250901_118_0_2,118_0,0,38.750221252441406,-9.161569595336914,37,IN_TRANSIT_TO,2025-11-25 16:32:08,13507,4633,90-JI-94,POINT (-9.161569595336914 38.750221252441406)
2259_758,6860_20250901_150_0_12,150_0,1,38.74732971191406,-9.18988037109375,7,IN_TRANSIT_TO,2025-11-25 16:31:54,10803,2259,67-44-ZJ,POINT (-9.18988037109375 38.74732971191406)
2270_768,7319_20250901_111_0_13,111_0,1,38.750370025634766,-9.180049896240234,13,IN_TRANSIT_TO,2025-11-25 16:32:21,13613,2270,76-82-ZG,POINT (-9.180049896240234 38.750370025634766)
2430_771,39065_20250901_248_0_16,248_0,0,38.72787857055664,-9.16232967376709,7,IN_TRANSIT_TO,2025-11-25 16:32:15,6122,2430,29-AX-12,POINT (-9.16232967376709 38.72787857055664)
2442_703,3100_20250901_165_0_12,165_0,0,38.77696990966797,-9.15958023071289,14,IN_TRANSIT_TO,2025-11-25 16:32:08,5927,2442,29-AX-06,POINT (-9.15958023071289 38.77696990966797)
2779_754,6609_20250901_201_0_12,201_0,1,38.747650146484375,-9.148380279541016,31,IN_TRANSIT_TO,2025-11-25 16:32:29,2010,2779,AI-02-BT,POINT (-9.148380279541016 38.747650146484375)
2703_764,7142_20250901_168_0_15,168_0,1,38.743919372558594,-9.220120429992676,5,IN_TRANSIT_TO,2025-11-25 16:32:06,3011,2703,92-XQ-24,POINT (-9.220120429992676 38.743919372558594)
2495_794,8073_20250901_115_0_12,115_0,0,38.74477005004883,-9.11715030670166,13,IN_TRANSIT_TO,2025-11-25 16:32:09,3604,2495,88-BL-69,POINT (-9.11715030670166 38.74477005004883)
6038_760,7098_20250901_171_0_9,171_0,0,38.71342849731445,-9.21008014678955,36,IN_TRANSIT_TO,2025-11-25 16:32:26,12922,6038,BG-46-LV,POINT (-9.21008014678955 38.71342849731445)
6009_706,3259_20250901_147_0_6,147_0,0,38.727779388427734,-9.136899948120117,17,IN_TRANSIT_TO,2025-11-25 16:32:16,615,6009,81-ZC-18,POINT (-9.136899948120117 38.727779388427734)
2272_767,7223_20250901_112_0_8,112_0,1,38.729801177978516,-9.140430450439453,40,IN_TRANSIT_TO,2025-11-25 16:32:08,6501,2272,76-80-ZG,POINT (-9.140430450439453 38.729801177978516)
4825_736,5299_20250901_199_0_11,199_0,0,38.71622848510742,-9.141830444335938,2,IN_TRANSIT_TO,2025-11-25 16:32:07,1010,4825,20-VQ-72,POINT (-9.141830444335938 38.71622848510742)
2614_759,6973_20250901_144_0_12,144_0,1,38.774471282958984,-9.097450256347656,4,IN_TRANSIT_TO,2025-11-25 16:32:28,7823,2614,66-VI-24,POINT (-9.097450256347656 38.774471282958984)
275_64B,21489_20250901_238_0_21,238_0,0,38.71604919433594,-9.166399955749512,2,IN_TRANSIT_TO,2025-11-25 16:32:23,8019,275,AH-16-TB,POINT (-9.166399955749512 38.71604919433594)
2997_55B,21534_20250901_240_0_21,240_0,0,38.75988006591797,-9.19225025177002,3,IN_TRANSIT_TO,2025-11-25 16:32:21,12822,2997,34-VN-03,POINT (-9.19225025177002 38.75988006591797)
6023_706,3260_20250901_147_0_12,147_0,0,38.71921920776367,-9.155570030212402,11,IN_TRANSIT_TO,2025-11-25 16:32:29,6817,6023,BF-03-BD,POINT (-9.155570030212402 38.71921920776367)
4815_751,6510_20250901_109_0_11,109_0,1,38.71474838256836,-9.231120109558105,2,IN_TRANSIT_TO,2025-11-25 16:32:30,50066,4815,34-VR-24,POINT (-9.231120109558105 38.71474838256836)
4821_736,18817_20250901_199_0_13,199_0,0,38.743099212646484,-9.14680004119873,9,IN_TRANSIT_TO,2025-11-25 16:32:37,1901,4821,20-VQ-68,POINT (-9.14680004119873 38.743099212646484)
2613_718,3978_20250901_105_0_14,105_0,0,38.73844909667969,-9.13368034362793,29,IN_TRANSIT_TO,2025-11-25 16:32:18,413,2613,66-VI-22,POINT (-9.13368034362793 38.73844909667969)
4827_736,5331_20250901_199_0_10,199_0,1,38.720298767089844,-9.145779609680176,27,IN_TRANSIT_TO,2025-11-25 16:32:19,1102,4827,34-VR-15,POINT (-9.145779609680176 38.720298767089844)
2606_744,5841_20250901_200_0_11,200_0,0,38.76808166503906,-9.106169700622559,23,IN_TRANSIT_TO,2025-11-25 16:32:31,7709,2606,66-VI-40,POINT (-9.106169700622559 38.76808166503906)
2264_768,7341_20250901_111_0_15,111_0,0,38.76184844970703,-9.196929931640625,20,IN_TRANSIT_TO,2025-11-25 16:32:10,13904,2264,76-90-ZG,POINT (-9.196929931640625 38.76184844970703)
6036_729,4820_20250901_104_0_9,104_0,0,38.73659896850586,-9.201800346374512,20,IN_TRANSIT_TO,2025-11-25 16:32:19,8838,6036,BG-90-LX,POINT (-9.201800346374512 38.73659896850586)
6026_732,5093_20250901_107_0_8,107_0,0,38.7317008972168,-9.141400337219238,9,IN_TRANSIT_TO,2025-11-25 16:32:27,6506,6026,BF-39-BB,POINT (-9.141400337219238 38.7317008972168)
2706_713,3576_20250901_122_0_13,122_0,0,38.719051361083984,-9.156000137329102,14,IN_TRANSIT_TO,2025-11-25 16:32:30,50191,2706,92-XQ-46,POINT (-9.156000137329102 38.719051361083984)
602_15E,11264_20250901_76_0_14,76_0,0,38.70637130737305,-9.149120330810547,5,IN_TRANSIT_TO,2025-11-25 16:32:13,7102,602,,POINT (-9.149120330810547 38.70637130737305)
2653_759,6961_20250901_144_0_10,144_0,1,38.76314926147461,-9.118269920349121,16,IN_TRANSIT_TO,2025-11-25 16:32:22,8404,2653,05-VZ-52,POINT (-9.118269920349121 38.76314926147461)
4806_728,4649_20250901_204_0_2,204_0,0,38.69797134399414,-9.18517017364502,13,IN_TRANSIT_TO,2025-11-25 16:32:29,9501,4806,20-VQ-74,POINT (-9.18517017364502 38.69797134399414)
2749_756,6761_20250901_175_0_17,175_0,1,38.74263000488281,-9.137519836425781,17,IN_TRANSIT_TO,2025-11-25 16:32:20,304,2749,AG-03-TH,POINT (-9.137519836425781 38.74263000488281)
2988_71B,45266_20250901_278_0_13,278_0,0,38.74201965332031,-9.200369834899902,10,IN_TRANSIT_TO,2025-11-25 16:32:22,50459,2988,29-VM-94,POINT (-9.200369834899902 38.74201965332031)
2743_755,6682_20250901_118_0_12,118_0,0,38.744300842285156,-9.112850189208984,10,IN_TRANSIT_TO,2025-11-25 16:32:21,3718,2743,AG-02-TH,POINT (-9.112850189208984 38.744300842285156)
2657_722,4107_20250901_196_0_11,196_0,0,38.74580001831055,-9.13113021850586,15,IN_TRANSIT_TO,2025-11-25 16:32:19,313,2657,05-VZ-66,POINT (-9.13113021850586 38.74580001831055)
4830_736,5379_20250901_199_0_10,199_0,1,38.7546501159668,-9.153030395507812,15,IN_TRANSIT_TO,2025-11-25 16:32:32,5806,4830,20-VQ-63,POINT (-9.153030395507812 38.7546501159668)
2638_744,5850_20250901_200_0_11,200_0,0,38.72650146484375,-9.149149894714355,3,IN_TRANSIT_TO,2025-11-25 16:32:25,1225,2638,87-VS-48,POINT (-9.149149894714355 38.72650146484375)
2633_705,3186_20250901_176_0_14,176_0,1,38.774478912353516,-9.097519874572754,22,IN_TRANSIT_TO,2025-11-25 16:32:23,7910,2633,52-VP-79,POINT (-9.097519874572754 38.774478912353516)
6005_758,6890_20250901_150_0_3,150_0,0,38.72037124633789,-9.158720016479492,8,IN_TRANSIT_TO,2025-11-25 16:32:07,6812,6005,81-ZC-91,POINT (-9.158720016479492 38.72037124633789)
2619_742,5783_20250901_114_0_9,114_0,0,38.70370101928711,-9.195019721984863,48,IN_TRANSIT_TO,2025-11-25 16:32:34,13410,2619,66-VI-37,POINT (-9.195019721984863 38.70370101928711)
6039_732,5057_20250901_107_0_8,107_0,1,38.70967102050781,-9.13523006439209,30,IN_TRANSIT_TO,2025-11-25 16:32:23,5519,6039,BG-96-LU,POINT (-9.13523006439209 38.70967102050781)
2991_797,8161_20250901_163_0_35,163_0,1,38.726898193359375,-9.130370140075684,3,IN_TRANSIT_TO,2025-11-25 16:32:17,9102,2991,29-VM-89,POINT (-9.130370140075684 38.726898193359375)
4820_728,4601_20250901_204_0_8,204_0,0,38.767250061035156,-9.099220275878906,43,IN_TRANSIT_TO,2025-11-25 16:32:25,7825,4820,20-VQ-62,POINT (-9.099220275878906 38.767250061035156)
6041_760,7085_20250901_171_0_10,171_0,1,38.71371841430664,-9.19618034362793,10,IN_TRANSIT_TO,2025-11-25 16:32:21,12928,6041,BG-20-LV,POINT (-9.19618034362793 38.71371841430664)
2639_759,6970_20250901_144_0_10,144_0,1,38.77238082885742,-9.117819786071777,12,IN_TRANSIT_TO,2025-11-25 16:32:19,50079,2639,75-VS-47,POINT (-9.117819786071777 38.77238082885742)
2647_722,4127_20250901_196_0_12,196_0,1,38.75592041015625,-9.130370140075684,18,IN_TRANSIT_TO,2025-11-25 16:32:21,7512,2647,75-VS-45,POINT (-9.130370140075684 38.75592041015625)
2826_753,6564_20250901_167_0_21,167_0,0,38.725318908691406,-9.14840030670166,3,IN_TRANSIT_TO,2025-11-25 16:32:08,1202,2826,BF-74-FZ,POINT (-9.14840030670166 38.725318908691406)
2989_79B,18671_20250901_221_0_11,221_0,0,38.70547103881836,-9.204319953918457,30,IN_TRANSIT_TO,2025-11-25 16:32:21,13109,2989,29-VM-85,POINT (-9.204319953918457 38.70547103881836)
577_28E,14920_20250901_75_0_17,75_0,1,38.709781646728516,-9.13368034362793,8,IN_TRANSIT_TO,2025-11-25 16:32:35,13801,577,,POINT (-9.13368034362793 38.709781646728516)
2642_781,7756_20250901_151_0_13,151_0,0,38.737701416015625,-9.102970123291016,8,IN_TRANSIT_TO,2025-11-25 16:32:15,12513,2642,75-VS-51,POINT (-9.102970123291016 38.737701416015625)
573_28E,14934_20250901_75_0_9,75_0,1,38.710018157958984,-9.135499954223633,6,IN_TRANSIT_TO,2025-11-25 16:32:28,50149,573,,POINT (-9.135499954223633 38.710018157958984)
273_79B,18661_20250901_221_0_11,221_0,0,38.7057991027832,-9.202329635620117,31,IN_TRANSIT_TO,2025-11-25 16:32:13,13309,273,AH-15-TB,POINT (-9.202329635620117 38.7057991027832)
2737_742,5768_20250901_114_0_8,114_0,1,38.72119903564453,-9.167329788208008,26,IN_TRANSIT_TO,2025-11-25 16:32:21,9304,2737,AG-45-EI,POINT (-9.167329788208008 38.72119903564453)
2609_718,3959_20250901_105_0_15,105_0,1,38.74531936645508,-9.103879928588867,22,IN_TRANSIT_TO,2025-11-25 16:32:08,12523,2609,66-VI-36,POINT (-9.103879928588867 38.74531936645508)
2611_705,3199_20250901_176_0_10,176_0,0,38.770301818847656,-9.127799987792969,17,IN_TRANSIT_TO,2025-11-25 16:32:33,7604,2611,66-VI-38,POINT (-9.127799987792969 38.770301818847656)
2721_713,3592_20250901_122_0_13,122_0,0,38.728851318359375,-9.159379959106445,9,IN_TRANSIT_TO,2025-11-25 16:32:32,6115,2721,92-XQ-37,POINT (-9.159379959106445 38.728851318359375)
2326_712,3525_20250901_189_0_11,189_0,0,38.721431732177734,-9.129369735717773,9,IN_TRANSIT_TO,2025-11-25 16:32:28,9125,2326,67-49-ZJ,POINT (-9.129369735717773 38.721431732177734)
2632_759,6981_20250901_144_0_11,144_0,0,38.75783157348633,-9.112299919128418,27,IN_TRANSIT_TO,2025-11-25 16:32:12,8416,2632,52-VP-88,POINT (-9.112299919128418 38.75783157348633)
2981_702,3053_20250901_146_0_30,146_0,1,38.727970123291016,-9.160200119018555,10,IN_TRANSIT_TO,2025-11-25 16:32:15,6101,2981,29-VM-86,POINT (-9.160200119018555 38.727970123291016)
6030_760,7103_20250901_171_0_12,171_0,0,38.70487976074219,-9.187080383300781,21,IN_TRANSIT_TO,2025-11-25 16:32:31,12012,6030,BF-39-AU,POINT (-9.187080383300781 38.70487976074219)
2618_759,6956_20250901_144_0_2,144_0,1,38.738521575927734,-9.113329887390137,27,IN_TRANSIT_TO,2025-11-25 16:32:19,3702,2618,66-VI-42,POINT (-9.113329887390137 38.738521575927734)
548_28E,14998_20250901_75_0_14,75_0,0,38.715030670166016,-9.12874984741211,10,IN_TRANSIT_TO,2025-11-25 16:32:13,14802,548,,POINT (-9.12874984741211 38.715030670166016)
2643_744,5819_20250901_200_0_11,200_0,1,38.76007080078125,-9.13545036315918,15,IN_TRANSIT_TO,2025-11-25 16:32:37,7502,2643,75-VS-44,POINT (-9.13545036315918 38.76007080078125)
2733_756,6730_20250901_175_0_15,175_0,0,38.70634841918945,-9.175200462341309,22,IN_TRANSIT_TO,2025-11-25 16:32:29,9425,2733,AG-41-EI,POINT (-9.175200462341309 38.70634841918945)
2468_726,4317_20250901_116_0_12,116_0,1,38.765098571777344,-9.200400352478027,2,IN_TRANSIT_TO,2025-11-25 16:32:36,13903,2468,16-AZ-10,POINT (-9.200400352478027 38.765098571777344)
2664_714,3640_20250901_102_0_13,102_0,0,38.704681396484375,-9.167679786682129,9,IN_TRANSIT_TO,2025-11-25 16:32:18,10210,2664,05-VZ-68,POINT (-9.167679786682129 38.704681396484375)
2640_705,3180_20250901_176_0_15,176_0,0,38.77606964111328,-9.113499641418457,8,IN_TRANSIT_TO,2025-11-25 16:32:36,12307,2640,75-VS-43,POINT (-9.113499641418457 38.77606964111328)
2654_722,4121_20250901_196_0_11,196_0,1,38.73093032836914,-9.146530151367188,30,IN_TRANSIT_TO,2025-11-25 16:32:35,1714,2654,05-VZ-69,POINT (-9.146530151367188 38.73093032836914)
2707_714,3709_20250901_102_0_11,102_0,0,38.72576904296875,-9.213129997253418,32,IN_TRANSIT_TO,2025-11-25 16:32:23,14006,2707,92-XQ-39,POINT (-9.213129997253418 38.72576904296875)
2612_705,3190_20250901_176_0_11,176_0,1,38.78171920776367,-9.124899864196777,14,IN_TRANSIT_TO,2025-11-25 16:32:25,7609,2612,66-VI-29,POINT (-9.124899864196777 38.78171920776367)
2736_708,3298_20250901_100_0_9,100_0,0,38.727481842041016,-9.134920120239258,5,IN_TRANSIT_TO,2025-11-25 16:32:09,607,2736,AG-47-EI,POINT (-9.134920120239258 38.727481842041016)
6042_760,7110_20250901_171_0_3,171_0,0,38.71432113647461,-9.137399673461914,8,IN_TRANSIT_TO,2025-11-25 16:32:18,815,6042,BG-97-LU,POINT (-9.137399673461914 38.71432113647461)
542_25E,14255_20250901_79_0_16,79_0,0,38.707820892333984,-9.159199714660645,7,IN_TRANSIT_TO,2025-11-25 16:32:28,50594,542,,POINT (-9.159199714660645 38.707820892333984)
574_18E,12186_20250901_78_0_21,78_0,0,38.70307922363281,-9.193329811096191,14,IN_TRANSIT_TO,2025-11-25 16:32:25,13408,574,,POINT (-9.193329811096191 38.70307922363281)
2635_759,6987_20250901_144_0_11,144_0,0,38.75876998901367,-9.111669540405273,27,IN_TRANSIT_TO,2025-11-25 16:32:11,8416,2635,52-VP-90,POINT (-9.111669540405273 38.75876998901367)
2258_767,7286_20250901_112_0_10,112_0,1,38.76213073730469,-9.193929672241211,0,IN_TRANSIT_TO,2025-11-25 16:31:46,,2258,53-58-ZJ,POINT (-9.193929672241211 38.76213073730469)
544_18E,12202_20250901_78_0_18,78_0,1,38.70383071899414,-9.195650100708008,6,IN_TRANSIT_TO,2025-11-25 16:32:17,13305,544,,POINT (-9.195650100708008 38.70383071899414)
2996_52B,21661_20250901_244_0_15,244_0,0,38.74121856689453,-9.147170066833496,12,IN_TRANSIT_TO,2025-11-25 16:32:31,1915,2996,30-VM-03,POINT (-9.147170066833496 38.74121856689453)
2769_723,4186_20250901_121_0_12,121_0,1,38.71397018432617,-9.196769714355469,19,IN_TRANSIT_TO,2025-11-25 16:32:10,10315,2769,AH-19-ND,POINT (-9.196769714355469 38.71397018432617)
556_25E,14260_20250901_79_0_16,79_0,0,38.70664978027344,-9.141730308532715,3,IN_TRANSIT_TO,2025-11-25 16:32:38,3820,556,,POINT (-9.141730308532715 38.70664978027344)
2686_711,3517_20250901_101_0_11,101_0,0,38.744571685791016,-9.218979835510254,29,IN_TRANSIT_TO,2025-11-25 16:32:10,3012,2686,99-XE-58,POINT (-9.218979835510254 38.744571685791016)
571_25E,14276_20250901_79_0_14,79_0,0,38.71492004394531,-9.16648006439209,17,IN_TRANSIT_TO,2025-11-25 16:32:23,8018,571,,POINT (-9.16648006439209 38.71492004394531)
2652_781,7747_20250901_151_0_12,151_0,0,38.767799377441406,-9.109930038452148,19,IN_TRANSIT_TO,2025-11-25 16:32:18,7715,2652,05-VZ-61,POINT (-9.109930038452148 38.767799377441406)
2626_759,6896_20250901_144_0_9,144_0,0,38.733829498291016,-9.112730026245117,16,IN_TRANSIT_TO,2025-11-25 16:32:30,17567,2626,52-VP-86,POINT (-9.112730026245117 38.733829498291016)
2829_753,6536_20250901_167_0_2,167_0,0,38.665279388427734,-9.172019958496094,8,IN_TRANSIT_TO,2025-11-25 16:32:13,14601,2829,BF-58-FZ,POINT (-9.172019958496094 38.665279388427734)
2622_781,7761_20250901_151_0_2,151_0,0,38.70936965942383,-9.129150390625,4,IN_TRANSIT_TO,2025-11-25 16:32:21,4505,2622,66-VI-21,POINT (-9.129150390625 38.70936965942383)
2603_759,6921_20250901_144_0_11,144_0,0,38.70792007446289,-9.133270263671875,5,IN_TRANSIT_TO,2025-11-25 16:32:26,4501,2603,16-VF-76,POINT (-9.133270263671875 38.70792007446289)
2986_34B,19151_20250901_226_0_11,226_0,0,38.742698669433594,-9.117549896240234,3,IN_TRANSIT_TO,2025-11-25 16:32:17,3613,2986,30-VM-12,POINT (-9.117549896240234 38.742698669433594)
2701_714,3689_20250901_102_0_10,102_0,1,38.702369689941406,-9.206649780273438,18,IN_TRANSIT_TO,2025-11-25 16:32:19,13105,2701,92-XQ-35,POINT (-9.206649780273438 38.702369689941406)
2982_72B,45276_20250901_279_0_13,279_0,0,38.744319915771484,-9.193920135498047,26,IN_TRANSIT_TO,2025-11-25 16:32:22,10803,2982,30-VM-23,POINT (-9.193920135498047 38.744319915771484)
2711_723,4177_20250901_121_0_2,121_0,1,38.72624969482422,-9.145170211791992,31,IN_TRANSIT_TO,2025-11-25 16:32:27,6606,2711,92-XQ-44,POINT (-9.145170211791992 38.72624969482422)
2976_730,4949_20250901_198_0_14,198_0,0,38.721500396728516,-9.12969970703125,16,IN_TRANSIT_TO,2025-11-25 16:32:06,9105,2976,30-VM-00,POINT (-9.12969970703125 38.721500396728516)
2616_718,3991_20250901_105_0_13,105_0,0,38.729251861572266,-9.122730255126953,23,IN_TRANSIT_TO,2025-11-25 16:32:23,11703,2616,66-VI-44,POINT (-9.122730255126953 38.729251861572266)
2604_781,7722_20250901_151_0_13,151_0,1,38.77473068237305,-9.111519813537598,8,IN_TRANSIT_TO,2025-11-25 16:32:16,12308,2604,66-VI-32,POINT (-9.111519813537598 38.77473068237305)
2980_730,4947_20250901_198_0_15,198_0,1,38.73033142089844,-9.143670082092285,0,IN_TRANSIT_TO,2025-11-25 16:32:25,,2980,29-VM-90,POINT (-9.143670082092285 38.73033142089844)
2663_714,3697_20240914_102_0_16,102_0,1,38.72127151489258,-9.221500396728516,4,IN_TRANSIT_TO,2024-10-22 20:26:58,18703,2663,05-VZ-62,POINT (-9.221500396728516 38.72127151489258)
2659_727,4552_20250901_103_0_9,103_0,0,38.70637893676758,-9.173430442810059,28,IN_TRANSIT_TO,2025-11-25 16:32:17,9417,2659,05-VZ-57,POINT (-9.173430442810059 38.70637893676758)
576_25E,14263_20250901_79_0_15,79_0,1,38.70621871948242,-9.143699645996094,16,IN_TRANSIT_TO,2025-11-25 16:32:10,3803,576,,POINT (-9.143699645996094 38.70621871948242)
581_24E,17832_20250901_213_0_25,213_0,1,38.72542953491211,-9.1602201461792,1,IN_TRANSIT_TO,2025-11-25 16:32:14,6130,581,,POINT (-9.1602201461792 38.72542953491211)
2685_746,5993_20250901_108_0_13,108_0,0,38.744571685791016,-9.179329872131348,13,IN_TRANSIT_TO,2025-11-25 16:32:07,10704,2685,93-XA-46,POINT (-9.179329872131348 38.744571685791016)
2615_718,3994_20250901_105_0_14,105_0,0,38.743568420410156,-9.10159969329834,11,IN_TRANSIT_TO,2025-11-25 16:32:21,12524,2615,66-VI-27,POINT (-9.10159969329834 38.743568420410156)
579_12E,11035_20250901_77_0_15,77_0,1,38.708580017089844,-9.139670372009277,5,IN_TRANSIT_TO,2025-11-25 16:30:31,10521,579,,POINT (-9.139670372009277 38.708580017089844)
6043_760,7066_20250901_171_0_9,171_0,1,38.706298828125,-9.145480155944824,29,IN_TRANSIT_TO,2025-11-25 16:32:28,7101,6043,BG-93-LT,POINT (-9.145480155944824 38.706298828125)
554_25E,14268_20250901_79_0_17,79_0,1,38.703948974609375,-9.172880172729492,0,IN_TRANSIT_TO,2025-11-25 16:32:33,,554,,POINT (-9.172880172729492 38.703948974609375)
2732_756,6713_20250901_175_0_17,175_0,1,38.728519439697266,-9.169949531555176,8,IN_TRANSIT_TO,2025-11-25 16:32:34,8601,2732,AG-39-EI,POINT (-9.169949531555176 38.728519439697266)
1714_701,2960_20250901_123_0_12,123_0,0,38.717498779296875,-9.169529914855957,30,IN_TRANSIT_TO,2025-11-25 16:32:13,8015,1714,69-AL-77,POINT (-9.169529914855957 38.717498779296875)
545_18E,12182_20250901_78_0_21,78_0,0,38.704200744628906,-9.173649787902832,6,IN_TRANSIT_TO,2025-11-25 16:32:26,4004,545,,POINT (-9.173649787902832 38.704200744628906)
2995_45B,49562_20250901_277_0_15,277_0,0,38.76026916503906,-9.156970024108887,12,IN_TRANSIT_TO,2025-11-25 16:32:17,5808,2995,30-VM-15,POINT (-9.156970024108887 38.76026916503906)
4804_751,6490_20250901_109_0_16,109_0,1,38.70547103881836,-9.176380157470703,25,IN_TRANSIT_TO,2025-11-25 16:32:29,12105,4804,53-VR-07,POINT (-9.176380157470703 38.70547103881836)
2687_723,4187_20250901_121_0_11,121_0,1,38.71187973022461,-9.214200019836426,9,IN_TRANSIT_TO,2025-11-25 16:32:26,12404,2687,93-XA-44,POINT (-9.214200019836426 38.71187973022461)
265_61B,21520_20250901_241_0_21,241_0,1,38.73448181152344,-9.170900344848633,2,IN_TRANSIT_TO,2025-11-25 16:32:11,2709,265,AG-40-OV,POINT (-9.170900344848633 38.73448181152344)
2708_723,4176_20250901_121_0_11,121_0,0,38.72296905517578,-9.141929626464844,3,IN_TRANSIT_TO,2025-11-25 16:32:36,9205,2708,92-XQ-32,POINT (-9.141929626464844 38.72296905517578)
4813_728,4589_20250901_204_0_10,204_0,0,38.78371810913086,-9.11242961883545,52,IN_TRANSIT_TO,2025-11-25 16:32:21,12610,4813,68-VQ-50,POINT (-9.11242961883545 38.78371810913086)
2828_753,6577_20250901_167_0_20,167_0,1,38.71070098876953,-9.177630424499512,2,IN_TRANSIT_TO,2025-11-25 16:32:29,14602,2828,BF-60-FZ,POINT (-9.177630424499512 38.71070098876953)
2696_711,3484_20250901_101_0_10,101_0,1,38.71207809448242,-9.139049530029297,32,IN_TRANSIT_TO,2025-11-25 16:31:15,908,2696,90-XF-63,POINT (-9.139049530029297 38.71207809448242)
2644_759,6943_20250901_144_0_10,144_0,1,38.70777893066406,-9.13306999206543,42,IN_TRANSIT_TO,2025-11-25 16:32:11,8202,2644,87-VS-52,POINT (-9.13306999206543 38.70777893066406)
578_25E,14271_20250901_79_0_16,79_0,0,38.69786834716797,-9.20419979095459,0,IN_TRANSIT_TO,2025-11-25 16:32:23,,578,,POINT (-9.20419979095459 38.69786834716797)
502_15E,11329_20250901_76_0_2,76_0,1,38.6976203918457,-9.193099975585938,9,IN_TRANSIT_TO,2025-11-25 16:32:27,4115,502,,POINT (-9.193099975585938 38.6976203918457)
2427_747,6079_20250901_177_0_17,177_0,0,38.766998291015625,-9.181730270385742,12,IN_TRANSIT_TO,2025-11-25 16:32:22,12810,2427,29-AX-14,POINT (-9.181730270385742 38.766998291015625)
4808_750,6348_20250901_106_0_8,106_0,1,38.7387809753418,-9.204350471496582,9,IN_TRANSIT_TO,2025-11-25 16:32:26,8807,4808,20-VQ-73,POINT (-9.204350471496582 38.7387809753418)
6003_732,5085_20250901_107_0_10,107_0,0,38.70426940917969,-9.173800468444824,25,IN_TRANSIT_TO,2025-11-25 16:32:15,4004,6003,82-ZC-02,POINT (-9.173800468444824 38.70426940917969)
4824_783,7859_20250901_203_0_2,203_0,0,38.74068069458008,-9.146419525146484,8,IN_TRANSIT_TO,2025-11-25 16:32:33,1809,4824,34-VR-19,POINT (-9.146419525146484 38.74068069458008)
2641_722,4119_20250901_196_0_12,196_0,0,38.721248626708984,-9.146920204162598,1,IN_TRANSIT_TO,2025-11-25 16:32:24,1011,2641,75-VS-49,POINT (-9.146920204162598 38.721248626708984)
270_734,5166_20250901_205_4_41,205_4,1,38.714881896972656,-9.136630058288574,9,IN_TRANSIT_TO,2025-11-25 16:32:20,805,270,AH-54-CZ,POINT (-9.136630058288574 38.714881896972656)
2974_774,7457_20250901_192_0_24,192_0,1,38.7276496887207,-9.142250061035156,1,IN_TRANSIT_TO,2025-11-25 16:32:11,6907,2974,30-VM-22,POINT (-9.142250061035156 38.7276496887207)
4817_751,6437_20250901_109_0_17,109_0,0,38.70623016357422,-9.17549991607666,8,IN_TRANSIT_TO,2025-11-25 16:32:31,12110,4817,00-VV-37,POINT (-9.17549991607666 38.70623016357422)
575_24E,17842_20250901_213_0_26,213_0,0,38.717769622802734,-9.151399612426758,5,IN_TRANSIT_TO,2025-11-25 16:32:22,10605,575,,POINT (-9.151399612426758 38.717769622802734)
2660_723,4168_20250901_121_0_13,121_0,0,38.722618103027344,-9.1696195602417,10,IN_TRANSIT_TO,2025-11-25 16:32:19,8607,2660,05-VZ-60,POINT (-9.1696195602417 38.722618103027344)
2655_781,57699_20250901_151_0_12,151_0,1,38.71590042114258,-9.12012004852295,25,IN_TRANSIT_TO,2025-11-25 16:32:23,8310,2655,05-VZ-67,POINT (-9.12012004852295 38.71590042114258)
269_734,5164_20250901_205_4_36,205_4,0,38.72346878051758,-9.134329795837402,3,IN_TRANSIT_TO,2025-11-25 16:32:19,701,269,AG-25-NH,POINT (-9.134329795837402 38.72346878051758)
4807_751,6498_20250901_109_0_12,109_0,1,38.701751708984375,-9.216879844665527,13,IN_TRANSIT_TO,2025-11-25 16:32:34,9710,4807,20-VQ-69,POINT (-9.216879844665527 38.701751708984375)
2650_759,6949_20250901_144_0_10,144_0,1,38.73685073852539,-9.112730026245117,28,IN_TRANSIT_TO,2025-11-25 16:31:57,3712,2650,75-VS-50,POINT (-9.112730026245117 38.73685073852539)
277_76B,18630_20250901_219_0_17,219_0,0,38.70560073852539,-9.202349662780762,21,IN_TRANSIT_TO,2025-11-25 16:32:19,13111,277,AH-13-TB,POINT (-9.202349662780762 38.70560073852539)
4805_751,6517_20250901_109_0_12,109_0,0,38.71152877807617,-9.225700378417969,28,IN_TRANSIT_TO,2025-11-25 16:32:15,14312,4805,20-VQ-66,POINT (-9.225700378417969 38.71152877807617)
2984_730,4969_20250901_198_0_13,198_0,1,38.72692108154297,-9.128700256347656,13,IN_TRANSIT_TO,2025-11-25 16:32:17,9102,2984,30-VM-04,POINT (-9.128700256347656 38.72692108154297)
2630_756,6741_20250901_175_0_2,175_0,0,38.73611831665039,-9.160770416259766,15,IN_TRANSIT_TO,2025-11-25 16:32:31,1514,2630,52-VP-89,POINT (-9.160770416259766 38.73611831665039)
2665_711,3475_20250901_101_0_13,101_0,0,38.7081298828125,-9.13325023651123,2,IN_TRANSIT_TO,2025-11-25 16:31:41,4506,2665,87-XB-33,POINT (-9.13325023651123 38.7081298828125)
2983_774,7450_20250901_192_0_24,192_0,1,38.72412872314453,-9.14663028717041,4,IN_TRANSIT_TO,2025-11-25 16:32:32,1217,2983,30-VM-08,POINT (-9.14663028717041 38.72412872314453)
2627_744,5849_20250901_200_0_10,200_0,0,38.74842071533203,-9.146929740905762,10,IN_TRANSIT_TO,2025-11-25 16:32:16,2053,2627,52-VP-83,POINT (-9.146929740905762 38.74842071533203)
276_28E,48783_20250901_75_8_35,75_8,1,38.71432876586914,-9.169320106506348,15,IN_TRANSIT_TO,2025-11-16 23:22:53,8017,276,AH-12-TB,POINT (-9.169320106506348 38.71432876586914)
4635_755,6709_20250901_118_0_13,118_0,1,38.754920959472656,-9.144980430603027,9,IN_TRANSIT_TO,2025-11-25 16:32:25,11302,4635,90-JI-95,POINT (-9.144980430603027 38.754920959472656)
274_28E,44753_20250901_75_8_24,75_8,1,38.71242904663086,-9.155500411987305,11,IN_TRANSIT_TO,2025-11-25 16:32:23,8110,274,AH-14-TB,POINT (-9.155500411987305 38.71242904663086)
2742_749,59015_20250901_195_5_19,195_5,1,38.74277877807617,-9.146730422973633,2,IN_TRANSIT_TO,2025-11-25 16:32:22,1903,2742,AG-94-TG,POINT (-9.146730422973633 38.74277877807617)
2725_709,3412_20250901_148_0_21,148_0,1,38.714149475097656,-9.161620140075684,3,IN_TRANSIT_TO,2025-11-25 16:32:31,8001,2725,92-XQ-30,POINT (-9.161620140075684 38.714149475097656)
2608_718,3937_20250901_105_0_15,105_0,1,38.75685119628906,-9.11305046081543,30,IN_TRANSIT_TO,2025-11-25 16:32:36,24370,2608,66-VI-39,POINT (-9.11305046081543 38.75685119628906)
2966_34B,19141_20250901_226_0_11,226_0,0,38.72673034667969,-9.11443042755127,30,IN_TRANSIT_TO,2025-11-25 16:32:30,8319,2966,30-VM-20,POINT (-9.11443042755127 38.72673034667969)
2722_727,4544_20250901_103_0_6,103_0,0,38.71149826049805,-9.208970069885254,44,IN_TRANSIT_TO,2025-11-25 16:32:18,12912,2722,92-XQ-36,POINT (-9.208970069885254 38.71149826049805)
4632_796,8140_20250901_174_0_30,174_0,1,38.79132843017578,-9.150679588317871,0,IN_TRANSIT_TO,2025-11-25 16:32:22,,4632,98-JO-43,POINT (-9.150679588317871 38.79132843017578)
2625_744,5830_20250901_200_0_10,200_0,1,38.77016830444336,-9.127519607543945,13,IN_TRANSIT_TO,2025-11-25 16:32:14,7604,2625,72-VP-79,POINT (-9.127519607543945 38.77016830444336)
2247_767,7206_20250901_112_0_2,112_0,1,38.75400161743164,-9.206029891967773,8,IN_TRANSIT_TO,2025-11-17 15:34:40,10926,2247,22-34-ZB,POINT (-9.206029891967773 38.75400161743164)
2330_738,5566_20250901_117_0_11,117_0,1,38.74235153198242,-9.146650314331055,21,IN_TRANSIT_TO,2025-11-25 16:32:33,1805,2330,67-52-ZJ,POINT (-9.146650314331055 38.74235153198242)
2316_712,3550_20250901_189_0_14,189_0,1,38.72203063964844,-9.167119979858398,8,IN_TRANSIT_TO,2025-11-25 16:32:30,8011,2316,61-87-ZB,POINT (-9.167119979858398 38.72203063964844)
2260_758,6877_20250901_150_0_11,150_0,0,38.74678039550781,-9.184630393981934,24,IN_TRANSIT_TO,2025-11-25 16:32:24,10830,2260,67-47-ZJ,POINT (-9.184630393981934 38.74678039550781)
2327_712,3565_20250901_189_0_8,189_0,1,38.72502899169922,-9.15291976928711,14,IN_TRANSIT_TO,2025-11-11 11:30:40,1224,2327,67-53-ZJ,POINT (-9.15291976928711 38.72502899169922)
2310_723,4149_20250901_121_0_10,121_0,0,38.71413040161133,-9.203980445861816,17,IN_TRANSIT_TO,2025-11-25 16:32:19,12907,2310,83-07-ZM,POINT (-9.203980445861816 38.71413040161133)
2489_726,4308_20250901_116_0_10,116_0,1,38.75782012939453,-9.179229736328125,9,IN_TRANSIT_TO,2025-11-25 16:32:10,13607,2489,55-BH-05,POINT (-9.179229736328125 38.75782012939453)
2402_726,4350_20250901_116_0_11,116_0,0,38.723018646240234,-9.13148021697998,2,IN_TRANSIT_TO,2025-11-25 16:22:30,9105,2402,50-AL-13,POINT (-9.13148021697998 38.723018646240234)
2443_703,3124_20250901_165_0_13,165_0,0,38.78710174560547,-9.141850471496582,0,IN_TRANSIT_TO,2025-11-25 16:32:20,,2443,29-AX-05,POINT (-9.141850471496582 38.78710174560547)
2490_742,5777_20250901_114_0_8,114_0,0,38.7100715637207,-9.195019721984863,56,IN_TRANSIT_TO,2025-11-25 16:32:15,10314,2490,55-BH-01,POINT (-9.195019721984863 38.7100715637207)
2341_763,46424_20250901_282_0_17,282_0,0,38.7529296875,-9.18945026397705,20,IN_TRANSIT_TO,2025-11-25 16:32:32,12821,2341,67-50-ZJ,POINT (-9.18945026397705 38.7529296875)
2750_708,3347_20250901_100_0_9,100_0,1,38.76218032836914,-9.116430282592773,23,IN_TRANSIT_TO,2025-11-25 16:32:24,8433,2750,AG-10-TH,POINT (-9.116430282592773 38.76218032836914)
2780_738,5553_20250901_117_0_11,117_0,0,38.752349853515625,-9.157830238342285,9,IN_TRANSIT_TO,2025-11-25 16:32:31,13510,2780,AI-06-BT,POINT (-9.157830238342285 38.752349853515625)
2785_727,4537_20250901_103_0_8,103_0,0,38.709869384765625,-9.203470230102539,42,IN_TRANSIT_TO,2025-11-25 16:32:06,12916,2785,AI-05-BT,POINT (-9.203470230102539 38.709869384765625)
2471_767,7228_20250901_112_0_8,112_0,1,38.763919830322266,-9.157879829406738,27,IN_TRANSIT_TO,2025-11-25 16:32:20,5824,2471,74-BC-70,POINT (-9.157879829406738 38.763919830322266)
2246_731,5025_20250901_190_0_9,190_0,0,38.75865173339844,-9.139650344848633,17,IN_TRANSIT_TO,2025-11-25 16:32:27,11303,2246,22-38-ZB,POINT (-9.139650344848633 38.75865173339844)
2248_768,7335_20250901_111_0_16,111_0,1,38.76953125,-9.195130348205566,2,IN_TRANSIT_TO,2025-11-25 16:32:16,50645,2248,22-33-ZB,POINT (-9.195130348205566 38.76953125)
2709_746,5986_20250901_108_0_15,108_0,0,38.748600006103516,-9.216730117797852,23,IN_TRANSIT_TO,2025-11-25 16:32:19,50234,2709,92-XQ-42,POINT (-9.216730117797852 38.748600006103516)
1708_735,5252_20250901_172_1_3,172_1,0,38.72257995605469,-9.12874984741211,13,IN_TRANSIT_TO,2025-11-25 16:32:36,9109,1708,69-AL-71,POINT (-9.12874984741211 38.72257995605469)
2286_768,7347_20250901_111_0_16,111_0,0,38.748199462890625,-9.164620399475098,2,IN_TRANSIT_TO,2025-11-25 16:32:28,13508,2286,67-42-ZJ,POINT (-9.164620399475098 38.748199462890625)
2760_742,5769_20250901_114_0_9,114_0,1,38.70478057861328,-9.198829650878906,11,IN_TRANSIT_TO,2025-11-25 16:32:04,10301,2760,AH-35-ND,POINT (-9.198829650878906 38.70478057861328)
2299_708,3289_20250901_100_0_12,100_0,0,38.745819091796875,-9.13113021850586,11,IN_TRANSIT_TO,2025-11-25 16:32:33,313,2299,83-14-ZM,POINT (-9.13113021850586 38.745819091796875)
6013_760,7022_20250901_171_0_10,171_0,0,38.72257995605469,-9.139349937438965,4,IN_TRANSIT_TO,2025-11-25 16:32:36,9211,6013,68-ZF-53,POINT (-9.139349937438965 38.72257995605469)
2478_747,6119_20250901_177_0_17,177_0,1,38.76502990722656,-9.177229881286621,12,IN_TRANSIT_TO,2025-11-25 16:32:15,12833,2478,91-BE-80,POINT (-9.177229881286621 38.76502990722656)
1778_717,3759_20250901_170_0_12,170_0,0,38.7777214050293,-9.147600173950195,28,IN_TRANSIT_TO,2025-11-25 16:32:15,6020,1778,63-HX-30,POINT (-9.147600173950195 38.7777214050293)
2496_720,4044_20250901_143_0_13,143_0,0,38.72837829589844,-9.144820213317871,12,IN_TRANSIT_TO,2025-11-25 16:32:22,1710,2496,88-BL-70,POINT (-9.144820213317871 38.72837829589844)
2814_725,4239_20250901_197_0_26,197_0,1,38.77762985229492,-9.11382007598877,9,IN_TRANSIT_TO,2025-11-25 16:32:16,12318,2814,90-II-54,POINT (-9.11382007598877 38.77762985229492)
2819_793,8019_20250901_145_0_16,145_0,0,38.74937057495117,-9.119029998779297,20,IN_TRANSIT_TO,2025-11-25 16:32:12,3713,2819,90-II-59,POINT (-9.119029998779297 38.74937057495117)
4647_750,6335_20250901_106_0_10,106_0,1,38.74967956542969,-9.19752025604248,14,IN_TRANSIT_TO,2025-11-25 16:32:17,2803,4647,02-JN-88,POINT (-9.19752025604248 38.74967956542969)
2813_793,7989_20250901_145_0_17,145_0,1,38.74007034301758,-9.11050033569336,18,IN_TRANSIT_TO,2025-11-25 16:32:27,3702,2813,90-II-53,POINT (-9.11050033569336 38.74007034301758)
1747_794,8109_20250901_115_0_2,115_0,1,38.75782012939453,-9.10336971282959,4,IN_TRANSIT_TO,2025-11-25 16:32:22,2320,1747,92-HR-04,POINT (-9.10336971282959 38.75782012939453)
2969_730,4967_20250901_198_0_16,198_0,0,38.73522186279297,-9.121100425720215,3,IN_TRANSIT_TO,2025-11-25 16:31:55,8917,2969,30-VM-09,POINT (-9.121100425720215 38.73522186279297)
1746_755,6694_20250901_118_0_13,118_0,1,38.7476806640625,-9.108869552612305,34,IN_TRANSIT_TO,2025-11-25 16:32:09,3719,1746,92-HR-03,POINT (-9.108869552612305 38.7476806640625)
2971_774,7430_20250901_192_0_25,192_0,0,38.717369079589844,-9.16942024230957,2,IN_TRANSIT_TO,2025-11-25 16:32:09,8012,2971,29-VM-98,POINT (-9.16942024230957 38.717369079589844)
2802_793,8023_20250901_145_0_2,145_0,0,38.74153137207031,-9.107919692993164,10,IN_TRANSIT_TO,2025-11-25 16:31:45,50174,2802,01-IH-91,POINT (-9.107919692993164 38.74153137207031)
2968_52B,21671_20250901_244_0_15,244_0,0,38.7413215637207,-9.15977954864502,3,IN_TRANSIT_TO,2025-11-25 16:32:18,50539,2968,30-VM-24,POINT (-9.15977954864502 38.7413215637207)
2817_725,4255_20250901_197_0_25,197_0,0,38.775169372558594,-9.109299659729004,6,IN_TRANSIT_TO,2025-11-25 16:32:27,7804,2817,90-II-57,POINT (-9.109299659729004 38.775169372558594)
2960_40B,17558_20250901_212_0_16,212_0,0,38.77561950683594,-9.160050392150879,23,IN_TRANSIT_TO,2025-11-25 16:32:19,5927,2960,27-GU-75,POINT (-9.160050392150879 38.77561950683594)
2459_716,3718_20250901_164_0_19,164_0,0,38.73722839355469,-9.145429611206055,4,IN_TRANSIT_TO,2025-11-25 16:32:30,11118,2459,74-BC-74,POINT (-9.145429611206055 38.73722839355469)
4640_796,8152_20250901_174_0_25,174_0,0,38.77326965332031,-9.161399841308594,5,IN_TRANSIT_TO,2025-11-25 16:32:35,5907,4640,02-JN-87,POINT (-9.161399841308594 38.77326965332031)
4831_736,5399_20250901_199_0_12,199_0,1,38.77317810058594,-9.161419868469238,9,IN_TRANSIT_TO,2025-11-25 16:32:35,5908,4831,20-VQ-61,POINT (-9.161419868469238 38.77317810058594)
4625_783,7846_20250901_203_0_12,203_0,1,38.783321380615234,-9.124699592590332,4,IN_TRANSIT_TO,2025-11-25 16:32:07,16304,4625,90-JI-92,POINT (-9.124699592590332 38.783321380615234)
1753_742,5761_20250901_114_0_2,114_0,1,38.7205696105957,-9.168479919433594,26,IN_TRANSIT_TO,2025-11-25 16:32:11,9304,1753,34-HU-19,POINT (-9.168479919433594 38.7205696105957)
2761_755,6706_20250901_118_0_8,118_0,1,38.75455093383789,-9.125020027160645,19,IN_TRANSIT_TO,2025-11-25 16:32:12,14712,2761,AH-33-ND,POINT (-9.125020027160645 38.75455093383789)
2810_793,7994_20250901_145_0_17,145_0,1,38.74192810058594,-9.118249893188477,7,IN_TRANSIT_TO,2025-11-25 16:32:17,8913,2810,01-IH-99,POINT (-9.118249893188477 38.74192810058594)
2700_746,5964_20250901_108_0_16,108_0,1,38.7424201965332,-9.172220230102539,14,IN_TRANSIT_TO,2025-11-25 16:32:25,1615,2700,92-XQ-26,POINT (-9.172220230102539 38.7424201965332)
2251_778,18648_20250901_179_0_2,179_0,1,38.768150329589844,-9.16847038269043,16,IN_TRANSIT_TO,2025-11-25 16:31:54,50028,2251,22-31-ZB,POINT (-9.16847038269043 38.768150329589844)
2410_767,7305_20250901_112_0_9,112_0,0,38.7617301940918,-9.163920402526855,20,IN_TRANSIT_TO,2025-11-25 16:32:36,5823,2410,92-AO-46,POINT (-9.163920402526855 38.7617301940918)
2280_765,7176_20250901_110_0_39,110_0,0,38.752830505371094,-9.189579963684082,0,IN_TRANSIT_TO,2025-11-25 16:32:22,,2280,67-40-ZJ,POINT (-9.189579963684082 38.752830505371094)
2794_727,4553_20250901_103_0_9,103_0,0,38.720001220703125,-9.155329704284668,16,IN_TRANSIT_TO,2025-11-25 16:30:46,6810,2794,AJ-60-LI,POINT (-9.155329704284668 38.720001220703125)
4608_750,6421_20250901_106_0_11,106_0,0,38.755279541015625,-9.150279998779297,13,IN_TRANSIT_TO,2025-11-25 16:32:16,11301,4608,96-GL-85,POINT (-9.150279998779297 38.755279541015625)
2777_713,3612_20250901_122_0_14,122_0,1,38.71757125854492,-9.157329559326172,22,IN_TRANSIT_TO,2025-11-25 16:32:18,6801,2777,AI-01-BT,POINT (-9.157329559326172 38.71757125854492)
219_773,7398_20250901_124_0_20,124_0,0,38.713748931884766,-9.160820007324219,15,IN_TRANSIT_TO,2025-11-25 16:32:29,8112,219,11-12-XO,POINT (-9.160820007324219 38.713748931884766)
302_783,7854_20250901_203_0_13,203_0,0,38.77796936035156,-9.118000030517578,25,IN_TRANSIT_TO,2025-11-25 16:32:30,12311,302,22-SP-89,POINT (-9.118000030517578 38.77796936035156)
2710_713,20157_20250901_122_0_11,122_0,0,38.70613098144531,-9.173049926757812,28,IN_TRANSIT_TO,2025-11-25 16:32:26,10208,2710,92-XQ-19,POINT (-9.173049926757812 38.70613098144531)
2278_726,4334_20250901_116_0_9,116_0,0,38.74066925048828,-9.167499542236328,18,IN_TRANSIT_TO,2025-11-25 16:32:34,1621,2278,67-41-ZJ,POINT (-9.167499542236328 38.74066925048828)
2623_744,5833_20250901_200_0_2,200_0,1,38.774818420410156,-9.097519874572754,3,IN_TRANSIT_TO,2025-11-25 16:32:33,7910,2623,66-VI-26,POINT (-9.097519874572754 38.774818420410156)
2734_756,6748_20250901_175_0_18,175_0,0,38.74263000488281,-9.138999938964844,8,IN_TRANSIT_TO,2025-11-25 16:32:26,305,2734,AG-50-EI,POINT (-9.138999938964844 38.74263000488281)
2756_717,3864_20250901_170_0_12,170_0,1,38.78340148925781,-9.142550468444824,11,IN_TRANSIT_TO,2025-11-25 16:32:08,6011,2756,AH-27-ND,POINT (-9.142550468444824 38.78340148925781)
2450_778,7529_20250901_179_0_20,179_0,1,38.75257873535156,-9.18947982788086,0,IN_TRANSIT_TO,2025-11-25 16:32:28,,2450,44-BC-36,POINT (-9.18947982788086 38.75257873535156)
301_783,7809_20250901_203_0_13,203_0,0,38.72492980957031,-9.154879570007324,1,IN_TRANSIT_TO,2025-11-25 16:32:09,50309,301,74-SM-62,POINT (-9.154879570007324 38.72492980957031)
2746_755,6711_20250901_118_0_13,118_0,1,38.750030517578125,-9.159749984741211,5,IN_TRANSIT_TO,2025-11-25 16:32:29,13509,2746,AG-97-TG,POINT (-9.159749984741211 38.750030517578125)
2499_717,3803_20250901_170_0_13,170_0,0,38.74932861328125,-9.130370140075684,5,IN_TRANSIT_TO,2025-11-25 16:32:11,313,2499,03-BM-58,POINT (-9.130370140075684 38.74932861328125)
2300_735,5232_20250901_172_0_12,172_0,1,38.751399993896484,-9.1587495803833,2,IN_TRANSIT_TO,2025-11-25 16:32:21,13510,2300,83-13-ZM,POINT (-9.1587495803833 38.751399993896484)
2797_748,6132_20250901_169_0_20,169_0,1,38.72452926635742,-9.181750297546387,6,IN_TRANSIT_TO,2025-11-25 16:32:16,14311,2797,AJ-57-LI,POINT (-9.181750297546387 38.72452926635742)
1773_796,8154_20250901_174_0_15,174_0,0,38.76422119140625,-9.156949996948242,1,IN_TRANSIT_TO,2025-11-25 16:32:26,5826,1773,53-HX-06,POINT (-9.156949996948242 38.76422119140625)
2759_742,5782_20250901_114_0_7,114_0,0,38.704750061035156,-9.18867015838623,44,IN_TRANSIT_TO,2025-11-25 16:32:10,12006,2759,AH-21-ND,POINT (-9.18867015838623 38.704750061035156)
2284_731,5014_20250901_190_0_11,190_0,1,38.781280517578125,-9.107580184936523,7,IN_TRANSIT_TO,2025-11-25 16:32:16,12615,2284,67-36-ZJ,POINT (-9.107580184936523 38.781280517578125)
1705_701,2947_20250901_123_0_14,123_0,1,38.71876907348633,-9.1696195602417,2,IN_TRANSIT_TO,2025-11-25 16:32:20,8012,1705,69-AL-68,POINT (-9.1696195602417 38.71876907348633)
4628_796,8127_20250901_174_0_28,174_0,1,38.77037811279297,-9.159799575805664,13,IN_TRANSIT_TO,2025-11-25 16:32:23,5904,4628,27-JO-10,POINT (-9.159799575805664 38.77037811279297)
1710_701,2967_20250901_123_0_10,123_0,0,38.73434829711914,-9.16469955444336,23,IN_TRANSIT_TO,2025-11-25 16:32:35,2710,1710,69-AL-73,POINT (-9.16469955444336 38.73434829711914)
1713_735,5271_20250901_172_1_10,172_1,1,38.7069206237793,-9.141650199890137,21,IN_TRANSIT_TO,2025-11-25 16:32:09,3820,1713,69-AL-76,POINT (-9.141650199890137 38.7069206237793)
2480_716,3753_20250901_164_0_17,164_0,0,38.73899841308594,-9.157620429992676,8,IN_TRANSIT_TO,2025-11-25 16:32:18,1503,2480,91-BE-75,POINT (-9.157620429992676 38.73899841308594)
2486_729,4836_20250901_104_0_8,104_0,1,38.75279998779297,-9.19027042388916,33,IN_TRANSIT_TO,2025-11-25 16:32:26,50134,2486,91-BE-78,POINT (-9.19027042388916 38.75279998779297)
217_13B,21591_20250901_243_0_19,243_0,0,38.72420120239258,-9.133079528808594,3,IN_TRANSIT_TO,2025-11-25 16:32:30,601,217,29-98-XM,POINT (-9.133079528808594 38.72420120239258)
2767_711,3522_20250901_101_0_2,101_0,0,38.735870361328125,-9.200570106506348,16,IN_TRANSIT_TO,2025-11-25 16:32:35,8707,2767,AH-34-ND,POINT (-9.200570106506348 38.735870361328125)
2413_703,3173_20250901_165_0_11,165_0,0,38.74502944946289,-9.19966983795166,37,IN_TRANSIT_TO,2025-11-25 16:32:21,2804,2413,92-AO-50,POINT (-9.19966983795166 38.74502944946289)
403_61B,21530_20250901_241_0_21,241_0,0,38.72589874267578,-9.169099807739258,2,IN_TRANSIT_TO,2025-11-25 16:32:17,50502,403,BF-84-TA,POINT (-9.169099807739258 38.72589874267578)
2454_729,4757_20250901_104_0_11,104_0,1,38.74502944946289,-9.199819564819336,25,IN_TRANSIT_TO,2025-11-25 16:32:15,2806,2454,16-AZ-18,POINT (-9.199819564819336 38.74502944946289)
2482_767,7250_20250901_112_0_9,112_0,1,38.75971984863281,-9.179670333862305,21,IN_TRANSIT_TO,2025-11-25 16:32:06,12827,2482,55-BH-02,POINT (-9.179670333862305 38.75971984863281)
2801_718,3962_20250901_105_0_13,105_0,1,38.72671890258789,-9.11892032623291,10,IN_TRANSIT_TO,2025-11-25 16:32:15,11704,2801,38-HU-27,POINT (-9.11892032623291 38.72671890258789)
1769_717,3844_20250901_170_0_12,170_0,1,38.75577926635742,-9.148449897766113,27,IN_TRANSIT_TO,2025-11-25 16:32:09,5706,1769,63-HX-24,POINT (-9.148449897766113 38.75577926635742)
1768_717,3822_20250901_170_0_12,170_0,1,38.734249114990234,-9.135199546813965,39,IN_TRANSIT_TO,2025-11-25 16:26:10,410,1768,63-HX-23,POINT (-9.135199546813965 38.734249114990234)
2768_714,3662_20250901_102_0_13,102_0,0,38.705650329589844,-9.143930435180664,0,IN_TRANSIT_TO,2025-11-25 16:32:21,,2768,AH-25-ND,POINT (-9.143930435180664 38.705650329589844)
1722_794,8108_20250901_115_0_13,115_0,1,38.75794982910156,-9.122969627380371,16,IN_TRANSIT_TO,2025-11-25 16:32:23,14703,1722,25-AS-34,POINT (-9.122969627380371 38.75794982910156)
1756_717,3825_20250901_170_0_9,170_0,1,38.75661849975586,-9.140049934387207,29,IN_TRANSIT_TO,2025-11-25 16:32:16,11312,1756,34-HU-22,POINT (-9.140049934387207 38.75661849975586)
2470_767,7308_20250901_112_0_9,112_0,0,38.741981506347656,-9.137980461120605,10,IN_TRANSIT_TO,2025-11-25 16:32:22,6405,2470,74-BC-71,POINT (-9.137980461120605 38.741981506347656)
1762_735,5283_20250901_172_0_11,172_0,0,38.71982955932617,-9.123220443725586,10,IN_TRANSIT_TO,2025-11-25 16:32:11,9115,1762,63-HX-32,POINT (-9.123220443725586 38.71982955932617)
2433_716,3744_20250901_164_0_16,164_0,1,38.74967956542969,-9.193280220031738,5,IN_TRANSIT_TO,2025-11-25 16:32:12,10801,2433,44-BC-28,POINT (-9.193280220031738 38.74967956542969)
2239_758,6885_20250901_150_0_13,150_0,0,38.74217987060547,-9.171330451965332,19,IN_TRANSIT_TO,2025-11-25 16:32:28,1607,2239,06-30-XX,POINT (-9.171330451965332 38.74217987060547)
2344_724,4222_20250901_178_0_18,178_0,1,38.74441909790039,-9.196829795837402,13,IN_TRANSIT_TO,2025-11-25 16:32:05,2805,2344,53-60-ZJ,POINT (-9.196829795837402 38.74441909790039)
2771_727,4502_20250901_103_0_8,103_0,1,38.724300384521484,-9.150569915771484,36,IN_TRANSIT_TO,2025-11-25 16:32:17,1207,2771,AH-20-ND,POINT (-9.150569915771484 38.724300384521484)
2322_712,3565_20250901_189_0_13,189_0,0,38.72682189941406,-9.162320137023926,21,IN_TRANSIT_TO,2025-11-25 16:32:27,6113,2322,67-46-ZJ,POINT (-9.162320137023926 38.72682189941406)
2412_703,3158_20250901_165_0_12,165_0,1,38.768951416015625,-9.174249649047852,20,IN_TRANSIT_TO,2025-11-25 16:31:47,50161,2412,92-AO-48,POINT (-9.174249649047852 38.768951416015625)
2774_738,5561_20250901_117_0_10,117_0,1,38.751678466796875,-9.159250259399414,28,IN_TRANSIT_TO,2025-11-25 16:32:22,5701,2774,AH-22-ND,POINT (-9.159250259399414 38.751678466796875)
405_22B,19420_20250901_236_0_20,236_0,0,38.70655059814453,-9.143830299377441,15,IN_TRANSIT_TO,2025-11-25 16:32:29,50460,405,BF-14-TU,POINT (-9.143830299377441 38.70655059814453)
2469_729,4878_20250901_104_0_7,104_0,0,38.71392059326172,-9.195420265197754,31,IN_TRANSIT_TO,2025-11-25 16:32:17,10301,2469,16-AZ-09,POINT (-9.195420265197754 38.71392059326172)
1704_701,2939_20250901_123_0_17,123_0,1,38.755699157714844,-9.167750358581543,19,IN_TRANSIT_TO,2025-11-25 16:32:29,50017,1704,35-AL-14,POINT (-9.167750358581543 38.755699157714844)
2268_731,4974_20250901_190_0_8,190_0,1,38.73868179321289,-9.164750099182129,36,IN_TRANSIT_TO,2025-11-25 16:32:36,1602,2268,76-87-ZG,POINT (-9.164750099182129 38.73868179321289)
1772_755,6691_20250901_118_0_2,118_0,0,38.749969482421875,-9.104399681091309,5,IN_TRANSIT_TO,2025-11-25 16:32:08,50228,1772,63-HX-22,POINT (-9.104399681091309 38.749969482421875)
1779_717,3800_20250901_170_0_13,170_0,0,38.76033020019531,-9.156649589538574,15,IN_TRANSIT_TO,2025-11-25 16:32:26,5805,1779,63-HX-20,POINT (-9.156649589538574 38.76033020019531)
1718_794,8067_20250901_115_0_12,115_0,0,38.75796890258789,-9.123069763183594,24,IN_TRANSIT_TO,2025-11-25 16:32:37,14704,1718,69-AL-81,POINT (-9.123069763183594 38.75796890258789)
2772_727,4528_20250901_103_0_9,103_0,1,38.698421478271484,-9.188249588012695,15,IN_TRANSIT_TO,2025-11-25 16:32:30,9507,2772,AH-24-ND,POINT (-9.188249588012695 38.698421478271484)
2752_735,5242_20250901_172_1_9,172_1,1,38.711029052734375,-9.126919746398926,17,IN_TRANSIT_TO,2025-11-25 16:32:11,8204,2752,AG-18-TH,POINT (-9.126919746398926 38.711029052734375)
1760_717,3845_20250901_170_0_12,170_0,1,38.77442169189453,-9.156780242919922,19,IN_TRANSIT_TO,2025-11-25 16:32:25,5930,1760,34-HU-26,POINT (-9.156780242919922 38.77442169189453)
2823_728,4641_20250901_204_0_10,204_0,0,38.706298828125,-9.14525032043457,18,IN_TRANSIT_TO,2025-11-25 16:32:18,7101,2823,BF-64-FZ,POINT (-9.14525032043457 38.706298828125)
1758_720,4066_20250901_143_0_13,143_0,0,38.74055099487305,-9.133569717407227,6,IN_TRANSIT_TO,2025-11-25 16:32:34,301,1758,34-HU-24,POINT (-9.133569717407227 38.74055099487305)
2497_742,5666_20250901_114_0_9,114_0,0,38.7140998840332,-9.1741304397583,34,IN_TRANSIT_TO,2025-11-25 16:32:15,9301,2497,88-BL-71,POINT (-9.1741304397583 38.7140998840332)
2461_729,4788_20250901_104_0_11,104_0,1,38.695648193359375,-9.211199760437012,4,IN_TRANSIT_TO,2025-11-25 16:31:49,13205,2461,55-BH-04,POINT (-9.211199760437012 38.695648193359375)
2775_746,5958_20250901_108_0_18,108_0,1,38.73332977294922,-9.153200149536133,22,IN_TRANSIT_TO,2025-11-25 16:32:18,1402,2775,AH-31-ND,POINT (-9.153200149536133 38.73332977294922)
2336_713,3614_20250901_122_0_10,122_0,1,38.713829040527344,-9.160550117492676,20,IN_TRANSIT_TO,2025-11-25 16:32:28,8114,2336,53-63-ZJ,POINT (-9.160550117492676 38.713829040527344)
2285_767,7297_20250901_112_0_9,112_0,0,38.75321960449219,-9.188019752502441,29,IN_TRANSIT_TO,2025-11-25 16:31:37,12802,2285,67-55-ZJ,POINT (-9.188019752502441 38.75321960449219)
2449_703,3149_20250901_165_0_10,165_0,1,38.77967834472656,-9.159819602966309,28,IN_TRANSIT_TO,2025-11-25 16:32:35,5922,2449,44-BC-35,POINT (-9.159819602966309 38.77967834472656)
2967_737,5489_20250901_173_0_36,173_0,1,38.71332931518555,-9.136480331420898,6,IN_TRANSIT_TO,2025-11-25 16:32:13,913,2967,30-VM-05,POINT (-9.136480331420898 38.71332931518555)
2437_703,3166_20250901_165_0_10,165_0,1,38.75035095214844,-9.197469711303711,6,IN_TRANSIT_TO,2025-11-25 16:32:19,10907,2437,29-AX-09,POINT (-9.197469711303711 38.75035095214844)
2269_758,6868_20250901_150_0_12,150_0,1,38.750728607177734,-9.198470115661621,5,IN_TRANSIT_TO,2025-11-25 16:32:26,10905,2269,76-88-ZG,POINT (-9.198470115661621 38.750728607177734)
2758_755,6654_20250901_118_0_12,118_0,0,38.75505065917969,-9.138830184936523,31,IN_TRANSIT_TO,2025-11-25 16:32:37,7408,2758,AH-36-ND,POINT (-9.138830184936523 38.75505065917969)
2420_767,7294_20250901_112_0_9,112_0,0,38.75382995605469,-9.187450408935547,29,IN_TRANSIT_TO,2025-11-25 16:32:09,12802,2420,29-AU-15,POINT (-9.187450408935547 38.75382995605469)
218_37B,18839_20250901_224_0_19,224_0,0,38.72309875488281,-9.115500450134277,0,IN_TRANSIT_TO,2025-11-25 16:32:37,,218,11-13-XO,POINT (-9.115500450134277 38.72309875488281)
2833_728,4724_20250901_204_4_10,204_4,0,38.71356964111328,-9.122420310974121,14,IN_TRANSIT_TO,2025-11-25 16:30:01,8201,2833,BF-65-FZ,POINT (-9.122420310974121 38.71356964111328)
2465_747,6110_20250901_177_0_18,177_0,0,38.76155090332031,-9.157279968261719,0,IN_TRANSIT_TO,2025-11-25 16:32:15,,2465,55-BH-00,POINT (-9.157279968261719 38.76155090332031)
1715_798,8202_20250901_194_0_23,194_0,0,38.76639938354492,-9.152870178222656,6,IN_TRANSIT_TO,2025-11-25 16:32:02,5838,1715,69-AL-78,POINT (-9.152870178222656 38.76639938354492)
1777_755,6663_20250901_118_0_11,118_0,0,38.75532150268555,-9.126099586486816,23,IN_TRANSIT_TO,2025-11-25 16:32:11,14720,1777,63-HX-31,POINT (-9.126099586486816 38.75532150268555)
2787_754,6592_20250901_201_0_13,201_0,0,38.74134826660156,-9.169730186462402,9,IN_TRANSIT_TO,2025-11-25 16:32:30,1609,2787,AI-55-TL,POINT (-9.169730186462402 38.74134826660156)
2498_720,4087_20250901_143_0_14,143_0,1,38.72235107421875,-9.151780128479004,15,IN_TRANSIT_TO,2025-11-25 16:32:09,6809,2498,03-BM-57,POINT (-9.151780128479004 38.72235107421875)
1763_720,4094_20250901_143_0_14,143_0,1,38.70708084106445,-9.167630195617676,8,IN_TRANSIT_TO,2025-11-25 16:31:45,10205,1763,63-HX-25,POINT (-9.167630195617676 38.70708084106445)
4612_728,4698_20250901_204_0_7,204_0,1,38.703529357910156,-9.164130210876465,38,IN_TRANSIT_TO,2025-11-25 16:31:53,3906,4612,96-GL-89,POINT (-9.164130210876465 38.703529357910156)
1776_742,5698_20250901_114_0_10,114_0,0,38.7276496887207,-9.119629859924316,12,IN_TRANSIT_TO,2025-11-25 16:32:14,11703,1776,53-HX-09,POINT (-9.119629859924316 38.7276496887207)
4603_748,6160_20250901_169_0_23,169_0,0,38.72478103637695,-9.158349990844727,3,IN_TRANSIT_TO,2025-11-25 16:32:28,1223,4603,96-GL-81,POINT (-9.158349990844727 38.72478103637695)
4605_728,4621_20250901_204_0_10,204_0,0,38.72467041015625,-9.111720085144043,27,IN_TRANSIT_TO,2025-11-25 16:32:19,9809,4605,31-GN-72,POINT (-9.111720085144043 38.72467041015625)
2477_729,4817_20250901_104_0_10,104_0,0,38.71371841430664,-9.197500228881836,25,IN_TRANSIT_TO,2025-11-25 16:32:14,12928,2477,91-BE-73,POINT (-9.197500228881836 38.71371841430664)
1712_701,2979_20250901_123_0_16,123_0,0,38.7475700378418,-9.15386962890625,7,IN_TRANSIT_TO,2025-11-25 16:32:18,2009,1712,69-AL-75,POINT (-9.15386962890625 38.7475700378418)
220_773,7408_20250901_124_0_23,124_0,0,38.71778106689453,-9.15155029296875,3,IN_TRANSIT_TO,2025-11-25 16:32:10,50146,220,11-07-XO,POINT (-9.15155029296875 38.71778106689453)
6011_706,3218_20250901_147_0_5,147_0,1,38.7252197265625,-9.14603042602539,21,IN_TRANSIT_TO,2025-11-25 16:32:29,1217,6011,65-ZF-82,POINT (-9.14603042602539 38.7252197265625)
601_15E,11280_20250901_76_0_14,76_0,1,38.70886993408203,-9.136119842529297,22,IN_TRANSIT_TO,2025-11-25 16:32:26,5512,601,,POINT (-9.136119842529297 38.70886993408203)
605_15E,11186_20250901_76_0_12,76_0,1,38.69794845581055,-9.204520225524902,8,IN_TRANSIT_TO,2025-11-25 16:32:13,4113,605,,POINT (-9.204520225524902 38.69794845581055)
2240_731,41474_20250901_190_0_11,190_0,0,38.74568176269531,-9.156270027160645,7,IN_TRANSIT_TO,2025-11-25 16:32:35,3305,2240,06-31-XX,POINT (-9.156270027160645 38.74568176269531)
2297_724,4236_20250901_178_0_17,178_0,0,38.75450134277344,-9.19789981842041,22,IN_TRANSIT_TO,2025-11-25 16:32:30,10910,2297,83-06-ZM,POINT (-9.19789981842041 38.75450134277344)
2403_747,6114_20250901_177_0_10,177_0,1,38.76197052001953,-9.16681957244873,16,IN_TRANSIT_TO,2025-11-25 16:32:13,50006,2403,50-AL-12,POINT (-9.16681957244873 38.76197052001953)
1707_701,2987_20250901_123_0_17,123_0,1,38.751319885253906,-9.149120330810547,26,IN_TRANSIT_TO,2025-11-25 16:32:37,2015,1707,69-AL-70,POINT (-9.149120330810547 38.751319885253906)
2791_723,4136_20250901_121_0_11,121_0,0,38.7027702331543,-9.217450141906738,25,IN_TRANSIT_TO,2025-11-25 16:32:22,9705,2791,AJ-61-LI,POINT (-9.217450141906738 38.7027702331543)
2786_709,3384_20250901_148_0_24,148_0,0,38.719970703125,-9.15530014038086,7,IN_TRANSIT_TO,2025-11-25 16:32:28,6810,2786,AI-52-TL,POINT (-9.15530014038086 38.719970703125)
2426_767,7206_20250901_112_0_2,112_0,1,38.72869873046875,-9.14033031463623,41,IN_TRANSIT_TO,2025-11-25 16:32:35,6903,2426,29-AU-21,POINT (-9.14033031463623 38.72869873046875)
408_19B,62308_20250901_245_0_10,245_0,0,38.723968505859375,-9.147130012512207,4,IN_TRANSIT_TO,2025-11-25 16:32:23,1217,408,BF-24-TS,POINT (-9.147130012512207 38.723968505859375)
2401_703,3175_20250901_165_0_13,165_0,0,38.76152038574219,-9.179730415344238,28,IN_TRANSIT_TO,2025-11-25 16:32:04,12835,2401,50-AL-14,POINT (-9.179730415344238 38.76152038574219)
2309_723,63530_20250901_121_0_10,121_0,0,38.698699951171875,-9.225319862365723,30,IN_TRANSIT_TO,2025-11-25 16:32:35,4208,2309,83-15-ZM,POINT (-9.225319862365723 38.698699951171875)
2837_751,6481_20250901_109_0_9,109_0,1,38.70732116699219,-9.173569679260254,26,IN_TRANSIT_TO,2025-11-25 16:32:38,9415,2837,BF-66-FZ,POINT (-9.173569679260254 38.70732116699219)
2776_764,7158_20250901_168_0_14,168_0,0,38.74945068359375,-9.172320365905762,7,IN_TRANSIT_TO,2025-11-25 16:32:11,12709,2776,AI-07-BT,POINT (-9.172320365905762 38.74945068359375)
228_773,7378_20250901_124_0_23,124_0,0,38.71364974975586,-9.159850120544434,14,IN_TRANSIT_TO,2025-11-25 16:32:13,10012,228,84-39-XQ,POINT (-9.159850120544434 38.71364974975586)
2942_782,7785_20250901_152_0_9,152_0,1,38.76826858520508,-9.097929954528809,4,IN_TRANSIT_TO,2025-11-25 16:32:17,7822,2942,51-GL-82,POINT (-9.097929954528809 38.76826858520508)
606_15E,11318_20250901_76_0_14,76_0,1,38.7038688659668,-9.172579765319824,15,IN_TRANSIT_TO,2025-11-25 16:32:35,4001,606,,POINT (-9.172579765319824 38.7038688659668)
2748_749,59017_20250901_195_0_2,195_0,1,38.74932861328125,-9.203200340270996,0,IN_TRANSIT_TO,2025-11-25 16:32:12,,2748,AG-96-TG,POINT (-9.203200340270996 38.74932861328125)
2481_729,4828_20250901_104_0_9,104_0,1,38.76947021484375,-9.189220428466797,42,IN_TRANSIT_TO,2025-11-25 16:32:21,14106,2481,54-BH-99,POINT (-9.189220428466797 38.76947021484375)
4609_728,4661_20250901_204_0_8,204_0,0,38.703670501708984,-9.20680046081543,7,IN_TRANSIT_TO,2025-11-25 16:32:21,13108,4609,96-GL-86,POINT (-9.20680046081543 38.703670501708984)
1720_736,5424_20250901_199_0_9,199_0,0,38.782901763916016,-9.165200233459473,25,IN_TRANSIT_TO,2025-11-25 16:32:26,7207,1720,25-AS-32,POINT (-9.165200233459473 38.782901763916016)
2406_747,6122_20250901_177_0_18,177_0,1,38.770748138427734,-9.193869590759277,3,IN_TRANSIT_TO,2025-11-25 16:32:16,14110,2406,50-AL-09,POINT (-9.193869590759277 38.770748138427734)
2753_720,4086_20250901_143_0_13,143_0,1,38.736629486083984,-9.134119987487793,24,IN_TRANSIT_TO,2025-11-25 16:32:05,406,2753,AG-08-TH,POINT (-9.134119987487793 38.736629486083984)
2289_724,4191_20250901_178_0_17,178_0,0,38.7264289855957,-9.199529647827148,9,IN_TRANSIT_TO,2025-11-25 16:32:33,8712,2289,92-60-ZM,POINT (-9.199529647827148 38.7264289855957)
2831_728,4722_20250901_204_4_10,204_4,1,38.703529357910156,-9.167719841003418,12,IN_TRANSIT_TO,2025-11-25 16:31:58,10202,2831,BF-72-FZ,POINT (-9.167719841003418 38.703529357910156)
2792_714,3697_20250901_102_0_12,102_0,1,38.72169876098633,-9.21049976348877,9,IN_TRANSIT_TO,2025-11-25 16:32:25,18111,2792,AJ-53-LI,POINT (-9.21049976348877 38.72169876098633)
2434_767,7272_20250901_112_0_10,112_0,1,38.75495147705078,-9.198630332946777,11,IN_TRANSIT_TO,2025-11-25 16:32:32,13705,2434,29-AU-24,POINT (-9.198630332946777 38.75495147705078)
2464_729,4825_20250901_104_0_9,104_0,0,38.74972152709961,-9.19124984741211,11,IN_TRANSIT_TO,2025-11-25 16:32:10,10804,2464,91-BE-71,POINT (-9.19124984741211 38.74972152709961)
1723_742,5731_20250901_114_0_9,114_0,1,38.72303009033203,-9.114899635314941,50,IN_TRANSIT_TO,2025-11-25 16:32:36,9805,1723,25-AS-35,POINT (-9.114899635314941 38.72303009033203)
2291_763,49571_20250901_282_0_2,282_0,1,38.77457046508789,-9.18025016784668,11,IN_TRANSIT_TO,2025-11-25 16:32:18,50111,2291,92-56-ZM,POINT (-9.18025016784668 38.77457046508789)
2610_718,3975_20250901_105_0_15,105_0,1,38.73857879638672,-9.133749961853027,3,IN_TRANSIT_TO,2025-11-25 16:32:37,404,2610,66-VI-20,POINT (-9.133749961853027 38.73857879638672)
2290_731,4989_20250901_190_0_10,190_0,1,38.752349853515625,-9.15956974029541,26,IN_TRANSIT_TO,2025-11-25 16:32:37,5701,2290,92-55-ZM,POINT (-9.15956974029541 38.752349853515625)
2840_748,6162_20250901_169_0_2,169_0,1,38.72507095336914,-9.150979995727539,9,IN_TRANSIT_TO,2025-11-25 16:32:27,1224,2840,BF-75-FZ,POINT (-9.150979995727539 38.72507095336914)
2773_727,4454_20250901_103_0_7,103_0,1,38.74753189086914,-9.148079872131348,43,IN_TRANSIT_TO,2025-11-25 16:32:14,2022,2773,AH-39-ND,POINT (-9.148079872131348 38.74753189086914)
1728_717,3863_20250901_170_0_12,170_0,1,38.7746696472168,-9.148870468139648,0,IN_TRANSIT_TO,2025-11-25 16:32:35,,1728,25-AS-40,POINT (-9.148870468139648 38.7746696472168)
2751_749,6201_20250901_195_0_20,195_0,0,38.75252151489258,-9.1139497756958,2,IN_TRANSIT_TO,2025-11-25 16:32:26,50070,2751,AG-12-TH,POINT (-9.1139497756958 38.75252151489258)
2249_731,4996_20250901_190_0_10,190_0,1,38.762901306152344,-9.126720428466797,20,IN_TRANSIT_TO,2025-11-25 16:32:11,7506,2249,22-32-ZB,POINT (-9.126720428466797 38.762901306152344)
2438_726,4286_20250901_116_0_12,116_0,1,38.732078552246094,-9.14093017578125,27,IN_TRANSIT_TO,2025-11-25 16:32:09,6501,2438,44-BC-29,POINT (-9.14093017578125 38.732078552246094)
2825_753,6541_20250901_167_0_21,167_0,0,38.70558166503906,-9.179070472717285,7,IN_TRANSIT_TO,2025-11-25 16:32:16,8607,2825,BF-53-FZ,POINT (-9.179070472717285 38.70558166503906)
1709_701,2978_20250901_123_0_16,123_0,0,38.756080627441406,-9.176770210266113,14,IN_TRANSIT_TO,2025-11-25 16:32:14,50143,1709,69-AL-72,POINT (-9.176770210266113 38.756080627441406)
6029_760,7081_20250901_171_0_12,171_0,1,38.70597839355469,-9.183320045471191,21,IN_TRANSIT_TO,2025-11-25 16:32:24,12011,6029,BF-52-AX,POINT (-9.183320045471191 38.70597839355469)
2276_758,6853_20250901_150_0_10,150_0,1,38.73997116088867,-9.167799949645996,14,IN_TRANSIT_TO,2025-11-25 16:32:14,1610,2276,53-57-ZJ,POINT (-9.167799949645996 38.73997116088867)
2418_716,3734_20250901_164_0_12,164_0,1,38.74087142944336,-9.168129920959473,13,IN_TRANSIT_TO,2025-11-25 16:32:30,1610,2418,92-AO-54,POINT (-9.168129920959473 38.74087142944336)
2944_782,7766_20250901_152_0_10,152_0,0,38.70656967163086,-9.141929626464844,1,IN_TRANSIT_TO,2025-11-25 16:32:29,3811,2944,75-GO-13,POINT (-9.141929626464844 38.70656967163086)
2466_726,4325_20250901_116_0_11,116_0,0,38.763370513916016,-9.197070121765137,29,IN_TRANSIT_TO,2025-11-25 16:32:17,13912,2466,16-AZ-16,POINT (-9.197070121765137 38.763370513916016)
2668_738,5512_20250901_117_0_12,117_0,1,38.70452880859375,-9.184849739074707,2,IN_TRANSIT_TO,2025-11-25 16:32:18,12003,2668,87-XB-36,POINT (-9.184849739074707 38.70452880859375)
4829_736,5351_20250901_199_0_12,199_0,1,38.73373031616211,-9.14507007598877,23,IN_TRANSIT_TO,2025-11-25 16:32:24,1812,4829,34-VR-21,POINT (-9.14507007598877 38.73373031616211)
2956_40B,19262_20250901_212_0_16,212_0,1,38.78102111816406,-9.1493501663208,11,IN_TRANSIT_TO,2025-11-25 16:32:35,50344,2956,27-GU-71,POINT (-9.1493501663208 38.78102111816406)
208_49B,22224_20250901_251_0_16,251_0,0,38.73902893066406,-9.135600090026855,4,IN_TRANSIT_TO,2025-11-25 16:32:32,6403,208,33-47-XH,POINT (-9.135600090026855 38.73902893066406)
4834_736,5359_20250901_199_0_12,199_0,1,38.74869918823242,-9.14883041381836,18,IN_TRANSIT_TO,2025-11-25 16:32:27,2006,4834,20-VQ-71,POINT (-9.14883041381836 38.74869918823242)
2770_727,4485_20250901_103_0_9,103_0,1,38.7476806640625,-9.148269653320312,43,IN_TRANSIT_TO,2025-11-25 16:32:36,2022,2770,AH-30-ND,POINT (-9.148269653320312 38.7476806640625)
212_41B,19385_20250901_232_0_21,232_0,0,38.784019470214844,-9.15149974822998,4,IN_TRANSIT_TO,2025-11-25 16:32:29,50436,212,44-11-XL,POINT (-9.15149974822998 38.784019470214844)
564_28E,14946_20250901_75_0_12,75_0,0,38.718318939208984,-9.135700225830078,0,IN_TRANSIT_TO,2025-11-25 16:32:11,,564,,POINT (-9.135700225830078 38.718318939208984)
410_67B,28216_20250901_253_0_13,253_0,0,38.70774841308594,-9.171770095825195,7,IN_TRANSIT_TO,2025-11-25 16:32:27,50080,410,BF-21-VF,POINT (-9.171770095825195 38.70774841308594)
2217_717,3879_20250901_170_0_12,170_0,0,38.77762985229492,-9.147419929504395,29,IN_TRANSIT_TO,2025-11-25 16:32:36,11511,2217,07-99-XS,POINT (-9.147419929504395 38.77762985229492)
2214_742,5676_20250901_114_0_8,114_0,0,38.728599548339844,-9.159600257873535,28,IN_TRANSIT_TO,2025-11-25 16:32:14,6115,2214,08-02-XS,POINT (-9.159600257873535 38.728599548339844)
2215_742,5776_20250901_114_0_11,114_0,1,38.70524978637695,-9.199350357055664,11,IN_TRANSIT_TO,2025-11-25 16:32:25,10301,2215,08-01-XS,POINT (-9.199350357055664 38.70524978637695)
614_15E,11238_20250901_76_0_13,76_0,0,38.69752883911133,-9.195320129394531,14,IN_TRANSIT_TO,2025-11-25 16:32:16,9508,614,,POINT (-9.195320129394531 38.69752883911133)
2205_735,5279_20250901_172_1_10,172_1,1,38.72066879272461,-9.124480247497559,9,IN_TRANSIT_TO,2025-11-25 16:32:26,9114,2205,01-71-XO,POINT (-9.124480247497559 38.72066879272461)
2216_794,8101_20250901_115_0_12,115_0,1,38.734718322753906,-9.117270469665527,29,IN_TRANSIT_TO,2025-11-25 16:32:27,17576,2216,08-00-XS,POINT (-9.117270469665527 38.734718322753906)
2206_735,5275_20250901_172_0_11,172_0,0,38.73345184326172,-9.133219718933105,19,IN_TRANSIT_TO,2025-11-25 16:31:54,509,2206,01-67-XO,POINT (-9.133219718933105 38.73345184326172)
411_73B,18773_20250901_220_0_13,220_0,0,38.698020935058594,-9.191149711608887,3,IN_TRANSIT_TO,2025-11-25 16:32:21,9506,411,BF-51-TD,POINT (-9.191149711608887 38.698020935058594)
2218_735,5263_20250901_172_1_11,172_1,0,38.70988082885742,-9.128379821777344,4,IN_TRANSIT_TO,2025-11-25 16:32:22,4501,2218,07-98-XS,POINT (-9.128379821777344 38.70988082885742)
2712_754,6622_20250901_201_0_11,201_0,0,38.743350982666016,-9.144450187683105,3,IN_TRANSIT_TO,2025-11-25 16:32:18,1903,2712,92-XQ-33,POINT (-9.144450187683105 38.743350982666016)
2221_717,3781_20250901_170_0_10,170_0,0,38.76639938354492,-9.157620429992676,17,IN_TRANSIT_TO,2025-11-25 16:32:08,5811,2221,07-95-XS,POINT (-9.157620429992676 38.76639938354492)
563_28E,14908_20250901_75_0_11,75_0,1,38.7170295715332,-9.136150360107422,23,IN_TRANSIT_TO,2025-11-25 16:32:19,804,563,,POINT (-9.136150360107422 38.7170295715332)
561_12E,11025_20250901_77_0_15,77_0,1,38.72182846069336,-9.135370254516602,22,IN_TRANSIT_TO,2025-11-25 16:32:17,704,561,,POINT (-9.135370254516602 38.72182846069336)
412_51E,1152_20250901_158_0_22,158_0,0,38.717281341552734,-9.143420219421387,8,IN_TRANSIT_TO,2025-11-25 16:32:18,50623,412,BF-65-TC,POINT (-9.143420219421387 38.717281341552734)
568_28E,14986_20250901_75_0_16,75_0,0,38.70936965942383,-9.13782024383545,17,IN_TRANSIT_TO,2025-11-25 16:30:40,5604,568,,POINT (-9.13782024383545 38.70936965942383)
2226_798,8205_20250901_194_0_2,194_0,1,38.767181396484375,-9.150150299072266,16,IN_TRANSIT_TO,2025-11-25 16:32:09,11504,2226,06-35-XX,POINT (-9.150150299072266 38.767181396484375)
2228_717,3887_20250901_170_4_15,170_4,0,38.7641716003418,-9.15697956085205,1,IN_TRANSIT_TO,2025-11-25 16:32:30,5807,2228,06-24-XX,POINT (-9.15697956085205 38.7641716003418)
2230_706,3235_20250901_147_0_7,147_0,1,38.729000091552734,-9.125020027160645,9,IN_TRANSIT_TO,2025-11-25 16:32:27,11705,2230,06-36-XX,POINT (-9.125020027160645 38.729000091552734)
562_28E,14895_20250901_75_0_17,75_0,1,38.715049743652344,-9.136719703674316,23,IN_TRANSIT_TO,2025-11-25 16:32:33,804,562,,POINT (-9.136719703674316 38.715049743652344)
2836_751,6459_20250901_109_0_11,109_0,0,38.730979919433594,-9.16847038269043,0,IN_TRANSIT_TO,2025-11-25 16:32:26,,2836,BF-70-FZ,POINT (-9.16847038269043 38.730979919433594)
2207_796,8135_20250901_174_0_17,174_0,1,38.78207015991211,-9.162850379943848,9,IN_TRANSIT_TO,2025-11-25 16:32:08,7214,2207,01-70-XO,POINT (-9.162850379943848 38.78207015991211)
413_67B,28217_20250901_253_0_12,253_0,0,38.70758056640625,-9.151080131530762,20,IN_TRANSIT_TO,2025-11-25 16:28:26,3922,413,BF-41-TS,POINT (-9.151080131530762 38.70758056640625)
4615_750,6413_20250901_106_0_8,106_0,0,38.75006866455078,-9.197549819946289,23,IN_TRANSIT_TO,2025-11-25 16:31:59,10802,4615,22-GP-49,POINT (-9.197549819946289 38.75006866455078)
560_28E,14960_20250901_75_0_16,75_0,0,38.708030700683594,-9.140449523925781,18,IN_TRANSIT_TO,2025-11-25 16:21:25,10518,560,,POINT (-9.140449523925781 38.708030700683594)
565_25E,14252_20250901_79_0_16,79_0,0,38.71527862548828,-9.164870262145996,16,IN_TRANSIT_TO,2025-11-25 16:32:30,8002,565,,POINT (-9.164870262145996 38.71527862548828)
2229_735,5267_20250901_172_0_11,172_0,0,38.75188064575195,-9.143179893493652,27,IN_TRANSIT_TO,2025-11-25 16:32:10,101,2229,06-37-XX,POINT (-9.143179893493652 38.75188064575195)
2232_758,6793_20250901_150_0_13,150_0,0,38.709251403808594,-9.143170356750488,2,IN_TRANSIT_TO,2025-11-25 16:32:21,3825,2232,06-23-XX,POINT (-9.143170356750488 38.709251403808594)
6008_771,39066_20250901_248_0_3,248_0,1,38.742950439453125,-9.165969848632812,24,IN_TRANSIT_TO,2025-11-25 16:32:35,50472,6008,81-ZC-08,POINT (-9.165969848632812 38.742950439453125)
2238_758,6861_20250901_150_0_8,150_0,1,38.744380950927734,-9.178569793701172,11,IN_TRANSIT_TO,2025-11-25 16:32:18,10703,2238,06-29-XX,POINT (-9.178569793701172 38.744380950927734)
6004_716,3723_20250901_164_0_2,164_0,1,38.7357292175293,-9.137299537658691,24,IN_TRANSIT_TO,2025-11-25 16:32:31,11108,6004,82-ZC-35,POINT (-9.137299537658691 38.7357292175293)
6027_706,3266_20250901_147_0_12,147_0,0,38.70595169067383,-9.143950462341309,0,IN_TRANSIT_TO,2025-11-25 16:32:14,,6027,BF-66-BA,POINT (-9.143950462341309 38.70595169067383)
2242_767,7267_20250901_112_0_2,112_0,1,38.749229431152344,-9.191280364990234,16,IN_TRANSIT_TO,2025-11-25 16:32:26,10807,2242,22-42-ZB,POINT (-9.191280364990234 38.749229431152344)
615_15E,11254_20250901_76_0_13,76_0,0,38.704368591308594,-9.174249649047852,9,IN_TRANSIT_TO,2025-11-25 16:32:17,4004,615,,POINT (-9.174249649047852 38.704368591308594)
2241_731,5018_20250901_190_0_8,190_0,0,38.78934860229492,-9.110349655151367,36,IN_TRANSIT_TO,2025-11-25 16:32:37,12611,2241,22-37-ZB,POINT (-9.110349655151367 38.78934860229492)
2262_735,5206_20250901_172_0_12,172_0,1,38.72827911376953,-9.128199577331543,17,IN_TRANSIT_TO,2025-11-25 16:32:29,7004,2262,80-48-ZE,POINT (-9.128199577331543 38.72827911376953)
2287_729,4779_20250901_104_0_9,104_0,1,38.71371841430664,-9.197330474853516,17,IN_TRANSIT_TO,2025-11-25 16:32:28,12928,2287,92-58-ZM,POINT (-9.197330474853516 38.71371841430664)
303_708,3276_20250901_100_0_12,100_0,0,38.764678955078125,-9.116230010986328,21,IN_TRANSIT_TO,2025-11-25 16:32:14,8419,303,22-SP-90,POINT (-9.116230010986328 38.764678955078125)
2267_771,21936_20250901_248_0_16,248_0,1,38.71171951293945,-9.19540023803711,8,IN_TRANSIT_TO,2025-11-25 16:32:31,50140,2267,76-86-ZG,POINT (-9.19540023803711 38.71171951293945)
2266_758,6770_20250901_150_0_13,150_0,0,38.71950149536133,-9.153820037841797,7,IN_TRANSIT_TO,2025-11-25 16:32:28,10607,2266,76-92-ZG,POINT (-9.153820037841797 38.71950149536133)
