id,trip_id,route_id,direction_id,latitude,longitude,current_stop_sequence,current_status,timestamp,stop_id,vehicle_id,license_plate,geometry
2284_731,5025_20250901_190_0_5,190_0,0,38.77397155761719,-9.106670379638672,28,IN_TRANSIT_TO,2025-10-13 11:12:58,12301,2284,67-36-ZJ,POINT (-9.106670379638672 38.77397155761719)
6039_732,5096_20250901_107_0_4,107_0,1,38.70964813232422,-9.135519981384277,30,IN_TRANSIT_TO,2025-10-13 11:41:29,5519,6039,BG-96-LU,POINT (-9.135519981384277 38.70964813232422)
566_18E,12202_20250901_78_0_11,78_0,0,38.70623016357422,-9.155900001525879,2,IN_TRANSIT_TO,2025-10-13 11:41:35,7102,566,,POINT (-9.155900001525879 38.70623016357422)
2474_767,7297_20250901_112_0_6,112_0,1,38.7380485534668,-9.140999794006348,38,IN_TRANSIT_TO,2025-10-13 11:41:06,11109,2474,74-BC-67,POINT (-9.140999794006348 38.7380485534668)
510_15E,11264_20250901_76_0_10,76_0,0,38.713069915771484,-9.137800216674805,0,IN_TRANSIT_TO,2025-10-13 11:41:07,,510,,POINT (-9.137800216674805 38.713069915771484)
262_61B,21520_20250901_241_0_13,241_0,1,38.73152160644531,-9.162529945373535,9,IN_TRANSIT_TO,2025-10-13 11:41:17,6124,262,AF-49-ZD,POINT (-9.162529945373535 38.73152160644531)
2977_72B,45276_20250901_279_0_8,279_0,0,38.736351013183594,-9.20145034790039,16,IN_TRANSIT_TO,2025-10-13 11:40:59,8838,2977,30-VM-21,POINT (-9.20145034790039 38.736351013183594)
2276_763,46422_20250901_282_0_10,282_0,1,38.7606315612793,-9.19474983215332,4,IN_TRANSIT_TO,2025-10-13 11:41:17,12812,2276,53-57-ZJ,POINT (-9.19474983215332 38.7606315612793)
2262_735,5267_20250901_172_0_8,172_0,1,38.755950927734375,-9.148229598999023,4,IN_TRANSIT_TO,2025-10-13 11:41:27,5706,2262,80-48-ZE,POINT (-9.148229598999023 38.755950927734375)
2289_724,4191_20250901_178_0_11,178_0,0,38.73807907104492,-9.204830169677734,14,IN_TRANSIT_TO,2025-10-13 11:41:24,8829,2289,92-60-ZM,POINT (-9.204830169677734 38.73807907104492)
2459_726,4350_20250901_116_0_7,116_0,0,38.7593994140625,-9.181429862976074,24,IN_TRANSIT_TO,2025-10-13 11:41:24,13608,2459,74-BC-74,POINT (-9.181429862976074 38.7593994140625)
2614_705,3186_20250901_176_0_9,176_0,0,38.779850006103516,-9.120420455932617,10,IN_TRANSIT_TO,2025-10-13 11:41:03,12603,2614,66-VI-24,POINT (-9.120420455932617 38.779850006103516)
2468_726,4264_20250901_116_0_9,116_0,0,38.73957824707031,-9.150070190429688,12,IN_TRANSIT_TO,2025-10-13 11:41:17,1407,2468,16-AZ-10,POINT (-9.150070190429688 38.73957824707031)
2953_40B,17558_20250901_212_0_10,212_0,0,38.777950286865234,-9.160030364990234,23,IN_TRANSIT_TO,2025-10-13 11:41:20,5927,2953,62-GQ-55,POINT (-9.160030364990234 38.777950286865234)
414_22B,19420_20250901_236_0_13,236_0,0,38.71561813354492,-9.148730278015137,8,IN_TRANSIT_TO,2025-10-13 11:41:11,50075,414,BF-95-TP,POINT (-9.148730278015137 38.71561813354492)
4607_728,4698_20250901_204_0_5,204_0,1,38.768531799316406,-9.098649978637695,9,IN_TRANSIT_TO,2025-10-13 11:41:20,7805,4607,96-GL-84,POINT (-9.098649978637695 38.768531799316406)
2258_799,8222_20250901_120_0_10,120_0,0,38.74517822265625,-9.202199935913086,8,IN_TRANSIT_TO,2025-10-13 11:41:19,2806,2258,53-58-ZJ,POINT (-9.202199935913086 38.74517822265625)
2786_713,3576_20250901_122_0_9,122_0,0,38.71403121948242,-9.160869598388672,16,IN_TRANSIT_TO,2025-10-13 11:41:22,8104,2786,AI-52-TL,POINT (-9.160869598388672 38.71403121948242)
601_15E,11280_20250901_76_0_10,76_0,1,38.71023178100586,-9.136750221252441,22,IN_TRANSIT_TO,2025-10-13 11:41:29,5512,601,,POINT (-9.136750221252441 38.71023178100586)
2413_703,3162_20250901_165_0_9,165_0,1,38.74982833862305,-9.194549560546875,6,IN_TRANSIT_TO,2025-10-13 11:41:18,10907,2413,92-AO-50,POINT (-9.194549560546875 38.74982833862305)
2971_702,3030_20250901_146_0_16,146_0,1,38.72517013549805,-9.149479866027832,13,IN_TRANSIT_TO,2025-10-13 11:41:16,50197,2971,29-VM-98,POINT (-9.149479866027832 38.72517013549805)
2269_731,4989_20250901_190_0_7,190_0,0,38.743831634521484,-9.154629707336426,9,IN_TRANSIT_TO,2025-10-13 11:41:24,3309,2269,76-88-ZG,POINT (-9.154629707336426 38.743831634521484)
4641_750,6313_20250901_106_0_8,106_0,0,38.75994873046875,-9.156869888305664,15,IN_TRANSIT_TO,2025-10-13 11:41:15,5805,4641,90-JI-98,POINT (-9.156869888305664 38.75994873046875)
608_15E,11212_20250901_76_0_9,76_0,0,38.69744873046875,-9.198780059814453,16,IN_TRANSIT_TO,2025-10-13 11:41:05,4112,608,,POINT (-9.198780059814453 38.69744873046875)
2992_45B,45280_20250901_277_0_9,277_0,1,38.77415084838867,-9.156720161437988,25,IN_TRANSIT_TO,2025-10-13 11:41:25,5913,2992,29-VM-95,POINT (-9.156720161437988 38.77415084838867)
2465_767,7272_20250901_112_0_7,112_0,0,38.758079528808594,-9.153499603271484,18,IN_TRANSIT_TO,2025-10-13 11:41:04,5805,2465,55-BH-00,POINT (-9.153499603271484 38.758079528808594)
581_25E,14260_20250901_79_0_12,79_0,0,38.706451416015625,-9.152729988098145,5,IN_TRANSIT_TO,2025-10-13 11:41:09,7102,581,,POINT (-9.152729988098145 38.706451416015625)
2690_709,3384_20250901_148_0_16,148_0,0,38.72303009033203,-9.148030281066895,4,IN_TRANSIT_TO,2025-10-13 11:41:11,1103,2690,99-XE-57,POINT (-9.148030281066895 38.72303009033203)
6015_706,3202_20250901_147_0_7,147_0,1,38.71120071411133,-9.153619766235352,28,IN_TRANSIT_TO,2025-10-13 11:41:06,6702,6015,69-ZF-01,POINT (-9.153619766235352 38.71120071411133)
2328_712,3550_20250901_189_0_10,189_0,1,38.727230072021484,-9.146269798278809,16,IN_TRANSIT_TO,2025-10-13 11:41:16,1201,2328,62-96-ZG,POINT (-9.146269798278809 38.727230072021484)
2705_714,3627_20250901_102_0_9,102_0,0,38.72264862060547,-9.229499816894531,40,IN_TRANSIT_TO,2025-10-13 11:41:21,18602,2705,92-XQ-29,POINT (-9.229499816894531 38.72264862060547)
2308_794,8091_20250901_115_0_9,115_0,0,38.74222183227539,-9.118069648742676,13,IN_TRANSIT_TO,2025-10-13 11:40:50,3604,2308,83-17-ZM,POINT (-9.118069648742676 38.74222183227539)
2673_713,3621_20250901_122_0_10,122_0,1,38.7047004699707,-9.167699813842773,9,IN_TRANSIT_TO,2025-10-13 11:41:14,10207,2673,87-XB-37,POINT (-9.167699813842773 38.7047004699707)
2310_708,3347_20250901_100_0_6,100_0,0,38.72597122192383,-9.134969711303711,5,IN_TRANSIT_TO,2025-10-13 11:41:26,607,2310,83-07-ZM,POINT (-9.134969711303711 38.72597122192383)
562_25E,14255_20250901_79_0_12,79_0,0,38.709571838378906,-9.162369728088379,10,IN_TRANSIT_TO,2025-10-13 11:41:19,10016,562,,POINT (-9.162369728088379 38.709571838378906)
2467_726,4273_20250901_116_0_7,116_0,0,38.723899841308594,-9.132080078125,3,IN_TRANSIT_TO,2025-10-13 11:41:05,601,2467,16-AZ-14,POINT (-9.132080078125 38.723899841308594)
2418_703,3175_20250901_165_0_9,165_0,0,38.770179748535156,-9.177399635314941,22,IN_TRANSIT_TO,2025-10-13 11:41:16,50391,2418,92-AO-54,POINT (-9.177399635314941 38.770179748535156)
2779_723,4182_20250901_121_0_7,121_0,1,38.705421447753906,-9.21642017364502,7,IN_TRANSIT_TO,2025-10-13 11:39:50,9712,2779,AI-02-BT,POINT (-9.21642017364502 38.705421447753906)
2670_713,3592_20250901_122_0_9,122_0,0,38.73627853393555,-9.1522798538208,5,IN_TRANSIT_TO,2025-10-13 11:41:24,1409,2670,87-XB-32,POINT (-9.1522798538208 38.73627853393555)
1746_701,2947_20250901_123_0_9,123_0,0,38.755428314208984,-9.1696195602417,12,IN_TRANSIT_TO,2025-10-13 11:41:31,13621,1746,92-HR-03,POINT (-9.1696195602417 38.755428314208984)
2799_712,3541_20250901_189_0_9,189_0,1,38.71881866455078,-9.118280410766602,30,IN_TRANSIT_TO,2025-10-13 11:41:32,2131,2799,AJ-52-LI,POINT (-9.118280410766602 38.71881866455078)
2216_742,5666_20250901_114_0_6,114_0,1,38.735050201416016,-9.147130012512207,36,IN_TRANSIT_TO,2025-10-13 11:41:19,1410,2216,08-00-XS,POINT (-9.147130012512207 38.735050201416016)
1757_794,8108_20250901_115_0_9,115_0,1,38.71297836303711,-9.123279571533203,36,IN_TRANSIT_TO,2025-10-13 11:41:20,2118,1757,34-HU-23,POINT (-9.123279571533203 38.71297836303711)
263_76B,18630_20250901_219_0_13,219_0,0,38.70372009277344,-9.194930076599121,1,IN_TRANSIT_TO,2025-10-13 11:41:14,50366,263,AG-26-NH,POINT (-9.194930076599121 38.70372009277344)
2957_798,8198_20250901_194_0_14,194_0,1,38.77437973022461,-9.152119636535645,14,IN_TRANSIT_TO,2025-10-13 11:41:12,11510,2957,27-GU-72,POINT (-9.152119636535645 38.77437973022461)
2830_753,6564_20250901_167_0_14,167_0,1,38.72478103637695,-9.149149894714355,6,IN_TRANSIT_TO,2025-10-13 11:41:19,1212,2830,BF-57-FZ,POINT (-9.149149894714355 38.72478103637695)
611_15E,11228_20250901_76_0_9,76_0,0,38.698421478271484,-9.188480377197266,13,IN_TRANSIT_TO,2025-10-13 11:41:30,9506,611,,POINT (-9.188480377197266 38.698421478271484)
1777_708,3298_20250901_100_0_5,100_0,0,38.78036880493164,-9.096220016479492,32,IN_TRANSIT_TO,2025-10-13 11:40:09,50124,1777,63-HX-31,POINT (-9.096220016479492 38.78036880493164)
2658_776,7476_20250901_193_0_30,193_0,0,38.698150634765625,-9.227069854736328,1,IN_TRANSIT_TO,2025-10-13 11:41:14,4220,2658,05-VZ-71,POINT (-9.227069854736328 38.698150634765625)
2974_765,7176_20250901_110_0_24,110_0,1,38.754878997802734,-9.195269584655762,9,IN_TRANSIT_TO,2025-10-13 11:41:26,10917,2974,30-VM-22,POINT (-9.195269584655762 38.754878997802734)
2253_758,6815_20250901_150_0_9,150_0,0,38.71657180786133,-9.148099899291992,6,IN_TRANSIT_TO,2025-10-13 11:41:11,10605,2253,80-52-ZE,POINT (-9.148099899291992 38.71657180786133)
2245_778,18640_20250901_179_0_14,179_0,1,38.76292037963867,-9.157670021057129,23,IN_TRANSIT_TO,2025-10-13 11:41:08,5824,2245,22-35-ZB,POINT (-9.157670021057129 38.76292037963867)
231_17B,21703_20250901_247_0_9,247_0,0,38.73643112182617,-9.133870124816895,23,IN_TRANSIT_TO,2025-10-13 11:41:23,505,231,84-47-XQ,POINT (-9.133870124816895 38.73643112182617)
2249_768,7319_20250901_111_0_12,111_0,1,38.75947189331055,-9.190119743347168,7,IN_TRANSIT_TO,2025-10-13 11:41:26,12817,2249,22-32-ZB,POINT (-9.190119743347168 38.75947189331055)
2438_716,3744_20250901_164_0_11,164_0,0,38.737300872802734,-9.145179748535156,26,IN_TRANSIT_TO,2025-10-13 11:41:29,50469,2438,44-BC-29,POINT (-9.145179748535156 38.737300872802734)
2628_759,6973_20250901_144_0_8,144_0,1,38.713401794433594,-9.136429786682129,45,IN_TRANSIT_TO,2025-10-13 11:41:16,913,2628,52-VP-82,POINT (-9.136429786682129 38.713401794433594)
4620_750,6335_20250901_106_0_7,106_0,0,38.76102828979492,-9.120129585266113,8,IN_TRANSIT_TO,2025-10-13 11:41:05,8408,4620,22-GP-54,POINT (-9.120129585266113 38.76102828979492)
6030_732,5088_20250901_107_0_4,107_0,0,38.74399948120117,-9.147379875183105,5,IN_TRANSIT_TO,2025-10-13 11:41:13,2019,6030,BF-39-AU,POINT (-9.147379875183105 38.74399948120117)
2455_729,4817_20250901_104_0_7,104_0,1,38.705970764160156,-9.199170112609863,11,IN_TRANSIT_TO,2025-10-13 11:41:22,13308,2455,16-AZ-12,POINT (-9.199170112609863 38.705970764160156)
1718_717,3822_20250901_170_0_9,170_0,0,38.760318756103516,-9.1566801071167,15,IN_TRANSIT_TO,2025-10-13 11:41:12,5805,1718,69-AL-81,POINT (-9.1566801071167 38.760318756103516)
1728_794,8035_20250901_115_0_6,115_0,1,38.75497055053711,-9.12600040435791,19,IN_TRANSIT_TO,2025-10-13 11:41:27,14720,1728,25-AS-40,POINT (-9.12600040435791 38.75497055053711)
577_28E,14998_20250901_75_0_4,75_0,1,38.717098236083984,-9.129730224609375,27,IN_TRANSIT_TO,2025-10-13 11:41:13,14803,577,,POINT (-9.129730224609375 38.717098236083984)
2798_714,3640_20250901_102_0_9,102_0,0,38.70634841918945,-9.212800025939941,25,IN_TRANSIT_TO,2025-10-13 11:41:09,13120,2798,AJ-56-LI,POINT (-9.212800025939941 38.70634841918945)
2844_728,4589_20250901_204_0_8,204_0,0,38.70331954956055,-9.171500205993652,14,IN_TRANSIT_TO,2025-10-13 11:41:12,4003,2844,BF-73-FZ,POINT (-9.171500205993652 38.70331954956055)
2810_718,3994_20250901_105_0_9,105_0,1,38.7336311340332,-9.133350372314453,4,IN_TRANSIT_TO,2025-10-13 11:41:15,402,2810,01-IH-99,POINT (-9.133350372314453 38.7336311340332)
6036_732,5038_20250901_107_0_5,107_0,1,38.704071044921875,-9.173399925231934,23,IN_TRANSIT_TO,2025-10-13 11:41:21,4001,6036,BG-90-LX,POINT (-9.173399925231934 38.704071044921875)
2405_716,3718_20250901_164_0_14,164_0,1,38.750431060791016,-9.202879905700684,2,IN_TRANSIT_TO,2025-10-13 11:41:14,10920,2405,50-AL-10,POINT (-9.202879905700684 38.750431060791016)
2287_799,8211_20250901_120_0_13,120_0,1,38.7418212890625,-9.21172046661377,12,IN_TRANSIT_TO,2025-10-13 11:41:27,8819,2287,92-58-ZM,POINT (-9.21172046661377 38.7418212890625)
4830_736,5408_20250901_199_0_8,199_0,1,38.742549896240234,-9.147029876708984,20,IN_TRANSIT_TO,2025-10-13 11:41:34,2019,4830,20-VQ-63,POINT (-9.147029876708984 38.742549896240234)
2946_29B,17524_20250901_209_0_10,209_0,0,38.764381408691406,-9.123950004577637,28,IN_TRANSIT_TO,2025-10-13 11:41:14,7519,2946,75-GO-15,POINT (-9.123950004577637 38.764381408691406)
4629_736,18817_20250901_199_0_9,199_0,0,38.786930084228516,-9.171520233154297,28,IN_TRANSIT_TO,2025-10-13 11:41:33,50083,4629,11-JM-77,POINT (-9.171520233154297 38.786930084228516)
228_13B,21591_20250901_243_0_12,243_0,0,38.7180290222168,-9.129949569702148,7,IN_TRANSIT_TO,2025-10-13 11:41:19,50297,228,84-39-XQ,POINT (-9.129949569702148 38.7180290222168)
2299_717,3845_20250901_170_0_8,170_0,1,38.741371154785156,-9.13344955444336,37,IN_TRANSIT_TO,2025-10-13 11:41:32,308,2299,83-14-ZM,POINT (-9.13344955444336 38.741371154785156)
548_28E,14934_20250901_75_0_7,75_0,1,38.71915054321289,-9.135680198669434,35,IN_TRANSIT_TO,2025-10-13 11:41:11,804,548,,POINT (-9.135680198669434 38.71915054321289)
545_28E,14920_20250901_75_0_9,75_0,1,38.71289825439453,-9.129380226135254,24,IN_TRANSIT_TO,2025-10-13 11:40:42,13813,545,,POINT (-9.129380226135254 38.71289825439453)
264_64B,21489_20250901_238_0_13,238_0,0,38.71995162963867,-9.172419548034668,8,IN_TRANSIT_TO,2025-10-13 11:41:18,50487,264,AG-42-OV,POINT (-9.172419548034668 38.71995162963867)
2675_723,4149_20250901_121_0_9,121_0,0,38.711971282958984,-9.214619636535645,22,IN_TRANSIT_TO,2025-10-13 11:41:07,10404,2675,87-XB-35,POINT (-9.214619636535645 38.711971282958984)
2605_759,6987_20250901_144_0_8,144_0,1,38.76408004760742,-9.119000434875488,16,IN_TRANSIT_TO,2025-10-13 11:41:18,8404,2605,66-VI-35,POINT (-9.119000434875488 38.76408004760742)
2704_754,6592_20250901_201_0_8,201_0,1,38.74625015258789,-9.148050308227539,32,IN_TRANSIT_TO,2025-10-13 11:41:17,2004,2704,92-XQ-18,POINT (-9.148050308227539 38.74625015258789)
266_773,7423_20250901_124_0_10,124_0,0,38.71371841430664,-9.16154956817627,15,IN_TRANSIT_TO,2025-10-13 11:41:07,8112,266,AH-55-CZ,POINT (-9.16154956817627 38.71371841430664)
547_12E,11035_20250901_77_0_10,77_0,0,38.710201263427734,-9.134719848632812,13,IN_TRANSIT_TO,2025-10-13 11:41:29,10514,547,,POINT (-9.134719848632812 38.710201263427734)
2622_718,3991_20250901_105_0_8,105_0,1,38.739349365234375,-9.102970123291016,19,IN_TRANSIT_TO,2025-10-13 11:41:10,12505,2622,66-VI-21,POINT (-9.102970123291016 38.739349365234375)
2993_45B,49562_20250901_277_0_9,277_0,0,38.76057052612305,-9.169719696044922,16,IN_TRANSIT_TO,2025-10-13 11:41:15,50011,2993,29-VM-93,POINT (-9.169719696044922 38.76057052612305)
2473_767,7308_20250901_112_0_6,112_0,1,38.760250091552734,-9.184379577636719,19,IN_TRANSIT_TO,2025-10-13 11:41:15,12823,2473,74-BC-68,POINT (-9.184379577636719 38.760250091552734)
2240_726,4325_20250901_116_0_8,116_0,1,38.759918212890625,-9.182499885559082,8,IN_TRANSIT_TO,2025-10-13 11:41:08,12803,2240,06-31-XX,POINT (-9.182499885559082 38.759918212890625)
575_28E,15038_20250901_75_0_6,75_0,1,38.709999084472656,-9.133230209350586,20,IN_TRANSIT_TO,2025-10-13 11:41:10,13801,575,,POINT (-9.133230209350586 38.709999084472656)
2235_731,5022_20250901_190_0_8,190_0,1,38.77172088623047,-9.109930038452148,14,IN_TRANSIT_TO,2025-10-13 11:41:29,7802,2235,06-32-XX,POINT (-9.109930038452148 38.77172088623047)
6046_760,7081_20250901_171_0_9,171_0,0,38.718379974365234,-9.136480331420898,7,IN_TRANSIT_TO,2025-10-13 11:41:29,809,6046,BH-73-IR,POINT (-9.136480331420898 38.718379974365234)
2201_742,5737_20250901_114_0_6,114_0,1,38.71397018432617,-9.195670127868652,2,IN_TRANSIT_TO,2025-10-13 11:40:28,12928,2201,72-15-XN,POINT (-9.195670127868652 38.71397018432617)
2782_727,4515_20250901_103_0_6,103_0,0,38.705570220947266,-9.171299934387207,27,IN_TRANSIT_TO,2025-10-13 11:41:32,10208,2782,AI-99-BS,POINT (-9.171299934387207 38.705570220947266)
554_18E,18351_20250901_78_0_9,78_0,0,38.705848693847656,-9.199179649353027,0,IN_TRANSIT_TO,2025-10-13 11:41:15,,554,,POINT (-9.199179649353027 38.705848693847656)
2679_764,7162_20250901_168_0_10,168_0,1,38.756629943847656,-9.18554973602295,20,IN_TRANSIT_TO,2025-10-13 11:41:31,10813,2679,93-XA-34,POINT (-9.18554973602295 38.756629943847656)
4635_783,7835_20250901_203_0_8,203_0,1,38.725799560546875,-9.150870323181152,27,IN_TRANSIT_TO,2025-10-13 11:41:18,1206,4635,90-JI-95,POINT (-9.150870323181152 38.725799560546875)
4619_750,6390_20250901_106_0_7,106_0,1,38.76166915893555,-9.10354995727539,36,IN_TRANSIT_TO,2025-10-13 11:41:13,2311,4619,22-GP-53,POINT (-9.10354995727539 38.76166915893555)
2767_746,5986_20250901_108_0_10,108_0,1,38.73331832885742,-9.153120040893555,21,IN_TRANSIT_TO,2025-10-13 11:41:26,1404,2767,AH-34-ND,POINT (-9.153120040893555 38.73331832885742)
2469_729,4828_20250901_104_0_6,104_0,0,38.70735168457031,-9.199029922485352,30,IN_TRANSIT_TO,2025-10-13 11:41:07,10310,2469,16-AZ-09,POINT (-9.199029922485352 38.70735168457031)
2710_738,5550_20250901_117_0_7,117_0,0,38.73099899291992,-9.146679878234863,19,IN_TRANSIT_TO,2025-10-13 11:41:34,1704,2710,92-XQ-19,POINT (-9.146679878234863 38.73099899291992)
2662_764,7135_20250901_168_0_9,168_0,0,38.74235153198242,-9.211569786071777,25,IN_TRANSIT_TO,2025-10-13 11:41:13,8820,2662,05-VZ-51,POINT (-9.211569786071777 38.74235153198242)
2645_718,3962_20250901_105_0_8,105_0,0,38.73923110961914,-9.10303020477295,12,IN_TRANSIT_TO,2025-10-13 11:41:17,12512,2645,87-VS-49,POINT (-9.10303020477295 38.73923110961914)
2760_727,4485_20250901_103_0_6,103_0,0,38.711669921875,-9.210820198059082,44,IN_TRANSIT_TO,2025-10-13 11:41:05,12912,2760,AH-35-ND,POINT (-9.210820198059082 38.711669921875)
2667_723,4158_20250901_121_0_9,121_0,0,38.72570037841797,-9.188870429992676,10,IN_TRANSIT_TO,2025-10-13 11:41:33,8607,2667,87-XB-45,POINT (-9.188870429992676 38.72570037841797)
2692_714,3709_20250901_102_0_8,102_0,1,38.7269287109375,-9.208869934082031,8,IN_TRANSIT_TO,2025-10-13 11:41:34,14008,2692,90-XF-62,POINT (-9.208869934082031 38.7269287109375)
2738_756,6730_20250901_175_0_10,175_0,1,38.70930099487305,-9.17378044128418,4,IN_TRANSIT_TO,2025-10-13 11:41:26,9415,2738,AG-46-EI,POINT (-9.17378044128418 38.70930099487305)
2652_781,7762_20250901_151_0_8,151_0,1,38.7087516784668,-9.130599975585938,26,IN_TRANSIT_TO,2025-10-13 11:41:28,2114,2652,05-VZ-61,POINT (-9.130599975585938 38.7087516784668)
555_24E,17832_20250901_213_0_14,213_0,0,38.71902084350586,-9.153380393981934,6,IN_TRANSIT_TO,2025-10-13 11:41:23,10607,555,,POINT (-9.153380393981934 38.71902084350586)
614_15E,11288_20250901_76_0_10,76_0,1,38.7034797668457,-9.168580055236816,15,IN_TRANSIT_TO,2025-10-13 11:41:20,4001,614,,POINT (-9.168580055236816 38.7034797668457)
2410_767,7286_20250901_112_0_7,112_0,0,38.72227096557617,-9.139949798583984,0,IN_TRANSIT_TO,2025-10-13 11:40:44,,2410,92-AO-46,POINT (-9.139949798583984 38.72227096557617)
2817_725,4239_20250901_197_0_19,197_0,0,38.774898529052734,-9.104029655456543,5,IN_TRANSIT_TO,2025-10-13 11:41:24,7908,2817,90-II-57,POINT (-9.104029655456543 38.774898529052734)
2761_714,3705_20250901_102_0_8,102_0,1,38.69929885864258,-9.20557975769043,20,IN_TRANSIT_TO,2025-10-13 11:41:13,9607,2761,AH-33-ND,POINT (-9.20557975769043 38.69929885864258)
2441_703,3158_20250901_165_0_8,165_0,1,38.758819580078125,-9.180680274963379,12,IN_TRANSIT_TO,2025-10-13 11:41:17,12803,2441,29-AX-07,POINT (-9.180680274963379 38.758819580078125)
2968_737,5475_20250901_173_0_16,173_0,1,38.71213150024414,-9.135970115661621,6,IN_TRANSIT_TO,2025-10-13 11:41:19,913,2968,30-VM-24,POINT (-9.135970115661621 38.71213150024414)
2741_717,3800_20250901_170_0_9,170_0,0,38.773799896240234,-9.161399841308594,20,IN_TRANSIT_TO,2025-10-13 11:41:12,5905,2741,AG-99-TG,POINT (-9.161399841308594 38.773799896240234)
4621_736,5331_20250901_199_0_7,199_0,0,38.73889923095703,-9.14601993560791,8,IN_TRANSIT_TO,2025-10-13 11:41:21,1809,4621,90-JI-90,POINT (-9.14601993560791 38.73889923095703)
2703_746,5977_20250901_108_0_13,108_0,0,38.738468170166016,-9.162949562072754,7,IN_TRANSIT_TO,2025-10-13 11:41:13,1507,2703,92-XQ-24,POINT (-9.162949562072754 38.738468170166016)
2744_756,6757_20250901_175_0_10,175_0,0,38.74250030517578,-9.137080192565918,8,IN_TRANSIT_TO,2025-10-13 11:41:08,305,2744,AG-13-TH,POINT (-9.137080192565918 38.74250030517578)
2842_751,6514_20250901_109_0_9,109_0,1,38.69731903076172,-9.20007038116455,19,IN_TRANSIT_TO,2025-10-13 11:41:15,4109,2842,BF-56-FZ,POINT (-9.20007038116455 38.69731903076172)
303_708,3333_20250901_100_0_7,100_0,0,38.74586868286133,-9.131150245666504,11,IN_TRANSIT_TO,2025-10-13 11:41:25,313,303,22-SP-90,POINT (-9.131150245666504 38.74586868286133)
2718_764,7166_20250901_168_0_8,168_0,1,38.74637985229492,-9.213379859924316,7,IN_TRANSIT_TO,2025-10-13 11:41:30,3015,2718,92-XQ-23,POINT (-9.213379859924316 38.74637985229492)
2443_758,6770_20250901_150_0_9,150_0,0,38.732330322265625,-9.162480354309082,15,IN_TRANSIT_TO,2025-10-13 11:41:07,6123,2443,29-AX-05,POINT (-9.162480354309082 38.732330322265625)
269_734,5152_20250901_205_0_17,205_0,0,38.7151985168457,-9.136799812316895,11,IN_TRANSIT_TO,2025-10-08 18:14:05,2129,269,AG-25-NH,POINT (-9.136799812316895 38.7151985168457)
1723_755,6709_20250901_118_0_9,118_0,1,38.753700256347656,-9.114219665527344,28,IN_TRANSIT_TO,2025-10-13 11:41:19,50070,1723,25-AS-35,POINT (-9.114219665527344 38.753700256347656)
2345_724,4230_20250901_178_0_14,178_0,1,38.75461959838867,-9.196100234985352,7,IN_TRANSIT_TO,2025-10-13 11:41:09,10909,2345,53-59-ZJ,POINT (-9.196100234985352 38.75461959838867)
253_37B,18839_20250901_224_0_12,224_0,0,38.728248596191406,-9.130729675292969,11,IN_TRANSIT_TO,2025-10-13 11:41:16,7006,253,AF-88-NU,POINT (-9.130729675292969 38.728248596191406)
1761_717,3863_20250901_170_0_8,170_0,1,38.73929977416992,-9.133649826049805,38,IN_TRANSIT_TO,2025-10-13 11:41:32,404,1761,63-HX-19,POINT (-9.133649826049805 38.73929977416992)
2698_714,3671_20250901_102_0_9,102_0,0,38.704429626464844,-9.165249824523926,8,IN_TRANSIT_TO,2025-10-13 11:41:27,10212,2698,92-XQ-20,POINT (-9.165249824523926 38.704429626464844)
2713_746,5958_20250901_108_0_12,108_0,1,38.750701904296875,-9.201430320739746,4,IN_TRANSIT_TO,2025-10-13 11:41:27,10901,2713,92-XQ-34,POINT (-9.201430320739746 38.750701904296875)
2479_706,3241_20250901_147_0_9,147_0,1,38.728919982910156,-9.125,9,IN_TRANSIT_TO,2025-10-13 11:41:34,11705,2479,91-BE-74,POINT (-9.125 38.728919982910156)
275_65B,35087_20250901_250_0_9,250_0,0,38.722171783447266,-9.160470008850098,7,IN_TRANSIT_TO,2025-10-13 11:41:19,8520,275,AH-16-TB,POINT (-9.160470008850098 38.722171783447266)
6035_732,5057_20250901_107_0_6,107_0,1,38.70981979370117,-9.209400177001953,6,IN_TRANSIT_TO,2025-10-13 11:41:33,12405,6035,BG-76-LX,POINT (-9.209400177001953 38.70981979370117)
4623_796,8144_20250901_174_0_21,174_0,0,38.77054977416992,-9.159850120544434,4,IN_TRANSIT_TO,2025-10-13 11:41:02,5903,4623,27-JO-12,POINT (-9.159850120544434 38.77054977416992)
2603_759,6961_20250901_144_0_7,144_0,0,38.71992111206055,-9.11752986907959,9,IN_TRANSIT_TO,2025-10-13 11:41:09,2131,2603,16-VF-76,POINT (-9.11752986907959 38.71992111206055)
2743_756,6748_20250901_175_0_12,175_0,0,38.70497131347656,-9.177180290222168,24,IN_TRANSIT_TO,2025-10-13 11:41:06,12122,2743,AG-02-TH,POINT (-9.177180290222168 38.70497131347656)
6001_706,3259_20250901_147_0_2,147_0,0,38.72505187988281,-9.122320175170898,26,IN_TRANSIT_TO,2025-10-13 11:41:30,11708,6001,99-XU-70,POINT (-9.122320175170898 38.72505187988281)
1772_720,4087_20250901_143_0_10,143_0,1,38.72822189331055,-9.14507007598877,18,IN_TRANSIT_TO,2025-10-13 11:41:21,6601,1772,63-HX-22,POINT (-9.14507007598877 38.72822189331055)
2763_723,4168_20250901_121_0_8,121_0,0,38.720829010009766,-9.138179779052734,0,IN_TRANSIT_TO,2025-10-13 11:41:29,,2763,AH-23-ND,POINT (-9.138179779052734 38.720829010009766)
2217_720,4066_20250901_143_0_9,143_0,0,38.73740005493164,-9.136249542236328,8,IN_TRANSIT_TO,2025-10-13 11:41:12,407,2217,07-99-XS,POINT (-9.136249542236328 38.73740005493164)
2612_722,4119_20250901_196_0_8,196_0,0,38.74237060546875,-9.136670112609863,12,IN_TRANSIT_TO,2025-10-13 11:41:28,304,2612,66-VI-29,POINT (-9.136670112609863 38.74237060546875)
4834_736,5299_20250901_199_0_7,199_0,0,38.78635025024414,-9.17140007019043,28,IN_TRANSIT_TO,2025-10-13 11:41:21,50083,4834,20-VQ-71,POINT (-9.17140007019043 38.78635025024414)
217_773,20155_20250901_124_0_15,124_0,0,38.71590042114258,-9.148229598999023,5,IN_TRANSIT_TO,2025-10-13 11:41:12,50075,217,29-98-XM,POINT (-9.148229598999023 38.71590042114258)
2784_738,5566_20250901_117_0_7,117_0,1,38.7515983581543,-9.149270057678223,25,IN_TRANSIT_TO,2025-10-13 11:41:06,2003,2784,AI-09-BT,POINT (-9.149270057678223 38.7515983581543)
4836_783,7817_20250901_203_0_9,203_0,0,38.72502136230469,-9.153779983520508,2,IN_TRANSIT_TO,2025-10-13 11:41:33,1224,4836,34-VR-23,POINT (-9.153779983520508 38.72502136230469)
2498_793,7989_20250901_145_0_12,145_0,0,38.74726867675781,-9.109169960021973,16,IN_TRANSIT_TO,2025-10-13 11:41:28,3719,2498,03-BM-57,POINT (-9.109169960021973 38.74726867675781)
2982_702,3053_20250901_146_0_22,146_0,1,38.73323059082031,-9.17158031463623,2,IN_TRANSIT_TO,2025-10-13 11:41:19,2709,2982,30-VM-23,POINT (-9.17158031463623 38.73323059082031)
2256_758,6848_20250901_150_0_8,150_0,1,38.718448638916016,-9.152649879455566,26,IN_TRANSIT_TO,2025-10-13 11:41:13,6807,2256,80-53-ZE,POINT (-9.152649879455566 38.718448638916016)
2635_744,5849_20250901_200_0_6,200_0,0,38.76856994628906,-9.101030349731445,24,IN_TRANSIT_TO,2025-10-13 11:41:34,7711,2635,52-VP-90,POINT (-9.101030349731445 38.76856994628906)
1715_701,2979_20250901_123_0_11,123_0,1,38.746971130371094,-9.156499862670898,23,IN_TRANSIT_TO,2025-10-13 11:41:07,13509,1715,69-AL-78,POINT (-9.156499862670898 38.746971130371094)
2657_781,7722_20250901_151_0_9,151_0,1,38.7829704284668,-9.122920036315918,4,IN_TRANSIT_TO,2025-10-13 11:41:21,16304,2657,05-VZ-66,POINT (-9.122920036315918 38.7829704284668)
2427_703,3170_20250901_165_0_9,165_0,0,38.74517059326172,-9.201970100402832,38,IN_TRANSIT_TO,2025-10-13 11:41:22,2806,2427,29-AX-14,POINT (-9.201970100402832 38.74517059326172)
1703_798,8202_20250901_194_0_15,194_0,0,38.78739929199219,-9.149020195007324,22,IN_TRANSIT_TO,2025-10-13 11:41:14,6002,1703,35-AL-13,POINT (-9.149020195007324 38.78739929199219)
2785_738,5561_20250901_117_0_6,117_0,1,38.75144958496094,-9.159130096435547,28,IN_TRANSIT_TO,2025-10-13 11:41:33,5701,2785,AI-05-BT,POINT (-9.159130096435547 38.75144958496094)
2414_747,6119_20250901_177_0_11,177_0,1,38.76639938354492,-9.183870315551758,8,IN_TRANSIT_TO,2025-10-13 11:41:17,12831,2414,92-AO-51,POINT (-9.183870315551758 38.76639938354492)
2988_71B,45266_20250901_278_0_8,278_0,0,38.7447509765625,-9.198869705200195,7,IN_TRANSIT_TO,2025-10-13 11:40:56,2805,2988,29-VM-94,POINT (-9.198869705200195 38.7447509765625)
2242_758,6869_20250901_150_0_10,150_0,1,38.74974822998047,-9.194049835205078,6,IN_TRANSIT_TO,2025-10-13 11:41:00,10801,2242,22-42-ZB,POINT (-9.194049835205078 38.74974822998047)
2402_703,3173_20250901_165_0_7,165_0,0,38.758419036865234,-9.185420036315918,31,IN_TRANSIT_TO,2025-10-13 11:41:33,12824,2402,50-AL-13,POINT (-9.185420036315918 38.758419036865234)
503_15E,11238_20250901_76_0_7,76_0,0,38.70642852783203,-9.153050422668457,5,IN_TRANSIT_TO,2025-10-13 11:41:30,7102,503,,POINT (-9.153050422668457 38.70642852783203)
2292_763,46424_20250901_282_0_11,282_0,0,38.76184844970703,-9.197230339050293,18,IN_TRANSIT_TO,2025-10-13 11:41:01,13911,2292,83-16-ZM,POINT (-9.197230339050293 38.76184844970703)
2758_727,4463_20250901_103_0_6,103_0,1,38.71112060546875,-9.206879615783691,5,IN_TRANSIT_TO,2025-10-13 11:41:21,12911,2758,AH-36-ND,POINT (-9.206879615783691 38.71112060546875)
2234_758,6885_20250901_150_0_9,150_0,0,38.75077819824219,-9.198530197143555,27,IN_TRANSIT_TO,2025-10-13 11:41:24,10802,2234,06-26-XX,POINT (-9.198530197143555 38.75077819824219)
2715_711,3501_20250901_101_0_8,101_0,1,38.711429595947266,-9.138819694519043,32,IN_TRANSIT_TO,2025-10-13 11:40:25,908,2715,92-XQ-22,POINT (-9.138819694519043 38.711429595947266)
2272_731,5018_20250901_190_0_5,190_0,1,38.755130767822266,-9.150799751281738,24,IN_TRANSIT_TO,2025-10-13 11:41:31,11321,2272,76-80-ZG,POINT (-9.150799751281738 38.755130767822266)
2497_735,5283_20250901_172_0_7,172_0,0,38.742469787597656,-9.136369705200195,23,IN_TRANSIT_TO,2025-10-13 11:41:30,305,2497,88-BL-71,POINT (-9.136369705200195 38.742469787597656)
542_12E,11025_20250901_77_0_7,77_0,1,38.71717834472656,-9.12975025177002,15,IN_TRANSIT_TO,2025-10-13 11:41:19,14803,542,,POINT (-9.12975025177002 38.71717834472656)
2742_720,4086_20250901_143_0_9,143_0,1,38.73741912841797,-9.123920440673828,30,IN_TRANSIT_TO,2025-10-13 11:41:28,8904,2742,AG-94-TG,POINT (-9.123920440673828 38.73741912841797)
2712_709,3401_20250901_148_0_17,148_0,1,38.71601867675781,-9.142120361328125,9,IN_TRANSIT_TO,2025-10-13 11:41:06,1102,2712,92-XQ-33,POINT (-9.142120361328125 38.71601867675781)
4825_783,7842_20250901_203_0_8,203_0,1,38.75994873046875,-9.135780334472656,13,IN_TRANSIT_TO,2025-10-13 11:41:29,7502,4825,20-VQ-72,POINT (-9.135780334472656 38.75994873046875)
2997_34B,19151_20250901_226_0_7,226_0,0,38.72697830200195,-9.110930442810059,11,IN_TRANSIT_TO,2025-10-13 11:41:05,8301,2997,34-VN-03,POINT (-9.110930442810059 38.72697830200195)
2838_751,6498_20250901_109_0_12,109_0,0,38.71875,-9.174750328063965,28,IN_TRANSIT_TO,2025-10-13 11:41:03,14312,2838,BF-59-FZ,POINT (-9.174750328063965 38.71875)
2781_738,5553_20250901_117_0_7,117_0,0,38.750030517578125,-9.159700393676758,8,IN_TRANSIT_TO,2025-10-13 11:40:46,13509,2781,AI-00-BT,POINT (-9.159700393676758 38.750030517578125)
2736_742,5687_20250901_114_0_8,114_0,1,38.71223068237305,-9.173469543457031,23,IN_TRANSIT_TO,2025-10-13 11:41:06,50068,2736,AG-47-EI,POINT (-9.173469543457031 38.71223068237305)
2711_727,4552_20250901_103_0_6,103_0,1,38.74277114868164,-9.146699905395508,42,IN_TRANSIT_TO,2025-10-13 11:41:31,1903,2711,92-XQ-44,POINT (-9.146699905395508 38.74277114868164)
605_15E,11254_20250901_76_0_9,76_0,0,38.70664978027344,-9.141770362854004,3,IN_TRANSIT_TO,2025-10-13 11:41:22,3820,605,,POINT (-9.141770362854004 38.70664978027344)
2724_723,4176_20250901_121_0_7,121_0,1,38.724918365478516,-9.150919914245605,28,IN_TRANSIT_TO,2025-10-13 11:40:58,1224,2724,92-XQ-40,POINT (-9.150919914245605 38.724918365478516)
6023_706,3260_20250901_147_0_8,147_0,0,38.726768493652344,-9.144920349121094,15,IN_TRANSIT_TO,2025-10-13 11:41:24,6609,6023,BF-03-BD,POINT (-9.144920349121094 38.726768493652344)
2346_767,7250_20250901_112_0_6,112_0,0,38.7601203918457,-9.174449920654297,24,IN_TRANSIT_TO,2025-10-13 11:41:08,50015,2346,62-93-ZG,POINT (-9.174449920654297 38.7601203918457)
1705_717,3803_20250901_170_0_9,170_0,0,38.7776985168457,-9.147520065307617,28,IN_TRANSIT_TO,2025-10-13 11:41:25,6020,1705,69-AL-68,POINT (-9.147520065307617 38.7776985168457)
401_10B,21749_20250901_242_0_12,242_0,0,38.71580123901367,-9.130949974060059,7,IN_TRANSIT_TO,2025-10-13 11:41:29,50522,401,BF-60-TR,POINT (-9.130949974060059 38.71580123901367)
2315_712,3525_20250901_189_0_7,189_0,0,38.72132110595703,-9.128569602966309,8,IN_TRANSIT_TO,2025-10-13 11:41:14,9111,2315,61-88-ZB,POINT (-9.128569602966309 38.72132110595703)
2266_731,5007_20250901_190_0_6,190_0,1,38.741729736328125,-9.15719985961914,30,IN_TRANSIT_TO,2025-10-13 11:41:15,3302,2266,76-92-ZG,POINT (-9.15719985961914 38.741729736328125)
1717_717,3759_20250901_170_0_9,170_0,1,38.796531677246094,-9.149419784545898,2,IN_TRANSIT_TO,2025-10-13 11:41:05,16003,1717,69-AL-80,POINT (-9.149419784545898 38.796531677246094)
2225_742,5769_20250901_114_0_6,114_0,0,38.73651885986328,-9.150500297546387,24,IN_TRANSIT_TO,2025-10-13 11:41:19,1409,2225,08-03-XS,POINT (-9.150500297546387 38.73651885986328)
2722_711,3512_20250901_101_0_6,101_0,1,38.71942901611328,-9.184969902038574,22,IN_TRANSIT_TO,2025-10-13 11:41:08,21306,2722,92-XQ-36,POINT (-9.184969902038574 38.71942901611328)
6041_760,7103_20250901_171_0_9,171_0,1,38.702999114990234,-9.194580078125,18,IN_TRANSIT_TO,2025-10-13 11:41:31,13401,6041,BG-20-LV,POINT (-9.194580078125 38.702999114990234)
2793_764,7158_20250901_168_0_9,168_0,1,38.74776840209961,-9.17123031616211,28,IN_TRANSIT_TO,2025-10-13 11:41:01,12710,2793,AJ-58-LI,POINT (-9.17123031616211 38.74776840209961)
580_28E,15012_20250901_75_0_5,75_0,1,38.71295166015625,-9.128899574279785,24,IN_TRANSIT_TO,2025-10-13 11:41:14,13813,580,,POINT (-9.128899574279785 38.71295166015625)
556_28E,14960_20250901_75_0_6,75_0,0,38.71091842651367,-9.130720138549805,30,IN_TRANSIT_TO,2025-10-13 11:41:28,8110,556,,POINT (-9.130720138549805 38.71091842651367)
279_79B,18661_20250901_221_0_7,221_0,0,38.699951171875,-9.214929580688477,37,IN_TRANSIT_TO,2025-10-13 11:41:18,9714,279,AI-38-FG,POINT (-9.214929580688477 38.699951171875)
2493_720,4100_20250901_143_0_9,143_0,0,38.704978942871094,-9.18412971496582,28,IN_TRANSIT_TO,2025-10-13 11:41:14,12004,2493,88-BL-65,POINT (-9.18412971496582 38.704978942871094)
574_25E,14263_20250901_79_0_12,79_0,0,38.71173095703125,-9.136380195617676,1,IN_TRANSIT_TO,2025-10-13 11:41:26,50620,574,,POINT (-9.136380195617676 38.71173095703125)
2442_767,7294_20250901_112_0_6,112_0,1,38.72576904296875,-9.140649795532227,41,IN_TRANSIT_TO,2025-10-13 11:41:24,6903,2442,29-AX-06,POINT (-9.140649795532227 38.72576904296875)
2257_778,18644_20250901_179_0_11,179_0,1,38.75252151489258,-9.189749717712402,0,IN_TRANSIT_TO,2025-10-13 11:41:20,,2257,80-50-ZE,POINT (-9.189749717712402 38.75252151489258)
2791_738,5535_20250901_117_0_8,117_0,0,38.70452117919922,-9.175700187683105,32,IN_TRANSIT_TO,2025-10-13 11:41:10,4004,2791,AJ-61-LI,POINT (-9.175700187683105 38.70452117919922)
260_61B,21530_20250901_241_0_13,241_0,0,38.72975158691406,-9.163619995117188,9,IN_TRANSIT_TO,2025-10-13 11:41:23,50509,260,AG-79-EF,POINT (-9.163619995117188 38.72975158691406)
568_24E,17842_20250901_213_0_17,213_0,1,38.722320556640625,-9.157320022583008,3,IN_TRANSIT_TO,2025-10-13 11:41:31,8516,568,,POINT (-9.157320022583008 38.722320556640625)
2764_714,3662_20250901_102_0_9,102_0,0,38.70132827758789,-9.206250190734863,21,IN_TRANSIT_TO,2025-10-13 11:41:31,9608,2764,AH-29-ND,POINT (-9.206250190734863 38.70132827758789)
2770_727,4528_20250901_103_0_6,103_0,0,38.723018646240234,-9.151450157165527,14,IN_TRANSIT_TO,2025-10-13 11:41:23,1214,2770,AH-30-ND,POINT (-9.151450157165527 38.723018646240234)
6031_732,5093_20250901_107_0_5,107_0,1,38.747928619384766,-9.15132999420166,43,IN_TRANSIT_TO,2025-10-13 11:41:26,2007,6031,BF-87-AX,POINT (-9.15132999420166 38.747928619384766)
604_15E,11318_20250901_76_0_10,76_0,1,38.695030212402344,-9.215519905090332,5,IN_TRANSIT_TO,2025-10-13 11:40:48,13205,604,,POINT (-9.215519905090332 38.695030212402344)
2986_797,8161_20250901_163_8_23,163_8,1,38.73160171508789,-9.12732982635498,5,IN_TRANSIT_TO,2025-10-13 11:40:03,50395,2986,30-VM-12,POINT (-9.12732982635498 38.73160171508789)
2702_764,7151_20250901_168_0_8,168_0,0,38.749629974365234,-9.16510009765625,3,IN_TRANSIT_TO,2025-10-13 11:41:11,13508,2702,92-XQ-21,POINT (-9.16510009765625 38.749629974365234)
229_773,7408_20250901_124_0_16,124_0,1,38.7110481262207,-9.15845012664795,17,IN_TRANSIT_TO,2025-10-13 11:41:25,10004,229,97-24-XT,POINT (-9.15845012664795 38.7110481262207)
2271_771,21936_20250901_248_0_10,248_0,1,38.72208023071289,-9.186380386352539,13,IN_TRANSIT_TO,2025-10-13 11:41:03,21308,2271,92-54-ZM,POINT (-9.186380386352539 38.72208023071289)
6038_760,7098_20250901_171_0_6,171_0,1,38.70838165283203,-9.136130332946777,31,IN_TRANSIT_TO,2025-10-13 11:41:14,3824,6038,BG-46-LV,POINT (-9.136130332946777 38.70838165283203)
2317_712,3565_20250901_189_0_9,189_0,0,38.727630615234375,-9.16211986541748,20,IN_TRANSIT_TO,2025-10-13 11:41:16,6103,2317,61-86-ZB,POINT (-9.16211986541748 38.727630615234375)
2748_735,5191_20250901_172_0_7,172_0,0,38.7164192199707,-9.120630264282227,7,IN_TRANSIT_TO,2025-10-13 11:41:01,2103,2748,AG-96-TG,POINT (-9.120630264282227 38.7164192199707)
2688_714,3697_20250901_102_0_8,102_0,1,38.704620361328125,-9.167349815368652,31,IN_TRANSIT_TO,2025-10-13 11:40:44,10209,2688,93-XA-35,POINT (-9.167349815368652 38.704620361328125)
2816_725,4255_20250901_197_0_18,197_0,1,38.773948669433594,-9.106100082397461,10,IN_TRANSIT_TO,2025-10-13 11:41:13,12316,2816,90-II-56,POINT (-9.106100082397461 38.773948669433594)
2228_793,8007_20250901_145_0_11,145_0,1,38.748878479003906,-9.107979774475098,15,IN_TRANSIT_TO,2025-10-13 11:41:30,2217,2228,06-24-XX,POINT (-9.107979774475098 38.748878479003906)
277_734,5144_20250901_205_0_13,205_0,1,38.711151123046875,-9.127320289611816,9,IN_TRANSIT_TO,2025-10-13 11:41:17,9126,277,AH-13-TB,POINT (-9.127320289611816 38.711151123046875)
4648_750,6413_20250901_106_0_5,106_0,1,38.744720458984375,-9.197999954223633,13,IN_TRANSIT_TO,2025-10-13 11:41:13,2812,4648,98-JO-47,POINT (-9.197999954223633 38.744720458984375)
560_18E,12182_20250901_78_0_14,78_0,1,38.70399856567383,-9.173049926757812,15,IN_TRANSIT_TO,2025-10-13 11:41:31,4001,560,,POINT (-9.173049926757812 38.70399856567383)
4624_783,7857_20250901_203_0_7,203_0,0,38.77275085449219,-9.117719650268555,23,IN_TRANSIT_TO,2025-10-13 11:41:33,12205,4624,11-JM-75,POINT (-9.117719650268555 38.77275085449219)
4811_748,6180_20250901_169_0_6,169_0,0,38.71717071533203,-9.219869613647461,6,IN_TRANSIT_TO,2025-10-13 11:41:20,18102,4811,34-VR-20,POINT (-9.219869613647461 38.71717071533203)
6026_732,5076_20250901_107_0_5,107_0,0,38.70425033569336,-9.173680305480957,24,IN_TRANSIT_TO,2025-10-13 11:41:26,10202,6026,BF-39-BB,POINT (-9.173680305480957 38.70425033569336)
2970_774,7457_20250901_192_0_16,192_0,1,38.72772979736328,-9.143320083618164,2,IN_TRANSIT_TO,2025-10-13 11:41:13,6608,2970,29-VM-87,POINT (-9.143320083618164 38.72772979736328)
4813_748,6182_20250901_169_0_5,169_0,1,38.72544860839844,-9.14894962310791,10,IN_TRANSIT_TO,2025-10-13 11:41:16,1212,4813,68-VQ-50,POINT (-9.14894962310791 38.72544860839844)
2972_79B,18671_20250901_221_0_7,221_0,0,38.69607162475586,-9.209879875183105,8,IN_TRANSIT_TO,2025-10-13 11:41:10,13209,2972,29-VM-96,POINT (-9.209879875183105 38.69607162475586)
2746_755,6682_20250901_118_0_8,118_0,0,38.75453186035156,-9.125049591064453,23,IN_TRANSIT_TO,2025-10-13 11:41:25,14720,2746,AG-97-TG,POINT (-9.125049591064453 38.75453186035156)
2466_767,7305_20250901_112_0_6,112_0,1,38.761329650878906,-9.157400131225586,28,IN_TRANSIT_TO,2025-10-13 11:41:12,5808,2466,16-AZ-16,POINT (-9.157400131225586 38.761329650878906)
1709_798,8190_20250901_194_0_15,194_0,0,38.76789855957031,-9.14840030670166,7,IN_TRANSIT_TO,2025-10-13 11:41:28,50154,1709,69-AL-72,POINT (-9.14840030670166 38.76789855957031)
2950_31B,17538_20250901_210_0_10,210_0,0,38.74974822998047,-9.119099617004395,22,IN_TRANSIT_TO,2025-10-13 11:41:11,3606,2950,62-GQ-51,POINT (-9.119099617004395 38.74974822998047)
2423_703,3135_20250901_165_0_8,165_0,1,38.77384948730469,-9.161800384521484,25,IN_TRANSIT_TO,2025-10-13 11:41:11,5915,2423,29-AU-18,POINT (-9.161800384521484 38.77384948730469)
2833_753,6577_20250901_167_0_13,167_0,0,38.722679138183594,-9.171549797058105,7,IN_TRANSIT_TO,2025-10-13 11:41:28,8607,2833,BF-65-FZ,POINT (-9.171549797058105 38.722679138183594)
2768_727,4502_20250901_103_0_5,103_0,0,38.704219818115234,-9.202380180358887,39,IN_TRANSIT_TO,2025-10-13 11:41:15,13310,2768,AH-25-ND,POINT (-9.202380180358887 38.704219818115234)
2965_774,7450_20250901_192_0_16,192_0,1,38.72142028808594,-9.156350135803223,8,IN_TRANSIT_TO,2025-10-13 11:41:09,6824,2965,29-VM-97,POINT (-9.156350135803223 38.72142028808594)
407_73B,18773_20250901_220_0_8,220_0,0,38.699771881103516,-9.183629989624023,0,IN_TRANSIT_TO,2025-10-13 11:41:08,,407,BF-55-TT,POINT (-9.183629989624023 38.699771881103516)
2836_728,4724_20250901_204_4_5,204_4,1,38.7100715637207,-9.128350257873535,3,IN_TRANSIT_TO,2025-10-13 11:41:08,8204,2836,BF-70-FZ,POINT (-9.128350257873535 38.7100715637207)
615_15E,11303_20250901_76_0_8,76_0,1,38.6986198425293,-9.187350273132324,11,IN_TRANSIT_TO,2025-10-13 11:41:19,9505,615,,POINT (-9.187350273132324 38.6986198425293)
2958_71B,45267_20250901_278_0_7,278_0,0,38.75471878051758,-9.19534969329834,28,IN_TRANSIT_TO,2025-10-13 11:41:18,10917,2958,27-GU-73,POINT (-9.19534969329834 38.75471878051758)
1758_755,6632_20250901_118_0_6,118_0,1,38.744468688964844,-9.168330192565918,2,IN_TRANSIT_TO,2025-10-13 11:41:25,1603,1758,34-HU-24,POINT (-9.168330192565918 38.744468688964844)
2296_724,4222_20250901_178_0_12,178_0,1,38.75297164916992,-9.196669578552246,7,IN_TRANSIT_TO,2025-10-13 11:41:22,10909,2296,92-51-ZM,POINT (-9.196669578552246 38.75297164916992)
2735_701,2987_20250901_123_0_13,123_0,1,38.71900177001953,-9.169599533081055,3,IN_TRANSIT_TO,2025-10-13 11:41:22,8014,2735,AG-37-EI,POINT (-9.169599533081055 38.71900177001953)
4612_728,4609_20250901_204_0_8,204_0,0,38.70719909667969,-9.205670356750488,5,IN_TRANSIT_TO,2025-10-13 11:41:34,13115,4612,96-GL-89,POINT (-9.205670356750488 38.70719909667969)
2447_716,3734_20250901_164_0_7,164_0,0,38.743621826171875,-9.175519943237305,15,IN_TRANSIT_TO,2025-10-13 11:41:24,10706,2447,44-BC-33,POINT (-9.175519943237305 38.743621826171875)
2814_718,3959_20250901_105_0_10,105_0,0,38.73516845703125,-9.133970260620117,28,IN_TRANSIT_TO,2025-10-13 11:41:14,509,2814,90-II-54,POINT (-9.133970260620117 38.73516845703125)
2963_774,7430_20250901_192_0_17,192_0,0,38.72113037109375,-9.164070129394531,5,IN_TRANSIT_TO,2025-10-13 11:41:20,8027,2963,29-VM-88,POINT (-9.164070129394531 38.72113037109375)
2624_759,6896_20250901_144_0_6,144_0,1,38.77199935913086,-9.097550392150879,3,IN_TRANSIT_TO,2025-10-13 11:41:06,7821,2624,72-VP-82,POINT (-9.097550392150879 38.77199935913086)
2615_722,4127_20250901_196_0_8,196_0,1,38.72602844238281,-9.150469779968262,32,IN_TRANSIT_TO,2025-10-13 11:41:17,1206,2615,66-VI-27,POINT (-9.150469779968262 38.72602844238281)
2408_716,3753_20250901_164_0_12,164_0,1,38.7409782409668,-9.168219566345215,13,IN_TRANSIT_TO,2025-10-13 11:41:07,1610,2408,50-AL-08,POINT (-9.168219566345215 38.7409782409668)
2975_730,4949_20250901_198_0_10,198_0,0,38.73316955566406,-9.128250122070312,11,IN_TRANSIT_TO,2025-10-13 11:41:19,50467,2975,30-VM-11,POINT (-9.128250122070312 38.73316955566406)
2697_714,3689_20250901_102_0_6,102_0,1,38.70500183105469,-9.161499977111816,32,IN_TRANSIT_TO,2025-10-13 11:41:31,10211,2697,90-XF-59,POINT (-9.161499977111816 38.70500183105469)
2422_767,7228_20250901_112_0_4,112_0,1,38.69601821899414,-9.219429969787598,0,IN_TRANSIT_TO,2025-10-13 11:41:18,,2422,29-AU-17,POINT (-9.219429969787598 38.69601821899414)
541_28E,15050_20250901_75_0_7,75_0,1,38.70933151245117,-9.138429641723633,18,IN_TRANSIT_TO,2025-10-13 11:38:23,50149,541,,POINT (-9.138429641723633 38.70933151245117)
2666_711,3475_20250901_101_0_9,101_0,0,38.72438049316406,-9.16100025177002,9,IN_TRANSIT_TO,2025-10-13 11:41:13,8501,2666,87-XB-39,POINT (-9.16100025177002 38.72438049316406)
2824_728,4681_20250901_204_0_7,204_0,1,38.76176834106445,-9.098549842834473,11,IN_TRANSIT_TO,2025-10-13 11:41:09,2401,2824,BF-67-FZ,POINT (-9.098549842834473 38.76176834106445)
2630_744,5819_20250901_200_0_7,200_0,1,38.7198486328125,-9.145380020141602,32,IN_TRANSIT_TO,2025-10-13 11:41:31,1102,2630,52-VP-89,POINT (-9.145380020141602 38.7198486328125)
1727_742,5776_20250901_114_0_8,114_0,0,38.737728118896484,-9.14264965057373,22,IN_TRANSIT_TO,2025-10-13 11:41:10,11118,1727,25-AS-39,POINT (-9.14264965057373 38.737728118896484)
2243_767,7281_20250901_112_0_5,112_0,0,38.734798431396484,-9.141599655151367,6,IN_TRANSIT_TO,2025-10-13 11:41:23,11102,2243,22-36-ZB,POINT (-9.141599655151367 38.734798431396484)
2480_767,7201_20250901_112_0_6,112_0,1,38.74913024902344,-9.219030380249023,1,IN_TRANSIT_TO,2025-10-13 11:41:02,50335,2480,91-BE-75,POINT (-9.219030380249023 38.74913024902344)
2322_712,3557_20250901_189_0_10,189_0,1,38.703369140625,-9.17477035522461,0,IN_TRANSIT_TO,2025-10-13 11:41:23,,2322,67-46-ZJ,POINT (-9.17477035522461 38.703369140625)
602_15E,55264_20250901_76_0_1,76_0,0,38.69744873046875,-9.194230079650879,14,IN_TRANSIT_TO,2025-10-13 11:41:26,9508,602,,POINT (-9.194230079650879 38.69744873046875)
4645_750,6290_20250901_106_0_7,106_0,0,38.74932098388672,-9.197600364685059,24,IN_TRANSIT_TO,2025-10-13 11:41:15,10908,4645,98-JO-46,POINT (-9.197600364685059 38.74932098388672)
2788_727,4553_20250901_103_0_6,103_0,1,38.71931838989258,-9.155699729919434,33,IN_TRANSIT_TO,2025-10-13 11:40:34,6817,2788,AI-51-TL,POINT (-9.155699729919434 38.71931838989258)
4805_728,4641_20250901_204_0_7,204_0,1,38.7039794921875,-9.161250114440918,37,IN_TRANSIT_TO,2025-10-13 11:41:27,3902,4805,20-VQ-66,POINT (-9.161250114440918 38.7039794921875)
2483_729,4836_20250901_104_0_5,104_0,0,38.74448013305664,-9.19653034210205,18,IN_TRANSIT_TO,2025-10-13 11:40:50,2805,2483,74-BC-66,POINT (-9.19653034210205 38.74448013305664)
576_28E,14972_20250901_75_0_8,75_0,0,38.717281341552734,-9.129870414733887,9,IN_TRANSIT_TO,2025-10-13 11:41:27,14804,576,,POINT (-9.129870414733887 38.717281341552734)
561_25E,14268_20250901_79_0_9,79_0,1,38.706268310546875,-9.14430046081543,16,IN_TRANSIT_TO,2025-10-13 11:41:20,3803,561,,POINT (-9.14430046081543 38.706268310546875)
410_51E,1152_20250901_158_0_13,158_0,0,38.71147918701172,-9.14031982421875,3,IN_TRANSIT_TO,2025-10-13 11:40:30,5510,410,BF-21-VF,POINT (-9.14031982421875 38.71147918701172)
2802_718,3937_20250901_105_0_11,105_0,1,38.74549865722656,-9.13582992553711,0,IN_TRANSIT_TO,2025-10-13 11:41:18,,2802,01-IH-91,POINT (-9.13582992553711 38.74549865722656)
2815_29B,17534_20250901_209_0_9,209_0,0,38.76192855834961,-9.110079765319824,8,IN_TRANSIT_TO,2025-10-13 11:41:33,8442,2815,90-II-55,POINT (-9.110079765319824 38.76192855834961)
208_46B,21499_20250901_239_0_6,239_0,0,38.759220123291016,-9.14922046661377,16,IN_TRANSIT_TO,2025-10-13 10:04:36,11306,208,33-47-XH,POINT (-9.14922046661377 38.759220123291016)
202_46B,35071_20250901_239_2_14,239_2,0,38.74877166748047,-9.146750450134277,19,IN_TRANSIT_TO,2025-09-28 15:41:19,11302,202,89-58-XD,POINT (-9.146750450134277 38.74877166748047)
2223_708,3276_20250901_100_0_9,100_0,1,38.768001556396484,-9.097999572753906,14,IN_TRANSIT_TO,2025-10-13 11:41:11,7822,2223,08-16-XS,POINT (-9.097999572753906 38.768001556396484)
307_717,3879_20250901_170_0_9,170_0,1,38.7872314453125,-9.142550468444824,8,IN_TRANSIT_TO,2025-10-13 11:41:27,6003,307,73-ST-82,POINT (-9.142550468444824 38.7872314453125)
2809_718,3978_20250901_105_0_9,105_0,1,38.74958038330078,-9.104829788208008,24,IN_TRANSIT_TO,2025-10-13 11:41:32,2206,2809,01-IH-98,POINT (-9.104829788208008 38.74958038330078)
1778_708,3351_20250901_100_0_7,100_0,0,38.716529846191406,-9.135600090026855,2,IN_TRANSIT_TO,2025-10-13 11:41:23,818,1778,63-HX-30,POINT (-9.135600090026855 38.716529846191406)
2648_705,3180_20250901_176_0_10,176_0,1,38.74536895751953,-9.135279655456543,0,IN_TRANSIT_TO,2025-10-13 11:41:08,,2648,75-VS-46,POINT (-9.135279655456543 38.74536895751953)
2771_727,4454_20250901_103_0_5,103_0,1,38.6973991394043,-9.204000473022461,11,IN_TRANSIT_TO,2025-10-13 11:41:13,9601,2771,AH-20-ND,POINT (-9.204000473022461 38.6973991394043)
4614_750,6421_20250901_106_0_8,106_0,1,38.69860076904297,-9.227250099182129,0,IN_TRANSIT_TO,2025-10-13 11:40:44,,4614,96-GL-90,POINT (-9.227250099182129 38.69860076904297)
2973_34B,19141_20250901_226_0_7,226_0,0,38.73762130737305,-9.125519752502441,39,IN_TRANSIT_TO,2025-10-13 11:41:16,8912,2973,30-VM-13,POINT (-9.125519752502441 38.73762130737305)
2672_713,3612_20250901_122_0_10,122_0,1,38.72438049316406,-9.160070419311523,26,IN_TRANSIT_TO,2025-10-13 11:41:28,8511,2672,87-XB-44,POINT (-9.160070419311523 38.72438049316406)
2251_771,39065_20250901_248_0_10,248_0,0,38.73115158081055,-9.162569999694824,6,IN_TRANSIT_TO,2025-10-13 11:41:29,6124,2251,22-31-ZB,POINT (-9.162569999694824 38.73115158081055)
573_28E,14895_20250901_75_0_7,75_0,1,38.71062088012695,-9.142829895019531,13,IN_TRANSIT_TO,2025-10-13 11:41:26,10513,573,,POINT (-9.142829895019531 38.71062088012695)
4646_728,4661_20250901_204_0_5,204_0,1,38.71200180053711,-9.124699592590332,29,IN_TRANSIT_TO,2025-10-13 11:41:31,2114,4646,11-JM-79,POINT (-9.124699592590332 38.71200180053711)
2987_770,7364_20250901_191_0_12,191_0,0,38.73249816894531,-9.171879768371582,13,IN_TRANSIT_TO,2025-10-13 11:41:14,50087,2987,29-VM-99,POINT (-9.171879768371582 38.73249816894531)
2306_794,8073_20250901_115_0_8,115_0,0,38.753849029541016,-9.107219696044922,30,IN_TRANSIT_TO,2025-10-13 11:41:10,24365,2306,83-19-ZM,POINT (-9.107219696044922 38.753849029541016)
2792_738,5572_20250901_117_0_8,117_0,1,38.726680755615234,-9.149049758911133,17,IN_TRANSIT_TO,2025-10-13 11:41:29,1205,2792,AJ-53-LI,POINT (-9.149049758911133 38.726680755615234)
2740_742,5731_20250901_114_0_8,114_0,0,38.713680267333984,-9.199130058288574,22,IN_TRANSIT_TO,2025-10-13 11:41:29,11118,2740,AG-43-EI,POINT (-9.199130058288574 38.713680267333984)
2659_776,7489_20250901_193_0_25,193_0,1,38.700721740722656,-9.244379997253418,6,IN_TRANSIT_TO,2025-10-13 11:41:32,14903,2659,05-VZ-57,POINT (-9.244379997253418 38.700721740722656)
2250_731,19403_20240727_190_0_8,190_0,1,38.78303146362305,-9.114009857177734,3,IN_TRANSIT_TO,2024-08-10 10:41:27,12610,2250,80-41-ZE,POINT (-9.114009857177734 38.78303146362305)
2280_758,6877_20250901_150_0_7,150_0,0,38.75080108642578,-9.20164966583252,29,IN_TRANSIT_TO,2025-10-13 11:41:24,10904,2280,67-40-ZJ,POINT (-9.20164966583252 38.75080108642578)
2298_783,7809_20250901_203_0_9,203_0,0,38.743099212646484,-9.146769523620605,9,IN_TRANSIT_TO,2025-10-13 11:41:05,1901,2298,83-05-ZM,POINT (-9.146769523620605 38.743099212646484)
2789_754,6615_20250901_201_0_8,201_0,1,38.73365020751953,-9.220319747924805,8,IN_TRANSIT_TO,2025-10-13 11:41:28,18103,2789,AI-53-TL,POINT (-9.220319747924805 38.73365020751953)
2281_768,7347_20250901_111_0_8,111_0,1,38.7435302734375,-9.17549991607666,17,IN_TRANSIT_TO,2025-10-13 11:41:35,10705,2281,67-56-ZJ,POINT (-9.17549991607666 38.7435302734375)
2618_759,6949_20250901_144_0_7,144_0,0,38.731571197509766,-9.112669944763184,16,IN_TRANSIT_TO,2025-10-13 11:41:22,17567,2618,66-VI-42,POINT (-9.112669944763184 38.731571197509766)
2660_754,6609_20250901_201_0_10,201_0,1,38.747249603271484,-9.188520431518555,21,IN_TRANSIT_TO,2025-10-13 11:40:46,10815,2660,05-VZ-60,POINT (-9.188520431518555 38.747249603271484)
4803_728,4569_20250901_204_0_6,204_0,0,38.756168365478516,-9.09652042388916,38,IN_TRANSIT_TO,2025-10-13 11:41:35,2410,4803,77-VP-16,POINT (-9.09652042388916 38.756168365478516)
2440_778,7529_20250901_179_0_13,179_0,0,38.77077865600586,-9.169830322265625,13,IN_TRANSIT_TO,2025-10-13 11:41:32,50095,2440,29-AX-08,POINT (-9.169830322265625 38.77077865600586)
2651_781,7747_20250901_151_0_8,151_0,0,38.743499755859375,-9.101570129394531,9,IN_TRANSIT_TO,2025-10-13 11:40:27,12511,2651,05-VZ-54,POINT (-9.101570129394531 38.743499755859375)
2752_742,5759_20250901_114_0_7,114_0,0,38.704750061035156,-9.17770004272461,40,IN_TRANSIT_TO,2025-10-13 11:41:15,12121,2752,AG-18-TH,POINT (-9.17770004272461 38.704750061035156)
405_67B,28216_20250901_253_0_8,253_0,0,38.706268310546875,-9.165430068969727,15,IN_TRANSIT_TO,2025-10-13 11:41:23,50216,405,BF-14-TU,POINT (-9.165430068969727 38.706268310546875)
1751_735,5275_20250901_172_0_7,172_0,0,38.75321960449219,-9.158149719238281,31,IN_TRANSIT_TO,2025-10-13 11:41:05,5701,1751,34-HU-17,POINT (-9.158149719238281 38.75321960449219)
2942_26B,17510_20250901_208_0_11,208_0,0,38.788700103759766,-9.09922981262207,2,IN_TRANSIT_TO,2025-10-13 11:41:21,50304,2942,51-GL-82,POINT (-9.09922981262207 38.788700103759766)
4838_736,5399_20250901_199_0_8,199_0,1,38.72446823120117,-9.149800300598145,26,IN_TRANSIT_TO,2025-10-13 11:41:07,1206,4838,34-VR-22,POINT (-9.149800300598145 38.72446823120117)
2687_711,3517_20250901_101_0_8,101_0,1,38.75053024291992,-9.211099624633789,6,IN_TRANSIT_TO,2025-10-13 11:41:13,3003,2687,93-XA-44,POINT (-9.211099624633789 38.75053024291992)
4839_736,5422_20250901_199_0_8,199_0,1,38.765419006347656,-9.157299995422363,13,IN_TRANSIT_TO,2025-10-13 11:41:24,5814,4839,53-VR-08,POINT (-9.157299995422363 38.765419006347656)
2232_758,6860_20250901_150_0_8,150_0,1,38.72919845581055,-9.162369728088379,19,IN_TRANSIT_TO,2025-10-13 11:41:03,6122,2232,06-23-XX,POINT (-9.162369728088379 38.72919845581055)
2823_728,4621_20250901_204_0_7,204_0,1,38.708030700683594,-9.206319808959961,48,IN_TRANSIT_TO,2025-10-13 11:41:03,13116,2823,BF-64-FZ,POINT (-9.206319808959961 38.708030700683594)
2765_727,4441_20250901_103_0_6,103_0,1,38.704681396484375,-9.168950080871582,21,IN_TRANSIT_TO,2025-10-13 11:41:08,10207,2765,AH-37-ND,POINT (-9.168950080871582 38.704681396484375)
2839_751,6481_20250901_109_0_11,109_0,0,38.69850158691406,-9.188150405883789,12,IN_TRANSIT_TO,2025-10-13 11:41:28,9506,2839,BF-69-FZ,POINT (-9.188150405883789 38.69850158691406)
2983_702,3068_20250901_146_0_17,146_0,0,38.73162841796875,-9.168319702148438,9,IN_TRANSIT_TO,2025-10-13 11:41:33,2701,2983,30-VM-08,POINT (-9.168319702148438 38.73162841796875)
2980_730,4969_20250901_198_0_10,198_0,1,38.72357177734375,-9.137619972229004,7,IN_TRANSIT_TO,2025-10-13 11:41:32,9202,2980,29-VM-90,POINT (-9.137619972229004 38.72357177734375)
2454_703,3100_20250901_165_0_8,165_0,0,38.782169342041016,-9.157819747924805,12,IN_TRANSIT_TO,2025-10-13 11:41:06,5933,2454,16-AZ-18,POINT (-9.157819747924805 38.782169342041016)
4647_750,6401_20250901_106_0_7,106_0,1,38.757530212402344,-9.17593002319336,21,IN_TRANSIT_TO,2025-10-13 11:41:25,13603,4647,02-JN-88,POINT (-9.17593002319336 38.757530212402344)
2979_730,4947_20250901_198_0_10,198_0,0,38.729820251464844,-9.144120216369629,25,IN_TRANSIT_TO,2025-10-13 11:41:11,1707,2979,30-VM-17,POINT (-9.144120216369629 38.729820251464844)
4802_728,4581_20250901_204_0_8,204_0,0,38.71392822265625,-9.122050285339355,24,IN_TRANSIT_TO,2025-10-13 11:41:13,2111,4802,77-VP-17,POINT (-9.122050285339355 38.71392822265625)
1722_735,5182_20250901_172_0_9,172_0,0,38.730228424072266,-9.1279296875,15,IN_TRANSIT_TO,2025-10-13 11:41:29,7009,1722,25-AS-34,POINT (-9.1279296875 38.730228424072266)
6008_760,7095_20250901_171_0_2,171_0,1,38.7088508605957,-9.1360502243042,31,IN_TRANSIT_TO,2025-10-13 11:41:18,3824,6008,81-ZC-08,POINT (-9.1360502243042 38.7088508605957)
1763_701,2960_20250901_123_0_8,123_0,0,38.753929138183594,-9.152469635009766,3,IN_TRANSIT_TO,2025-10-13 11:41:08,5704,1763,63-HX-25,POINT (-9.152469635009766 38.753929138183594)
2663_714,3697_20240914_102_0_16,102_0,1,38.72127151489258,-9.221500396728516,4,IN_TRANSIT_TO,2024-10-22 20:26:58,18703,2663,05-VZ-62,POINT (-9.221500396728516 38.72127151489258)
4818_751,6454_20250901_109_0_13,109_0,0,38.70100021362305,-9.221400260925293,21,IN_TRANSIT_TO,2025-10-13 11:41:18,9709,4818,42-VT-57,POINT (-9.221400260925293 38.70100021362305)
2843_751,6510_20250901_109_0_8,109_0,1,38.704898834228516,-9.177330017089844,24,IN_TRANSIT_TO,2025-10-13 11:41:13,12107,2843,BF-63-FZ,POINT (-9.177330017089844 38.704898834228516)
2990_55B,21534_20250901_240_0_13,240_0,0,38.767921447753906,-9.18554973602295,9,IN_TRANSIT_TO,2025-10-13 11:41:07,50512,2990,30-VM-06,POINT (-9.18554973602295 38.767921447753906)
265_734,5150_20250901_205_0_14,205_0,0,38.722068786621094,-9.135319709777832,3,IN_TRANSIT_TO,2025-10-13 11:40:59,701,265,AG-40-OV,POINT (-9.135319709777832 38.722068786621094)
2406_747,6079_20250901_177_0_11,177_0,0,38.7666015625,-9.182129859924316,12,IN_TRANSIT_TO,2025-10-13 11:41:01,12810,2406,50-AL-09,POINT (-9.182129859924316 38.7666015625)
2944_32B,17548_20250901_211_0_14,211_0,0,38.74633026123047,-9.112919807434082,18,IN_TRANSIT_TO,2025-10-13 11:41:30,3708,2944,75-GO-13,POINT (-9.112919807434082 38.74633026123047)
2723_746,5964_20250901_108_0_11,108_0,0,38.74161911010742,-9.17057991027832,10,IN_TRANSIT_TO,2025-10-13 11:41:33,1607,2723,92-XQ-43,POINT (-9.17057991027832 38.74161911010742)
2637_744,5830_20250901_200_0_6,200_0,1,38.74917984008789,-9.137980461120605,20,IN_TRANSIT_TO,2025-10-13 11:41:33,11202,2637,87-VS-51,POINT (-9.137980461120605 38.74917984008789)
2426_760,7044_20250901_171_0_3,171_0,0,38.703529357910156,-9.19102954864502,24,IN_TRANSIT_TO,2025-10-13 11:41:16,13406,2426,29-AU-21,POINT (-9.19102954864502 38.703529357910156)
2984_765,18944_20250901_110_0_25,110_0,0,38.75585174560547,-9.199729919433594,5,IN_TRANSIT_TO,2025-10-13 11:41:14,13706,2984,30-VM-04,POINT (-9.199729919433594 38.75585174560547)
6009_706,3235_20250901_147_0_3,147_0,1,38.72365188598633,-9.14780044555664,21,IN_TRANSIT_TO,2025-10-13 11:41:13,1217,6009,81-ZC-18,POINT (-9.14780044555664 38.72365188598633)
2611_744,5838_20250901_200_0_8,200_0,1,38.763999938964844,-9.129579544067383,14,IN_TRANSIT_TO,2025-10-13 11:41:27,50592,2611,66-VI-38,POINT (-9.129579544067383 38.763999938964844)
2221_735,5232_20250901_172_0_8,172_0,1,38.71752166748047,-9.121800422668457,25,IN_TRANSIT_TO,2025-10-13 11:41:08,2106,2221,07-95-XS,POINT (-9.121800422668457 38.71752166748047)
6048_760,7066_20250901_171_0_6,171_0,0,38.70867919921875,-9.135530471801758,10,IN_TRANSIT_TO,2025-10-13 11:41:27,5502,6048,BH-46-IR,POINT (-9.135530471801758 38.70867919921875)
2461_726,4317_20250901_116_0_8,116_0,1,38.740299224853516,-9.16781997680664,16,IN_TRANSIT_TO,2025-10-13 11:41:16,1610,2461,55-BH-04,POINT (-9.16781997680664 38.740299224853516)
2750_742,5782_20250901_114_0_7,114_0,0,38.732818603515625,-9.11460018157959,1,IN_TRANSIT_TO,2025-10-13 11:40:20,17574,2750,AG-10-TH,POINT (-9.11460018157959 38.732818603515625)
2772_738,5512_20250901_117_0_8,117_0,1,38.7045783996582,-9.176549911499023,5,IN_TRANSIT_TO,2025-10-13 11:41:06,12101,2772,AH-24-ND,POINT (-9.176549911499023 38.7045783996582)
2303_742,5720_20250901_114_0_8,114_0,1,38.70962905883789,-9.194820404052734,9,IN_TRANSIT_TO,2025-10-13 11:41:21,10305,2303,83-11-ZM,POINT (-9.194820404052734 38.70962905883789)
2214_708,3358_20250901_100_0_7,100_0,1,38.76179885864258,-9.112669944763184,24,IN_TRANSIT_TO,2025-10-13 11:41:21,8435,2214,08-02-XS,POINT (-9.112669944763184 38.76179885864258)
2807_749,6201_20250901_195_5_12,195_5,0,38.74967956542969,-9.10569953918457,9,IN_TRANSIT_TO,2025-10-13 11:41:26,2218,2807,01-IH-96,POINT (-9.10569953918457 38.74967956542969)
2309_793,8019_20250901_145_0_11,145_0,1,38.741920471191406,-9.131070137023926,3,IN_TRANSIT_TO,2025-10-13 11:41:06,312,2309,83-15-ZM,POINT (-9.131070137023926 38.741920471191406)
2638_736,5424_20250901_199_0_6,199_0,1,38.78580093383789,-9.172249794006348,4,IN_TRANSIT_TO,2025-10-13 11:41:06,15107,2638,87-VS-48,POINT (-9.172249794006348 38.78580093383789)
2996_52B,21671_20250901_244_0_9,244_0,0,38.739498138427734,-9.155420303344727,9,IN_TRANSIT_TO,2025-10-13 11:41:11,50581,2996,30-VM-03,POINT (-9.155420303344727 38.739498138427734)
2978_774,7437_20250901_192_0_13,192_0,0,38.714778900146484,-9.17002010345459,0,IN_TRANSIT_TO,2025-10-13 11:41:11,,2978,29-VM-92,POINT (-9.17002010345459 38.714778900146484)
4829_736,5319_20250901_199_0_9,199_0,0,38.75558090209961,-9.151419639587402,14,IN_TRANSIT_TO,2025-10-13 11:41:09,5705,4829,34-VR-21,POINT (-9.151419639587402 38.75558090209961)
2985_797,8172_20250901_163_0_17,163_0,0,38.724369049072266,-9.129520416259766,9,IN_TRANSIT_TO,2025-10-13 11:41:20,9103,2985,30-VM-14,POINT (-9.129520416259766 38.724369049072266)
2238_731,41474_20250901_190_0_7,190_0,0,38.775150299072266,-9.111120223999023,27,IN_TRANSIT_TO,2025-10-13 11:41:17,7801,2238,06-29-XX,POINT (-9.111120223999023 38.775150299072266)
2602_722,4129_20250901_196_0_7,196_0,1,38.77016830444336,-9.127169609069824,15,IN_TRANSIT_TO,2025-10-13 11:41:09,7604,2602,16-VF-81,POINT (-9.127169609069824 38.77016830444336)
4833_736,5351_20250901_199_0_9,199_0,0,38.72119903564453,-9.146369934082031,3,IN_TRANSIT_TO,2025-10-13 11:41:09,1103,4833,20-VQ-65,POINT (-9.146369934082031 38.72119903564453)
572_28E,15064_20250901_75_0_4,75_0,1,38.712100982666016,-9.154720306396484,8,IN_TRANSIT_TO,2025-10-13 11:41:09,6721,572,,POINT (-9.154720306396484 38.712100982666016)
212_17B,21713_20250901_247_0_9,247_0,0,38.71979904174805,-9.136170387268066,13,IN_TRANSIT_TO,2025-10-13 11:41:22,813,212,44-11-XL,POINT (-9.136170387268066 38.71979904174805)
2646_744,5850_20250901_200_0_7,200_0,0,38.75025177001953,-9.137330055236816,11,IN_TRANSIT_TO,2025-10-13 11:41:29,11205,2646,75-VS-48,POINT (-9.137330055236816 38.75025177001953)
1721_755,6663_20250901_118_0_7,118_0,0,38.75080108642578,-9.158820152282715,37,IN_TRANSIT_TO,2025-10-13 11:41:12,13507,1721,25-AS-33,POINT (-9.158820152282715 38.75080108642578)
2627_705,3195_20250901_176_0_9,176_0,1,38.774818420410156,-9.109270095825195,20,IN_TRANSIT_TO,2025-10-13 11:41:22,12301,2627,52-VP-83,POINT (-9.109270095825195 38.774818420410156)
2496_794,8043_20250901_115_0_9,115_0,1,38.7599983215332,-9.103619575500488,3,IN_TRANSIT_TO,2025-10-13 11:41:10,2322,2496,88-BL-70,POINT (-9.103619575500488 38.7599983215332)
1770_755,6694_20250901_118_0_10,118_0,0,38.743629455566406,-9.1110200881958,9,IN_TRANSIT_TO,2025-10-13 11:41:07,3720,1770,63-HX-17,POINT (-9.1110200881958 38.743629455566406)
2669_754,6584_20250901_201_0_7,201_0,0,38.74357986450195,-9.175350189208984,11,IN_TRANSIT_TO,2025-10-13 11:41:21,10706,2669,87-XB-34,POINT (-9.175350189208984 38.74357986450195)
578_28E,15024_20250901_75_0_7,75_0,1,38.71287155151367,-9.129380226135254,24,IN_TRANSIT_TO,2025-10-13 11:41:15,13813,578,,POINT (-9.129380226135254 38.71287155151367)
1769_717,3864_20250901_170_0_8,170_0,1,38.765621185302734,-9.157329559326172,23,IN_TRANSIT_TO,2025-10-13 11:41:17,5902,1769,63-HX-24,POINT (-9.157329559326172 38.765621185302734)
2682_711,3454_20250901_101_0_8,101_0,0,38.753421783447266,-9.209480285644531,25,IN_TRANSIT_TO,2025-10-13 11:41:07,11006,2682,93-XA-42,POINT (-9.209480285644531 38.753421783447266)
544_28E,14986_20250901_75_0_7,75_0,1,38.71541976928711,-9.164569854736328,13,IN_TRANSIT_TO,2025-10-13 11:41:08,10513,544,,POINT (-9.164569854736328 38.71541976928711)
2433_716,3747_20250901_164_0_12,164_0,1,38.73514938354492,-9.14525032043457,22,IN_TRANSIT_TO,2025-10-13 11:41:22,1806,2433,44-BC-28,POINT (-9.14525032043457 38.73514938354492)
2237_758,6831_20250901_150_0_7,150_0,1,38.70526885986328,-9.143320083618164,33,IN_TRANSIT_TO,2025-10-13 11:41:08,3826,2237,06-27-XX,POINT (-9.143320083618164 38.70526885986328)
2674_709,3412_20250901_148_0_12,148_0,0,38.719749450683594,-9.155799865722656,7,IN_TRANSIT_TO,2025-10-13 11:41:33,6810,2674,87-XB-38,POINT (-9.155799865722656 38.719749450683594)
2778_754,6622_20250901_201_0_9,201_0,0,38.745330810546875,-9.204500198364258,20,IN_TRANSIT_TO,2025-10-13 11:41:14,8816,2778,AI-03-BT,POINT (-9.204500198364258 38.745330810546875)
2941_40B,19262_20250901_212_0_10,212_0,1,38.78165054321289,-9.158679962158203,8,IN_TRANSIT_TO,2025-10-13 11:41:14,5926,2941,51-GL-81,POINT (-9.158679962158203 38.78165054321289)
2261_742,5676_20250901_114_0_5,114_0,1,38.73080062866211,-9.156620025634766,32,IN_TRANSIT_TO,2025-10-13 11:41:17,6116,2261,80-49-ZE,POINT (-9.156620025634766 38.73080062866211)
2226_742,5777_20250901_114_0_6,114_0,0,38.734500885009766,-9.136719703674316,18,IN_TRANSIT_TO,2025-10-13 11:41:21,518,2226,06-35-XX,POINT (-9.136719703674316 38.734500885009766)
2739_742,5747_20250901_114_0_7,114_0,0,38.70492172241211,-9.195969581604004,48,IN_TRANSIT_TO,2025-10-13 11:38:48,13410,2739,AG-31-EI,POINT (-9.195969581604004 38.70492172241211)
2209_708,3311_20250901_100_0_8,100_0,0,38.76622009277344,-9.11281967163086,23,IN_TRANSIT_TO,2025-10-13 11:41:20,7722,2209,01-68-XO,POINT (-9.11281967163086 38.76622009277344)
551_28E,14946_20250901_75_0_3,75_0,1,38.71907043457031,-9.129850387573242,28,IN_TRANSIT_TO,2025-10-13 11:41:33,9130,551,,POINT (-9.129850387573242 38.71907043457031)
2631_744,5805_20250901_200_0_7,200_0,0,38.73160171508789,-9.146050453186035,5,IN_TRANSIT_TO,2025-10-13 11:41:21,1713,2631,52-VP-80,POINT (-9.146050453186035 38.73160171508789)
234_49B,22224_20250901_251_0_11,251_0,0,38.74542999267578,-9.136249542236328,17,IN_TRANSIT_TO,2025-10-13 11:41:34,50109,234,13-31-XZ,POINT (-9.136249542236328 38.74542999267578)
1776_720,4101_20250901_143_0_7,143_0,0,38.70452880859375,-9.17572021484375,25,IN_TRANSIT_TO,2025-10-13 11:41:21,4004,1776,53-HX-09,POINT (-9.17572021484375 38.70452880859375)
2608_759,6981_20250901_144_0_8,144_0,1,38.736900329589844,-9.112700462341309,28,IN_TRANSIT_TO,2025-10-13 11:40:52,3712,2608,66-VI-39,POINT (-9.112700462341309 38.736900329589844)
2656_781,7756_20250901_151_0_9,151_0,0,38.70616912841797,-9.143179893493652,0,IN_TRANSIT_TO,2025-10-13 11:41:23,,2656,05-VZ-53,POINT (-9.143179893493652 38.70616912841797)
1780_717,3825_20250901_170_0_6,170_0,0,38.75352096557617,-9.138330459594727,9,IN_TRANSIT_TO,2025-10-13 11:41:18,11201,1780,63-HX-18,POINT (-9.138330459594727 38.75352096557617)
6027_732,5080_20250901_107_0_5,107_0,0,38.71466827392578,-9.14074993133545,15,IN_TRANSIT_TO,2025-10-13 11:41:07,1006,6027,BF-66-BA,POINT (-9.14074993133545 38.71466827392578)
6022_760,7061_20250901_171_0_7,171_0,0,38.70417022705078,-9.173430442810059,16,IN_TRANSIT_TO,2025-10-13 11:41:22,10202,6022,BF-48-BB,POINT (-9.173430442810059 38.70417022705078)
2994_52B,21661_20250901_244_0_9,244_0,0,38.73881912231445,-9.164750099182129,21,IN_TRANSIT_TO,2025-10-13 11:41:29,1601,2994,29-VM-91,POINT (-9.164750099182129 38.73881912231445)
2403_703,3124_20250901_165_0_8,165_0,1,38.787620544433594,-9.147299766540527,37,IN_TRANSIT_TO,2025-10-13 11:41:20,6001,2403,50-AL-12,POINT (-9.147299766540527 38.787620544433594)
2248_768,7341_20250901_111_0_12,111_0,0,38.74821853637695,-9.16547966003418,3,IN_TRANSIT_TO,2025-10-13 11:41:20,12706,2248,22-33-ZB,POINT (-9.16547966003418 38.74821853637695)
2268_758,6889_20250901_150_0_9,150_0,0,38.7388801574707,-9.167130470275879,17,IN_TRANSIT_TO,2025-10-13 11:41:22,2713,2268,76-87-ZG,POINT (-9.167130470275879 38.7388801574707)
204_41B,19385_20250901_232_0_13,232_0,0,38.77727127075195,-9.155679702758789,13,IN_TRANSIT_TO,2025-10-13 11:41:12,11517,204,89-71-XD,POINT (-9.155679702758789 38.77727127075195)
2601_759,6970_20250901_144_0_7,144_0,0,38.71553039550781,-9.141730308532715,0,IN_TRANSIT_TO,2025-10-13 11:41:27,,2601,04-VA-70,POINT (-9.141730308532715 38.71553039550781)
2745_755,6654_20250901_118_0_8,118_0,0,38.75082015991211,-9.158829689025879,37,IN_TRANSIT_TO,2025-10-13 11:41:27,13507,2745,AG-06-TH,POINT (-9.158829689025879 38.75082015991211)
2255_767,7184_20250901_112_0_6,112_0,1,38.753849029541016,-9.196100234985352,12,IN_TRANSIT_TO,2025-10-13 11:41:31,10909,2255,80-54-ZE,POINT (-9.196100234985352 38.753849029541016)
2613_759,6943_20250901_144_0_7,144_0,0,38.74201965332031,-9.113019943237305,21,IN_TRANSIT_TO,2025-10-13 11:41:27,3701,2613,66-VI-22,POINT (-9.113019943237305 38.74201965332031)
1759_720,4094_20250901_143_0_10,143_0,1,38.71744918823242,-9.157380104064941,13,IN_TRANSIT_TO,2025-10-13 11:41:23,6801,1759,34-HU-25,POINT (-9.157380104064941 38.71744918823242)
2947_774,7467_20250901_192_0_11,192_0,0,38.72256851196289,-9.161250114440918,6,IN_TRANSIT_TO,2025-10-13 11:34:10,8520,2947,51-GL-84,POINT (-9.161250114440918 38.72256851196289)
6043_760,7105_20250901_171_0_6,171_0,1,38.714080810546875,-9.208769798278809,5,IN_TRANSIT_TO,2025-10-13 11:41:28,12921,6043,BG-93-LT,POINT (-9.208769798278809 38.714080810546875)
2270_758,6853_20250901_150_0_6,150_0,1,38.726898193359375,-9.162249565124512,20,IN_TRANSIT_TO,2025-10-13 11:41:31,6102,2270,76-82-ZG,POINT (-9.162249565124512 38.726898193359375)
2295_729,4788_20250901_104_0_7,104_0,1,38.752479553222656,-9.189579963684082,33,IN_TRANSIT_TO,2025-10-13 11:41:33,50134,2295,92-53-ZM,POINT (-9.189579963684082 38.752479553222656)
406_19B,62308_20250901_245_0_6,245_0,0,38.718719482421875,-9.140020370483398,22,IN_TRANSIT_TO,2025-10-13 11:41:08,50526,406,BF-93-TB,POINT (-9.140020370483398 38.718719482421875)
4643_728,4714_20250901_204_0_6,204_0,0,38.77705001831055,-9.101750373840332,47,IN_TRANSIT_TO,2025-10-13 11:41:20,7905,4643,98-JO-45,POINT (-9.101750373840332 38.77705001831055)
2707_711,3484_20250901_101_0_7,101_0,0,38.7087287902832,-9.134420394897461,2,IN_TRANSIT_TO,2025-10-13 11:40:40,4506,2707,92-XQ-39,POINT (-9.134420394897461 38.7087287902832)
2649_781,57699_20250901_151_0_8,151_0,1,38.74386978149414,-9.101449966430664,21,IN_TRANSIT_TO,2025-10-13 11:41:06,12504,2649,75-VS-42,POINT (-9.101449966430664 38.74386978149414)
2301_708,3365_20250901_100_0_9,100_0,1,38.75373077392578,-9.130570411682129,31,IN_TRANSIT_TO,2025-10-13 11:41:22,7413,2301,83-12-ZM,POINT (-9.130570411682129 38.75373077392578)
2448_747,6101_20250901_177_0_11,177_0,0,38.7646484375,-9.15701961517334,3,IN_TRANSIT_TO,2025-10-13 11:40:42,5811,2448,44-BC-34,POINT (-9.15701961517334 38.7646484375)
