id,trip_id,route_id,direction_id,latitude,longitude,current_stop_sequence,current_status,timestamp,stop_id,vehicle_id,license_plate,geometry
6032_706,3269_20250901_147_0_2,147_0,0,38.71527099609375,-9.154279708862305,9,IN_TRANSIT_TO,2025-10-24 16:24:45,6703,6032,BF-93-BC,POINT (-9.154279708862305 38.71527099609375)
2689_714,3684_20250901_102_0_3,102_0,0,38.70737075805664,-9.173620223999023,11,IN_TRANSIT_TO,2025-10-24 16:24:54,9417,2689,93-XA-45,POINT (-9.173620223999023 38.70737075805664)
4645_728,4706_20250901_204_0_10,204_0,0,38.709800720214844,-9.20971965789795,3,IN_TRANSIT_TO,2025-10-24 16:24:57,12405,4645,98-JO-46,POINT (-9.20971965789795 38.709800720214844)
4648_748,6160_20250901_169_0_24,169_0,1,38.72475051879883,-9.150620460510254,10,IN_TRANSIT_TO,2025-10-24 16:25:07,1212,4648,98-JO-47,POINT (-9.150620460510254 38.72475051879883)
2793_712,3525_20250901_189_0_11,189_0,0,38.70465087890625,-9.174480438232422,31,IN_TRANSIT_TO,2025-10-24 16:24:54,50203,2793,AJ-58-LI,POINT (-9.174480438232422 38.70465087890625)
2302_701,2978_20250901_123_0_17,123_0,1,38.74068069458008,-9.167499542236328,12,IN_TRANSIT_TO,2025-10-24 16:25:05,1621,2302,83-08-ZM,POINT (-9.167499542236328 38.74068069458008)
2253_731,4989_20250901_190_0_11,190_0,0,38.744571685791016,-9.152050018310547,9,IN_TRANSIT_TO,2025-10-24 16:24:39,3309,2253,80-52-ZE,POINT (-9.152050018310547 38.744571685791016)
611_15E,11264_20250901_76_0_14,76_0,0,38.697471618652344,-9.204299926757812,16,IN_TRANSIT_TO,2025-10-24 16:25:09,4112,611,,POINT (-9.204299926757812 38.697471618652344)
4607_753,6577_20250901_167_0_21,167_0,0,38.72283172607422,-9.171979904174805,7,IN_TRANSIT_TO,2025-10-24 16:25:03,8607,4607,96-GL-84,POINT (-9.171979904174805 38.72283172607422)
4606_753,6573_20250901_167_0_22,167_0,1,38.72304916381836,-9.166950225830078,2,IN_TRANSIT_TO,2025-10-24 16:24:58,14602,4606,96-GL-83,POINT (-9.166950225830078 38.72304916381836)
2254_731,5007_20250901_190_0_10,190_0,1,38.74171829223633,-9.168720245361328,33,IN_TRANSIT_TO,2025-10-24 16:25:01,1612,2254,80-51-ZE,POINT (-9.168720245361328 38.74171829223633)
6022_732,5085_20250901_107_0_11,107_0,1,38.70903015136719,-9.214380264282227,4,IN_TRANSIT_TO,2025-10-24 16:25:09,12407,6022,BF-48-BB,POINT (-9.214380264282227 38.70903015136719)
2315_713,3605_20250901_122_0_11,122_0,0,38.70756912231445,-9.159919738769531,22,IN_TRANSIT_TO,2025-10-24 16:24:45,10007,2315,61-88-ZB,POINT (-9.159919738769531 38.70756912231445)
2440_767,7294_20250901_112_0_10,112_0,1,38.761451721191406,-9.166780471801758,25,IN_TRANSIT_TO,2025-10-24 16:24:58,50006,2440,29-AX-08,POINT (-9.166780471801758 38.761451721191406)
2992_730,4949_20250901_198_0_16,198_0,0,38.723548889160156,-9.137700080871582,20,IN_TRANSIT_TO,2025-10-24 16:25:04,9201,2992,29-VM-95,POINT (-9.137700080871582 38.723548889160156)
2317_712,3550_20250901_189_0_15,189_0,0,38.71928024291992,-9.126899719238281,6,IN_TRANSIT_TO,2025-10-24 16:24:42,9119,2317,61-86-ZB,POINT (-9.126899719238281 38.71928024291992)
2766_720,4066_20250901_143_0_13,143_0,0,38.703330993652344,-9.186829566955566,29,IN_TRANSIT_TO,2025-10-24 16:24:49,12002,2766,AH-40-ND,POINT (-9.186829566955566 38.703330993652344)
2250_731,19403_20240727_190_0_8,190_0,1,38.78303146362305,-9.114009857177734,3,IN_TRANSIT_TO,2024-08-10 10:41:27,12610,2250,80-41-ZE,POINT (-9.114009857177734 38.78303146362305)
4602_750,6348_20250901_106_0_8,106_0,1,38.75645065307617,-9.102999687194824,35,IN_TRANSIT_TO,2025-10-24 16:24:04,2328,4602,96-GL-80,POINT (-9.102999687194824 38.75645065307617)
2292_724,4230_20250901_178_0_21,178_0,0,38.72602081298828,-9.19849967956543,9,IN_TRANSIT_TO,2025-10-24 16:25:04,8712,2292,83-16-ZM,POINT (-9.19849967956543 38.72602081298828)
612_15E,11288_20250901_76_0_15,76_0,0,38.697471618652344,-9.199049949645996,16,IN_TRANSIT_TO,2025-10-24 16:24:41,4112,612,,POINT (-9.199049949645996 38.697471618652344)
2321_712,3557_20250901_189_0_14,189_0,1,38.721431732177734,-9.129329681396484,22,IN_TRANSIT_TO,2025-10-24 16:23:32,602,2321,04-47-ZF,POINT (-9.129329681396484 38.721431732177734)
2795_738,5572_20250901_117_0_13,117_0,0,38.75271987915039,-9.167730331420898,6,IN_TRANSIT_TO,2025-10-24 16:25:09,50462,2795,AJ-55-LI,POINT (-9.167730331420898 38.75271987915039)
2830_751,6495_20250901_109_0_10,109_0,0,38.69794845581055,-9.191720008850098,13,IN_TRANSIT_TO,2025-10-24 16:24:53,9508,2830,BF-57-FZ,POINT (-9.191720008850098 38.69794845581055)
2346_724,4222_20250901_178_0_19,178_0,0,38.75933074951172,-9.200730323791504,26,IN_TRANSIT_TO,2025-10-24 16:25:08,13711,2346,62-93-ZG,POINT (-9.200730323791504 38.75933074951172)
6033_732,5088_20250901_107_0_6,107_0,0,38.709049224853516,-9.208680152893066,40,IN_TRANSIT_TO,2025-10-24 16:24:53,13104,6033,BF-92-AZ,POINT (-9.208680152893066 38.709049224853516)
4617_750,6390_20250901_106_0_11,106_0,1,38.757469177246094,-9.177319526672363,21,IN_TRANSIT_TO,2025-10-24 16:25:06,13603,4617,22-GP-51,POINT (-9.177319526672363 38.757469177246094)
4620_750,6413_20250901_106_0_9,106_0,1,38.70132064819336,-9.227279663085938,2,IN_TRANSIT_TO,2025-10-24 16:24:18,4202,4620,22-GP-54,POINT (-9.227279663085938 38.70132064819336)
2951_29B,17534_20250901_209_0_16,209_0,0,38.75876998901367,-9.110380172729492,2,IN_TRANSIT_TO,2025-10-24 16:25:06,8413,2951,62-GQ-53,POINT (-9.110380172729492 38.75876998901367)
2624_782,7794_20250901_152_0_9,152_0,1,38.76517105102539,-9.104129791259766,6,IN_TRANSIT_TO,2025-10-24 16:24:40,2324,2624,72-VP-82,POINT (-9.104129791259766 38.76517105102539)
1745_767,7315_20250901_112_1_9,112_1,0,38.75975036621094,-9.185150146484375,10,IN_TRANSIT_TO,2025-10-24 16:25:05,12824,1745,92-HR-02,POINT (-9.185150146484375 38.75975036621094)
4642_750,6401_20250901_106_0_11,106_0,1,38.747169494628906,-9.197770118713379,14,IN_TRANSIT_TO,2025-10-24 16:24:59,2803,4642,90-JI-99,POINT (-9.197770118713379 38.747169494628906)
4614_750,6313_20250901_106_0_12,106_0,0,38.758628845214844,-9.13992977142334,11,IN_TRANSIT_TO,2025-10-24 16:24:54,11308,4614,96-GL-90,POINT (-9.13992977142334 38.758628845214844)
4616_750,6421_20250901_106_0_11,106_0,0,38.71207809448242,-9.225549697875977,34,IN_TRANSIT_TO,2025-10-24 16:21:10,14309,4616,22-GP-50,POINT (-9.225549697875977 38.71207809448242)
2953_40B,19262_20250901_212_0_17,212_0,0,38.774131774902344,-9.16051959991455,27,IN_TRANSIT_TO,2025-10-24 16:24:46,50163,2953,62-GQ-55,POINT (-9.16051959991455 38.774131774902344)
4611_750,6262_20250901_106_0_11,106_0,0,38.752071380615234,-9.187849998474121,21,IN_TRANSIT_TO,2025-10-24 16:25:04,10816,4611,96-GL-88,POINT (-9.187849998474121 38.752071380615234)
4641_750,6404_20250901_106_0_2,106_0,1,38.72272872924805,-9.210020065307617,5,IN_TRANSIT_TO,2025-10-24 16:24:37,18402,4641,90-JI-98,POINT (-9.210020065307617 38.72272872924805)
2949_32B,17548_20250901_211_0_17,211_0,0,38.75925064086914,-9.124150276184082,8,IN_TRANSIT_TO,2025-10-24 16:08:41,14703,2949,62-GQ-52,POINT (-9.124150276184082 38.75925064086914)
4629_736,5379_20250901_199_0_11,199_0,0,38.72153091430664,-9.146599769592285,3,IN_TRANSIT_TO,2025-10-24 16:24:59,1103,4629,11-JM-77,POINT (-9.146599769592285 38.72153091430664)
2973_702,3053_20250901_146_0_32,146_0,1,38.728851318359375,-9.166999816894531,7,IN_TRANSIT_TO,2025-10-24 16:25:07,6112,2973,30-VM-13,POINT (-9.166999816894531 38.728851318359375)
4818_728,4581_20250901_204_0_11,204_0,1,38.725379943847656,-9.111350059509277,25,IN_TRANSIT_TO,2025-10-24 16:24:20,8310,4818,42-VT-57,POINT (-9.111350059509277 38.725379943847656)
2688_723,4136_20250901_121_0_12,121_0,1,38.72394943237305,-9.193670272827148,21,IN_TRANSIT_TO,2025-10-24 16:25:02,21302,2688,93-XA-35,POINT (-9.193670272827148 38.72394943237305)
2699_727,4558_20250901_103_0_2,103_0,1,38.70547103881836,-9.202329635620117,9,IN_TRANSIT_TO,2025-10-24 16:25:04,13113,2699,92-XQ-25,POINT (-9.202329635620117 38.70547103881836)
2692_764,7158_20250901_168_0_15,168_0,1,38.74515151977539,-9.202070236206055,14,IN_TRANSIT_TO,2025-10-24 16:24:55,8813,2692,90-XF-62,POINT (-9.202070236206055 38.74515151977539)
2691_713,3592_20250901_122_0_13,122_0,0,38.72439956665039,-9.173150062561035,34,IN_TRANSIT_TO,2025-10-24 16:24:44,8601,2691,90-XF-45,POINT (-9.173150062561035 38.72439956665039)
2693_764,7166_20250901_168_0_13,168_0,0,38.74504852294922,-9.199020385742188,19,IN_TRANSIT_TO,2025-10-24 16:22:53,10818,2693,90-XF-46,POINT (-9.199020385742188 38.74504852294922)
2694_714,3705_20250901_102_0_12,102_0,1,38.70668029785156,-9.156169891357422,34,IN_TRANSIT_TO,2025-10-24 16:24:52,3911,2694,90-XF-49,POINT (-9.156169891357422 38.70668029785156)
6048_732,5076_20250901_107_0_8,107_0,1,38.70357894897461,-9.16355037689209,24,IN_TRANSIT_TO,2025-10-24 16:24:49,10201,6048,BH-46-IR,POINT (-9.16355037689209 38.70357894897461)
2695_727,4515_20250901_103_0_10,103_0,0,38.74856948852539,-9.148269653320312,5,IN_TRANSIT_TO,2025-10-24 16:25:03,2016,2695,90-XF-50,POINT (-9.148269653320312 38.74856948852539)
2705_738,5512_20250901_117_0_12,117_0,1,38.741981506347656,-9.146920204162598,21,IN_TRANSIT_TO,2025-10-24 16:24:45,1805,2705,92-XQ-29,POINT (-9.146920204162598 38.741981506347656)
2684_713,3621_20250901_122_0_14,122_0,1,38.7351188659668,-9.147870063781738,33,IN_TRANSIT_TO,2025-10-24 16:25:07,1410,2684,99-XE-59,POINT (-9.147870063781738 38.7351188659668)
2683_738,5566_20250901_117_0_12,117_0,0,38.752220153808594,-9.15820026397705,9,IN_TRANSIT_TO,2025-10-24 16:24:45,13510,2683,99-XE-55,POINT (-9.15820026397705 38.752220153808594)
6047_760,7110_20250901_171_0_3,171_0,0,38.714900970458984,-9.204850196838379,35,IN_TRANSIT_TO,2025-10-24 16:25:02,12906,6047,BH-20-IP,POINT (-9.204850196838379 38.714900970458984)
6046_760,7085_20250901_171_0_10,171_0,1,38.71595001220703,-9.135769844055176,34,IN_TRANSIT_TO,2025-10-24 16:24:53,905,6046,BH-73-IR,POINT (-9.135769844055176 38.71595001220703)
2947_765,7176_20250901_110_0_41,110_0,0,38.753501892089844,-9.208470344543457,9,IN_TRANSIT_TO,2025-10-24 16:24:49,50386,2947,51-GL-84,POINT (-9.208470344543457 38.753501892089844)
2946_26B,17520_20250901_208_0_17,208_0,0,38.76845169067383,-9.098620414733887,17,IN_TRANSIT_TO,2025-10-24 16:25:03,7805,2946,75-GO-15,POINT (-9.098620414733887 38.76845169067383)
2678_764,7162_20250901_168_0_15,168_0,0,38.74311828613281,-9.211250305175781,25,IN_TRANSIT_TO,2025-10-24 16:25:08,8820,2678,93-XA-39,POINT (-9.211250305175781 38.74311828613281)
2948_31B,17538_20250901_210_0_17,210_0,0,38.755428314208984,-9.114330291748047,1,IN_TRANSIT_TO,2025-10-24 16:25:03,50653,2948,51-GL-85,POINT (-9.114330291748047 38.755428314208984)
2958_798,8205_20250901_194_0_4,194_0,1,38.77762985229492,-9.14585018157959,8,IN_TRANSIT_TO,2025-10-24 16:24:41,6013,2958,27-GU-73,POINT (-9.14585018157959 38.77762985229492)
2957_765,18944_20250901_110_0_43,110_0,0,38.754581451416016,-9.197919845581055,4,IN_TRANSIT_TO,2025-10-24 16:24:54,10910,2957,27-GU-72,POINT (-9.197919845581055 38.754581451416016)
2671_713,42765_20250901_122_0_2,122_0,1,38.70668029785156,-9.158120155334473,13,IN_TRANSIT_TO,2025-10-24 16:25:04,3909,2671,87-XB-43,POINT (-9.158120155334473 38.70668029785156)
2680_723,4187_20250901_121_0_11,121_0,1,38.720420837402344,-9.138500213623047,34,IN_TRANSIT_TO,2025-10-24 16:24:42,9214,2680,93-XA-36,POINT (-9.138500213623047 38.720420837402344)
2681_714,3640_20250901_102_0_13,102_0,0,38.70964813232422,-9.215049743652344,25,IN_TRANSIT_TO,2025-10-24 16:24:56,13120,2681,93-XA-41,POINT (-9.215049743652344 38.70964813232422)
2673_754,6622_20250901_201_0_12,201_0,1,38.747779846191406,-9.151280403137207,31,IN_TRANSIT_TO,2025-10-24 16:24:53,2010,2673,87-XB-37,POINT (-9.151280403137207 38.747779846191406)
2672_711,3497_20250901_101_0_3,101_0,0,38.725399017333984,-9.152029991149902,7,IN_TRANSIT_TO,2025-10-24 16:25:07,1209,2672,87-XB-44,POINT (-9.152029991149902 38.725399017333984)
2670_714,3662_20250901_102_0_13,102_0,0,38.721378326416016,-9.221599578857422,36,IN_TRANSIT_TO,2025-10-24 16:21:29,18702,2670,87-XB-32,POINT (-9.221599578857422 38.721378326416016)
2674_714,3689_20250901_102_0_11,102_0,0,38.70452880859375,-9.166549682617188,8,IN_TRANSIT_TO,2025-10-24 16:24:50,10212,2674,87-XB-38,POINT (-9.166549682617188 38.70452880859375)
2962_797,8172_20250901_163_0_31,163_0,0,38.73365020751953,-9.133350372314453,2,IN_TRANSIT_TO,2025-10-24 16:25:03,402,2962,30-VM-07,POINT (-9.133350372314453 38.73365020751953)
2961_797,8161_20250901_163_0_37,163_0,1,38.73051834106445,-9.127829551696777,7,IN_TRANSIT_TO,2025-10-24 16:25:04,7003,2961,26-VD-02,POINT (-9.127829551696777 38.73051834106445)
510_15E,11228_20250901_76_0_14,76_0,1,38.70481872558594,-9.177350044250488,14,IN_TRANSIT_TO,2025-10-24 16:24:53,12115,510,,POINT (-9.177350044250488 38.70481872558594)
4819_728,4689_20250901_204_0_2,204_0,0,38.70640182495117,-9.144229888916016,19,IN_TRANSIT_TO,2025-10-24 16:24:48,3803,4819,34-VR-16,POINT (-9.144229888916016 38.70640182495117)
2718_750,57121_20250901_106_4_12,106_4,1,38.707298278808594,-9.225629806518555,5,IN_TRANSIT_TO,2025-10-24 16:24:39,18402,2718,92-XQ-23,POINT (-9.225629806518555 38.707298278808594)
547_28E,14998_20250901_75_0_8,75_0,1,38.717899322509766,-9.129870414733887,27,IN_TRANSIT_TO,2025-10-24 16:24:42,14803,547,,POINT (-9.129870414733887 38.717899322509766)
6014_732,5071_20250901_107_0_2,107_0,1,38.71446990966797,-9.139220237731934,32,IN_TRANSIT_TO,2025-10-24 16:24:36,919,6014,67-ZF-30,POINT (-9.139220237731934 38.71446990966797)
6049_760,7105_20250901_171_0_10,171_0,1,38.713748931884766,-9.197369575500488,10,IN_TRANSIT_TO,2025-10-24 16:25:01,12928,6049,BH-47-IR,POINT (-9.197369575500488 38.713748931884766)
2723_727,4544_20250901_103_0_7,103_0,1,38.70600128173828,-9.172679901123047,19,IN_TRANSIT_TO,2025-10-24 16:24:38,12105,2723,92-XQ-43,POINT (-9.172679901123047 38.70600128173828)
2827_751,6517_20250901_109_0_13,109_0,1,38.70304870605469,-9.179719924926758,24,IN_TRANSIT_TO,2025-10-24 16:24:47,12107,2827,BF-61-FZ,POINT (-9.179719924926758 38.70304870605469)
6050_767,20160_20250901_112_1_9,112_1,1,38.75284957885742,-9.188119888305664,17,IN_TRANSIT_TO,2025-10-24 16:24:45,10813,6050,BH-62-IR,POINT (-9.188119888305664 38.75284957885742)
2441_767,7272_20250901_112_0_10,112_0,1,38.74263000488281,-9.138299942016602,36,IN_TRANSIT_TO,2025-10-24 16:24:59,306,2441,29-AX-07,POINT (-9.138299942016602 38.74263000488281)
2741_755,6711_20250901_118_0_13,118_0,1,38.74557876586914,-9.104249954223633,38,IN_TRANSIT_TO,2025-10-24 16:13:03,2213,2741,AG-99-TG,POINT (-9.104249954223633 38.74557876586914)
2658_746,5958_20250901_108_0_18,108_0,1,38.74742889404297,-9.190030097961426,8,IN_TRANSIT_TO,2025-10-24 16:24:58,10803,2658,05-VZ-71,POINT (-9.190030097961426 38.74742889404297)
2295_731,5018_20250901_190_0_9,190_0,1,38.76005172729492,-9.13556957244873,21,IN_TRANSIT_TO,2025-10-24 16:25:05,7515,2295,92-53-ZM,POINT (-9.13556957244873 38.76005172729492)
2298_735,5242_20250901_172_0_10,172_0,0,38.73347854614258,-9.133079528808594,19,IN_TRANSIT_TO,2025-10-24 16:23:51,509,2298,83-05-ZM,POINT (-9.133079528808594 38.73347854614258)
608_15E,11254_20250901_76_0_14,76_0,1,38.695098876953125,-9.215499877929688,5,IN_TRANSIT_TO,2025-10-24 16:24:58,13205,608,,POINT (-9.215499877929688 38.695098876953125)
2257_758,6815_20250901_150_0_13,150_0,0,38.74142074584961,-9.16819953918457,18,IN_TRANSIT_TO,2025-10-24 16:25:05,50472,2257,80-50-ZE,POINT (-9.16819953918457 38.74142074584961)
2282_758,19409_20250901_150_0_2,150_0,1,38.75267028808594,-9.20913028717041,0,IN_TRANSIT_TO,2025-10-24 16:24:42,,2282,67-35-ZJ,POINT (-9.20913028717041 38.75267028808594)
2281_703,3177_20250901_165_0_2,165_0,1,38.76007080078125,-9.182680130004883,12,IN_TRANSIT_TO,2025-10-24 16:24:46,12803,2281,67-56-ZJ,POINT (-9.182680130004883 38.76007080078125)
2628_744,5838_20250901_200_0_12,200_0,1,38.757320404052734,-9.138429641723633,17,IN_TRANSIT_TO,2025-10-24 16:24:58,11318,2628,52-VP-82,POINT (-9.138429641723633 38.757320404052734)
2841_728,4569_20250901_204_0_9,204_0,1,38.706451416015625,-9.14900016784668,36,IN_TRANSIT_TO,2025-10-24 16:24:48,7102,2841,BF-55-FZ,POINT (-9.14900016784668 38.706451416015625)
4832_736,5319_20250901_199_0_13,199_0,0,38.7796516418457,-9.163000106811523,22,IN_TRANSIT_TO,2025-10-24 16:24:44,5911,4832,68-VQ-51,POINT (-9.163000106811523 38.7796516418457)
6015_760,7081_20250901_171_0_13,171_0,0,38.72737121582031,-9.141969680786133,2,IN_TRANSIT_TO,2025-10-24 16:24:53,6611,6015,69-ZF-01,POINT (-9.141969680786133 38.72737121582031)
4624_783,7857_20250901_203_0_12,203_0,1,38.748321533203125,-9.14877986907959,19,IN_TRANSIT_TO,2025-10-24 16:24:41,2006,4624,11-JM-75,POINT (-9.14877986907959 38.748321533203125)
6034_760,7061_20250901_171_0_11,171_0,0,38.703948974609375,-9.162670135498047,15,IN_TRANSIT_TO,2025-10-24 16:25:05,3906,6034,BF-61-AX,POINT (-9.162670135498047 38.703948974609375)
306_708,3333_20250901_100_0_11,100_0,0,38.743751525878906,-9.132619857788086,10,IN_TRANSIT_TO,2025-10-24 16:24:49,317,306,73-ST-81,POINT (-9.132619857788086 38.743751525878906)
305_708,3351_20250901_100_0_10,100_0,1,38.72562026977539,-9.13502025604248,39,IN_TRANSIT_TO,2025-10-24 16:24:48,610,305,73-ST-80,POINT (-9.13502025604248 38.72562026977539)
2738_756,6748_20250901_175_0_19,175_0,1,38.712799072265625,-9.17527961730957,5,IN_TRANSIT_TO,2025-10-24 16:25:01,9411,2738,AG-46-EI,POINT (-9.17527961730957 38.712799072265625)
307_708,3298_20250901_100_0_9,100_0,0,38.777278900146484,-9.094770431518555,31,IN_TRANSIT_TO,2025-10-24 16:15:00,50122,307,73-ST-82,POINT (-9.094770431518555 38.777278900146484)
6007_768,7335_20250901_111_0_18,111_0,1,38.745548248291016,-9.181679725646973,15,IN_TRANSIT_TO,2025-10-24 16:24:38,10701,6007,80-ZC-62,POINT (-9.181679725646973 38.745548248291016)
6035_732,5093_20250901_107_0_8,107_0,0,38.69984817504883,-9.184370040893555,27,IN_TRANSIT_TO,2025-10-24 16:24:50,12108,6035,BG-76-LX,POINT (-9.184370040893555 38.69984817504883)
2765_742,5777_20250901_114_0_9,114_0,1,38.72367858886719,-9.165800094604492,27,IN_TRANSIT_TO,2025-10-24 16:25:05,8011,2765,AH-37-ND,POINT (-9.165800094604492 38.72367858886719)
2783_727,4553_20250901_103_0_10,103_0,1,38.69731903076172,-9.202150344848633,12,IN_TRANSIT_TO,2025-10-24 16:24:40,9603,2783,AI-10-BT,POINT (-9.202150344848633 38.69731903076172)
2978_55B,21534_20250901_240_0_22,240_0,0,38.75751876831055,-9.18552017211914,18,IN_TRANSIT_TO,2025-10-24 16:24:58,12824,2978,29-VM-92,POINT (-9.18552017211914 38.75751876831055)
4633_783,7842_20250901_203_0_13,203_0,0,38.72494888305664,-9.154829978942871,2,IN_TRANSIT_TO,2025-10-24 16:24:55,1224,4633,90-JI-94,POINT (-9.154829978942871 38.72494888305664)
2259_763,46422_20250901_282_0_17,282_0,0,38.77090072631836,-9.188850402832031,12,IN_TRANSIT_TO,2025-10-24 16:24:28,14116,2259,67-44-ZJ,POINT (-9.188850402832031 38.77090072631836)
2270_799,8222_20250901_120_0_19,120_0,1,38.73952865600586,-9.21399974822998,11,IN_TRANSIT_TO,2025-10-24 16:24:40,18109,2270,76-82-ZG,POINT (-9.21399974822998 38.73952865600586)
2779_714,3671_20250901_102_0_13,102_0,0,38.706329345703125,-9.208230018615723,0,IN_TRANSIT_TO,2025-10-24 16:24:55,,2779,AI-02-BT,POINT (-9.208230018615723 38.706329345703125)
2703_727,4518_20250901_103_0_2,103_0,1,38.746299743652344,-9.136580467224121,47,IN_TRANSIT_TO,2025-10-24 16:25:07,11210,2703,92-XQ-24,POINT (-9.136580467224121 38.746299743652344)
2495_749,59015_20250901_195_0_20,195_0,0,38.74729919433594,-9.12736988067627,10,IN_TRANSIT_TO,2025-10-24 16:24:43,50228,2495,88-BL-69,POINT (-9.12736988067627 38.74729919433594)
6038_760,7103_20250901_171_0_13,171_0,1,38.70505142211914,-9.185870170593262,20,IN_TRANSIT_TO,2025-10-24 16:25:04,12007,6038,BG-46-LV,POINT (-9.185870170593262 38.70505142211914)
2842_751,6526_20250901_109_0_10,109_0,1,38.705780029296875,-9.22681999206543,8,IN_TRANSIT_TO,2025-10-24 16:24:53,18403,2842,BF-56-FZ,POINT (-9.22681999206543 38.705780029296875)
4833_736,5331_20250901_199_0_11,199_0,0,38.76259994506836,-9.156769752502441,16,IN_TRANSIT_TO,2025-10-24 16:24:45,5807,4833,20-VQ-65,POINT (-9.156769752502441 38.76259994506836)
6009_768,7341_20250901_111_0_19,111_0,1,38.76055145263672,-9.194899559020996,5,IN_TRANSIT_TO,2025-10-24 16:24:54,13907,6009,81-ZC-18,POINT (-9.194899559020996 38.76055145263672)
2272_758,6890_20250901_150_0_4,150_0,1,38.74728012084961,-9.18982982635498,7,IN_TRANSIT_TO,2025-10-24 16:24:57,10803,2272,76-80-ZG,POINT (-9.18982982635498 38.74728012084961)
2796_754,6624_20250901_201_0_2,201_0,1,38.7418212890625,-9.167579650878906,29,IN_TRANSIT_TO,2025-10-24 16:24:55,1603,2796,AJ-59-LI,POINT (-9.167579650878906 38.7418212890625)
2345_763,49571_20250901_282_0_3,282_0,0,38.75526809692383,-9.194450378417969,20,IN_TRANSIT_TO,2025-10-24 16:25:02,12821,2345,53-59-ZJ,POINT (-9.194450378417969 38.75526809692383)
2614_759,6973_20250901_144_0_12,144_0,1,38.72019958496094,-9.117300033569336,39,IN_TRANSIT_TO,2025-10-24 16:25:04,9814,2614,66-VI-24,POINT (-9.117300033569336 38.72019958496094)
2965_774,7472_20250901_192_0_3,192_0,1,38.718318939208984,-9.1693696975708,14,IN_TRANSIT_TO,2025-10-24 16:24:40,8009,2965,29-VM-97,POINT (-9.1693696975708 38.718318939208984)
275_64B,21489_20250901_238_0_22,238_0,0,38.719051361083984,-9.172479629516602,11,IN_TRANSIT_TO,2025-10-24 16:24:09,50488,275,AH-16-TB,POINT (-9.172479629516602 38.719051361083984)
2997_34B,19141_20250901_226_0_12,226_0,0,38.733619689941406,-9.1071195602417,23,IN_TRANSIT_TO,2025-10-24 16:24:35,50413,2997,34-VN-03,POINT (-9.1071195602417 38.733619689941406)
2607_793,7994_20250901_145_0_18,145_0,0,38.74967956542969,-9.116279602050781,20,IN_TRANSIT_TO,2025-10-24 16:25:07,3713,2607,AA-95-TQ,POINT (-9.116279602050781 38.74967956542969)
6023_732,5096_20250901_107_0_7,107_0,0,38.70402145385742,-9.161419868469238,22,IN_TRANSIT_TO,2025-10-24 16:24:54,3902,6023,BF-03-BD,POINT (-9.161419868469238 38.70402145385742)
4821_736,18817_20250901_199_0_13,199_0,0,38.78635025024414,-9.171469688415527,28,IN_TRANSIT_TO,2025-10-24 16:24:56,50083,4821,20-VQ-68,POINT (-9.171469688415527 38.78635025024414)
2824_748,6162_20250901_169_0_4,169_0,1,38.719329833984375,-9.21033000946045,6,IN_TRANSIT_TO,2025-10-24 16:24:45,14311,2824,BF-67-FZ,POINT (-9.21033000946045 38.719329833984375)
4827_736,5422_20250901_199_0_12,199_0,1,38.74666976928711,-9.148130416870117,19,IN_TRANSIT_TO,2025-10-24 16:24:47,2002,4827,34-VR-15,POINT (-9.148130416870117 38.74666976928711)
2697_723,63530_20250901_121_0_11,121_0,1,38.72248077392578,-9.140999794006348,33,IN_TRANSIT_TO,2025-10-24 16:24:44,9206,2697,90-XF-59,POINT (-9.140999794006348 38.72248077392578)
2606_781,57700_20250901_151_0_2,151_0,0,38.74882125854492,-9.096770286560059,12,IN_TRANSIT_TO,2025-10-24 16:25:06,2204,2606,66-VI-40,POINT (-9.096770286560059 38.74882125854492)
2601_705,3190_20250901_176_0_12,176_0,0,38.78057098388672,-9.125370025634766,13,IN_TRANSIT_TO,2025-10-24 16:23:55,7610,2601,04-VA-70,POINT (-9.125370025634766 38.78057098388672)
2264_731,41474_20250901_190_0_11,190_0,0,38.782718658447266,-9.10846996307373,34,IN_TRANSIT_TO,2025-10-24 16:19:55,12617,2264,76-90-ZG,POINT (-9.10846996307373 38.782718658447266)
6036_706,3251_20250901_147_0_10,147_0,1,38.72768020629883,-9.140399932861328,18,IN_TRANSIT_TO,2025-10-24 16:24:45,6905,6036,BG-90-LX,POINT (-9.140399932861328 38.72768020629883)
2706_723,4177_20250901_121_0_3,121_0,0,38.717079162597656,-9.212969779968262,22,IN_TRANSIT_TO,2025-10-24 16:25:04,10404,2706,92-XQ-46,POINT (-9.212969779968262 38.717079162597656)
2739_755,6709_20250901_118_0_11,118_0,1,38.75627136230469,-9.120630264282227,24,IN_TRANSIT_TO,2025-10-24 13:39:12,14702,2739,AG-31-EI,POINT (-9.120630264282227 38.75627136230469)
2602_735,5191_20250901_172_0_10,172_0,1,38.70732116699219,-9.141249656677246,34,IN_TRANSIT_TO,2025-10-24 16:25:01,3820,2602,16-VF-81,POINT (-9.141249656677246 38.70732116699219)
602_15E,11202_20250901_76_0_14,76_0,1,38.706321716308594,-9.14501953125,20,IN_TRANSIT_TO,2025-10-24 16:25:08,3803,602,,POINT (-9.14501953125 38.706321716308594)
4806_728,4661_20250901_204_0_8,204_0,0,38.75117111206055,-9.095919609069824,36,IN_TRANSIT_TO,2025-10-24 16:24:43,2204,4806,20-VQ-74,POINT (-9.095919609069824 38.75117111206055)
2988_730,4969_20250901_198_0_16,198_0,1,38.727420806884766,-9.137999534606934,8,IN_TRANSIT_TO,2025-10-24 16:24:45,606,2988,29-VM-94,POINT (-9.137999534606934 38.727420806884766)
2743_735,5252_20250901_172_1_4,172_1,1,38.71324920654297,-9.12304973602295,16,IN_TRANSIT_TO,2025-10-24 16:24:19,2118,2743,AG-02-TH,POINT (-9.12304973602295 38.71324920654297)
4826_783,7846_20250901_203_0_12,203_0,1,38.7247314453125,-9.158670425415039,29,IN_TRANSIT_TO,2025-10-24 16:24:51,1223,4826,53-VR-05,POINT (-9.158670425415039 38.7247314453125)
2657_718,3959_20250901_105_0_16,105_0,0,38.7287483215332,-9.12162971496582,23,IN_TRANSIT_TO,2025-10-24 16:22:55,11703,2657,05-VZ-66,POINT (-9.12162971496582 38.7287483215332)
2637_26B,17510_20250901_208_0_18,208_0,1,38.76742172241211,-9.101269721984863,7,IN_TRANSIT_TO,2025-10-24 16:24:41,7825,2637,87-VS-51,POINT (-9.101269721984863 38.76742172241211)
4830_736,5359_20250901_199_0_13,199_0,0,38.73387908935547,-9.144700050354004,7,IN_TRANSIT_TO,2025-10-24 16:25:01,1807,4830,20-VQ-63,POINT (-9.144700050354004 38.73387908935547)
2638_781,7721_20250901_151_0_10,151_0,0,38.708770751953125,-9.13479995727539,3,IN_TRANSIT_TO,2025-10-24 16:24:56,5501,2638,87-VS-48,POINT (-9.13479995727539 38.708770751953125)
6037_758,6884_20250901_150_0_2,150_0,1,38.720821380615234,-9.160719871520996,22,IN_TRANSIT_TO,2025-10-24 16:25:07,8512,6037,BG-37-LT,POINT (-9.160719871520996 38.720821380615234)
2617_705,3199_20250901_176_0_11,176_0,1,38.77370071411133,-9.105830192565918,20,IN_TRANSIT_TO,2025-10-24 16:25:09,12301,2617,66-VI-28,POINT (-9.105830192565918 38.77370071411133)
6005_729,4840_20250901_104_0_2,104_0,0,38.74972152709961,-9.191200256347656,11,IN_TRANSIT_TO,2025-10-24 16:24:41,10804,6005,81-ZC-91,POINT (-9.191200256347656 38.74972152709961)
2648_782,7793_20250901_152_0_9,152_0,1,38.721649169921875,-9.114580154418945,17,IN_TRANSIT_TO,2025-10-24 16:24:14,8310,2648,75-VS-46,POINT (-9.114580154418945 38.721649169921875)
2698_711,3512_20250901_101_0_10,101_0,1,38.715721130371094,-9.14186954498291,31,IN_TRANSIT_TO,2025-10-24 16:24:43,1004,2698,92-XQ-20,POINT (-9.14186954498291 38.715721130371094)
6039_726,4334_20250901_116_0_10,116_0,1,38.74087905883789,-9.168049812316895,16,IN_TRANSIT_TO,2025-10-24 16:24:57,1610,6039,BG-96-LU,POINT (-9.168049812316895 38.74087905883789)
2716_738,5558_20250901_117_0_2,117_0,0,38.71131896972656,-9.164349555969238,28,IN_TRANSIT_TO,2025-10-24 16:24:50,10104,2716,92-XQ-27,POINT (-9.164349555969238 38.71131896972656)
6025_732,5062_20250901_107_0_8,107_0,1,38.74803161621094,-9.150520324707031,42,IN_TRANSIT_TO,2025-10-24 16:25:01,2001,6025,BF-92-AX,POINT (-9.150520324707031 38.74803161621094)
2991_71B,45266_20250901_278_0_14,278_0,0,38.73522186279297,-9.205100059509277,11,IN_TRANSIT_TO,2025-10-24 16:25:06,8828,2991,29-VM-89,POINT (-9.205100059509277 38.73522186279297)
4820_751,6498_20250901_109_0_13,109_0,0,38.70637130737305,-9.17549991607666,8,IN_TRANSIT_TO,2025-10-24 16:25:09,12110,4820,20-VQ-62,POINT (-9.17549991607666 38.70637130737305)
6041_760,7098_20250901_171_0_10,171_0,1,38.70624923706055,-9.155799865722656,27,IN_TRANSIT_TO,2025-10-24 16:25:01,3905,6041,BG-20-LV,POINT (-9.155799865722656 38.70624923706055)
2639_744,35849_20250901_200_0_2,200_0,0,38.766178131103516,-9.129119873046875,17,IN_TRANSIT_TO,2025-10-24 16:24:39,7513,2639,75-VS-47,POINT (-9.129119873046875 38.766178131103516)
2647_782,7766_20250901_152_0_11,152_0,1,38.775028228759766,-9.097869873046875,20,IN_TRANSIT_TO,2025-10-24 16:24:58,5504,2647,75-VS-45,POINT (-9.097869873046875 38.775028228759766)
2826_751,6481_20250901_109_0_10,109_0,0,38.703330993652344,-9.227149963378906,25,IN_TRANSIT_TO,2025-10-24 16:25:00,4224,2826,BF-74-FZ,POINT (-9.227149963378906 38.703330993652344)
2989_730,4967_20250901_198_0_18,198_0,0,38.73820114135742,-9.125370025634766,8,IN_TRANSIT_TO,2025-10-24 16:24:52,8905,2989,29-VM-85,POINT (-9.125370025634766 38.73820114135742)
577_18E,12202_20250901_78_0_18,78_0,1,38.7047004699707,-9.176799774169922,14,IN_TRANSIT_TO,2025-10-24 16:25:01,12115,577,,POINT (-9.176799774169922 38.7047004699707)
2642_744,5841_20250901_200_0_12,200_0,1,38.7706184387207,-9.128250122070312,13,IN_TRANSIT_TO,2025-10-24 16:24:56,7604,2642,75-VS-51,POINT (-9.128250122070312 38.7706184387207)
2724_754,6604_20250901_201_0_10,201_0,0,38.74195098876953,-9.211580276489258,23,IN_TRANSIT_TO,2025-10-24 16:24:51,8818,2724,92-XQ-40,POINT (-9.211580276489258 38.74195098876953)
273_734,5144_20250901_205_0_26,205_0,0,38.723480224609375,-9.133399963378906,4,IN_TRANSIT_TO,2025-10-24 16:24:43,707,273,AH-15-TB,POINT (-9.133399963378906 38.723480224609375)
2661_709,3419_20250901_148_0_3,148_0,0,38.718170166015625,-9.156929969787598,8,IN_TRANSIT_TO,2025-10-24 16:24:44,6802,2661,05-VZ-58,POINT (-9.156929969787598 38.718170166015625)
2737_756,6713_20250901_175_0_18,175_0,0,38.73857879638672,-9.154230117797852,13,IN_TRANSIT_TO,2025-10-24 16:24:51,1503,2737,AG-45-EI,POINT (-9.154230117797852 38.73857879638672)
2609_759,6896_20250901_144_0_8,144_0,1,38.731300354003906,-9.112099647521973,32,IN_TRANSIT_TO,2025-10-24 14:34:50,17568,2609,66-VI-36,POINT (-9.112099647521973 38.731300354003906)
2611_722,4129_20250901_196_0_11,196_0,1,38.72478103637695,-9.150699615478516,32,IN_TRANSIT_TO,2025-10-24 16:24:56,1206,2611,66-VI-38,POINT (-9.150699615478516 38.72478103637695)
2326_712,3565_20250901_189_0_14,189_0,1,38.72515106201172,-9.151670455932617,14,IN_TRANSIT_TO,2025-10-24 16:24:57,1224,2326,67-49-ZJ,POINT (-9.151670455932617 38.72515106201172)
2981_702,3075_20250901_146_0_15,146_0,0,38.72983169555664,-9.169119834899902,8,IN_TRANSIT_TO,2025-10-24 16:24:41,6132,2981,29-VM-86,POINT (-9.169119834899902 38.72983169555664)
6030_760,7066_20250901_171_0_10,171_0,0,38.7087287902832,-9.135350227355957,10,IN_TRANSIT_TO,2025-10-24 16:24:49,5502,6030,BF-39-AU,POINT (-9.135350227355957 38.7087287902832)
2618_722,4107_20250901_196_0_12,196_0,1,38.755531311035156,-9.130419731140137,18,IN_TRANSIT_TO,2025-10-24 16:24:49,7512,2618,66-VI-42,POINT (-9.130419731140137 38.755531311035156)
548_24E,17832_20250901_213_0_26,213_0,0,38.721778869628906,-9.15662956237793,8,IN_TRANSIT_TO,2025-10-24 16:24:55,6824,548,,POINT (-9.15662956237793 38.721778869628906)
2643_759,6928_20250901_144_0_9,144_0,0,38.75630187988281,-9.11299991607666,27,IN_TRANSIT_TO,2025-10-24 16:24:57,24370,2643,75-VS-44,POINT (-9.11299991607666 38.75630187988281)
2993_71B,45267_20250901_278_0_14,278_0,0,38.75038146972656,-9.191169738769531,1,IN_TRANSIT_TO,2025-10-24 16:24:48,50403,2993,29-VM-93,POINT (-9.191169738769531 38.75038146972656)
2468_729,4788_20250901_104_0_11,104_0,1,38.75505065917969,-9.191800117492676,33,IN_TRANSIT_TO,2025-10-24 16:24:48,50134,2468,16-AZ-10,POINT (-9.191800117492676 38.75505065917969)
2664_746,5993_20250901_108_0_14,108_0,1,38.73843002319336,-9.157279968261719,19,IN_TRANSIT_TO,2025-10-24 16:24:43,1506,2664,05-VZ-68,POINT (-9.157279968261719 38.73843002319336)
2308_723,4182_20250901_121_0_13,121_0,0,38.72032928466797,-9.197819709777832,12,IN_TRANSIT_TO,2025-10-24 16:24:58,21301,2308,83-17-ZM,POINT (-9.197819709777832 38.72032928466797)
2640_744,5819_20250901_200_0_12,200_0,0,38.72956848144531,-9.147199630737305,4,IN_TRANSIT_TO,2025-10-24 16:25:02,1701,2640,75-VS-43,POINT (-9.147199630737305 38.72956848144531)
541_24E,17852_20250901_213_0_21,213_0,1,38.71657180786133,-9.148200035095215,7,IN_TRANSIT_TO,2025-10-24 16:24:50,10609,541,,POINT (-9.148200035095215 38.71657180786133)
2707_711,3484_20250901_101_0_11,101_0,0,38.72602081298828,-9.192569732666016,10,IN_TRANSIT_TO,2025-10-24 16:24:52,8607,2707,92-XQ-39,POINT (-9.192569732666016 38.72602081298828)
2612_705,3180_20250901_176_0_16,176_0,1,38.769649505615234,-9.127429962158203,9,IN_TRANSIT_TO,2025-10-24 16:24:51,7601,2612,66-VI-29,POINT (-9.127429962158203 38.769649505615234)
542_28E,15038_20250901_75_0_10,75_0,1,38.712730407714844,-9.130579948425293,23,IN_TRANSIT_TO,2025-10-24 16:24:51,13811,542,,POINT (-9.130579948425293 38.712730407714844)
2713_727,4502_20250901_103_0_9,103_0,0,38.733680725097656,-9.14501953125,10,IN_TRANSIT_TO,2025-10-24 16:24:34,1802,2713,92-XQ-34,POINT (-9.14501953125 38.733680725097656)
2258_706,3241_20250901_147_0_13,147_0,1,38.72172164916992,-9.151430130004883,23,IN_TRANSIT_TO,2025-10-24 16:24:49,6820,2258,53-58-ZJ,POINT (-9.151430130004883 38.72172164916992)
544_28E,15024_20250901_75_0_11,75_0,1,38.71352005004883,-9.128729820251465,25,IN_TRANSIT_TO,2025-10-24 16:25:04,50561,544,,POINT (-9.128729820251465 38.71352005004883)
2996_774,7430_20250901_192_0_26,192_0,1,38.72121810913086,-9.160969734191895,10,IN_TRANSIT_TO,2025-10-24 16:24:44,8519,2996,30-VM-03,POINT (-9.160969734191895 38.72121810913086)
2769_713,21383_20250901_122_0_12,122_0,1,38.73143005371094,-9.168549537658691,0,IN_TRANSIT_TO,2025-10-24 16:25:02,,2769,AH-19-ND,POINT (-9.168549537658691 38.73143005371094)
556_25E,14260_20250901_79_0_20,79_0,0,38.70790100097656,-9.138580322265625,2,IN_TRANSIT_TO,2025-10-24 16:24:33,5515,556,,POINT (-9.138580322265625 38.70790100097656)
549_28E,14972_20250901_75_0_12,75_0,0,38.70927047729492,-9.138580322265625,17,IN_TRANSIT_TO,2025-10-24 16:23:07,5604,549,,POINT (-9.138580322265625 38.70927047729492)
2636_29B,17524_20250901_209_0_17,209_0,0,38.764251708984375,-9.120450019836426,30,IN_TRANSIT_TO,2025-10-24 16:24:45,7521,2636,87-VS-50,POINT (-9.120450019836426 38.764251708984375)
2686_738,5561_20250901_117_0_11,117_0,0,38.72618103027344,-9.150079727172852,21,IN_TRANSIT_TO,2025-10-24 16:24:54,1206,2686,99-XE-58,POINT (-9.150079727172852 38.72618103027344)
582_28E,15050_20250901_75_0_11,75_0,1,38.709678649902344,-9.137080192565918,18,IN_TRANSIT_TO,2025-10-24 16:25:06,50149,582,,POINT (-9.137080192565918 38.709678649902344)
2652_781,7762_20250901_151_0_13,151_0,0,38.788448333740234,-9.123769760131836,29,IN_TRANSIT_TO,2025-10-24 16:24:56,16307,2652,05-VZ-61,POINT (-9.123769760131836 38.788448333740234)
2829_748,6140_20250901_169_0_13,169_0,0,38.72251892089844,-9.200969696044922,5,IN_TRANSIT_TO,2025-10-24 16:24:46,8607,2829,BF-58-FZ,POINT (-9.200969696044922 38.72251892089844)
503_15E,11329_20250901_76_0_3,76_0,0,38.70722961425781,-9.141599655151367,3,IN_TRANSIT_TO,2025-10-24 16:25:04,3820,503,,POINT (-9.141599655151367 38.70722961425781)
2622_722,4121_20250901_196_0_12,196_0,0,38.745750427246094,-9.131119728088379,15,IN_TRANSIT_TO,2025-10-24 16:24:56,313,2622,66-VI-21,POINT (-9.131119728088379 38.745750427246094)
2603_722,4119_20250901_196_0_12,196_0,0,38.7735481262207,-9.116450309753418,25,IN_TRANSIT_TO,2025-10-24 16:24:34,12205,2603,16-VF-76,POINT (-9.116450309753418 38.7735481262207)
2649_781,7761_20250901_151_0_2,151_0,0,38.7871208190918,-9.123749732971191,28,IN_TRANSIT_TO,2025-10-24 16:19:37,16305,2649,75-VS-42,POINT (-9.123749732971191 38.7871208190918)
2656_781,7747_20250901_151_0_13,151_0,1,38.7590217590332,-9.111900329589844,15,IN_TRANSIT_TO,2025-10-24 16:25:06,8413,2656,05-VZ-53,POINT (-9.111900329589844 38.7590217590332)
2975_765,18946_20250901_110_0_4,110_0,1,38.75379943847656,-9.190679550170898,9,IN_TRANSIT_TO,2025-10-24 16:24:48,10917,2975,30-VM-11,POINT (-9.190679550170898 38.75379943847656)
2985_72B,45276_20250901_279_0_14,279_0,0,38.73537063598633,-9.205080032348633,17,IN_TRANSIT_TO,2025-10-24 16:24:53,50613,2985,30-VM-14,POINT (-9.205080032348633 38.73537063598633)
2986_774,7467_20250901_192_0_21,192_0,0,38.71928024291992,-9.164179801940918,4,IN_TRANSIT_TO,2025-10-24 16:24:58,8003,2986,30-VM-12,POINT (-9.164179801940918 38.71928024291992)
2701_727,4536_20250901_103_0_9,103_0,1,38.71992111206055,-9.155070304870605,34,IN_TRANSIT_TO,2025-10-24 16:25:03,6805,2701,92-XQ-35,POINT (-9.155070304870605 38.71992111206055)
551_18E,12182_20250901_78_0_21,78_0,0,38.70624923706055,-9.14465045928955,7,IN_TRANSIT_TO,2025-10-24 16:24:48,12116,551,,POINT (-9.14465045928955 38.70624923706055)
2982_770,7364_20250901_191_0_20,191_0,0,38.740081787109375,-9.168299674987793,2,IN_TRANSIT_TO,2025-10-24 16:24:39,1618,2982,30-VM-23,POINT (-9.168299674987793 38.740081787109375)
2990_774,7457_20250901_192_0_25,192_0,0,38.72174835205078,-9.156579971313477,8,IN_TRANSIT_TO,2025-10-24 16:24:40,6823,2990,30-VM-06,POINT (-9.156579971313477 38.72174835205078)
2711_709,3384_20250901_148_0_26,148_0,0,38.71857833862305,-9.144169807434082,3,IN_TRANSIT_TO,2025-10-24 16:24:51,1003,2711,92-XQ-44,POINT (-9.144169807434082 38.71857833862305)
2976_45B,45280_20250901_277_0_16,277_0,0,38.77425003051758,-9.154620170593262,4,IN_TRANSIT_TO,2025-10-24 16:24:44,11510,2976,30-VM-00,POINT (-9.154620170593262 38.77425003051758)
2604_759,6978_20250901_144_0_9,144_0,1,38.73191833496094,-9.114749908447266,31,IN_TRANSIT_TO,2025-10-24 16:24:48,17570,2604,66-VI-32,POINT (-9.114749908447266 38.73191833496094)
552_28E,14895_20250901_75_0_11,75_0,1,38.708648681640625,-9.139619827270508,17,IN_TRANSIT_TO,2025-10-24 16:23:58,10521,552,,POINT (-9.139619827270508 38.708648681640625)
2634_781,7756_20250901_151_0_14,151_0,1,38.78105163574219,-9.120050430297852,5,IN_TRANSIT_TO,2025-10-24 16:22:28,12602,2634,52-VP-85,POINT (-9.120050430297852 38.78105163574219)
2605_781,7738_20250901_151_0_2,151_0,1,38.71977996826172,-9.11614990234375,25,IN_TRANSIT_TO,2025-10-24 16:24:42,8310,2605,66-VI-35,POINT (-9.11614990234375 38.71977996826172)
2980_72B,45275_20250901_279_0_14,279_0,0,38.74856948852539,-9.191229820251465,27,IN_TRANSIT_TO,2025-10-24 16:24:40,10807,2980,29-VM-90,POINT (-9.191229820251465 38.74856948852539)
2663_714,3697_20240914_102_0_16,102_0,1,38.72127151489258,-9.221500396728516,4,IN_TRANSIT_TO,2024-10-22 20:26:58,18703,2663,05-VZ-62,POINT (-9.221500396728516 38.72127151489258)
2659_746,5964_20250901_108_0_17,108_0,0,38.753170013427734,-9.208550453186035,21,IN_TRANSIT_TO,2025-10-24 16:24:56,10902,2659,05-VZ-57,POINT (-9.208550453186035 38.753170013427734)
576_24E,17842_20250901_213_0_28,213_0,0,38.71310043334961,-9.143369674682617,3,IN_TRANSIT_TO,2025-10-24 16:24:38,10503,576,,POINT (-9.143369674682617 38.71310043334961)
581_12E,11035_20250901_77_0_6,77_0,0,38.709529876708984,-9.137249946594238,10,IN_TRANSIT_TO,2025-10-22 10:21:48,5604,581,,POINT (-9.137249946594238 38.709529876708984)
2685_713,3612_20250901_122_0_15,122_0,0,38.7287483215332,-9.159700393676758,9,IN_TRANSIT_TO,2025-10-24 16:24:50,6115,2685,93-XA-46,POINT (-9.159700393676758 38.7287483215332)
2615_759,6970_20250901_144_0_10,144_0,1,38.711849212646484,-9.125200271606445,41,IN_TRANSIT_TO,2025-10-24 16:24:58,2118,2615,66-VI-27,POINT (-9.125200271606445 38.711849212646484)
2732_756,6761_20250901_175_0_18,175_0,0,38.706321716308594,-9.17549991607666,23,IN_TRANSIT_TO,2025-10-24 16:24:49,12110,2732,AG-39-EI,POINT (-9.17549991607666 38.706321716308594)
1714_701,2987_20250901_123_0_18,123_0,0,38.72536849975586,-9.16355037689209,27,IN_TRANSIT_TO,2025-10-24 16:25:06,8507,1714,69-AL-77,POINT (-9.16355037689209 38.72536849975586)
545_12E,11035_20250901_77_0_15,77_0,1,38.710731506347656,-9.143170356750488,0,IN_TRANSIT_TO,2025-10-24 16:24:55,,545,,POINT (-9.143170356750488 38.710731506347656)
4804_753,6564_20250901_167_0_22,167_0,1,38.67652893066406,-9.1737699508667,2,IN_TRANSIT_TO,2025-10-24 16:25:02,14602,4804,53-VR-07,POINT (-9.1737699508667 38.67652893066406)
505_15E,11186_20250901_76_0_13,76_0,0,38.70940017700195,-9.13539981842041,1,IN_TRANSIT_TO,2025-10-24 16:24:04,50620,505,,POINT (-9.13539981842041 38.70940017700195)
2687_727,4528_20250901_103_0_9,103_0,1,38.733070373535156,-9.145299911499023,39,IN_TRANSIT_TO,2025-10-24 16:24:38,1713,2687,93-XA-44,POINT (-9.145299911499023 38.733070373535156)
404_19B,62308_20250901_245_0_12,245_0,0,38.72517013549805,-9.144980430603027,3,IN_TRANSIT_TO,2025-10-24 16:24:43,6603,404,BF-14-TQ,POINT (-9.144980430603027 38.72517013549805)
2708_709,3401_20250901_148_0_27,148_0,1,38.71992874145508,-9.145299911499023,9,IN_TRANSIT_TO,2025-10-24 16:24:59,1102,2708,92-XQ-32,POINT (-9.145299911499023 38.71992874145508)
4813_728,4609_20250901_204_0_11,204_0,1,38.77492904663086,-9.10457992553711,6,IN_TRANSIT_TO,2025-10-24 16:24:45,7908,4813,68-VQ-50,POINT (-9.10457992553711 38.77492904663086)
2828_751,6523_20250901_109_0_14,109_0,1,38.69847869873047,-9.188130378723145,21,IN_TRANSIT_TO,2025-10-24 16:24:48,9507,2828,BF-60-FZ,POINT (-9.188130378723145 38.69847869873047)
2696_711,3501_20250901_101_0_13,101_0,0,38.711021423339844,-9.135519981384277,2,IN_TRANSIT_TO,2025-10-24 16:24:33,4506,2696,90-XF-63,POINT (-9.135519981384277 38.711021423339844)
2662_746,5986_20250901_108_0_16,108_0,1,38.72465133666992,-9.149829864501953,25,IN_TRANSIT_TO,2025-10-24 16:24:39,1212,2662,05-VZ-51,POINT (-9.149829864501953 38.72465133666992)
2977_52B,21671_20250901_244_0_16,244_0,0,38.73981857299805,-9.151220321655273,11,IN_TRANSIT_TO,2025-10-24 16:24:46,33101,2977,30-VM-21,POINT (-9.151220321655273 38.73981857299805)
4808_728,4641_20250901_204_0_10,204_0,0,38.77696990966797,-9.101730346679688,47,IN_TRANSIT_TO,2025-10-24 16:24:47,7905,4808,20-VQ-73,POINT (-9.101730346679688 38.77696990966797)
6003_706,3267_20250901_147_0_14,147_0,0,38.71541976928711,-9.154379844665527,10,IN_TRANSIT_TO,2025-10-24 16:21:50,6705,6003,82-ZC-02,POINT (-9.154379844665527 38.71541976928711)
572_28E,14934_20250901_75_0_12,75_0,0,38.71369934082031,-9.16018009185791,29,IN_TRANSIT_TO,2025-10-24 16:24:10,8112,572,,POINT (-9.16018009185791 38.71369934082031)
264_76B,18630_20250901_219_0_22,219_0,0,38.71446990966797,-9.205479621887207,15,IN_TRANSIT_TO,2025-10-24 16:24:46,12906,264,AG-42-OV,POINT (-9.205479621887207 38.71446990966797)
4824_736,18816_20250901_199_0_12,199_0,1,38.78887939453125,-9.175919532775879,4,IN_TRANSIT_TO,2025-10-24 16:25:08,15107,4824,34-VR-19,POINT (-9.175919532775879 38.78887939453125)
2778_738,5544_20250901_117_0_2,117_0,1,38.71712875366211,-9.157649993896484,12,IN_TRANSIT_TO,2025-10-24 16:25:02,8103,2778,AI-03-BT,POINT (-9.157649993896484 38.71712875366211)
2641_759,6943_20250901_144_0_11,144_0,0,38.75532913208008,-9.113479614257812,27,IN_TRANSIT_TO,2025-10-24 16:24:40,24370,2641,75-VS-49,POINT (-9.113479614257812 38.75532913208008)
555_28E,14960_20250901_75_0_10,75_0,0,38.70962905883789,-9.13700008392334,16,IN_TRANSIT_TO,2025-10-24 16:18:50,13802,555,,POINT (-9.13700008392334 38.70962905883789)
2974_737,5489_20250901_173_0_40,173_0,1,38.71223068237305,-9.132369995117188,0,IN_TRANSIT_TO,2025-10-24 16:25:04,,2974,30-VM-22,POINT (-9.132369995117188 38.71223068237305)
4817_728,4589_20250901_204_0_11,204_0,1,38.730979919433594,-9.10569953918457,23,IN_TRANSIT_TO,2025-10-24 16:24:52,8314,4817,00-VV-37,POINT (-9.10569953918457 38.730979919433594)
575_25E,14255_20250901_79_0_20,79_0,0,38.706329345703125,-9.145170211791992,4,IN_TRANSIT_TO,2025-10-24 16:24:56,50339,575,,POINT (-9.145170211791992 38.706329345703125)
6006_729,4801_20250901_104_0_11,104_0,1,38.74509811401367,-9.199799537658691,25,IN_TRANSIT_TO,2025-10-24 16:24:49,2806,6006,82-ZC-09,POINT (-9.199799537658691 38.74509811401367)
2660_746,5977_20250901_108_0_19,108_0,0,38.741371154785156,-9.169750213623047,10,IN_TRANSIT_TO,2025-10-24 16:25:05,1607,2660,05-VZ-60,POINT (-9.169750213623047 38.741371154785156)
2650_781,7737_20250901_151_0_13,151_0,1,38.70532989501953,-9.143449783325195,29,IN_TRANSIT_TO,2025-10-24 16:24:40,3820,2650,75-VS-50,POINT (-9.143449783325195 38.70532989501953)
4644_750,6283_20250901_106_0_3,106_0,0,38.758670806884766,-9.159930229187012,16,IN_TRANSIT_TO,2025-10-24 16:25:02,5810,4644,27-JO-11,POINT (-9.159930229187012 38.758670806884766)
277_734,5133_20250901_205_0_25,205_0,0,38.713348388671875,-9.125399589538574,14,IN_TRANSIT_TO,2025-10-24 16:24:51,50518,277,AH-13-TB,POINT (-9.125399589538574 38.713348388671875)
2630_744,5850_20250901_200_0_11,200_0,0,38.76955032348633,-9.123370170593262,20,IN_TRANSIT_TO,2025-10-24 16:24:42,12209,2630,52-VP-89,POINT (-9.123370170593262 38.76955032348633)
4803_751,6520_20250901_109_0_10,109_0,1,38.69810104370117,-9.190569877624512,21,IN_TRANSIT_TO,2025-10-24 16:24:50,9507,4803,77-VP-16,POINT (-9.190569877624512 38.69810104370117)
2720_711,3522_20250901_101_0_3,101_0,1,38.7518196105957,-9.20973014831543,6,IN_TRANSIT_TO,2025-10-24 16:24:57,3003,2720,92-XQ-28,POINT (-9.20973014831543 38.7518196105957)
2665_714,3709_20250901_102_0_12,102_0,1,38.697879791259766,-9.191479682922363,23,IN_TRANSIT_TO,2025-10-24 16:24:48,4115,2665,87-XB-33,POINT (-9.191479682922363 38.697879791259766)
2645_722,4127_20250901_196_0_13,196_0,0,38.72269821166992,-9.147549629211426,2,IN_TRANSIT_TO,2025-10-24 16:24:56,1103,2645,87-VS-49,POINT (-9.147549629211426 38.72269821166992)
2983_45B,49562_20250901_277_0_16,277_0,1,38.759281158447266,-9.155529975891113,14,IN_TRANSIT_TO,2025-10-24 16:24:41,5803,2983,30-VM-08,POINT (-9.155529975891113 38.759281158447266)
262_79B,18661_20250901_221_0_13,221_0,0,38.69641876220703,-9.22035026550293,3,IN_TRANSIT_TO,2025-10-24 16:25:05,50295,262,AF-49-ZD,POINT (-9.22035026550293 38.69641876220703)
2627_759,6987_20250901_144_0_12,144_0,1,38.77330017089844,-9.115819931030273,9,IN_TRANSIT_TO,2025-10-24 16:18:39,7720,2627,52-VP-83,POINT (-9.115819931030273 38.77330017089844)
4635_796,8127_20250901_174_0_30,174_0,1,38.777549743652344,-9.16431999206543,10,IN_TRANSIT_TO,2025-10-24 16:24:50,5910,4635,90-JI-95,POINT (-9.16431999206543 38.777549743652344)
2725_738,5553_20250901_117_0_12,117_0,1,38.7056999206543,-9.179019927978516,4,IN_TRANSIT_TO,2025-10-24 16:24:49,12113,2725,92-XQ-30,POINT (-9.179019927978516 38.7056999206543)
2715_709,3411_20250901_148_0_4,148_0,1,38.7138786315918,-9.161219596862793,3,IN_TRANSIT_TO,2025-10-24 16:25:01,8001,2715,92-XQ-22,POINT (-9.161219596862793 38.7138786315918)
2966_79B,18671_20250901_221_0_12,221_0,0,38.70893096923828,-9.213299751281738,26,IN_TRANSIT_TO,2025-10-24 16:24:47,12403,2966,30-VM-20,POINT (-9.213299751281738 38.70893096923828)
2631_744,5805_20250901_200_0_11,200_0,0,38.74911880493164,-9.137479782104492,10,IN_TRANSIT_TO,2025-10-24 16:25:09,2053,2631,52-VP-80,POINT (-9.137479782104492 38.74911880493164)
2722_711,3517_20250901_101_0_12,101_0,1,38.724178314208984,-9.160599708557129,27,IN_TRANSIT_TO,2025-10-24 16:24:51,8502,2722,92-XQ-36,POINT (-9.160599708557129 38.724178314208984)
282_734,5150_20250901_205_0_25,205_0,1,38.72187042236328,-9.135370254516602,13,IN_TRANSIT_TO,2025-10-24 16:24:56,704,282,AI-47-OJ,POINT (-9.135370254516602 38.72187042236328)
267_65B,35087_20250901_250_0_18,250_0,0,38.71852111816406,-9.156720161437988,12,IN_TRANSIT_TO,2025-10-24 16:25:06,50191,267,AG-41-OV,POINT (-9.156720161437988 38.71852111816406)
6045_760,7095_20250901_171_0_6,171_0,1,38.706321716308594,-9.145930290222168,29,IN_TRANSIT_TO,2025-10-24 16:24:53,7101,6045,BH-32-IQ,POINT (-9.145930290222168 38.706321716308594)
2274_729,4757_20250901_104_0_12,104_0,0,38.765220642089844,-9.19890022277832,6,IN_TRANSIT_TO,2025-10-24 16:24:55,13909,2274,76-79-ZG,POINT (-9.19890022277832 38.765220642089844)
2247_767,7228_20250901_112_0_9,112_0,0,38.72951889038086,-9.14037036895752,4,IN_TRANSIT_TO,2025-10-24 16:24:41,6904,2247,22-34-ZB,POINT (-9.14037036895752 38.72951889038086)
2330_754,6592_20250901_201_0_14,201_0,1,38.7451286315918,-9.204919815063477,16,IN_TRANSIT_TO,2025-10-24 16:24:56,8811,2330,67-52-ZJ,POINT (-9.204919815063477 38.7451286315918)
2260_758,6853_20250901_150_0_11,150_0,0,38.717681884765625,-9.151029586791992,6,IN_TRANSIT_TO,2025-10-24 16:25:07,10605,2260,67-47-ZJ,POINT (-9.151029586791992 38.717681884765625)
2327_754,6615_20250901_201_0_13,201_0,0,38.7434196472168,-9.166020393371582,8,IN_TRANSIT_TO,2025-10-24 16:25:03,13501,2327,67-53-ZJ,POINT (-9.166020393371582 38.7434196472168)
2204_720,4077_20250901_143_0_2,143_0,0,38.70402908325195,-9.172679901123047,24,IN_TRANSIT_TO,2025-10-24 16:24:44,10204,2204,01-72-XO,POINT (-9.172679901123047 38.70402908325195)
2489_726,4295_20250901_116_0_11,116_0,0,38.73741912841797,-9.144479751586914,10,IN_TRANSIT_TO,2025-10-24 16:25:00,11118,2489,55-BH-05,POINT (-9.144479751586914 38.73741912841797)
2443_703,3124_20250901_165_0_13,165_0,0,38.74913024902344,-9.191499710083008,34,IN_TRANSIT_TO,2025-10-24 16:25:08,10804,2443,29-AX-05,POINT (-9.191499710083008 38.74913024902344)
2490_720,4087_20250901_143_0_15,143_0,0,38.731651306152344,-9.14132022857666,11,IN_TRANSIT_TO,2025-10-24 16:24:50,6501,2490,55-BH-01,POINT (-9.14132022857666 38.731651306152344)
6044_706,3259_20250901_147_0_7,147_0,1,38.73134994506836,-9.126819610595703,10,IN_TRANSIT_TO,2025-10-24 16:24:49,7015,6044,BG-87-LX,POINT (-9.126819610595703 38.73134994506836)
2750_708,3336_20250901_100_0_2,100_0,0,38.748451232910156,-9.13092041015625,11,IN_TRANSIT_TO,2025-10-24 16:24:56,313,2750,AG-10-TH,POINT (-9.13092041015625 38.748451232910156)
2780_723,4149_20250901_121_0_11,121_0,1,38.71649932861328,-9.213279724121094,11,IN_TRANSIT_TO,2025-10-24 16:24:52,10402,2780,AI-06-BT,POINT (-9.213279724121094 38.71649932861328)
2994_774,7437_20250901_192_0_22,192_0,1,38.725250244140625,-9.146069526672363,4,IN_TRANSIT_TO,2025-10-24 16:24:43,1217,2994,29-VM-91,POINT (-9.146069526672363 38.725250244140625)
2471_726,4356_20250901_116_0_2,116_0,1,38.765079498291016,-9.200369834899902,2,IN_TRANSIT_TO,2025-10-24 16:24:40,13903,2471,74-BC-70,POINT (-9.200369834899902 38.765079498291016)
2246_716,3734_20250901_164_0_13,164_0,0,38.73952865600586,-9.166569709777832,11,IN_TRANSIT_TO,2025-10-24 16:24:51,1601,2246,22-38-ZB,POINT (-9.166569709777832 38.73952865600586)
2248_758,6869_20250901_150_0_14,150_0,1,38.71595001220703,-9.146820068359375,28,IN_TRANSIT_TO,2025-10-24 16:24:45,10606,2248,22-33-ZB,POINT (-9.146820068359375 38.71595001220703)
2709_713,3606_20250901_122_0_3,122_0,0,38.71398162841797,-9.16094970703125,16,IN_TRANSIT_TO,2025-10-24 16:24:39,8104,2709,92-XQ-42,POINT (-9.16094970703125 38.71398162841797)
2244_760,7044_20250901_171_0_7,171_0,0,38.70383071899414,-9.162420272827148,15,IN_TRANSIT_TO,2025-10-24 16:24:52,3906,2244,22-44-ZB,POINT (-9.162420272827148 38.70383071899414)
2714_711,3475_20250901_101_0_13,101_0,0,38.7482795715332,-9.215450286865234,26,IN_TRANSIT_TO,2025-10-24 16:24:42,50234,2714,92-XQ-38,POINT (-9.215450286865234 38.7482795715332)
2822_753,6536_20250901_167_0_3,167_0,1,38.72502136230469,-9.15347957611084,5,IN_TRANSIT_TO,2025-10-24 16:24:16,1224,2822,BF-54-FZ,POINT (-9.15347957611084 38.72502136230469)
2286_731,4996_20250901_190_0_10,190_0,1,38.74208068847656,-9.168399810791016,33,IN_TRANSIT_TO,2025-10-24 16:24:59,1612,2286,67-42-ZJ,POINT (-9.168399810791016 38.74208068847656)
2299_742,5789_20250901_114_0_2,114_0,1,38.7065315246582,-9.176349639892578,20,IN_TRANSIT_TO,2025-10-24 16:24:56,12105,2299,83-14-ZM,POINT (-9.176349639892578 38.7065315246582)
6013_768,7350_20250901_111_0_3,111_0,0,38.74258041381836,-9.172630310058594,7,IN_TRANSIT_TO,2025-10-24 16:24:44,1616,6013,68-ZF-53,POINT (-9.172630310058594 38.74258041381836)
2293_724,4204_20250901_178_0_19,178_0,0,38.7564811706543,-9.20341968536377,24,IN_TRANSIT_TO,2025-10-24 16:25:05,13704,2293,92-57-ZM,POINT (-9.20341968536377 38.7564811706543)
2478_726,4350_20250901_116_0_12,116_0,1,38.74972152709961,-9.172380447387695,12,IN_TRANSIT_TO,2025-10-24 16:24:46,12712,2478,91-BE-80,POINT (-9.172380447387695 38.74972152709961)
1778_717,3844_20250901_170_0_13,170_0,0,38.75606918334961,-9.147970199584961,13,IN_TRANSIT_TO,2025-10-24 16:24:43,11301,1778,63-HX-30,POINT (-9.147970199584961 38.75606918334961)
1751_717,3863_20250901_170_0_13,170_0,0,38.734619140625,-9.135129928588867,0,IN_TRANSIT_TO,2025-10-24 16:25:06,,1751,34-HU-17,POINT (-9.135129928588867 38.734619140625)
2812_793,8023_20250901_145_0_3,145_0,1,38.74747085571289,-9.110400199890137,14,IN_TRANSIT_TO,2025-10-24 16:24:54,3710,2812,90-II-61,POINT (-9.110400199890137 38.74747085571289)
4639_783,7835_20250901_203_0_13,203_0,0,38.745521545410156,-9.147470474243164,10,IN_TRANSIT_TO,2025-10-24 16:24:42,2021,4639,27-JO-13,POINT (-9.147470474243164 38.745521545410156)
2819_793,8007_20250901_145_0_18,145_0,0,38.734100341796875,-9.112700462341309,5,IN_TRANSIT_TO,2025-10-24 16:23:48,12516,2819,90-II-59,POINT (-9.112700462341309 38.734100341796875)
4647_750,6326_20250901_106_0_3,106_0,0,38.757530212402344,-9.10338020324707,4,IN_TRANSIT_TO,2025-10-24 16:24:42,2320,4647,02-JN-88,POINT (-9.10338020324707 38.757530212402344)
2813_782,7776_20250901_152_0_10,152_0,0,38.7493782043457,-9.104900360107422,11,IN_TRANSIT_TO,2025-10-24 16:25:04,2208,2813,90-II-53,POINT (-9.104900360107422 38.7493782043457)
1747_735,5258_20250901_172_0_10,172_0,1,38.717498779296875,-9.121549606323242,25,IN_TRANSIT_TO,2025-10-24 16:25:07,2106,1747,92-HR-04,POINT (-9.121549606323242 38.717498779296875)
2969_737,5502_20250901_173_0_35,173_0,0,38.71017074584961,-9.135330200195312,2,IN_TRANSIT_TO,2025-10-24 16:24:48,5601,2969,30-VM-09,POINT (-9.135330200195312 38.71017074584961)
1746_717,3759_20250901_170_0_13,170_0,1,38.77415084838867,-9.155050277709961,18,IN_TRANSIT_TO,2025-10-24 16:24:19,11510,1746,92-HR-03,POINT (-9.155050277709961 38.77415084838867)
2971_52B,21661_20250901_244_0_16,244_0,0,38.735069274902344,-9.154600143432617,17,IN_TRANSIT_TO,2025-10-24 16:24:54,1403,2971,29-VM-98,POINT (-9.154600143432617 38.735069274902344)
4636_783,7809_20250901_203_0_13,203_0,0,38.779319763183594,-9.12007999420166,26,IN_TRANSIT_TO,2025-10-24 16:25:04,12603,4636,90-JI-97,POINT (-9.12007999420166 38.779319763183594)
2811_718,4005_20250901_105_0_3,105_0,1,38.73501968383789,-9.13407039642334,4,IN_TRANSIT_TO,2025-10-24 16:24:50,402,2811,02-IH-00,POINT (-9.13407039642334 38.73501968383789)
2803_793,8019_20250901_145_0_17,145_0,1,38.738521575927734,-9.106900215148926,28,IN_TRANSIT_TO,2025-10-24 16:24:12,12517,2803,01-IH-92,POINT (-9.106900215148926 38.738521575927734)
4802_728,4698_20250901_204_0_8,204_0,0,38.697471618652344,-9.188469886779785,12,IN_TRANSIT_TO,2025-10-24 16:24:52,4101,4802,77-VP-17,POINT (-9.188469886779785 38.697471618652344)
2802_718,3962_20250901_105_0_14,105_0,0,38.74422836303711,-9.101420402526855,11,IN_TRANSIT_TO,2025-10-24 16:16:39,12524,2802,01-IH-91,POINT (-9.101420402526855 38.74422836303711)
2807_793,7973_20250901_145_0_18,145_0,1,38.7400016784668,-9.123700141906738,6,IN_TRANSIT_TO,2025-10-24 16:24:34,8908,2807,01-IH-96,POINT (-9.123700141906738 38.7400016784668)
2806_725,4255_20250901_197_0_26,197_0,1,38.781829833984375,-9.120829582214355,6,IN_TRANSIT_TO,2025-10-24 16:16:00,16304,2806,01-IH-95,POINT (-9.120829582214355 38.781829833984375)
2960_798,8198_20250901_194_0_23,194_0,0,38.77225112915039,-9.15347957611084,8,IN_TRANSIT_TO,2025-10-24 16:24:44,11503,2960,27-GU-75,POINT (-9.15347957611084 38.77225112915039)
2453_726,4273_20250901_116_0_11,116_0,0,38.76020050048828,-9.182649612426758,24,IN_TRANSIT_TO,2025-10-24 16:25:06,13608,2453,16-AZ-13,POINT (-9.182649612426758 38.76020050048828)
2459_729,4836_20250901_104_0_9,104_0,0,38.73357009887695,-9.1983003616333,20,IN_TRANSIT_TO,2025-10-24 16:24:39,8838,2459,74-BC-74,POINT (-9.1983003616333 38.73357009887695)
2804_718,3991_20250901_105_0_14,105_0,1,38.72846984863281,-9.109769821166992,0,IN_TRANSIT_TO,2025-10-24 16:24:55,,2804,01-IH-93,POINT (-9.109769821166992 38.72846984863281)
4625_736,5424_20250901_199_0_10,199_0,1,38.7599983215332,-9.156769752502441,14,IN_TRANSIT_TO,2025-10-24 16:24:50,5808,4625,90-JI-92,POINT (-9.156769752502441 38.7599983215332)
1753_756,6757_20250901_175_0_17,175_0,1,38.706748962402344,-9.174949645996094,3,IN_TRANSIT_TO,2025-10-24 16:24:47,12105,1753,34-HU-19,POINT (-9.174949645996094 38.706748962402344)
1750_755,6691_20250901_118_0_2,118_0,0,38.750179290771484,-9.164299964904785,38,IN_TRANSIT_TO,2025-10-24 16:24:44,13508,1750,92-HR-07,POINT (-9.164299964904785 38.750179290771484)
2761_735,5267_20250901_172_0_12,172_0,1,38.7327995300293,-9.13053035736084,16,IN_TRANSIT_TO,2025-10-24 16:24:52,502,2761,AH-33-ND,POINT (-9.13053035736084 38.7327995300293)
2816_782,7785_20250901_152_0_10,152_0,0,38.7087287902832,-9.135549545288086,3,IN_TRANSIT_TO,2025-10-24 16:24:42,5501,2816,90-II-56,POINT (-9.135549545288086 38.7087287902832)
1752_717,3864_20250901_170_0_12,170_0,1,38.73883056640625,-9.133620262145996,38,IN_TRANSIT_TO,2025-10-24 16:25:07,404,1752,34-HU-18,POINT (-9.133620262145996 38.73883056640625)
231_49B,22224_20250901_251_0_17,251_0,0,38.743019104003906,-9.133580207824707,17,IN_TRANSIT_TO,2025-10-24 16:24:56,50109,231,84-47-XQ,POINT (-9.133580207824707 38.743019104003906)
2455_747,6124_20250901_177_0_3,177_0,0,38.760520935058594,-9.155969619750977,2,IN_TRANSIT_TO,2025-10-24 16:24:59,5807,2455,16-AZ-12,POINT (-9.155969619750977 38.760520935058594)
2700_713,3576_20250901_122_0_14,122_0,1,38.715850830078125,-9.175769805908203,5,IN_TRANSIT_TO,2025-10-24 16:24:50,11904,2700,92-XQ-26,POINT (-9.175769805908203 38.715850830078125)
2410_778,7529_20250901_179_0_21,179_0,0,38.76287841796875,-9.17074966430664,6,IN_TRANSIT_TO,2025-10-24 16:24:46,50007,2410,92-AO-46,POINT (-9.17074966430664 38.76287841796875)
2280_763,46424_20250901_282_0_19,282_0,0,38.77452850341797,-9.155420303344727,0,IN_TRANSIT_TO,2025-10-24 16:24:54,,2280,67-40-ZJ,POINT (-9.155420303344727 38.77452850341797)
2794_727,4498_20250901_103_0_2,103_0,0,38.72391891479492,-9.150919914245605,14,IN_TRANSIT_TO,2025-10-24 16:25:07,1214,2794,AJ-60-LI,POINT (-9.150919914245605 38.72391891479492)
4608_728,4722_20250901_204_4_12,204_4,1,38.7064208984375,-9.149250030517578,9,IN_TRANSIT_TO,2025-10-24 16:24:47,7102,4608,96-GL-85,POINT (-9.149250030517578 38.7064208984375)
2777_711,3519_20250901_101_0_9,101_0,1,38.73563003540039,-9.200169563293457,14,IN_TRANSIT_TO,2025-10-24 16:24:46,8826,2777,AI-01-BT,POINT (-9.200169563293457 38.73563003540039)
2762_708,3347_20250901_100_0_10,100_0,0,38.71712875366211,-9.135780334472656,2,IN_TRANSIT_TO,2025-10-24 16:24:05,818,2762,AH-38-ND,POINT (-9.135780334472656 38.71712875366211)
302_708,3365_20250901_100_0_13,100_0,1,38.76015090942383,-9.117170333862305,27,IN_TRANSIT_TO,2025-10-24 16:24:36,8408,302,22-SP-89,POINT (-9.117170333862305 38.76015090942383)
2278_771,39066_20250901_248_0_5,248_0,1,38.71179962158203,-9.195420265197754,8,IN_TRANSIT_TO,2025-10-24 16:24:50,50140,2278,67-41-ZJ,POINT (-9.195420265197754 38.71179962158203)
2623_759,6961_20250901_144_0_11,144_0,0,38.70787048339844,-9.133199691772461,5,IN_TRANSIT_TO,2025-10-24 16:24:55,4501,2623,66-VI-26,POINT (-9.133199691772461 38.70787048339844)
2790_764,7135_20250901_168_0_15,168_0,0,38.757179260253906,-9.178179740905762,10,IN_TRANSIT_TO,2025-10-24 16:25:00,13606,2790,AI-54-TL,POINT (-9.178179740905762 38.757179260253906)
2450_767,7250_20250901_112_0_10,112_0,0,38.75632858276367,-9.147370338439941,16,IN_TRANSIT_TO,2025-10-24 16:24:48,11301,2450,44-BC-36,POINT (-9.147370338439941 38.75632858276367)
301_783,7854_20250901_203_0_14,203_0,1,38.74602127075195,-9.147899627685547,20,IN_TRANSIT_TO,2025-10-24 16:25:08,2002,301,74-SM-62,POINT (-9.147899627685547 38.74602127075195)
2746_749,6201_20250901_195_0_20,195_0,0,38.751129150390625,-9.202699661254883,30,IN_TRANSIT_TO,2025-10-24 16:25:03,50386,2746,AG-97-TG,POINT (-9.202699661254883 38.751129150390625)
2483_729,4810_20250901_104_0_10,104_0,1,38.74504852294922,-9.199029922485352,24,IN_TRANSIT_TO,2025-10-24 16:25:06,10831,2483,74-BC-66,POINT (-9.199029922485352 38.74504852294922)
2499_742,5666_20250901_114_0_9,114_0,0,38.70709991455078,-9.19657039642334,49,IN_TRANSIT_TO,2025-10-24 16:24:41,13312,2499,03-BM-58,POINT (-9.19657039642334 38.70709991455078)
1721_701,2947_20250901_123_0_15,123_0,0,38.747650146484375,-9.153420448303223,7,IN_TRANSIT_TO,2025-10-24 16:25:08,2009,1721,25-AS-33,POINT (-9.153420448303223 38.747650146484375)
1775_717,3845_20250901_170_0_13,170_0,0,38.74917984008789,-9.137200355529785,7,IN_TRANSIT_TO,2025-10-24 16:24:54,11203,1775,53-HX-08,POINT (-9.137200355529785 38.74917984008789)
2797_712,3549_20250901_189_0_10,189_0,0,38.72626876831055,-9.147529602050781,16,IN_TRANSIT_TO,2025-10-24 16:24:51,6602,2797,AJ-57-LI,POINT (-9.147529602050781 38.72626876831055)
2759_756,6741_20250901_175_0_3,175_0,1,38.739601135253906,-9.151769638061523,12,IN_TRANSIT_TO,2025-10-24 16:24:56,1504,2759,AH-21-ND,POINT (-9.151769638061523 38.739601135253906)
2284_724,4191_20250901_178_0_18,178_0,1,38.75954818725586,-9.201330184936523,2,IN_TRANSIT_TO,2025-10-24 16:24:54,13911,2284,67-36-ZJ,POINT (-9.201330184936523 38.75954818725586)
1705_755,6706_20250901_118_0_9,118_0,0,38.74879837036133,-9.108449935913086,11,IN_TRANSIT_TO,2025-10-24 16:24:29,3703,1705,69-AL-68,POINT (-9.108449935913086 38.74879837036133)
2745_755,6654_20250901_118_0_13,118_0,1,38.75381851196289,-9.154399871826172,7,IN_TRANSIT_TO,2025-10-24 16:24:49,5702,2745,AG-06-TH,POINT (-9.154399871826172 38.75381851196289)
2784_723,63531_20250901_121_0_2,121_0,1,38.72486877441406,-9.150899887084961,28,IN_TRANSIT_TO,2025-10-24 16:25:00,1224,2784,AI-09-BT,POINT (-9.150899887084961 38.72486877441406)
2243_731,5025_20250901_190_0_9,190_0,0,38.760231018066406,-9.134730339050293,18,IN_TRANSIT_TO,2025-10-24 15:40:06,11305,2243,22-36-ZB,POINT (-9.134730339050293 38.760231018066406)
1770_796,8140_20250901_174_0_32,174_0,1,38.79222106933594,-9.150250434875488,0,IN_TRANSIT_TO,2025-10-24 16:24:48,,1770,63-HX-17,POINT (-9.150250434875488 38.79222106933594)
1713_756,6764_20250901_175_0_12,175_0,0,38.73720169067383,-9.157830238342285,14,IN_TRANSIT_TO,2025-10-24 16:24:44,50040,1713,69-AL-76,POINT (-9.157830238342285 38.73720169067383)
2480_767,7297_20250901_112_0_10,112_0,1,38.75202941894531,-9.189379692077637,16,IN_TRANSIT_TO,2025-10-24 16:25:00,10807,2480,91-BE-75,POINT (-9.189379692077637 38.75202941894531)
2252_731,57523_20250901_190_0_2,190_0,0,38.76897048950195,-9.117879867553711,24,IN_TRANSIT_TO,2025-10-24 16:24:42,7703,2252,80-40-ZE,POINT (-9.117879867553711 38.76897048950195)
217_13B,21591_20250901_243_0_21,243_0,0,38.72072982788086,-9.125630378723145,19,IN_TRANSIT_TO,2025-10-24 16:24:48,50523,217,29-98-XM,POINT (-9.125630378723145 38.72072982788086)
2767_712,3541_20250901_189_0_14,189_0,0,38.724979400634766,-9.152970314025879,18,IN_TRANSIT_TO,2025-10-24 16:24:39,1209,2767,AH-34-ND,POINT (-9.152970314025879 38.724979400634766)
2413_716,3753_20250901_164_0_18,164_0,1,38.73809814453125,-9.15923023223877,16,IN_TRANSIT_TO,2025-10-24 16:24:50,1510,2413,92-AO-50,POINT (-9.15923023223877 38.73809814453125)
2454_729,4820_20250901_104_0_10,104_0,1,38.69852066040039,-9.199569702148438,8,IN_TRANSIT_TO,2025-10-24 16:24:58,4104,2454,16-AZ-18,POINT (-9.199569702148438 38.69852066040039)
2482_767,7286_20250901_112_0_10,112_0,1,38.76110076904297,-9.166780471801758,23,IN_TRANSIT_TO,2025-10-24 16:25:05,50016,2482,55-BH-02,POINT (-9.166780471801758 38.76110076904297)
1780_717,3822_20250901_170_0_13,170_0,0,38.78797149658203,-9.145219802856445,33,IN_TRANSIT_TO,2025-10-24 16:24:45,6008,1780,63-HX-18,POINT (-9.145219802856445 38.78797149658203)
1769_717,3803_20250901_170_0_13,170_0,0,38.795631408691406,-9.15011978149414,38,IN_TRANSIT_TO,2025-10-24 16:25:02,11610,1769,63-HX-24,POINT (-9.15011978149414 38.795631408691406)
1767_755,6663_20250901_118_0_12,118_0,1,38.74631881713867,-9.167969703674316,3,IN_TRANSIT_TO,2025-10-24 16:25:03,12703,1767,63-HX-29,POINT (-9.167969703674316 38.74631881713867)
1768_717,3891_20250901_170_4_13,170_4,0,38.79103088378906,-9.15077018737793,21,IN_TRANSIT_TO,2025-10-24 16:24:52,11602,1768,63-HX-23,POINT (-9.15077018737793 38.79103088378906)
1759_742,5737_20250901_114_0_9,114_0,0,38.72732162475586,-9.16232967376709,28,IN_TRANSIT_TO,2025-10-24 16:24:38,6115,1759,34-HU-25,POINT (-9.16232967376709 38.72732162475586)
2487_726,4325_20250901_116_0_12,116_0,1,38.73474884033203,-9.141500473022461,26,IN_TRANSIT_TO,2025-10-24 16:24:38,11105,2487,54-BH-97,POINT (-9.141500473022461 38.73474884033203)
2470_767,7305_20250901_112_0_10,112_0,1,38.74982833862305,-9.22089958190918,0,IN_TRANSIT_TO,2025-10-24 16:24:41,,2470,74-BC-71,POINT (-9.22089958190918 38.74982833862305)
2433_716,3744_20250901_164_0_17,164_0,0,38.737178802490234,-9.146069526672363,4,IN_TRANSIT_TO,2025-10-24 16:24:59,11118,2433,44-BC-28,POINT (-9.146069526672363 38.737178802490234)
2239_731,4974_20250901_190_0_9,190_0,0,38.754920959472656,-9.151229858398438,14,IN_TRANSIT_TO,2025-10-24 16:25:01,5702,2239,06-30-XX,POINT (-9.151229858398438 38.754920959472656)
2771_727,4454_20250901_103_0_8,103_0,0,38.70664978027344,-9.158220291137695,22,IN_TRANSIT_TO,2025-10-24 16:24:50,50593,2771,AH-20-ND,POINT (-9.158220291137695 38.70664978027344)
2412_747,6122_20250901_177_0_19,177_0,0,38.76274871826172,-9.170680046081543,9,IN_TRANSIT_TO,2025-10-24 16:24:58,50007,2412,92-AO-48,POINT (-9.170680046081543 38.76274871826172)
2774_764,7151_20250901_168_0_13,168_0,1,38.74678039550781,-9.170180320739746,28,IN_TRANSIT_TO,2025-10-24 16:25:01,12710,2774,AH-22-ND,POINT (-9.170180320739746 38.74678039550781)
405_51E,1152_20250901_158_0_24,158_0,0,38.71173095703125,-9.140769958496094,4,IN_TRANSIT_TO,2025-10-24 16:25:01,50687,405,BF-14-TU,POINT (-9.140769958496094 38.71173095703125)
2469_726,4286_20250901_116_0_13,116_0,0,38.73884963989258,-9.157380104064941,14,IN_TRANSIT_TO,2025-10-24 16:24:50,1503,2469,16-AZ-09,POINT (-9.157380104064941 38.73884963989258)
2747_755,6702_20250901_118_0_14,118_0,0,38.7534294128418,-9.14330005645752,32,IN_TRANSIT_TO,2025-10-24 16:25:04,108,2747,AG-09-TH,POINT (-9.14330005645752 38.7534294128418)
1704_794,8043_20250901_115_0_13,115_0,1,38.751220703125,-9.119529724121094,23,IN_TRANSIT_TO,2025-10-24 16:24:59,14729,1704,35-AL-14,POINT (-9.119529724121094 38.751220703125)
2268_703,3135_20250901_165_0_13,165_0,0,38.750370025634766,-9.196379661560059,35,IN_TRANSIT_TO,2025-10-24 16:24:55,10802,2268,76-87-ZG,POINT (-9.196379661560059 38.750370025634766)
2447_703,3173_20250901_165_0_12,165_0,1,38.78219985961914,-9.158029556274414,29,IN_TRANSIT_TO,2025-10-24 16:24:48,5926,2447,44-BC-33,POINT (-9.158029556274414 38.78219985961914)
1772_717,3879_20250901_170_0_13,170_0,1,38.76546859741211,-9.157320022583008,24,IN_TRANSIT_TO,2025-10-24 16:24:55,5814,1772,63-HX-22,POINT (-9.157320022583008 38.76546859741211)
4613_750,6372_20250901_106_0_10,106_0,1,38.75463104248047,-9.152250289916992,25,IN_TRANSIT_TO,2025-10-24 16:25:03,5804,4613,22-GP-48,POINT (-9.152250289916992 38.75463104248047)
1779_796,8154_20250901_174_0_16,174_0,1,38.76118087768555,-9.15719985961914,16,IN_TRANSIT_TO,2025-10-24 16:24:57,5808,1779,63-HX-20,POINT (-9.15719985961914 38.76118087768555)
1718_701,2967_20250901_123_0_11,123_0,1,38.75014877319336,-9.16431999206543,22,IN_TRANSIT_TO,2025-10-24 16:24:59,13620,1718,69-AL-81,POINT (-9.16431999206543 38.75014877319336)
2467_726,4264_20250901_116_0_13,116_0,0,38.7677001953125,-9.20337963104248,31,IN_TRANSIT_TO,2025-10-24 16:25:00,13902,2467,16-AZ-14,POINT (-9.20337963104248 38.7677001953125)
1760_749,6205_20250901_195_0_8,195_0,0,38.75476837158203,-9.19612979888916,24,IN_TRANSIT_TO,2025-10-24 16:25:02,10916,1760,34-HU-26,POINT (-9.19612979888916 38.75476837158203)
2823_751,6459_20250901_109_0_12,109_0,1,38.71588134765625,-9.235529899597168,0,IN_TRANSIT_TO,2025-10-24 16:24:41,,2823,BF-64-FZ,POINT (-9.235529899597168 38.71588134765625)
406_22B,19420_20250901_236_0_22,236_0,0,38.71617889404297,-9.147370338439941,7,IN_TRANSIT_TO,2025-10-24 16:24:41,50076,406,BF-93-TB,POINT (-9.147370338439941 38.71617889404297)
2497_794,8073_20250901_115_0_13,115_0,1,38.76797103881836,-9.099800109863281,0,IN_TRANSIT_TO,2025-10-24 16:24:44,,2497,88-BL-71,POINT (-9.099800109863281 38.76797103881836)
2461_703,3175_20250901_165_0_14,165_0,1,38.75981903076172,-9.179670333862305,13,IN_TRANSIT_TO,2025-10-24 16:24:57,12827,2461,55-BH-04,POINT (-9.179670333862305 38.75981903076172)
2422_703,3100_20250901_165_0_13,165_0,1,38.74509811401367,-9.201669692993164,3,IN_TRANSIT_TO,2025-10-24 16:24:37,8813,2422,29-AU-17,POINT (-9.201669692993164 38.74509811401367)
2775_714,3697_20250901_102_0_12,102_0,1,38.70671844482422,-9.155920028686523,35,IN_TRANSIT_TO,2025-10-24 16:24:34,3913,2775,AH-31-ND,POINT (-9.155920028686523 38.70671844482422)
2285_758,6885_20250901_150_0_14,150_0,1,38.740970611572266,-9.16819953918457,14,IN_TRANSIT_TO,2025-10-24 16:24:45,1610,2285,67-55-ZJ,POINT (-9.16819953918457 38.740970611572266)
2967_737,5475_20250901_173_0_36,173_0,1,38.71271896362305,-9.13617992401123,6,IN_TRANSIT_TO,2025-10-24 16:24:46,913,2967,30-VM-05,POINT (-9.13617992401123 38.71271896362305)
1719_701,2979_20250901_123_0_17,123_0,1,38.721519470214844,-9.167149543762207,4,IN_TRANSIT_TO,2025-10-24 16:24:42,8011,1719,25-AS-31,POINT (-9.167149543762207 38.721519470214844)
2423_767,7308_20250901_112_0_9,112_0,0,38.753170013427734,-9.209670066833496,41,IN_TRANSIT_TO,2025-10-24 16:24:48,11006,2423,29-AU-18,POINT (-9.209670066833496 38.753170013427734)
2269_771,21942_20250901_248_0_19,248_0,1,38.740150451660156,-9.167269706726074,24,IN_TRANSIT_TO,2025-10-24 16:24:47,50472,2269,76-88-ZG,POINT (-9.167269706726074 38.740150451660156)
2338_754,6609_20250901_201_0_13,201_0,0,38.74637985229492,-9.189749717712402,17,IN_TRANSIT_TO,2025-10-24 16:25:03,10822,2338,53-62-ZJ,POINT (-9.189749717712402 38.74637985229492)
2758_735,5232_20250901_172_0_12,172_0,1,38.70537185668945,-9.143779754638672,34,IN_TRANSIT_TO,2025-10-24 16:24:40,3820,2758,AH-36-ND,POINT (-9.143779754638672 38.70537185668945)
2420_778,18640_20250901_179_0_22,179_0,1,38.7607307434082,-9.15725040435791,24,IN_TRANSIT_TO,2025-10-24 16:24:45,5808,2420,29-AU-15,POINT (-9.15725040435791 38.7607307434082)
218_37B,18839_20250901_224_0_20,224_0,0,38.732120513916016,-9.130849838256836,13,IN_TRANSIT_TO,2025-10-24 16:25:08,50395,218,11-13-XO,POINT (-9.130849838256836 38.732120513916016)
2833_751,6490_20250901_109_0_17,109_0,0,38.701480865478516,-9.206830024719238,17,IN_TRANSIT_TO,2025-10-24 16:24:44,9608,2833,BF-65-FZ,POINT (-9.206830024719238 38.701480865478516)
2839_748,63538_20250901_169_0_2,169_0,1,38.713871002197266,-9.225729942321777,4,IN_TRANSIT_TO,2025-10-24 16:24:49,14307,2839,BF-69-FZ,POINT (-9.225729942321777 38.713871002197266)
1703_794,8101_20250901_115_0_13,115_0,0,38.74732971191406,-9.118229866027832,13,IN_TRANSIT_TO,2025-10-24 16:23:16,3604,1703,35-AL-13,POINT (-9.118229866027832 38.74732971191406)
4622_736,5414_20250901_199_0_2,199_0,1,38.726131439208984,-9.150349617004395,26,IN_TRANSIT_TO,2025-10-24 16:24:40,1206,4622,90-JI-91,POINT (-9.150349617004395 38.726131439208984)
1766_717,3825_20250901_170_0_10,170_0,0,38.7734489440918,-9.161499977111816,19,IN_TRANSIT_TO,2025-10-24 16:24:55,5903,1766,63-HX-33,POINT (-9.161499977111816 38.7734489440918)
2465_767,7184_20250901_112_0_9,112_0,0,38.76015090942383,-9.179519653320312,25,IN_TRANSIT_TO,2025-10-24 16:24:54,50141,2465,55-BH-00,POINT (-9.179519653320312 38.76015090942383)
2787_714,3706_20250901_102_0_2,102_0,1,38.703651428222656,-9.179280281066895,27,IN_TRANSIT_TO,2025-10-24 16:24:27,12111,2787,AI-55-TL,POINT (-9.179280281066895 38.703651428222656)
2271_768,7347_20250901_111_0_15,111_0,0,38.765350341796875,-9.1983003616333,20,IN_TRANSIT_TO,2025-10-24 16:24:53,13904,2271,92-54-ZM,POINT (-9.1983003616333 38.765350341796875)
1765_755,6694_20250901_118_0_14,118_0,0,38.75366973876953,-9.156880378723145,36,IN_TRANSIT_TO,2025-10-24 16:25:09,5701,1765,63-HX-28,POINT (-9.156880378723145 38.75366973876953)
2498_735,5275_20250901_172_0_12,172_0,1,38.755001068115234,-9.151049613952637,4,IN_TRANSIT_TO,2025-10-24 16:24:49,5706,2498,03-BM-57,POINT (-9.151049613952637 38.755001068115234)
1763_720,4094_20250901_143_0_14,143_0,1,38.73871994018555,-9.127300262451172,29,IN_TRANSIT_TO,2025-10-24 16:12:57,9006,1763,63-HX-25,POINT (-9.127300262451172 38.73871994018555)
4612_750,6290_20250901_106_0_11,106_0,0,38.755149841308594,-9.150899887084961,13,IN_TRANSIT_TO,2025-10-24 16:24:54,11301,4612,96-GL-89,POINT (-9.150899887084961 38.755149841308594)
1776_755,6632_20250901_118_0_10,118_0,1,38.75477981567383,-9.125570297241211,19,IN_TRANSIT_TO,2025-10-24 16:24:41,14712,1776,53-HX-09,POINT (-9.125570297241211 38.75477981567383)
4603_753,6541_20250901_167_0_23,167_0,0,38.73003005981445,-9.143549919128418,0,IN_TRANSIT_TO,2025-10-24 16:24:58,,4603,96-GL-81,POINT (-9.143549919128418 38.73003005981445)
1761_742,5788_20250901_114_0_9,114_0,1,38.70344924926758,-9.191670417785645,15,IN_TRANSIT_TO,2025-10-24 16:24:44,13405,1761,63-HX-19,POINT (-9.191670417785645 38.70344924926758)
2306_796,8113_20250901_174_0_24,174_0,1,38.764549255371094,-9.157099723815918,15,IN_TRANSIT_TO,2025-10-24 16:24:50,5814,2306,83-19-ZM,POINT (-9.157099723815918 38.764549255371094)
1712_794,8091_20250901_115_0_13,115_0,0,38.75006866455078,-9.105420112609863,32,IN_TRANSIT_TO,2025-10-24 16:25:03,2220,1712,69-AL-75,POINT (-9.105420112609863 38.75006866455078)
220_773,7398_20250901_124_0_22,124_0,0,38.71807861328125,-9.151800155639648,3,IN_TRANSIT_TO,2025-10-24 16:25:04,50146,220,11-07-XO,POINT (-9.151800155639648 38.71807861328125)
6011_732,5101_20250901_107_0_2,107_0,0,38.72528076171875,-9.151100158691406,12,IN_TRANSIT_TO,2025-10-24 16:25:08,1202,6011,65-ZF-82,POINT (-9.151100158691406 38.72528076171875)
2484_729,4779_20250901_104_0_9,104_0,1,38.76932144165039,-9.189080238342285,42,IN_TRANSIT_TO,2025-10-24 16:24:50,14106,2484,91-BE-76,POINT (-9.189080238342285 38.76932144165039)
601_15E,11238_20250901_76_0_12,76_0,1,38.699951171875,-9.184020042419434,11,IN_TRANSIT_TO,2025-10-24 16:24:49,9505,601,,POINT (-9.184020042419434 38.699951171875)
605_15E,11318_20250901_76_0_15,76_0,0,38.706268310546875,-9.155929565429688,5,IN_TRANSIT_TO,2025-10-24 16:24:43,7102,605,,POINT (-9.155929565429688 38.706268310546875)
2240_703,3149_20250901_165_0_11,165_0,0,38.763328552246094,-9.18062973022461,26,IN_TRANSIT_TO,2025-10-24 16:24:44,12807,2240,06-31-XX,POINT (-9.18062973022461 38.763328552246094)
2297_724,4236_20250901_178_0_19,178_0,0,38.70669937133789,-9.178999900817871,0,IN_TRANSIT_TO,2025-10-24 16:24:38,,2297,83-06-ZM,POINT (-9.178999900817871 38.70669937133789)
2403_747,6101_20250901_177_0_18,177_0,1,38.763729095458984,-9.173720359802246,13,IN_TRANSIT_TO,2025-10-24 16:24:36,50022,2403,50-AL-12,POINT (-9.173720359802246 38.763729095458984)
1707_701,2939_20250901_123_0_18,123_0,0,38.75025177001953,-9.161600112915039,10,IN_TRANSIT_TO,2025-10-24 16:24:49,13508,1707,69-AL-70,POINT (-9.161600112915039 38.75025177001953)
2786_727,4463_20250901_103_0_9,103_0,0,38.712398529052734,-9.15287971496582,19,IN_TRANSIT_TO,2025-10-24 16:22:56,6704,2786,AI-52-TL,POINT (-9.15287971496582 38.712398529052734)
2426_778,18648_20250901_179_0_3,179_0,0,38.765380859375,-9.188630104064941,20,IN_TRANSIT_TO,2025-10-24 16:25:00,50360,2426,29-AU-21,POINT (-9.188630104064941 38.765380859375)
2838_751,6503_20250901_109_0_12,109_0,0,38.715980529785156,-9.17572021484375,5,IN_TRANSIT_TO,2025-10-24 16:25:07,11904,2838,BF-59-FZ,POINT (-9.17572021484375 38.715980529785156)
221_58B,19291_20250901_227_0_17,227_0,0,38.74039840698242,-9.173250198364258,19,IN_TRANSIT_TO,2025-10-24 16:24:44,50417,221,11-06-XO,POINT (-9.173250198364258 38.74039840698242)
408_67B,28217_20250901_253_0_13,253_0,0,38.70903015136719,-9.152970314025879,22,IN_TRANSIT_TO,2025-10-24 16:24:55,7103,408,BF-24-TS,POINT (-9.152970314025879 38.70903015136719)
2408_724,4225_20250901_178_0_3,178_0,0,38.74491882324219,-9.197230339050293,16,IN_TRANSIT_TO,2025-10-24 16:24:55,10831,2408,50-AL-08,POINT (-9.197230339050293 38.74491882324219)
2334_713,3614_20250901_122_0_11,122_0,0,38.73807144165039,-9.141079902648926,2,IN_TRANSIT_TO,2025-10-24 16:24:54,11109,2334,53-53-ZJ,POINT (-9.141079902648926 38.73807144165039)
2764_708,3358_20250901_100_0_11,100_0,1,38.75102996826172,-9.130829811096191,32,IN_TRANSIT_TO,2025-10-24 16:25:06,7304,2764,AH-29-ND,POINT (-9.130829811096191 38.75102996826172)
228_773,7408_20250901_124_0_24,124_0,1,38.71187973022461,-9.154029846191406,18,IN_TRANSIT_TO,2025-10-24 16:24:50,6708,228,84-39-XQ,POINT (-9.154029846191406 38.71187973022461)
2474_767,7281_20250901_112_0_8,112_0,1,38.74945068359375,-9.14210033416748,34,IN_TRANSIT_TO,2025-10-24 16:25:03,204,2474,74-BC-67,POINT (-9.14210033416748 38.74945068359375)
2303_708,3311_20250901_100_0_12,100_0,0,38.76771926879883,-9.105469703674316,27,IN_TRANSIT_TO,2025-10-24 16:24:45,7711,2303,83-11-ZM,POINT (-9.105469703674316 38.76771926879883)
606_15E,55169_20250901_76_0_2,76_0,0,38.70199966430664,-9.180769920349121,16,IN_TRANSIT_TO,2025-10-24 16:24:42,4112,606,,POINT (-9.180769920349121 38.70199966430664)
2748_720,4044_20250901_143_0_14,143_0,1,38.7041015625,-9.17881965637207,4,IN_TRANSIT_TO,2025-10-24 16:24:45,12107,2748,AG-96-TG,POINT (-9.17881965637207 38.7041015625)
2283_799,8211_20250901_120_0_22,120_0,0,38.74489974975586,-9.198169708251953,7,IN_TRANSIT_TO,2025-10-24 16:23:29,2802,2283,67-39-ZJ,POINT (-9.198169708251953 38.74489974975586)
4840_736,5299_20250901_199_0_11,199_0,0,38.79085159301758,-9.168370246887207,25,IN_TRANSIT_TO,2025-10-24 16:25:08,7207,4840,45-VX-93,POINT (-9.168370246887207 38.79085159301758)
2481_729,4817_20250901_104_0_11,104_0,1,38.73065185546875,-9.197979927062988,21,IN_TRANSIT_TO,2025-10-24 16:25:04,8713,2481,54-BH-99,POINT (-9.197979927062988 38.73065185546875)
4609_728,4724_20250901_204_4_12,204_4,0,38.69783020019531,-9.204580307006836,0,IN_TRANSIT_TO,2025-10-24 16:25:04,,4609,96-GL-86,POINT (-9.204580307006836 38.69783020019531)
204_17B,21713_20250901_247_0_16,247_0,0,38.737579345703125,-9.132969856262207,1,IN_TRANSIT_TO,2025-10-24 16:25:02,50551,204,89-71-XD,POINT (-9.132969856262207 38.737579345703125)
1724_701,2988_20250901_123_0_10,123_0,0,38.73371887207031,-9.163619995117188,23,IN_TRANSIT_TO,2025-10-24 16:24:45,2710,1724,25-AS-36,POINT (-9.163619995117188 38.73371887207031)
2753_742,5720_20250901_114_0_11,114_0,0,38.70751953125,-9.173580169677734,38,IN_TRANSIT_TO,2025-10-24 16:24:52,9401,2753,AG-08-TH,POINT (-9.173580169677734 38.70751953125)
2451_703,3158_20250901_165_0_13,165_0,0,38.77391815185547,-9.161450386047363,16,IN_TRANSIT_TO,2025-10-24 16:24:52,5950,2451,75-AQ-16,POINT (-9.161450386047363 38.77391815185547)
2405_706,3266_20250901_147_0_12,147_0,0,38.73085021972656,-9.127799987792969,23,IN_TRANSIT_TO,2025-10-24 16:25:07,502,2405,50-AL-10,POINT (-9.127799987792969 38.73085021972656)
2788_712,3558_20250901_189_0_10,189_0,1,38.72071838378906,-9.12695026397705,24,IN_TRANSIT_TO,2025-10-24 16:24:53,9112,2788,AI-51-TL,POINT (-9.12695026397705 38.72071838378906)
2792_738,5535_20250901_117_0_11,117_0,1,38.73109817504883,-9.146320343017578,19,IN_TRANSIT_TO,2025-10-24 16:24:38,1713,2792,AJ-53-LI,POINT (-9.146320343017578 38.73109817504883)
2434_747,6079_20250901_177_0_18,177_0,1,38.76675033569336,-9.160650253295898,18,IN_TRANSIT_TO,2025-10-24 16:25:06,5818,2434,29-AU-24,POINT (-9.160650253295898 38.76675033569336)
2464_729,4828_20250901_104_0_10,104_0,0,38.717899322509766,-9.199379920959473,22,IN_TRANSIT_TO,2025-10-24 16:25:03,21301,2464,91-BE-71,POINT (-9.199379920959473 38.717899322509766)
1723_796,8152_20250901_174_0_27,174_0,0,38.77191925048828,-9.160619735717773,4,IN_TRANSIT_TO,2025-10-24 16:24:56,5903,1723,25-AS-35,POINT (-9.160619735717773 38.77191925048828)
2800_748,6144_20250901_169_0_25,169_0,0,38.72439956665039,-9.160770416259766,3,IN_TRANSIT_TO,2025-10-24 16:25:08,1223,2800,AJ-54-LI,POINT (-9.160770416259766 38.72439956665039)
2291_731,5014_20250901_190_0_11,190_0,1,38.75368118286133,-9.156999588012695,26,IN_TRANSIT_TO,2025-10-24 16:24:43,5701,2291,92-56-ZM,POINT (-9.156999588012695 38.75368118286133)
260_61B,21520_20250901_241_0_22,241_0,0,38.739898681640625,-9.168020248413086,14,IN_TRANSIT_TO,2025-10-24 16:24:51,50499,260,AG-79-EF,POINT (-9.168020248413086 38.739898681640625)
4610_750,6393_20250901_106_0_8,106_0,1,38.74763107299805,-9.188349723815918,18,IN_TRANSIT_TO,2025-10-24 16:24:38,10805,4610,96-GL-87,POINT (-9.188349723815918 38.74763107299805)
2610_705,3195_20250901_176_0_16,176_0,0,38.7760009765625,-9.110469818115234,6,IN_TRANSIT_TO,2025-10-24 16:24:50,7804,2610,66-VI-20,POINT (-9.110469818115234 38.7760009765625)
2840_751,6514_20250901_109_0_11,109_0,1,38.70682144165039,-9.174750328063965,25,IN_TRANSIT_TO,2025-10-24 16:24:53,12105,2840,BF-75-FZ,POINT (-9.174750328063965 38.70682144165039)
2773_712,3566_20250901_189_0_2,189_0,1,38.7111701965332,-9.172470092773438,4,IN_TRANSIT_TO,2025-10-24 16:25:00,50068,2773,AH-39-ND,POINT (-9.172470092773438 38.7111701965332)
6012_767,7201_20250901_112_0_9,112_0,0,38.75794982910156,-9.15326976776123,18,IN_TRANSIT_TO,2025-10-24 16:24:53,5805,6012,67-ZF-26,POINT (-9.15326976776123 38.75794982910156)
4838_783,7859_20250901_203_0_3,203_0,1,38.78310012817383,-9.124699592590332,4,IN_TRANSIT_TO,2025-10-24 16:24:44,16304,4838,34-VR-22,POINT (-9.124699592590332 38.78310012817383)
2249_778,18644_20250901_179_0_19,179_0,1,38.76647186279297,-9.183879852294922,5,IN_TRANSIT_TO,2025-10-24 16:24:59,50365,2249,22-32-ZB,POINT (-9.183879852294922 38.76647186279297)
2438_716,3747_20250901_164_0_18,164_0,1,38.73596954345703,-9.136770248413086,24,IN_TRANSIT_TO,2025-10-24 16:25:08,11108,2438,44-BC-29,POINT (-9.136770248413086 38.73596954345703)
2825_751,6437_20250901_109_0_18,109_0,1,38.714149475097656,-9.226900100708008,4,IN_TRANSIT_TO,2025-10-24 16:24:58,14307,2825,BF-53-FZ,POINT (-9.226900100708008 38.714149475097656)
1709_794,8067_20250901_115_0_13,115_0,1,38.752079010009766,-9.10398006439209,6,IN_TRANSIT_TO,2025-10-24 16:24:39,2312,1709,69-AL-72,POINT (-9.10398006439209 38.752079010009766)
6029_732,5080_20250901_107_0_8,107_0,1,38.698768615722656,-9.186929702758789,19,IN_TRANSIT_TO,2025-10-24 16:25:03,9505,6029,BF-52-AX,POINT (-9.186929702758789 38.698768615722656)
2418_747,6110_20250901_177_0_19,177_0,1,38.7619514465332,-9.197319984436035,0,IN_TRANSIT_TO,2025-10-24 16:24:53,,2418,92-AO-54,POINT (-9.197319984436035 38.7619514465332)
2466_726,4308_20250901_116_0_11,116_0,0,38.721649169921875,-9.129599571228027,8,IN_TRANSIT_TO,2025-10-24 16:25:07,6502,2466,16-AZ-16,POINT (-9.129599571228027 38.721649169921875)
2668_714,3627_20250901_102_0_14,102_0,1,38.72452926635742,-9.214070320129395,6,IN_TRANSIT_TO,2025-10-24 16:24:38,18709,2668,87-XB-36,POINT (-9.214070320129395 38.72452926635742)
4829_736,5408_20250901_199_0_12,199_0,1,38.71799850463867,-9.143600463867188,27,IN_TRANSIT_TO,2025-10-24 16:24:59,1102,4829,34-VR-21,POINT (-9.143600463867188 38.71799850463867)
208_41B,19375_20250901_232_0_22,232_0,0,38.78379821777344,-9.165349960327148,22,IN_TRANSIT_TO,2025-10-24 16:25:01,50440,208,33-47-XH,POINT (-9.165349960327148 38.78379821777344)
4834_736,5351_20250901_199_0_13,199_0,0,38.7471809387207,-9.147870063781738,10,IN_TRANSIT_TO,2025-10-24 16:24:47,2021,4834,20-VQ-71,POINT (-9.147870063781738 38.7471809387207)
2843_728,4601_20250901_204_0_9,204_0,1,38.767799377441406,-9.097900390625,9,IN_TRANSIT_TO,2025-10-24 16:25:08,7805,2843,BF-63-FZ,POINT (-9.097900390625 38.767799377441406)
2296_747,6119_20250901_177_0_18,177_0,0,38.765079498291016,-9.177249908447266,10,IN_TRANSIT_TO,2025-10-24 16:24:45,50021,2296,92-51-ZM,POINT (-9.177249908447266 38.765079498291016)
2770_714,3712_20250901_102_0_7,102_0,1,38.709529876708984,-9.215470314025879,14,IN_TRANSIT_TO,2025-10-24 16:24:49,12407,2770,AH-30-ND,POINT (-9.215470314025879 38.709529876708984)
2209_742,5731_20250901_114_0_10,114_0,0,38.726951599121094,-9.162349700927734,29,IN_TRANSIT_TO,2025-10-24 16:25:09,6113,2209,01-68-XO,POINT (-9.162349700927734 38.726951599121094)
2225_742,5783_20250901_114_0_10,114_0,1,38.70838165283203,-9.172200202941895,21,IN_TRANSIT_TO,2025-10-24 16:25:08,9402,2225,08-03-XS,POINT (-9.172200202941895 38.70838165283203)
409_73B,18773_20250901_220_0_13,220_0,0,38.70003128051758,-9.1835298538208,37,IN_TRANSIT_TO,2025-10-24 16:25:08,9505,409,BF-73-TQ,POINT (-9.1835298538208 38.70003128051758)
2235_758,6848_20250901_150_0_13,150_0,0,38.7205696105957,-9.159500122070312,9,IN_TRANSIT_TO,2025-10-24 16:25:04,6816,2235,06-32-XX,POINT (-9.159500122070312 38.7205696105957)
410_10B,21749_20250901_242_0_21,242_0,0,38.71057891845703,-9.128649711608887,15,IN_TRANSIT_TO,2025-10-24 16:24:38,50520,410,BF-21-VF,POINT (-9.128649711608887 38.71057891845703)
2210_749,59017_20250901_195_0_2,195_0,1,38.74462127685547,-9.110819816589355,22,IN_TRANSIT_TO,2025-10-24 16:21:45,2219,2210,01-66-XO,POINT (-9.110819816589355 38.74462127685547)
2789_727,4537_20250901_103_0_9,103_0,1,38.716468811035156,-9.154919624328613,32,IN_TRANSIT_TO,2025-10-24 16:20:28,6705,2789,AI-53-TL,POINT (-9.154919624328613 38.716468811035156)
2214_735,5263_20250901_172_1_12,172_1,1,38.72105026245117,-9.125020027160645,8,IN_TRANSIT_TO,2025-10-24 16:25:01,9112,2214,08-02-XS,POINT (-9.125020027160645 38.72105026245117)
2213_717,3887_20250901_170_4_15,170_4,0,38.76628112792969,-9.146900177001953,25,IN_TRANSIT_TO,2025-10-24 16:25:00,16002,2213,08-04-XS,POINT (-9.146900177001953 38.76628112792969)
2834_728,4681_20250901_204_0_10,204_0,0,38.71540069580078,-9.120550155639648,24,IN_TRANSIT_TO,2025-10-24 16:24:24,2111,2834,BF-76-FZ,POINT (-9.120550155639648 38.71540069580078)
2215_742,5747_20250901_114_0_11,114_0,0,38.73474884033203,-9.152950286865234,25,IN_TRANSIT_TO,2025-10-24 16:24:51,1413,2215,08-01-XS,POINT (-9.152950286865234 38.73474884033203)
614_15E,11212_20250901_76_0_14,76_0,1,38.7047004699707,-9.176580429077148,14,IN_TRANSIT_TO,2025-10-24 16:24:53,12115,614,,POINT (-9.176580429077148 38.7047004699707)
2781_713,20157_20250901_122_0_12,122_0,1,38.72317886352539,-9.158820152282715,24,IN_TRANSIT_TO,2025-10-24 16:25:06,6824,2781,AI-00-BT,POINT (-9.158820152282715 38.72317886352539)
2216_749,59009_20250901_195_0_2,195_0,1,38.74993133544922,-9.173020362854004,11,IN_TRANSIT_TO,2025-10-24 16:25:06,10724,2216,08-00-XS,POINT (-9.173020362854004 38.74993133544922)
2220_742,5776_20250901_114_0_11,114_0,1,38.72454833984375,-9.118120193481445,48,IN_TRANSIT_TO,2025-10-24 16:25:00,9801,2220,07-96-XS,POINT (-9.118120193481445 38.72454833984375)
6002_767,7206_20250901_112_0_3,112_0,0,38.76015090942383,-9.17864990234375,25,IN_TRANSIT_TO,2025-10-24 16:24:52,50141,6002,98-XU-85,POINT (-9.17864990234375 38.76015090942383)
2712_723,4186_20250901_121_0_13,121_0,0,38.72547912597656,-9.149069786071777,6,IN_TRANSIT_TO,2025-10-24 16:24:41,1202,2712,92-XQ-33,POINT (-9.149069786071777 38.72547912597656)
563_18E,12186_20250901_78_0_21,78_0,0,38.703521728515625,-9.167719841003418,5,IN_TRANSIT_TO,2025-10-24 16:24:54,10202,563,,POINT (-9.167719841003418 38.703521728515625)
234_17B,21703_20250901_247_0_16,247_0,0,38.72480010986328,-9.132399559020996,17,IN_TRANSIT_TO,2025-10-24 16:25:02,601,234,13-31-XZ,POINT (-9.132399559020996 38.72480010986328)
561_28E,14920_20250901_75_0_13,75_0,1,38.71220016479492,-9.154850006103516,8,IN_TRANSIT_TO,2025-10-24 16:24:16,6721,561,,POINT (-9.154850006103516 38.71220016479492)
566_28E,15012_20250901_75_0_9,75_0,1,38.71366882324219,-9.128629684448242,25,IN_TRANSIT_TO,2025-10-24 16:24:48,50561,566,,POINT (-9.128629684448242 38.71366882324219)
568_12E,11025_20250901_77_0_16,77_0,0,38.709598541259766,-9.137269973754883,10,IN_TRANSIT_TO,2025-10-24 16:24:47,5604,568,,POINT (-9.137269973754883 38.709598541259766)
2226_742,5698_20250901_114_0_10,114_0,0,38.704071044921875,-9.185700416564941,43,IN_TRANSIT_TO,2025-10-24 16:24:38,12002,2226,06-35-XX,POINT (-9.185700416564941 38.704071044921875)
2230_763,49570_20250901_282_0_20,282_0,1,38.761871337890625,-9.196929931640625,5,IN_TRANSIT_TO,2025-10-24 16:24:51,13904,2230,06-36-XX,POINT (-9.196929931640625 38.761871337890625)
2222_40B,17558_20250901_212_0_18,212_0,0,38.79262161254883,-9.150300025939941,6,IN_TRANSIT_TO,2025-10-24 16:25:06,11608,2222,08-17-XS,POINT (-9.150300025939941 38.79262161254883)
562_25E,14263_20250901_79_0_19,79_0,1,38.706298828125,-9.144700050354004,16,IN_TRANSIT_TO,2025-10-24 16:25:04,3803,562,,POINT (-9.144700050354004 38.706298828125)
2836_753,18385_20250901_167_0_9,167_0,0,38.72507095336914,-9.155269622802734,5,IN_TRANSIT_TO,2025-10-24 16:24:37,1223,2836,BF-70-FZ,POINT (-9.155269622802734 38.72507095336914)
2207_735,5206_20250901_172_1_13,172_1,0,38.70869827270508,-9.133529663085938,4,IN_TRANSIT_TO,2025-10-24 16:24:52,4501,2207,01-70-XO,POINT (-9.133529663085938 38.70869827270508)
413_67B,28216_20250901_253_0_14,253_0,0,38.70708084106445,-9.172969818115234,8,IN_TRANSIT_TO,2025-10-24 16:25:02,50527,413,BF-41-TS,POINT (-9.172969818115234 38.70708084106445)
4615_750,6335_20250901_106_0_10,106_0,1,38.755950927734375,-9.103619575500488,34,IN_TRANSIT_TO,2025-10-24 16:24:43,2301,4615,22-GP-49,POINT (-9.103619575500488 38.755950927734375)
560_28E,14946_20250901_75_0_8,75_0,0,38.71070098876953,-9.142919540405273,20,IN_TRANSIT_TO,2025-10-24 16:24:52,10514,560,,POINT (-9.142919540405273 38.71070098876953)
2229_720,4086_20250901_143_0_14,143_0,0,38.71577072143555,-9.160229682922363,19,IN_TRANSIT_TO,2025-10-24 16:24:47,8104,2229,06-37-XX,POINT (-9.160229682922363 38.71577072143555)
2233_758,6831_20250901_150_0_12,150_0,0,38.73662185668945,-9.166119575500488,16,IN_TRANSIT_TO,2025-10-24 16:25:05,2711,2233,06-38-XX,POINT (-9.166119575500488 38.73662185668945)
2237_758,6889_20250901_150_0_14,150_0,1,38.74106979370117,-9.168330192565918,13,IN_TRANSIT_TO,2025-10-24 16:25:03,1615,2237,06-27-XX,POINT (-9.168330192565918 38.74106979370117)
2238_758,6770_20250901_150_0_13,150_0,0,38.75212097167969,-9.2047700881958,29,IN_TRANSIT_TO,2025-10-24 16:25:05,10904,2238,06-29-XX,POINT (-9.2047700881958 38.75212097167969)
2201_735,5271_20250901_172_1_11,172_1,0,38.73637008666992,-9.13385009765625,19,IN_TRANSIT_TO,2025-10-24 16:25:01,509,2201,72-15-XN,POINT (-9.13385009765625 38.73637008666992)
230_773,7423_20250901_124_0_18,124_0,0,38.714019775390625,-9.153369903564453,7,IN_TRANSIT_TO,2025-10-24 16:19:08,6714,230,13-33-XZ,POINT (-9.153369903564453 38.714019775390625)
6004_768,7319_20250901_111_0_18,111_0,1,38.74814987182617,-9.164480209350586,21,IN_TRANSIT_TO,2025-10-24 16:24:41,12705,6004,82-ZC-35,POINT (-9.164480209350586 38.74814987182617)
2234_771,21936_20250901_248_0_17,248_0,0,38.72602844238281,-9.192720413208008,11,IN_TRANSIT_TO,2025-10-24 16:25:04,8607,2234,06-26-XX,POINT (-9.192720413208008 38.72602844238281)
414_19B,21687_20250901_245_0_11,245_0,0,38.72037887573242,-9.140399932861328,20,IN_TRANSIT_TO,2025-10-24 16:24:54,50524,414,BF-95-TP,POINT (-9.140399932861328 38.72037887573242)
2835_753,6569_20250901_167_0_11,167_0,0,38.66617965698242,-9.166299819946289,8,IN_TRANSIT_TO,2025-10-24 16:22:09,14601,2835,BF-62-FZ,POINT (-9.166299819946289 38.66617965698242)
6027_732,5038_20250901_107_0_8,107_0,0,38.73748016357422,-9.145870208740234,7,IN_TRANSIT_TO,2025-10-24 16:24:55,1814,6027,BF-66-BA,POINT (-9.145870208740234 38.73748016357422)
2242_767,7223_20250901_112_0_9,112_0,0,38.75257873535156,-9.143569946289062,14,IN_TRANSIT_TO,2025-10-24 16:24:51,101,2242,22-42-ZB,POINT (-9.143569946289062 38.75257873535156)
615_15E,11303_20250901_76_0_13,76_0,0,38.69744873046875,-9.197699546813965,15,IN_TRANSIT_TO,2025-10-24 16:25:03,4114,615,,POINT (-9.197699546813965 38.69744873046875)
2241_758,6861_20250901_150_0_9,150_0,0,38.71244812011719,-9.143119812011719,3,IN_TRANSIT_TO,2025-10-24 16:24:49,10501,2241,22-37-ZB,POINT (-9.143119812011719 38.71244812011719)
2287_758,6868_20250901_150_0_12,150_0,1,38.707069396972656,-9.14346981048584,33,IN_TRANSIT_TO,2025-10-24 16:24:59,3826,2287,92-58-ZM,POINT (-9.14346981048584 38.707069396972656)
2265_758,6793_20250901_150_0_13,150_0,0,38.741668701171875,-9.169219970703125,19,IN_TRANSIT_TO,2025-10-24 16:25:00,1607,2265,76-91-ZG,POINT (-9.169219970703125 38.741668701171875)
2273_758,6860_20250901_150_0_13,150_0,0,38.71564865112305,-9.145700454711914,5,IN_TRANSIT_TO,2025-10-24 16:25:00,10601,2273,76-81-ZG,POINT (-9.145700454711914 38.71564865112305)
2261_742,5768_20250901_114_0_10,114_0,1,38.73141860961914,-9.111570358276367,54,IN_TRANSIT_TO,2025-10-24 16:24:42,8317,2261,80-49-ZE,POINT (-9.111570358276367 38.73141860961914)
2832_728,4649_20250901_204_0_2,204_0,0,38.76837158203125,-9.104169845581055,43,IN_TRANSIT_TO,2025-10-24 16:24:44,7825,2832,BF-68-FZ,POINT (-9.104169845581055 38.76837158203125)
2266_758,6877_20250901_150_0_12,150_0,1,38.7180290222168,-9.151630401611328,26,IN_TRANSIT_TO,2025-10-24 16:24:51,6807,2266,76-92-ZG,POINT (-9.151630401611328 38.7180290222168)
