id,trip_id,route_id,direction_id,latitude,longitude,current_stop_sequence,current_status,timestamp,stop_id,vehicle_id,license_plate,geometry
6032_732,5094_20250601_107_0_10,107_0,0,38.708248138427734,-9.13759994506836,17,IN_TRANSIT_TO,2025-07-29 19:10:08,5510,6032,BF-93-BC,POINT (-9.13759994506836 38.708248138427734)
2793_712,3552_20250601_189_0_17,189_0,0,38.70901870727539,-9.172100067138672,29,IN_TRANSIT_TO,2025-07-29 19:10:13,9403,2793,AJ-58-LI,POINT (-9.172100067138672 38.70901870727539)
611_15E,11251_20250601_76_0_17,76_0,0,38.70621871948242,-9.155980110168457,5,IN_TRANSIT_TO,2025-07-29 19:10:11,7102,611,,POINT (-9.155980110168457 38.70621871948242)
4607_728,4616_20250601_204_0_12,204_0,0,38.773170471191406,-9.104680061340332,44,IN_TRANSIT_TO,2025-07-29 19:10:15,7803,4607,96-GL-84,POINT (-9.104680061340332 38.773170471191406)
2254_758,6882_20250601_150_0_15,150_0,0,38.72562026977539,-9.160249710083008,12,IN_TRANSIT_TO,2025-07-29 19:10:07,8509,2254,80-51-ZE,POINT (-9.160249710083008 38.72562026977539)
6022_760,7084_20250601_171_0_13,171_0,0,38.72734832763672,-9.141980171203613,2,IN_TRANSIT_TO,2025-07-29 19:10:02,6611,6022,BF-48-BB,POINT (-9.141980171203613 38.72734832763672)
2992_52B,21670_20250601_244_0_20,244_0,0,38.73447036743164,-9.15369987487793,16,IN_TRANSIT_TO,2025-07-29 19:09:17,1413,2992,29-VM-95,POINT (-9.15369987487793 38.73447036743164)
2448_767,7242_20250601_112_0_5,112_0,0,38.7565803527832,-9.185680389404297,29,IN_TRANSIT_TO,2025-07-29 19:10:11,12802,2448,44-BC-34,POINT (-9.185680389404297 38.7565803527832)
558_28E,14917_20250601_75_0_15,75_0,1,38.72066879272461,-9.135530471801758,34,IN_TRANSIT_TO,2025-07-29 19:09:57,704,558,,POINT (-9.135530471801758 38.72066879272461)
2317_742,5772_20250601_114_0_14,114_0,1,38.72328186035156,-9.114669799804688,50,IN_TRANSIT_TO,2025-07-29 19:10:13,9805,2317,61-86-ZB,POINT (-9.114669799804688 38.72328186035156)
603_15E,11261_20250601_76_0_18,76_0,0,38.70814895629883,-9.137129783630371,1,IN_TRANSIT_TO,2025-07-29 19:09:42,50620,603,,POINT (-9.137129783630371 38.70814895629883)
2766_727,4467_20250601_103_0_11,103_0,0,38.7017707824707,-9.181099891662598,31,IN_TRANSIT_TO,2025-07-29 19:10:19,12108,2766,AH-40-ND,POINT (-9.181099891662598 38.7017707824707)
2250_731,19403_20240727_190_0_8,190_0,1,38.78303146362305,-9.114009857177734,3,IN_TRANSIT_TO,2024-08-10 10:41:27,12610,2250,80-41-ZE,POINT (-9.114009857177734 38.78303146362305)
2292_731,5006_20250601_190_0_13,190_0,1,38.78144836425781,-9.107449531555176,8,IN_TRANSIT_TO,2025-07-29 19:10:14,12619,2292,83-16-ZM,POINT (-9.107449531555176 38.78144836425781)
2256_778,18643_20250601_179_0_23,179_0,1,38.76155090332031,-9.165430068969727,21,IN_TRANSIT_TO,2025-07-29 19:10:08,50006,2256,80-53-ZE,POINT (-9.165430068969727 38.76155090332031)
2624_722,4126_20250601_196_0_15,196_0,0,38.776851654052734,-9.116700172424316,27,IN_TRANSIT_TO,2025-07-29 19:10:00,12311,2624,72-VP-82,POINT (-9.116700172424316 38.776851654052734)
4642_750,6392_20250601_106_0_2,106_0,1,38.76240158081055,-9.125450134277344,30,IN_TRANSIT_TO,2025-07-29 19:10:04,7501,4642,90-JI-99,POINT (-9.125450134277344 38.76240158081055)
4614_728,4676_20250601_204_0_12,204_0,0,38.70838165283203,-9.136380195617676,21,IN_TRANSIT_TO,2025-07-29 19:09:56,5501,4614,96-GL-90,POINT (-9.136380195617676 38.70838165283203)
4616_750,6373_20250601_106_0_4,106_0,1,38.762718200683594,-9.127679824829102,30,IN_TRANSIT_TO,2025-07-29 19:09:35,7501,4616,22-GP-50,POINT (-9.127679824829102 38.762718200683594)
4611_750,6375_20250601_106_0_15,106_0,0,38.76782989501953,-9.10457992553711,1,IN_TRANSIT_TO,2025-07-29 19:08:27,7813,4611,96-GL-88,POINT (-9.10457992553711 38.76782989501953)
2950_29B,17523_20250601_209_0_22,209_0,0,38.772830963134766,-9.110420227050781,13,IN_TRANSIT_TO,2025-07-29 19:10:10,7801,2950,62-GQ-51,POINT (-9.110420227050781 38.772830963134766)
4646_750,6310_20250601_106_0_14,106_0,0,38.74480056762695,-9.205169677734375,28,IN_TRANSIT_TO,2025-07-29 19:10:16,8816,4646,11-JM-79,POINT (-9.205169677734375 38.74480056762695)
4650_750,6263_20250601_106_0_12,106_0,1,38.7359504699707,-9.206069946289062,9,IN_TRANSIT_TO,2025-07-29 19:09:58,8807,4650,11-JM-80,POINT (-9.206069946289062 38.7359504699707)
4631_783,7850_20250601_203_0_12,203_0,1,38.770118713378906,-9.126720428466797,10,IN_TRANSIT_TO,2025-06-30 15:27:01,12202,4631,02-JN-86,POINT (-9.126720428466797 38.770118713378906)
4627_783,7823_20250601_203_0_15,203_0,0,38.75477981567383,-9.150979995727539,13,IN_TRANSIT_TO,2025-07-29 19:09:55,2017,4627,11-JM-76,POINT (-9.150979995727539 38.75477981567383)
2691_727,4522_20250601_103_0_5,103_0,0,38.745750427246094,-9.139530181884766,2,IN_TRANSIT_TO,2025-07-29 19:10:18,11211,2691,90-XF-45,POINT (-9.139530181884766 38.745750427246094)
2669_727,4555_20250601_103_0_12,103_0,1,38.69736862182617,-9.203669548034668,12,IN_TRANSIT_TO,2025-07-29 19:09:51,9603,2669,87-XB-34,POINT (-9.203669548034668 38.69736862182617)
2695_746,5961_20250601_108_0_21,108_0,0,38.75075149536133,-9.198519706726074,18,IN_TRANSIT_TO,2025-07-29 19:10:01,10802,2695,90-XF-50,POINT (-9.198519706726074 38.75075149536133)
4836_736,5420_20250601_199_0_16,199_0,1,38.72352981567383,-9.14857006072998,26,IN_TRANSIT_TO,2025-07-29 19:10:00,1206,4836,34-VR-23,POINT (-9.14857006072998 38.72352981567383)
2705_754,6594_20250601_201_0_6,201_0,0,38.74517822265625,-9.20199966430664,19,IN_TRANSIT_TO,2025-07-29 19:10:08,2806,2705,92-XQ-29,POINT (-9.20199966430664 38.74517822265625)
6047_706,3264_20250601_147_0_10,147_0,0,38.72132110595703,-9.119750022888184,28,IN_TRANSIT_TO,2025-07-29 19:10:14,9823,6047,BH-20-IP,POINT (-9.119750022888184 38.72132110595703)
6046_760,7101_20250601_171_0_8,171_0,1,38.70439910888672,-9.174920082092285,24,IN_TRANSIT_TO,2025-07-29 19:10:18,12101,6046,BH-73-IR,POINT (-9.174920082092285 38.70439910888672)
4618_750,6327_20250601_106_0_13,106_0,0,38.74528121948242,-9.204919815063477,28,IN_TRANSIT_TO,2025-07-29 19:10:16,8816,4618,22-GP-52,POINT (-9.204919815063477 38.74528121948242)
2948_26B,17509_20250601_208_0_22,208_0,1,38.7818717956543,-9.094579696655273,19,IN_TRANSIT_TO,2025-07-29 19:10:19,50288,2948,51-GL-85,POINT (-9.094579696655273 38.7818717956543)
4643_750,6349_20250601_106_0_14,106_0,0,38.762481689453125,-9.130319595336914,10,IN_TRANSIT_TO,2025-07-29 19:09:57,7515,4643,98-JO-45,POINT (-9.130319595336914 38.762481689453125)
2677_714,3702_20250601_102_0_15,102_0,0,38.69742965698242,-9.199529647827148,19,IN_TRANSIT_TO,2025-07-29 19:09:56,4112,2677,87-XB-41,POINT (-9.199529647827148 38.69742965698242)
2680_714,3692_20250601_102_0_13,102_0,0,38.722328186035156,-9.21780014038086,33,IN_TRANSIT_TO,2025-07-29 19:10:08,18706,2680,93-XA-36,POINT (-9.21780014038086 38.722328186035156)
2681_776,7475_20250601_193_0_56,193_0,0,38.703369140625,-9.251449584960938,10,IN_TRANSIT_TO,2025-07-29 19:09:21,4305,2681,93-XA-41,POINT (-9.251449584960938 38.703369140625)
2673_723,4143_20250601_121_0_17,121_0,0,38.71577072143555,-9.20596981048584,18,IN_TRANSIT_TO,2025-07-29 19:10:17,12906,2673,87-XB-37,POINT (-9.20596981048584 38.71577072143555)
2679_751,6450_20250601_109_0_23,109_0,0,38.6998291015625,-9.212169647216797,18,IN_TRANSIT_TO,2025-07-29 19:10:07,9614,2679,93-XA-34,POINT (-9.212169647216797 38.6998291015625)
2670_746,5983_20250601_108_0_20,108_0,1,38.74443054199219,-9.178770065307617,12,IN_TRANSIT_TO,2025-07-29 19:09:37,10701,2670,87-XB-32,POINT (-9.178770065307617 38.74443054199219)
6001_767,7251_20250601_112_0_11,112_0,0,38.75986862182617,-9.156869888305664,19,IN_TRANSIT_TO,2025-07-29 19:09:56,5825,6001,99-XU-70,POINT (-9.156869888305664 38.75986862182617)
2674_764,7157_20250601_168_0_19,168_0,0,38.740848541259766,-9.208669662475586,23,IN_TRANSIT_TO,2025-07-29 19:10:15,50239,2674,87-XB-38,POINT (-9.208669662475586 38.740848541259766)
4623_796,8143_20250601_174_0_36,174_0,1,38.77758026123047,-9.16431999206543,10,IN_TRANSIT_TO,2025-07-29 19:09:54,5910,4623,27-JO-12,POINT (-9.16431999206543 38.77758026123047)
604_15E,11287_20250601_76_0_18,76_0,1,38.707618713378906,-9.139730453491211,21,IN_TRANSIT_TO,2025-07-29 19:10:11,3823,604,,POINT (-9.139730453491211 38.707618713378906)
547_28E,14983_20250601_75_0_15,75_0,1,38.715431213378906,-9.135899543762207,1,IN_TRANSIT_TO,2025-07-29 19:10:05,819,547,,POINT (-9.135899543762207 38.715431213378906)
6014_760,51288_20250601_171_0_6,171_0,1,38.70951843261719,-9.202850341796875,0,IN_TRANSIT_TO,2025-07-29 19:09:52,,6014,67-ZF-30,POINT (-9.202850341796875 38.70951843261719)
6049_760,7021_20250601_171_0_13,171_0,0,38.71152114868164,-9.211380004882812,36,IN_TRANSIT_TO,2025-07-29 19:10:12,12922,6049,BH-47-IR,POINT (-9.211380004882812 38.71152114868164)
2723_711,3514_20250601_101_0_16,101_0,1,38.713348388671875,-9.139570236206055,32,IN_TRANSIT_TO,2025-07-29 19:10:16,908,2723,92-XQ-43,POINT (-9.139570236206055 38.713348388671875)
2347_731,5017_20250601_190_0_15,190_0,0,38.761871337890625,-9.123700141906738,19,IN_TRANSIT_TO,2025-07-29 19:10:10,7501,2347,53-61-ZJ,POINT (-9.123700141906738 38.761871337890625)
2479_729,4818_20250601_104_0_15,104_0,1,38.74467849731445,-9.196929931640625,24,IN_TRANSIT_TO,2025-07-29 19:10:13,10831,2479,91-BE-74,POINT (-9.196929931640625 38.74467849731445)
2493_735,5240_20250601_172_1_13,172_1,0,38.73752975463867,-9.133270263671875,20,IN_TRANSIT_TO,2025-07-29 19:10:05,409,2493,88-BL-65,POINT (-9.133270263671875 38.73752975463867)
2844_751,6518_20250601_109_0_12,109_0,1,38.703250885009766,-9.227250099182129,9,IN_TRANSIT_TO,2025-07-29 19:10:01,4225,2844,BF-73-FZ,POINT (-9.227250099182129 38.703250885009766)
2295_731,5021_20250601_190_0_15,190_0,0,38.745670318603516,-9.156270027160645,7,IN_TRANSIT_TO,2025-07-29 19:10:04,3305,2295,92-53-ZM,POINT (-9.156270027160645 38.745670318603516)
2763_727,4489_20250601_103_0_12,103_0,0,38.7064208984375,-9.158650398254395,23,IN_TRANSIT_TO,2025-07-29 19:10:09,3910,2763,AH-23-ND,POINT (-9.158650398254395 38.7064208984375)
608_15E,11326_20250601_76_0_6,76_0,1,38.69744873046875,-9.19456958770752,8,IN_TRANSIT_TO,2025-07-29 19:10:10,4113,608,,POINT (-9.19456958770752 38.69744873046875)
2979_45B,45289_20250601_277_0_19,277_0,1,38.76042938232422,-9.15608024597168,13,IN_TRANSIT_TO,2025-07-29 19:10:18,5803,2979,30-VM-17,POINT (-9.15608024597168 38.76042938232422)
610_15E,11225_20250601_76_0_17,76_0,0,38.6961784362793,-9.219770431518555,20,IN_TRANSIT_TO,2025-07-29 19:10:14,13204,610,,POINT (-9.219770431518555 38.6961784362793)
2282_767,7287_20250601_112_0_13,112_0,0,38.72517013549805,-9.140419960021973,2,IN_TRANSIT_TO,2025-07-29 19:10:17,9212,2282,67-35-ZJ,POINT (-9.140419960021973 38.72517013549805)
2281_765,7177_20250601_110_0_54,110_0,1,38.7564697265625,-9.203120231628418,5,IN_TRANSIT_TO,2025-07-29 19:10:04,13701,2281,67-56-ZJ,POINT (-9.203120231628418 38.7564697265625)
2628_759,6951_20250601_144_0_12,144_0,0,38.77212905883789,-9.106820106506348,42,IN_TRANSIT_TO,2025-07-29 19:09:56,7809,2628,52-VP-82,POINT (-9.106820106506348 38.77212905883789)
1717_749,59007_20250601_195_5_5,195_5,0,38.7570686340332,-9.112380027770996,1,IN_TRANSIT_TO,2025-07-29 19:10:20,24384,1717,69-AL-80,POINT (-9.112380027770996 38.7570686340332)
4832_736,5386_20250601_199_0_15,199_0,0,38.76115036010742,-9.157270431518555,16,IN_TRANSIT_TO,2025-07-29 19:10:00,5807,4832,68-VQ-51,POINT (-9.157270431518555 38.76115036010742)
6015_706,19505_20250601_147_0_5,147_0,0,38.72351837158203,-9.147930145263672,13,IN_TRANSIT_TO,2025-07-29 19:09:45,1216,6015,69-ZF-01,POINT (-9.147930145263672 38.72351837158203)
4835_736,20048_20250601_199_0_16,199_0,1,38.73765182495117,-9.145870208740234,22,IN_TRANSIT_TO,2025-07-29 19:09:54,1814,4835,53-VR-06,POINT (-9.145870208740234 38.73765182495117)
6007_760,7063_20250601_171_0_7,171_0,0,38.70452880859375,-9.178250312805176,18,IN_TRANSIT_TO,2025-07-29 19:10:08,12121,6007,80-ZC-62,POINT (-9.178250312805176 38.70452880859375)
4601_750,6332_20250601_106_0_14,106_0,0,38.74906921386719,-9.190329551696777,23,IN_TRANSIT_TO,2025-07-29 19:09:57,10806,4601,96-GL-79,POINT (-9.190329551696777 38.74906921386719)
2765_727,4445_20250601_103_0_12,103_0,1,38.70909881591797,-9.212019920349121,2,IN_TRANSIT_TO,2025-07-29 19:10:16,12403,2765,AH-37-ND,POINT (-9.212019920349121 38.70909881591797)
2978_774,7429_20250601_192_0_32,192_0,1,38.71562957763672,-9.169500350952148,0,IN_TRANSIT_TO,2025-07-29 19:10:19,,2978,29-VM-92,POINT (-9.169500350952148 38.71562957763672)
4633_755,6692_20250601_118_0_17,118_0,1,38.751468658447266,-9.125200271606445,16,IN_TRANSIT_TO,2025-07-29 19:10:02,50230,4633,90-JI-94,POINT (-9.125200271606445 38.751468658447266)
2430_726,4310_20250601_116_0_16,116_0,1,38.737701416015625,-9.156729698181152,20,IN_TRANSIT_TO,2025-07-29 19:10:05,1508,2430,29-AX-12,POINT (-9.156729698181152 38.737701416015625)
6038_732,5035_20250601_107_0_9,107_0,1,38.74761962890625,-9.153519630432129,44,IN_TRANSIT_TO,2025-07-29 19:10:08,2009,6038,BG-46-LV,POINT (-9.153519630432129 38.74761962890625)
2842_751,6439_20250601_109_0_20,109_0,0,38.70132827758789,-9.220569610595703,20,IN_TRANSIT_TO,2025-07-29 19:09:59,9712,2842,BF-56-FZ,POINT (-9.220569610595703 38.70132827758789)
4833_736,5403_20250601_199_0_15,199_0,0,38.74974822998047,-9.148300170898438,11,IN_TRANSIT_TO,2025-07-29 19:10:04,2011,4833,20-VQ-65,POINT (-9.148300170898438 38.74974822998047)
6009_706,3233_20250601_147_0_13,147_0,0,38.70587921142578,-9.143919944763184,0,IN_TRANSIT_TO,2025-07-29 19:10:15,,6009,81-ZC-18,POINT (-9.143919944763184 38.70587921142578)
4839_783,7804_20250601_203_0_15,203_0,0,38.76987838745117,-9.126700401306152,20,IN_TRANSIT_TO,2025-07-29 19:10:07,7603,4839,53-VR-08,POINT (-9.126700401306152 38.76987838745117)
2965_55B,21533_20250601_240_0_28,240_0,0,38.76531982421875,-9.198349952697754,5,IN_TRANSIT_TO,2025-07-29 19:10:04,13904,2965,29-VM-97,POINT (-9.198349952697754 38.76531982421875)
2824_728,4704_20250601_204_0_11,204_0,1,38.7081184387207,-9.20615005493164,48,IN_TRANSIT_TO,2025-07-29 19:10:02,13116,2824,BF-67-FZ,POINT (-9.20615005493164 38.7081184387207)
4827_736,42809_20250601_199_0_14,199_0,1,38.75893020629883,-9.113849639892578,25,IN_TRANSIT_TO,2025-07-29 19:10:06,1702,4827,34-VR-15,POINT (-9.113849639892578 38.75893020629883)
6036_732,5087_20250601_107_0_8,107_0,0,38.6987190246582,-9.187230110168457,28,IN_TRANSIT_TO,2025-07-29 19:09:53,9504,6036,BG-90-LX,POINT (-9.187230110168457 38.6987190246582)
6026_760,7083_20250601_171_0_9,171_0,0,38.70718002319336,-9.141650199890137,11,IN_TRANSIT_TO,2025-07-29 19:09:55,3820,6026,BF-39-BB,POINT (-9.141650199890137 38.70718002319336)
2739_736,42810_20250601_199_0_4,199_0,1,38.74760055541992,-9.148429870605469,19,IN_TRANSIT_TO,2025-07-29 19:10:06,2002,2739,AG-31-EI,POINT (-9.148429870605469 38.74760055541992)
4806_728,4592_20250601_204_0_13,204_0,1,38.756919860839844,-9.096599578857422,13,IN_TRANSIT_TO,2025-07-29 19:10:10,50316,4806,20-VQ-74,POINT (-9.096599578857422 38.756919860839844)
2988_71B,45256_20250601_278_0_18,278_0,0,38.75294876098633,-9.18947982788086,0,IN_TRANSIT_TO,2025-07-29 19:10:04,,2988,29-VM-94,POINT (-9.18947982788086 38.75294876098633)
2743_756,6737_20250601_175_0_24,175_0,0,38.74251937866211,-9.140430450439453,9,IN_TRANSIT_TO,2025-07-29 19:10:06,6402,2743,AG-02-TH,POINT (-9.140430450439453 38.74251937866211)
4830_736,5411_20250601_199_0_15,199_0,0,38.733978271484375,-9.144780158996582,7,IN_TRANSIT_TO,2025-07-29 19:10:00,1807,4830,20-VQ-63,POINT (-9.144780158996582 38.733978271484375)
6037_732,5056_20250601_107_0_10,107_0,1,38.71443176269531,-9.139220237731934,32,IN_TRANSIT_TO,2025-07-29 19:07:49,919,6037,BG-37-LT,POINT (-9.139220237731934 38.71443176269531)
2633_26B,17519_20250601_208_0_21,208_0,0,38.76852035522461,-9.09827995300293,17,IN_TRANSIT_TO,2025-07-29 19:10:10,7805,2633,52-VP-79,POINT (-9.09827995300293 38.76852035522461)
2648_754,6621_20250601_201_0_13,201_0,1,38.741981506347656,-9.170949935913086,28,IN_TRANSIT_TO,2025-07-29 19:10:05,1615,2648,75-VS-46,POINT (-9.170949935913086 38.741981506347656)
2698_713,3587_20250601_122_0_18,122_0,1,38.719520568847656,-9.155830383300781,22,IN_TRANSIT_TO,2025-07-29 19:09:57,6801,2698,92-XQ-20,POINT (-9.155830383300781 38.719520568847656)
6039_758,6887_20250601_150_0_5,150_0,0,38.70957946777344,-9.143170356750488,2,IN_TRANSIT_TO,2025-07-29 19:09:55,3825,6039,BG-96-LU,POINT (-9.143170356750488 38.70957946777344)
2991_730,4955_20250601_198_0_20,198_0,0,38.72351837158203,-9.131799697875977,16,IN_TRANSIT_TO,2025-07-29 19:09:54,9105,2991,29-VM-89,POINT (-9.131799697875977 38.72351837158203)
4820_751,6524_20250601_109_0_7,109_0,0,38.69963073730469,-9.22467041015625,22,IN_TRANSIT_TO,2025-07-29 19:10:02,4205,4820,20-VQ-62,POINT (-9.22467041015625 38.69963073730469)
2826_753,6574_20250601_167_0_25,167_0,0,38.71902847290039,-9.17628002166748,7,IN_TRANSIT_TO,2025-07-29 19:09:53,8607,2826,BF-74-FZ,POINT (-9.17628002166748 38.71902847290039)
2642_781,7758_20250601_151_0_17,151_0,1,38.76987075805664,-9.109330177307129,10,IN_TRANSIT_TO,2025-07-29 19:09:58,7802,2642,75-VS-51,POINT (-9.109330177307129 38.76987075805664)
573_28E,15035_20250601_75_0_13,75_0,0,38.7122802734375,-9.130450248718262,12,IN_TRANSIT_TO,2025-07-29 19:10:05,13814,573,,POINT (-9.130450248718262 38.7122802734375)
2724_727,4533_20250601_103_0_11,103_0,1,38.745849609375,-9.136529922485352,46,IN_TRANSIT_TO,2025-07-29 19:10:04,202,2724,92-XQ-40,POINT (-9.136529922485352 38.745849609375)
273_734,5168_20250601_205_4_52,205_4,0,38.723018646240234,-9.132570266723633,4,IN_TRANSIT_TO,2025-07-29 19:10:08,707,273,AH-15-TB,POINT (-9.132570266723633 38.723018646240234)
2611_781,7719_20250601_151_0_17,151_0,0,38.75270080566406,-9.095479965209961,12,IN_TRANSIT_TO,2025-07-29 19:10:06,2204,2611,66-VI-38,POINT (-9.095479965209961 38.75270080566406)
2721_764,7150_20250601_168_0_19,168_0,1,38.74681854248047,-9.222370147705078,2,IN_TRANSIT_TO,2025-07-29 19:10:14,3006,2721,92-XQ-37,POINT (-9.222370147705078 38.74681854248047)
2632_718,3965_20250601_105_0_20,105_0,0,38.75392150878906,-9.114230155944824,1,IN_TRANSIT_TO,2025-07-29 19:09:50,24383,2632,52-VP-88,POINT (-9.114230155944824 38.75392150878906)
2618_781,7750_20250601_151_0_17,151_0,1,38.7252197265625,-9.111419677734375,25,IN_TRANSIT_TO,2025-07-29 19:09:57,8310,2618,66-VI-42,POINT (-9.111419677734375 38.7252197265625)
2646_759,6971_20250601_144_0_15,144_0,0,38.715450286865234,-9.141799926757812,0,IN_TRANSIT_TO,2025-07-29 19:09:58,,2646,75-VS-48,POINT (-9.141799926757812 38.715450286865234)
2664_738,5525_20250601_117_0_15,117_0,0,38.70940017700195,-9.166520118713379,29,IN_TRANSIT_TO,2025-07-29 19:09:57,10102,2664,05-VZ-68,POINT (-9.166520118713379 38.70940017700195)
2308_742,5726_20250601_114_0_11,114_0,0,38.73292922973633,-9.131400108337402,16,IN_TRANSIT_TO,2025-07-29 19:10:09,501,2308,83-17-ZM,POINT (-9.131400108337402 38.73292922973633)
541_12E,11032_20250601_77_0_21,77_0,1,38.71398162841797,-9.12831974029541,13,IN_TRANSIT_TO,2025-07-29 19:10:11,50561,541,,POINT (-9.12831974029541 38.71398162841797)
2707_711,3466_20250601_101_0_14,101_0,1,38.75025177001953,-9.207420349121094,8,IN_TRANSIT_TO,2025-07-29 19:10:00,50132,2707,92-XQ-39,POINT (-9.207420349121094 38.75025177001953)
2612_705,3179_20250601_176_0_21,176_0,0,38.76774978637695,-9.100099563598633,0,IN_TRANSIT_TO,2025-07-29 19:09:54,,2612,66-VI-29,POINT (-9.100099563598633 38.76774978637695)
501_15E,11312_20250601_76_0_18,76_0,1,38.70349884033203,-9.16592025756836,16,IN_TRANSIT_TO,2025-07-29 19:10:10,10201,501,,POINT (-9.16592025756836 38.70349884033203)
2736_756,6721_20250601_175_0_22,175_0,0,38.70466995239258,-9.17788028717041,24,IN_TRANSIT_TO,2025-07-29 19:10:15,12122,2736,AG-47-EI,POINT (-9.17788028717041 38.70466995239258)
542_24E,17851_20250601_213_0_27,213_0,1,38.71992874145508,-9.154769897460938,4,IN_TRANSIT_TO,2025-07-29 19:09:01,6823,542,,POINT (-9.154769897460938 38.71992874145508)
2635_759,6953_20250601_144_0_13,144_0,0,38.74441909790039,-9.11322021484375,23,IN_TRANSIT_TO,2025-07-29 19:10:05,3703,2635,52-VP-90,POINT (-9.11322021484375 38.74441909790039)
2258_771,39061_20250601_248_0_16,248_0,0,38.728919982910156,-9.162429809570312,7,IN_TRANSIT_TO,2025-07-29 19:09:59,6122,2258,53-58-ZJ,POINT (-9.162429809570312 38.728919982910156)
2996_45B,49560_20250601_277_0_19,277_0,0,38.76055145263672,-9.169770240783691,16,IN_TRANSIT_TO,2025-07-29 19:10:08,50011,2996,30-VM-03,POINT (-9.169770240783691 38.76055145263672)
2626_759,6933_20250601_144_0_12,144_0,1,38.774871826171875,-9.104479789733887,5,IN_TRANSIT_TO,2025-07-29 19:10:05,7908,2626,52-VP-86,POINT (-9.104479789733887 38.774871826171875)
2620_782,7783_20250601_152_0_14,152_0,0,38.76301956176758,-9.103679656982422,15,IN_TRANSIT_TO,2025-07-29 19:09:52,2311,2620,66-VI-33,POINT (-9.103679656982422 38.76301956176758)
2621_722,4123_20250601_196_0_15,196_0,1,38.768978118896484,-9.128000259399414,16,IN_TRANSIT_TO,2025-07-29 19:10:17,7602,2621,66-VI-45,POINT (-9.128000259399414 38.768978118896484)
2649_735,5188_20250601_172_1_13,172_1,1,38.72114944458008,-9.126970291137695,9,IN_TRANSIT_TO,2025-07-29 19:10:08,9112,2649,75-VS-42,POINT (-9.126970291137695 38.72114944458008)
2975_79B,18670_20250601_221_0_15,221_0,0,38.71268081665039,-9.213700294494629,23,IN_TRANSIT_TO,2025-07-29 19:10:19,12415,2975,30-VM-11,POINT (-9.213700294494629 38.71268081665039)
2985_797,8158_20250601_163_0_46,163_0,0,38.732269287109375,-9.128829956054688,5,IN_TRANSIT_TO,2025-07-29 19:09:52,502,2985,30-VM-14,POINT (-9.128829956054688 38.732269287109375)
2986_72B,45263_20250601_279_0_18,279_0,0,38.74436950683594,-9.196100234985352,20,IN_TRANSIT_TO,2025-07-29 19:09:51,10831,2986,30-VM-12,POINT (-9.196100234985352 38.74436950683594)
2701_723,4140_20250601_121_0_18,121_0,1,38.72367858886719,-9.163169860839844,26,IN_TRANSIT_TO,2025-07-29 19:10:03,8608,2701,92-XQ-35,POINT (-9.163169860839844 38.72367858886719)
2990_774,7456_20250601_192_0_27,192_0,0,38.72282028198242,-9.161199569702148,6,IN_TRANSIT_TO,2025-07-29 19:09:51,8520,2990,30-VM-06,POINT (-9.161199569702148 38.72282028198242)
2616_705,3185_20250601_176_0_20,176_0,1,38.78084945678711,-9.124879837036133,13,IN_TRANSIT_TO,2025-07-29 19:10:06,50100,2616,66-VI-44,POINT (-9.124879837036133 38.78084945678711)
2634_759,6962_20250601_144_0_15,144_0,0,38.72024917602539,-9.11709976196289,9,IN_TRANSIT_TO,2025-07-29 19:09:48,2131,2634,52-VP-85,POINT (-9.11709976196289 38.72024917602539)
2605_744,5826_20250601_200_0_5,200_0,0,38.74113082885742,-9.146430015563965,7,IN_TRANSIT_TO,2025-07-29 19:10:04,1809,2605,66-VI-35,POINT (-9.146430015563965 38.74113082885742)
2980_34B,19140_20250601_226_0_15,226_0,0,38.727020263671875,-9.114500045776367,9,IN_TRANSIT_TO,2025-07-29 19:09:56,8322,2980,29-VM-90,POINT (-9.114500045776367 38.727020263671875)
2663_714,3697_20240914_102_0_16,102_0,1,38.72127151489258,-9.221500396728516,4,IN_TRANSIT_TO,2024-10-22 20:26:58,18703,2663,05-VZ-62,POINT (-9.221500396728516 38.72127151489258)
2659_754,6580_20250601_201_0_16,201_0,0,38.73297119140625,-9.217000007629395,31,IN_TRANSIT_TO,2025-07-29 19:09:50,18116,2659,05-VZ-57,POINT (-9.217000007629395 38.73297119140625)
581_28E,14931_20250601_75_0_15,75_0,1,38.71417999267578,-9.128279685974121,25,IN_TRANSIT_TO,2025-07-29 19:09:59,50561,581,,POINT (-9.128279685974121 38.71417999267578)
2685_709,3392_20250601_148_0_35,148_0,1,38.7205810546875,-9.153349876403809,7,IN_TRANSIT_TO,2025-07-29 19:10:04,6811,2685,93-XA-46,POINT (-9.153349876403809 38.7205810546875)
2615_722,4131_20250601_196_0_14,196_0,0,38.73752975463867,-9.136480331420898,9,IN_TRANSIT_TO,2025-07-29 19:10:02,11114,2615,66-VI-27,POINT (-9.136480331420898 38.73752975463867)
6043_760,7092_20250601_171_0_15,171_0,1,38.71717071533203,-9.136150360107422,35,IN_TRANSIT_TO,2025-07-29 19:10:17,818,6043,BG-93-LT,POINT (-9.136150360107422 38.71717071533203)
545_28E,14957_20250601_75_0_13,75_0,1,38.71332931518555,-9.1591796875,6,IN_TRANSIT_TO,2025-07-29 19:09:08,8111,545,,POINT (-9.1591796875 38.71332931518555)
550_25E,14262_20250601_79_0_24,79_0,0,38.70650100708008,-9.151679992675781,5,IN_TRANSIT_TO,2025-07-29 19:10:02,7102,550,,POINT (-9.151679992675781 38.70650100708008)
2687_709,3404_20250601_148_0_30,148_0,0,38.71546936035156,-9.163700103759766,10,IN_TRANSIT_TO,2025-07-29 19:09:24,8110,2687,93-XA-44,POINT (-9.163700103759766 38.71546936035156)
578_28E,15061_20250601_75_0_11,75_0,0,38.7169303894043,-9.135549545288086,1,IN_TRANSIT_TO,2025-07-29 19:09:53,819,578,,POINT (-9.135549545288086 38.7169303894043)
2662_705,3194_20250601_176_0_17,176_0,0,38.78213119506836,-9.125349998474121,12,IN_TRANSIT_TO,2025-07-29 19:08:54,16301,2662,05-VZ-51,POINT (-9.125349998474121 38.78213119506836)
507_15E,11225_20250601_76_0_9,76_0,0,38.7081298828125,-9.13716983795166,2,IN_TRANSIT_TO,2025-07-23 11:18:38,5515,507,,POINT (-9.13716983795166 38.7081298828125)
2977_52B,21660_20250601_244_0_21,244_0,0,38.741668701171875,-9.167869567871094,0,IN_TRANSIT_TO,2025-07-29 19:09:57,,2977,30-VM-21,POINT (-9.167869567871094 38.741668701171875)
572_28E,14969_20250601_75_0_15,75_0,1,38.71474838256836,-9.1670503616333,1,IN_TRANSIT_TO,2025-07-29 19:09:57,50672,572,,POINT (-9.1670503616333 38.71474838256836)
2778_738,5552_20250601_117_0_13,117_0,1,38.75328063964844,-9.150130271911621,26,IN_TRANSIT_TO,2025-07-29 19:10:19,2017,2778,AI-03-BT,POINT (-9.150130271911621 38.75328063964844)
2641_744,5845_20250601_200_0_13,200_0,1,38.748600006103516,-9.146719932556152,22,IN_TRANSIT_TO,2025-07-29 19:10:12,2016,2641,75-VS-49,POINT (-9.146719932556152 38.748600006103516)
268_64B,21488_20250601_238_0_28,238_0,0,38.71950149536133,-9.173830032348633,8,IN_TRANSIT_TO,2025-07-29 19:09:53,50487,268,AH-56-CZ,POINT (-9.173830032348633 38.71950149536133)
555_25E,14254_20250601_79_0_25,79_0,1,38.70695114135742,-9.158100128173828,13,IN_TRANSIT_TO,2025-07-29 19:10:05,3915,555,,POINT (-9.158100128173828 38.70695114135742)
2974_737,5486_20250601_173_0_50,173_0,1,38.71342086791992,-9.138099670410156,6,IN_TRANSIT_TO,2025-07-29 19:10:11,913,2974,30-VM-22,POINT (-9.138099670410156 38.71342086791992)
4817_750,6284_20250601_106_0_2,106_0,1,38.74454879760742,-9.19806957244873,13,IN_TRANSIT_TO,2025-07-29 19:08:51,2812,4817,00-VV-37,POINT (-9.19806957244873 38.74454879760742)
2987_71B,45257_20250601_278_0_17,278_0,0,38.749900817871094,-9.206830024719238,20,IN_TRANSIT_TO,2025-07-29 19:09:18,50231,2987,29-VM-99,POINT (-9.206830024719238 38.749900817871094)
575_28E,14995_20250601_75_0_11,75_0,0,38.71553039550781,-9.164119720458984,31,IN_TRANSIT_TO,2025-07-29 19:09:56,8108,575,,POINT (-9.164119720458984 38.71553039550781)
2655_756,6751_20250601_175_0_7,175_0,1,38.741519927978516,-9.144669532775879,14,IN_TRANSIT_TO,2025-07-29 19:10:01,1915,2655,05-VZ-67,POINT (-9.144669532775879 38.741519927978516)
269_734,5162_20250601_205_4_53,205_4,1,38.71685028076172,-9.136730194091797,8,IN_TRANSIT_TO,2025-07-29 19:10:09,804,269,AG-25-NH,POINT (-9.136730194091797 38.71685028076172)
2650_764,7165_20250601_168_0_6,168_0,1,38.74808120727539,-9.164529800415039,31,IN_TRANSIT_TO,2025-07-29 19:09:54,12705,2650,75-VS-50,POINT (-9.164529800415039 38.74808120727539)
1729_793,7996_20250601_145_0_23,145_0,1,38.74208068847656,-9.132399559020996,2,IN_TRANSIT_TO,2025-07-29 19:10:08,308,1729,25-AS-41,POINT (-9.132399559020996 38.74208068847656)
2782_723,4165_20250601_121_0_19,121_0,0,38.724971771240234,-9.156149864196777,8,IN_TRANSIT_TO,2025-07-29 19:10:14,1223,2782,AI-99-BS,POINT (-9.156149864196777 38.724971771240234)
4644_728,4712_20250601_204_0_11,204_0,1,38.697021484375,-9.19927978515625,42,IN_TRANSIT_TO,2025-07-29 19:10:15,4102,4644,27-JO-11,POINT (-9.19927978515625 38.697021484375)
277_13B,21590_20250601_243_0_6,243_0,0,38.71577072143555,-9.229769706726074,3,IN_TRANSIT_TO,2025-07-29 09:04:31,601,277,AH-13-TB,POINT (-9.229769706726074 38.71577072143555)
2984_34B,19150_20250601_226_0_14,226_0,0,38.74367904663086,-9.117549896240234,37,IN_TRANSIT_TO,2025-07-29 19:10:10,50547,2984,30-VM-04,POINT (-9.117549896240234 38.74367904663086)
2651_738,5559_20250601_117_0_12,117_0,1,38.72391891479492,-9.150779724121094,15,IN_TRANSIT_TO,2025-07-29 19:09:51,6809,2651,05-VZ-54,POINT (-9.150779724121094 38.72391891479492)
2720_711,3488_20250601_101_0_15,101_0,0,38.72547149658203,-9.186880111694336,10,IN_TRANSIT_TO,2025-07-29 19:09:51,8607,2720,92-XQ-28,POINT (-9.186880111694336 38.72547149658203)
272_61B,21529_20250601_241_0_28,241_0,1,38.72909927368164,-9.16238021850586,10,IN_TRANSIT_TO,2025-07-29 19:10:06,6122,272,AH-26-IN,POINT (-9.16238021850586 38.72909927368164)
2645_759,6972_20250601_144_0_14,144_0,1,38.729469299316406,-9.108380317687988,34,IN_TRANSIT_TO,2025-07-29 19:09:54,8316,2645,87-VS-49,POINT (-9.108380317687988 38.729469299316406)
2983_774,7436_20250601_192_0_32,192_0,1,38.72127151489258,-9.160820007324219,9,IN_TRANSIT_TO,2025-07-29 19:09:57,8517,2983,30-VM-08,POINT (-9.160820007324219 38.72127151489258)
262_61B,21519_20250601_241_0_28,241_0,0,38.73683166503906,-9.16884994506836,15,IN_TRANSIT_TO,2025-07-29 19:10:06,2712,262,AF-49-ZD,POINT (-9.16884994506836 38.73683166503906)
274_65B,22207_20250601_250_0_24,250_0,0,38.720401763916016,-9.15939998626709,9,IN_TRANSIT_TO,2025-07-29 19:09:48,8514,274,AH-14-TB,POINT (-9.15939998626709 38.720401763916016)
2725_711,3504_20250601_101_0_14,101_0,0,38.72494888305664,-9.155949592590332,8,IN_TRANSIT_TO,2025-07-29 19:10:19,1223,2725,92-XQ-30,POINT (-9.155949592590332 38.72494888305664)
2731_735,5250_20250601_172_1_17,172_1,0,38.709171295166016,-9.12952995300293,4,IN_TRANSIT_TO,2025-07-29 19:10:16,4501,2731,AG-49-EI,POINT (-9.12952995300293 38.709171295166016)
2719_711,3448_20250601_101_0_16,101_0,1,38.72407913208008,-9.160679817199707,27,IN_TRANSIT_TO,2025-07-29 19:10:02,8502,2719,92-XQ-17,POINT (-9.160679817199707 38.72407913208008)
2722_727,4506_20250601_103_0_11,103_0,0,38.7065315246582,-9.158479690551758,23,IN_TRANSIT_TO,2025-07-29 19:10:05,3910,2722,92-XQ-36,POINT (-9.158479690551758 38.7065315246582)
4632_755,6656_20250601_118_0_18,118_0,0,38.7464485168457,-9.104479789733887,3,IN_TRANSIT_TO,2025-07-29 19:09:53,12523,4632,98-JO-43,POINT (-9.104479789733887 38.7464485168457)
2972_702,3064_20250601_146_0_35,146_0,0,38.73173141479492,-9.1739501953125,12,IN_TRANSIT_TO,2025-07-29 19:09:52,50085,2972,29-VM-96,POINT (-9.1739501953125 38.73173141479492)
2625_759,6900_20250601_144_0_12,144_0,1,38.72932052612305,-9.108550071716309,34,IN_TRANSIT_TO,2025-07-29 19:10:12,8316,2625,72-VP-79,POINT (-9.108550071716309 38.72932052612305)
2247_767,7232_20250601_112_0_11,112_0,0,38.75394821166992,-9.206199645996094,39,IN_TRANSIT_TO,2025-07-29 19:10:18,10927,2247,22-34-ZB,POINT (-9.206199645996094 38.75394821166992)
2330_708,3305_20250601_100_0_13,100_0,0,38.76559829711914,-9.111000061035156,23,IN_TRANSIT_TO,2025-07-29 19:10:00,7722,2330,67-52-ZJ,POINT (-9.111000061035156 38.76559829711914)
2260_778,18639_20250601_179_0_27,179_0,0,38.76887893676758,-9.168600082397461,11,IN_TRANSIT_TO,2025-07-29 19:09:51,50280,2260,67-47-ZJ,POINT (-9.168600082397461 38.76887893676758)
2428_703,3121_20250601_165_0_17,165_0,0,38.77442169189453,-9.152179718017578,10,IN_TRANSIT_TO,2025-07-29 19:10:04,6019,2428,29-AX-13,POINT (-9.152179718017578 38.77442169189453)
2327_720,4091_20250601_143_0_17,143_0,0,38.74222183227539,-9.132499694824219,6,IN_TRANSIT_TO,2025-07-29 19:09:52,301,2327,67-53-ZJ,POINT (-9.132499694824219 38.74222183227539)
2204_720,4098_20250601_143_0_11,143_0,1,38.72433090209961,-9.150449752807617,16,IN_TRANSIT_TO,2025-07-29 19:10:12,1207,2204,01-72-XO,POINT (-9.150449752807617 38.72433090209961)
2310_749,58999_20250601_195_0_4,195_0,0,38.74903106689453,-9.138629913330078,0,IN_TRANSIT_TO,2025-07-29 19:10:19,10922,2310,83-07-ZM,POINT (-9.138629913330078 38.74903106689453)
2489_726,4346_20250601_116_0_15,116_0,0,38.730350494384766,-9.127799987792969,1,IN_TRANSIT_TO,2025-07-29 19:10:01,50282,2489,55-BH-05,POINT (-9.127799987792969 38.730350494384766)
2402_703,3099_20250601_165_0_17,165_0,0,38.754451751708984,-9.186829566955566,32,IN_TRANSIT_TO,2025-07-29 19:09:55,12802,2402,50-AL-13,POINT (-9.186829566955566 38.754451751708984)
2341_724,4197_20250601_178_0_25,178_0,0,38.706668853759766,-9.178899765014648,0,IN_TRANSIT_TO,2025-07-29 19:10:16,,2341,67-50-ZJ,POINT (-9.178899765014648 38.706668853759766)
2471_726,4327_20250601_116_0_14,116_0,1,38.764949798583984,-9.20022964477539,2,IN_TRANSIT_TO,2025-07-29 19:10:12,13903,2471,74-BC-70,POINT (-9.20022964477539 38.764949798583984)
2248_758,6775_20250601_150_0_16,150_0,1,38.705299377441406,-9.143380165100098,34,IN_TRANSIT_TO,2025-07-29 19:10:05,3826,2248,22-33-ZB,POINT (-9.143380165100098 38.705299377441406)
1708_40B,17567_20250601_212_0_22,212_0,1,38.7783203125,-9.145529747009277,15,IN_TRANSIT_TO,2025-07-29 19:10:00,11511,1708,69-AL-71,POINT (-9.145529747009277 38.7783203125)
2714_713,3616_20250601_122_0_17,122_0,0,38.72325134277344,-9.159979820251465,11,IN_TRANSIT_TO,2025-07-29 19:10:07,8512,2714,92-XQ-38,POINT (-9.159979820251465 38.72325134277344)
2822_728,4719_20250601_204_0_3,204_0,1,38.697898864746094,-9.185850143432617,40,IN_TRANSIT_TO,2025-07-29 19:09:56,4002,2822,BF-54-FZ,POINT (-9.185850143432617 38.697898864746094)
2286_771,21931_20250601_248_0_25,248_0,1,38.71746826171875,-9.19966983795166,9,IN_TRANSIT_TO,2025-07-29 19:10:05,10315,2286,67-42-ZJ,POINT (-9.19966983795166 38.71746826171875)
2760_714,3656_20250601_102_0_16,102_0,1,38.711978912353516,-9.2147798538208,12,IN_TRANSIT_TO,2025-07-29 19:10:03,10403,2760,AH-35-ND,POINT (-9.2147798538208 38.711978912353516)
6013_706,3249_20250601_147_0_5,147_0,1,38.7333984375,-9.133199691772461,13,IN_TRANSIT_TO,2025-07-29 19:10:06,503,6013,68-ZF-53,POINT (-9.133199691772461 38.7333984375)
2293_768,7327_20250601_111_0_23,111_0,0,38.76585006713867,-9.198349952697754,21,IN_TRANSIT_TO,2025-07-29 19:10:13,13906,2293,92-57-ZM,POINT (-9.198349952697754 38.76585006713867)
1727_701,2986_20250601_123_0_6,123_0,0,38.7252197265625,-9.163920402526855,27,IN_TRANSIT_TO,2025-07-29 19:09:50,8507,1727,25-AS-39,POINT (-9.163920402526855 38.7252197265625)
1778_742,5661_20250601_114_0_14,114_0,1,38.71120071411133,-9.19262981414795,5,IN_TRANSIT_TO,2025-07-29 19:10:17,10308,1778,63-HX-30,POINT (-9.19262981414795 38.71120071411133)
1751_708,3354_20250601_100_0_15,100_0,1,38.76585006713867,-9.113249778747559,21,IN_TRANSIT_TO,2025-07-29 19:09:54,7723,1751,34-HU-17,POINT (-9.113249778747559 38.76585006713867)
2812_718,3932_20250601_105_0_17,105_0,1,38.72536849975586,-9.113120079040527,14,IN_TRANSIT_TO,2025-07-25 18:11:13,9807,2812,90-II-61,POINT (-9.113120079040527 38.72536849975586)
2496_720,4039_20250601_143_0_18,143_0,1,38.70473098754883,-9.177669525146484,4,IN_TRANSIT_TO,2025-07-29 19:09:52,12107,2496,88-BL-70,POINT (-9.177669525146484 38.70473098754883)
2814_718,3932_20250601_105_0_18,105_0,0,38.7322998046875,-9.128950119018555,26,IN_TRANSIT_TO,2025-07-29 19:10:20,7011,2814,90-II-54,POINT (-9.128950119018555 38.7322998046875)
4639_796,8139_20250601_174_0_34,174_0,1,38.759151458740234,-9.156499862670898,16,IN_TRANSIT_TO,2025-07-29 19:10:16,5808,4639,27-JO-13,POINT (-9.156499862670898 38.759151458740234)
1749_717,3790_20250601_170_0_16,170_0,1,38.77457046508789,-9.149680137634277,17,IN_TRANSIT_TO,2025-07-29 19:09:47,11505,1749,92-HR-06,POINT (-9.149680137634277 38.77457046508789)
2970_702,3058_20250601_146_0_30,146_0,1,38.733299255371094,-9.17158031463623,2,IN_TRANSIT_TO,2025-07-29 19:09:50,2709,2970,29-VM-87,POINT (-9.17158031463623 38.733299255371094)
2813_718,3970_20250601_105_0_19,105_0,1,38.72658157348633,-9.111350059509277,15,IN_TRANSIT_TO,2025-07-29 19:09:58,8301,2813,90-II-53,POINT (-9.111350059509277 38.72658157348633)
1747_717,3769_20250601_170_0_16,170_0,1,38.756378173828125,-9.139920234680176,30,IN_TRANSIT_TO,2025-07-29 19:10:18,11314,1747,92-HR-04,POINT (-9.139920234680176 38.756378173828125)
2971_730,4959_20250601_198_0_22,198_0,0,38.73270034790039,-9.121319770812988,0,IN_TRANSIT_TO,2025-07-29 19:10:19,,2971,29-VM-98,POINT (-9.121319770812988 38.73270034790039)
2811_725,4241_20250601_197_0_37,197_0,0,38.76858139038086,-9.09904956817627,0,IN_TRANSIT_TO,2025-07-29 19:10:14,,2811,02-IH-00,POINT (-9.09904956817627 38.76858139038086)
2803_782,7791_20250601_152_0_13,152_0,1,38.70933151245117,-9.129500389099121,18,IN_TRANSIT_TO,2025-07-29 19:10:07,2114,2803,01-IH-92,POINT (-9.129500389099121 38.70933151245117)
4802_728,4696_20250601_204_0_10,204_0,0,38.702171325683594,-9.20652961730957,8,IN_TRANSIT_TO,2025-07-29 19:10:13,9605,4802,77-VP-17,POINT (-9.20652961730957 38.702171325683594)
2804_725,4251_20250601_197_0_36,197_0,1,38.792701721191406,-9.121749877929688,0,IN_TRANSIT_TO,2025-07-29 19:10:09,,2804,01-IH-93,POINT (-9.121749877929688 38.792701721191406)
4640_783,7849_20250601_203_0_16,203_0,1,38.77000045776367,-9.125519752502441,10,IN_TRANSIT_TO,2025-07-29 19:10:15,12202,4640,02-JN-87,POINT (-9.125519752502441 38.77000045776367)
4831_736,5362_20250601_199_0_15,199_0,0,38.78982162475586,-9.175479888916016,28,IN_TRANSIT_TO,2025-07-29 19:10:03,50083,4831,20-VQ-61,POINT (-9.175479888916016 38.78982162475586)
1750_717,3834_20250601_170_0_16,170_0,0,38.79262924194336,-9.151350021362305,37,IN_TRANSIT_TO,2025-07-29 19:10:08,11608,1750,92-HR-07,POINT (-9.151350021362305 38.79262924194336)
2761_723,4162_20250601_121_0_17,121_0,0,38.7164192199707,-9.214320182800293,21,IN_TRANSIT_TO,2025-07-29 19:10:01,10402,2761,AH-33-ND,POINT (-9.214320182800293 38.7164192199707)
2810_718,3981_20250601_105_0_7,105_0,1,38.73923110961914,-9.13368034362793,3,IN_TRANSIT_TO,2025-07-29 19:10:00,404,2810,01-IH-99,POINT (-9.13368034362793 38.73923110961914)
1755_755,6634_20250601_118_0_16,118_0,0,38.75394821166992,-9.144330024719238,32,IN_TRANSIT_TO,2025-07-29 19:10:06,108,1755,34-HU-21,POINT (-9.144330024719238 38.75394821166992)
2411_767,7273_20250601_112_0_13,112_0,0,38.751869201660156,-9.143179893493652,14,IN_TRANSIT_TO,2025-07-29 19:10:08,101,2411,62-AL-11,POINT (-9.143179893493652 38.751869201660156)
2700_746,5978_20250601_108_0_22,108_0,1,38.72468185424805,-9.15073013305664,26,IN_TRANSIT_TO,2025-07-29 19:09:59,1212,2700,92-XQ-26,POINT (-9.15073013305664 38.72468185424805)
2667_738,5541_20250601_117_0_14,117_0,0,38.74203109741211,-9.147000312805176,15,IN_TRANSIT_TO,2025-07-29 19:09:55,2020,2667,87-XB-45,POINT (-9.147000312805176 38.74203109741211)
2410_747,6123_20250601_177_0_25,177_0,0,38.76123046875,-9.196629524230957,21,IN_TRANSIT_TO,2025-07-29 19:09:55,13907,2410,92-AO-46,POINT (-9.196629524230957 38.76123046875)
2280_765,7178_20250601_110_0_49,110_0,0,38.75239944458008,-9.20652961730957,9,IN_TRANSIT_TO,2025-07-29 19:10:09,50386,2280,67-40-ZJ,POINT (-9.20652961730957 38.75239944458008)
4608_751,6519_20250601_109_0_16,109_0,0,38.70100021362305,-9.221380233764648,20,IN_TRANSIT_TO,2025-07-29 19:10:13,9712,4608,96-GL-85,POINT (-9.221380233764648 38.70100021362305)
302_744,5820_20250601_200_0_15,200_0,0,38.768028259277344,-9.108670234680176,23,IN_TRANSIT_TO,2025-07-29 19:10:02,7709,302,22-SP-89,POINT (-9.108670234680176 38.768028259277344)
2710_714,3694_20250601_102_0_15,102_0,0,38.7098503112793,-9.214980125427246,25,IN_TRANSIT_TO,2025-07-29 19:10:11,13120,2710,92-XQ-19,POINT (-9.214980125427246 38.7098503112793)
2734_756,6720_20250601_175_0_23,175_0,1,38.70677947998047,-9.175080299377441,3,IN_TRANSIT_TO,2025-07-29 19:10:01,12105,2734,AG-50-EI,POINT (-9.175080299377441 38.70677947998047)
2790_764,7161_20250601_168_0_17,168_0,0,38.74972152709961,-9.172380447387695,7,IN_TRANSIT_TO,2025-07-29 19:10:07,12709,2790,AI-54-TL,POINT (-9.172380447387695 38.74972152709961)
215_17B,21702_20250601_247_0_13,247_0,0,38.729270935058594,-9.143549919128418,23,IN_TRANSIT_TO,2025-07-29 19:09:04,505,215,44-42-XM,POINT (-9.143549919128418 38.729270935058594)
2756_712,3554_20250601_189_0_17,189_0,0,38.72542953491211,-9.148770332336426,17,IN_TRANSIT_TO,2025-07-29 19:10:19,1202,2756,AH-27-ND,POINT (-9.148770332336426 38.72542953491211)
2746_701,2933_20250601_123_0_22,123_0,0,38.750579833984375,-9.173069953918457,15,IN_TRANSIT_TO,2025-07-29 19:10:18,13618,2746,AG-97-TG,POINT (-9.173069953918457 38.750579833984375)
2499_708,3343_20250601_100_0_15,100_0,1,38.739051818847656,-9.133700370788574,36,IN_TRANSIT_TO,2025-07-29 19:09:55,404,2499,03-BM-58,POINT (-9.133700370788574 38.739051818847656)
1773_720,4083_20250601_143_0_5,143_0,0,38.725799560546875,-9.150830268859863,14,IN_TRANSIT_TO,2025-07-29 19:10:09,1202,1773,53-HX-06,POINT (-9.150830268859863 38.725799560546875)
2759_712,3544_20250601_189_0_17,189_0,1,38.727298736572266,-9.162300109863281,11,IN_TRANSIT_TO,2025-07-29 19:10:02,6104,2759,AH-21-ND,POINT (-9.162300109863281 38.727298736572266)
2284_771,21935_20250601_248_0_22,248_0,0,38.70492172241211,-9.19618034362793,23,IN_TRANSIT_TO,2025-07-29 19:10:06,13305,2284,67-36-ZJ,POINT (-9.19618034362793 38.70492172241211)
1705_794,8083_20250601_115_0_14,115_0,1,38.75564956665039,-9.113080024719238,9,IN_TRANSIT_TO,2025-07-29 19:10:16,24368,1705,69-AL-68,POINT (-9.113080024719238 38.75564956665039)
2745_735,5203_20250601_172_0_15,172_0,0,38.74021911621094,-9.133529663085938,20,IN_TRANSIT_TO,2025-07-29 19:10:20,414,2745,AG-06-TH,POINT (-9.133529663085938 38.74021911621094)
2754_720,4097_20250601_143_0_17,143_0,1,38.73543167114258,-9.137999534606934,23,IN_TRANSIT_TO,2025-07-29 19:10:03,11108,2754,AG-01-TH,POINT (-9.137999534606934 38.73543167114258)
4628_783,7824_20250601_203_0_17,203_0,0,38.72578048706055,-9.14957046508789,3,IN_TRANSIT_TO,2025-07-29 19:09:58,50197,4628,27-JO-10,POINT (-9.14957046508789 38.72578048706055)
2480_716,3742_20250601_164_0_23,164_0,0,38.73699951171875,-9.147150039672852,5,IN_TRANSIT_TO,2025-07-29 19:10:06,1811,2480,91-BE-75,POINT (-9.147150039672852 38.73699951171875)
2252_703,3106_20250601_165_0_16,165_0,0,38.75270080566406,-9.188599586486816,32,IN_TRANSIT_TO,2025-07-29 19:10:10,12802,2252,80-40-ZE,POINT (-9.188599586486816 38.75270080566406)
2454_716,3720_20250601_164_0_24,164_0,1,38.739349365234375,-9.167349815368652,13,IN_TRANSIT_TO,2025-07-29 19:10:17,1620,2454,16-AZ-18,POINT (-9.167349815368652 38.739349365234375)
2255_726,4269_20250601_116_0_14,116_0,1,38.734519958496094,-9.141519546508789,26,IN_TRANSIT_TO,2025-07-29 19:09:44,11105,2255,80-54-ZE,POINT (-9.141519546508789 38.734519958496094)
1759_717,3861_20250601_170_0_17,170_0,0,38.7406005859375,-9.133549690246582,3,IN_TRANSIT_TO,2025-07-29 19:10:19,411,1759,34-HU-25,POINT (-9.133549690246582 38.7406005859375)
1757_794,8044_20250601_115_0_14,115_0,0,38.71812057495117,-9.117569923400879,4,IN_TRANSIT_TO,2025-07-29 19:10:06,2127,1757,34-HU-23,POINT (-9.117569923400879 38.71812057495117)
2470_716,3749_20250601_164_0_22,164_0,1,38.73540115356445,-9.13794994354248,23,IN_TRANSIT_TO,2025-07-29 19:10:07,11108,2470,74-BC-71,POINT (-9.13794994354248 38.73540115356445)
2433_703,3132_20250601_165_0_17,165_0,0,38.7867317199707,-9.144269943237305,2,IN_TRANSIT_TO,2025-07-29 19:10:19,6009,2433,44-BC-28,POINT (-9.144269943237305 38.7867317199707)
2239_747,6085_20250601_177_0_23,177_0,0,38.7606315612793,-9.16724967956543,7,IN_TRANSIT_TO,2025-07-29 19:10:13,50005,2239,06-30-XX,POINT (-9.16724967956543 38.7606315612793)
2344_731,5013_20250601_190_0_15,190_0,0,38.788230895996094,-9.111180305480957,36,IN_TRANSIT_TO,2025-07-29 19:10:18,12611,2344,53-60-ZJ,POINT (-9.111180305480957 38.788230895996094)
2771_727,4448_20250601_103_0_10,103_0,0,38.70574951171875,-9.202320098876953,40,IN_TRANSIT_TO,2025-07-29 19:09:50,13114,2771,AH-20-ND,POINT (-9.202320098876953 38.70574951171875)
2412_767,7296_20250601_112_0_12,112_0,1,38.75532150268555,-9.150019645690918,30,IN_TRANSIT_TO,2025-07-29 19:09:50,5706,2412,92-AO-48,POINT (-9.150019645690918 38.75532150268555)
2774_713,3597_20250601_122_0_14,122_0,1,38.70471954345703,-9.163470268249512,11,IN_TRANSIT_TO,2025-07-29 19:09:58,10211,2774,AH-22-ND,POINT (-9.163470268249512 38.70471954345703)
405_22B,19419_20250601_236_0_28,236_0,0,38.7156982421875,-9.146269798278809,7,IN_TRANSIT_TO,2025-07-29 19:09:56,50076,405,BF-14-TU,POINT (-9.146269798278809 38.7156982421875)
2469_726,4343_20250601_116_0_15,116_0,0,38.74290084838867,-9.165969848632812,18,IN_TRANSIT_TO,2025-07-29 19:08:59,1621,2469,16-AZ-09,POINT (-9.165969848632812 38.74290084838867)
2772_738,5520_20250601_117_0_16,117_0,1,38.704551696777344,-9.176549911499023,4,IN_TRANSIT_TO,2025-07-29 19:10:09,12113,2772,AH-24-ND,POINT (-9.176549911499023 38.704551696777344)
1774_755,6637_20250601_118_0_15,118_0,0,38.757080078125,-9.116220474243164,16,IN_TRANSIT_TO,2025-07-29 19:10:14,8430,1774,53-HX-07,POINT (-9.116220474243164 38.757080078125)
2752_708,3302_20250601_100_0_13,100_0,0,38.76860046386719,-9.101079940795898,27,IN_TRANSIT_TO,2025-07-29 19:10:05,7711,2752,AG-18-TH,POINT (-9.101079940795898 38.76860046386719)
2757_714,3631_20250601_102_0_16,102_0,1,38.70016860961914,-9.183429718017578,26,IN_TRANSIT_TO,2025-07-29 19:09:50,9503,2757,AH-32-ND,POINT (-9.183429718017578 38.70016860961914)
2473_703,3161_20250601_165_0_18,165_0,1,38.76184844970703,-9.179679870605469,13,IN_TRANSIT_TO,2025-07-29 19:10:01,12827,2473,74-BC-68,POINT (-9.179679870605469 38.76184844970703)
1758_794,8102_20250601_115_0_5,115_0,0,38.76860046386719,-9.101969718933105,37,IN_TRANSIT_TO,2025-07-29 19:10:19,2315,1758,34-HU-24,POINT (-9.101969718933105 38.76860046386719)
2497_708,3324_20250601_100_0_14,100_0,0,38.729251861572266,-9.134650230407715,6,IN_TRANSIT_TO,2025-07-29 19:10:12,609,2497,88-BL-71,POINT (-9.134650230407715 38.729251861572266)
2336_708,3355_20250601_100_0_12,100_0,1,38.783050537109375,-9.095179557800293,8,IN_TRANSIT_TO,2025-07-29 19:10:02,50131,2336,53-63-ZJ,POINT (-9.095179557800293 38.783050537109375)
2285_729,4762_20250601_104_0_14,104_0,0,38.71372985839844,-9.19717025756836,24,IN_TRANSIT_TO,2025-07-29 19:09:45,50036,2285,67-55-ZJ,POINT (-9.19717025756836 38.71372985839844)
2967_730,4972_20250601_198_0_20,198_0,1,38.72610092163086,-9.134369850158691,9,IN_TRANSIT_TO,2025-07-29 19:10:06,604,2967,30-VM-05,POINT (-9.134369850158691 38.72610092163086)
2445_768,7321_20250601_111_0_23,111_0,0,38.76076889038086,-9.195480346679688,19,IN_TRANSIT_TO,2025-07-29 19:10:17,12812,2445,44-BC-31,POINT (-9.195480346679688 38.76076889038086)
2423_767,7197_20250601_112_0_12,112_0,1,38.75012969970703,-9.222370147705078,0,IN_TRANSIT_TO,2025-07-29 19:10:13,,2423,29-AU-18,POINT (-9.222370147705078 38.75012969970703)
2758_712,20100_20250601_189_0_4,189_0,1,38.721378326416016,-9.129220008850098,22,IN_TRANSIT_TO,2025-07-29 19:10:00,602,2758,AH-36-ND,POINT (-9.129220008850098 38.721378326416016)
2420_767,7304_20250601_112_0_12,112_0,1,38.757320404052734,-9.185449600219727,18,IN_TRANSIT_TO,2025-07-29 19:09:55,12801,2420,29-AU-15,POINT (-9.185449600219727 38.757320404052734)
2465_732,5077_20250601_107_0_10,107_0,1,38.70896911621094,-9.213879585266113,5,IN_TRANSIT_TO,2025-07-29 19:09:57,12403,2465,55-BH-00,POINT (-9.213879585266113 38.70896911621094)
1777_717,3812_20250601_170_0_12,170_0,0,38.797950744628906,-9.1454496383667,40,IN_TRANSIT_TO,2025-07-29 19:06:48,16002,1777,63-HX-31,POINT (-9.1454496383667 38.797950744628906)
2271_763,49569_20250601_282_0_7,282_0,0,38.7706184387207,-9.1941499710083,15,IN_TRANSIT_TO,2025-07-29 19:09:59,14101,2271,92-54-ZM,POINT (-9.1941499710083 38.7706184387207)
2305_735,5262_20250601_172_0_16,172_0,1,38.705299377441406,-9.14387035369873,35,IN_TRANSIT_TO,2025-07-29 19:10:03,3820,2305,83-18-ZM,POINT (-9.14387035369873 38.705299377441406)
1765_717,3835_20250601_170_0_16,170_0,0,38.764530181884766,-9.157179832458496,17,IN_TRANSIT_TO,2025-07-29 19:09:52,5811,1765,63-HX-28,POINT (-9.157179832458496 38.764530181884766)
1763_794,8074_20250601_115_0_16,115_0,1,38.73125076293945,-9.116900444030762,30,IN_TRANSIT_TO,2025-07-29 19:10:19,17578,1763,63-HX-25,POINT (-9.116900444030762 38.73125076293945)
1776_796,8126_20250601_174_0_37,174_0,0,38.775028228759766,-9.163229942321777,6,IN_TRANSIT_TO,2025-07-29 19:09:50,5912,1776,53-HX-09,POINT (-9.163229942321777 38.775028228759766)
4603_750,6403_20250601_106_0_14,106_0,1,38.75714874267578,-9.166720390319824,23,IN_TRANSIT_TO,2025-07-29 19:09:52,50001,4603,96-GL-81,POINT (-9.166720390319824 38.75714874267578)
2477_729,4826_20250601_104_0_15,104_0,1,38.707420349121094,-9.199020385742188,13,IN_TRANSIT_TO,2025-07-29 19:10:06,50533,2477,91-BE-73,POINT (-9.199020385742188 38.707420349121094)
1712_701,2977_20250601_123_0_17,123_0,1,38.74232864379883,-9.166720390319824,12,IN_TRANSIT_TO,2025-07-29 19:10:19,1621,1712,69-AL-75,POINT (-9.166720390319824 38.74232864379883)
2484_729,4803_20250601_104_0_15,104_0,1,38.768218994140625,-9.196499824523926,36,IN_TRANSIT_TO,2025-07-29 19:09:29,13906,2484,91-BE-76,POINT (-9.196499824523926 38.768218994140625)
2403_729,4784_20250601_104_0_13,104_0,0,38.75008010864258,-9.203149795532227,15,IN_TRANSIT_TO,2025-07-29 19:10:16,10921,2403,50-AL-12,POINT (-9.203149795532227 38.75008010864258)
1707_783,7840_20250601_203_0_16,203_0,1,38.745948791503906,-9.147930145263672,20,IN_TRANSIT_TO,2025-07-29 19:09:55,2002,1707,69-AL-70,POINT (-9.147930145263672 38.745948791503906)
2426_747,6107_20250601_177_0_25,177_0,1,38.76081848144531,-9.167119979858398,16,IN_TRANSIT_TO,2025-07-29 19:10:11,50006,2426,29-AU-21,POINT (-9.167119979858398 38.76081848144531)
2838_751,6497_20250601_109_0_21,109_0,1,38.72819900512695,-9.171119689941406,30,IN_TRANSIT_TO,2025-07-29 19:10:11,8601,2838,BF-59-FZ,POINT (-9.171119689941406 38.72819900512695)
408_67B,28214_20250601_253_0_18,253_0,0,38.70669937133789,-9.1627197265625,15,IN_TRANSIT_TO,2025-07-29 19:10:03,50216,408,BF-24-TS,POINT (-9.1627197265625 38.70669937133789)
2776_746,5994_20250601_108_0_18,108_0,1,38.75027084350586,-9.197449684143066,7,IN_TRANSIT_TO,2025-07-29 19:10:16,10907,2776,AI-07-BT,POINT (-9.197449684143066 38.75027084350586)
2474_726,4266_20250601_116_0_15,116_0,0,38.721580505371094,-9.129570007324219,2,IN_TRANSIT_TO,2025-07-29 19:09:52,9105,2474,74-BC-67,POINT (-9.129570007324219 38.721580505371094)
606_15E,11235_20250601_76_0_15,76_0,0,38.69860076904297,-9.187580108642578,12,IN_TRANSIT_TO,2025-07-29 19:10:16,9504,606,,POINT (-9.187580108642578 38.69860076904297)
2748_735,5266_20250601_172_0_16,172_0,1,38.72911834716797,-9.128120422363281,18,IN_TRANSIT_TO,2025-07-29 19:10:20,7004,2748,AG-96-TG,POINT (-9.128120422363281 38.72911834716797)
2283_724,4228_20250601_178_0_17,178_0,0,38.75685119628906,-9.2014799118042,24,IN_TRANSIT_TO,2025-07-29 19:09:59,13704,2283,67-39-ZJ,POINT (-9.2014799118042 38.75685119628906)
4609_748,6131_20250601_169_0_19,169_0,0,38.71466827392578,-9.221870422363281,6,IN_TRANSIT_TO,2025-07-29 19:10:12,18102,4609,96-GL-86,POINT (-9.221870422363281 38.71466827392578)
2406_747,6116_20250601_177_0_24,177_0,1,38.76593017578125,-9.182979583740234,9,IN_TRANSIT_TO,2025-07-29 19:10:19,50365,2406,50-AL-09,POINT (-9.182979583740234 38.76593017578125)
1724_701,2969_20250601_123_0_18,123_0,1,38.75783157348633,-9.153249740600586,28,IN_TRANSIT_TO,2025-07-29 19:10:04,5705,1724,25-AS-36,POINT (-9.153249740600586 38.75783157348633)
2289_731,4973_20250601_190_0_14,190_0,1,38.74256896972656,-9.157770156860352,29,IN_TRANSIT_TO,2025-07-29 19:10:02,3304,2289,92-60-ZM,POINT (-9.157770156860352 38.74256896972656)
2451_716,3741_20250601_164_0_6,164_0,0,38.747318267822266,-9.188920021057129,19,IN_TRANSIT_TO,2025-07-29 19:09:50,10826,2451,75-AQ-16,POINT (-9.188920021057129 38.747318267822266)
2788_727,4492_20250601_103_0_4,103_0,0,38.71160125732422,-9.15347957611084,19,IN_TRANSIT_TO,2025-07-29 19:09:53,6704,2788,AI-51-TL,POINT (-9.15347957611084 38.71160125732422)
2434_767,7186_20250601_112_0_12,112_0,1,38.753318786621094,-9.196419715881348,12,IN_TRANSIT_TO,2025-07-29 19:10:17,10909,2434,29-AU-24,POINT (-9.196419715881348 38.753318786621094)
1723_701,2980_20250601_123_0_21,123_0,1,38.72412872314453,-9.16532039642334,5,IN_TRANSIT_TO,2025-07-29 19:10:01,8610,1723,25-AS-35,POINT (-9.16532039642334 38.72412872314453)
223_37B,18838_20250601_224_0_25,224_0,0,38.73460006713867,-9.124879837036133,17,IN_TRANSIT_TO,2025-07-29 19:09:51,8911,223,84-38-XQ,POINT (-9.124879837036133 38.73460006713867)
1726_742,5743_20250601_114_0_11,114_0,0,38.72560119628906,-9.118800163269043,11,IN_TRANSIT_TO,2025-07-29 19:09:52,9802,1726,25-AS-38,POINT (-9.118800163269043 38.72560119628906)
2610_781,7735_20250601_151_0_17,151_0,0,38.708248138427734,-9.137020111083984,2,IN_TRANSIT_TO,2025-07-29 19:09:54,3824,2610,66-VI-20,POINT (-9.137020111083984 38.708248138427734)
2798_714,3708_20250601_102_0_5,102_0,0,38.7046012878418,-9.163869857788086,8,IN_TRANSIT_TO,2025-07-29 19:10:03,10212,2798,AJ-56-LI,POINT (-9.163869857788086 38.7046012878418)
4838_736,5302_20250601_199_0_14,199_0,1,38.7760009765625,-9.163350105285645,9,IN_TRANSIT_TO,2025-07-29 19:10:09,5908,4838,34-VR-22,POINT (-9.163350105285645 38.7760009765625)
2751_742,5701_20250601_114_0_13,114_0,0,38.72774887084961,-9.161600112915039,28,IN_TRANSIT_TO,2025-07-29 19:10:20,6115,2751,AG-12-TH,POINT (-9.161600112915039 38.72774887084961)
2438_747,21220_20250601_177_0_7,177_0,0,38.766868591308594,-9.185319900512695,13,IN_TRANSIT_TO,2025-07-29 19:10:21,50360,2438,44-BC-29,POINT (-9.185319900512695 38.766868591308594)
6029_732,5095_20250601_107_0_9,107_0,0,38.73181915283203,-9.140769958496094,9,IN_TRANSIT_TO,2025-07-29 19:10:00,6506,6029,BF-52-AX,POINT (-9.140769958496094 38.73181915283203)
2245_758,6798_20250601_150_0_14,150_0,1,38.71678161621094,-9.14857006072998,29,IN_TRANSIT_TO,2025-07-29 19:09:54,10606,2245,22-35-ZB,POINT (-9.14857006072998 38.71678161621094)
4834_736,5342_20250601_199_0_15,199_0,0,38.78684997558594,-9.182270050048828,30,IN_TRANSIT_TO,2025-07-29 19:00:10,15102,4834,20-VQ-71,POINT (-9.182270050048828 38.78684997558594)
2843_751,6482_20250601_109_0_20,109_0,1,38.71788024902344,-9.174850463867188,28,IN_TRANSIT_TO,2025-07-29 19:09:56,11903,2843,BF-63-FZ,POINT (-9.174850463867188 38.71788024902344)
2770_727,4541_20250601_103_0_9,103_0,1,38.71052169799805,-9.153470039367676,29,IN_TRANSIT_TO,2025-07-29 19:09:47,7103,2770,AH-30-ND,POINT (-9.153470039367676 38.71052169799805)
203_49B,22213_20250601_251_0_21,251_0,0,38.73740005493164,-9.135930061340332,6,IN_TRANSIT_TO,2025-07-29 19:09:53,407,203,89-59-XD,POINT (-9.135930061340332 38.73740005493164)
213_49B,22212_20250601_251_0_21,251_0,0,38.7465705871582,-9.140379905700684,1,IN_TRANSIT_TO,2025-07-29 19:09:59,50564,213,44-10-XL,POINT (-9.140379905700684 38.7465705871582)
2209_735,5229_20250601_172_0_17,172_0,0,38.726680755615234,-9.12831974029541,14,IN_TRANSIT_TO,2025-07-29 19:10:03,9107,2209,01-68-XO,POINT (-9.12831974029541 38.726680755615234)
564_12E,11031_20250601_77_0_21,77_0,1,38.71607971191406,-9.136750221252441,23,IN_TRANSIT_TO,2025-07-29 19:10:13,804,564,,POINT (-9.136750221252441 38.71607971191406)
409_73B,18772_20250601_220_0_17,220_0,0,38.70479965209961,-9.183469772338867,11,IN_TRANSIT_TO,2025-07-29 19:10:07,50376,409,BF-73-TQ,POINT (-9.183469772338867 38.70479965209961)
2235_763,46417_20250601_282_0_22,282_0,1,38.766029357910156,-9.198220252990723,6,IN_TRANSIT_TO,2025-07-29 19:09:54,13906,2235,06-32-XX,POINT (-9.198220252990723 38.766029357910156)
410_67B,28215_20250601_253_0_17,253_0,0,38.713348388671875,-9.162050247192383,1,IN_TRANSIT_TO,2025-07-29 19:09:23,50525,410,BF-21-VF,POINT (-9.162050247192383 38.713348388671875)
2210_742,5754_20250601_114_0_11,114_0,1,38.728050231933594,-9.120450019836426,46,IN_TRANSIT_TO,2025-07-29 19:10:07,11702,2210,01-66-XO,POINT (-9.120450019836426 38.728050231933594)
2214_798,8197_20250601_194_0_30,194_0,1,38.790748596191406,-9.150699615478516,1,IN_TRANSIT_TO,2025-07-29 19:10:14,11608,2214,08-02-XS,POINT (-9.150699615478516 38.790748596191406)
2834_753,6539_20250601_167_0_25,167_0,0,38.67390060424805,-9.173999786376953,8,IN_TRANSIT_TO,2025-07-29 19:10:09,14601,2834,BF-76-FZ,POINT (-9.173999786376953 38.67390060424805)
2215_742,5773_20250601_114_0_13,114_0,1,38.70507049560547,-9.18375015258789,17,IN_TRANSIT_TO,2025-07-29 19:10:00,12003,2215,08-01-XS,POINT (-9.18375015258789 38.70507049560547)
2781_712,3560_20250601_189_0_13,189_0,0,38.718101501464844,-9.127630233764648,5,IN_TRANSIT_TO,2025-07-29 19:09:51,9121,2781,AI-00-BT,POINT (-9.127630233764648 38.718101501464844)
2218_793,7975_20250601_145_0_21,145_0,0,38.74082946777344,-9.105830192565918,0,IN_TRANSIT_TO,2025-07-25 17:40:42,,2218,07-98-XS,POINT (-9.105830192565918 38.74082946777344)
6002_732,5070_20250601_107_0_4,107_0,1,38.70096969604492,-9.181920051574707,20,IN_TRANSIT_TO,2025-07-29 19:09:59,9503,6002,98-XU-85,POINT (-9.181920051574707 38.70096969604492)
2712_713,3618_20250601_122_0_13,122_0,0,38.73794937133789,-9.141630172729492,2,IN_TRANSIT_TO,2025-07-29 19:09:59,11109,2712,92-XQ-33,POINT (-9.141630172729492 38.73794937133789)
229_773,7412_20250601_124_0_30,124_0,1,38.71244812011719,-9.164950370788574,9,IN_TRANSIT_TO,2025-07-29 19:09:58,10108,229,97-24-XT,POINT (-9.164950370788574 38.71244812011719)
563_28E,14943_20250601_75_0_11,75_0,1,38.71091842651367,-9.149620056152344,11,IN_TRANSIT_TO,2025-07-29 19:09:58,9903,563,,POINT (-9.149620056152344 38.71091842651367)
566_28E,15009_20250601_75_0_12,75_0,0,38.71083068847656,-9.145730018615723,22,IN_TRANSIT_TO,2025-07-29 19:10:06,10510,566,,POINT (-9.145730018615723 38.71083068847656)
2228_742,5704_20250601_114_0_4,114_0,0,38.721580505371094,-9.167200088500977,32,IN_TRANSIT_TO,2025-07-29 19:10:17,8010,2228,06-24-XX,POINT (-9.167200088500977 38.721580505371094)
562_28E,15021_20250601_75_0_14,75_0,0,38.710670471191406,-9.143019676208496,20,IN_TRANSIT_TO,2025-07-29 19:10:01,10514,562,,POINT (-9.143019676208496 38.710670471191406)
2836_728,4652_20250601_204_0_4,204_0,0,38.741878509521484,-9.10243034362793,32,IN_TRANSIT_TO,2025-07-29 19:10:13,12509,2836,BF-70-FZ,POINT (-9.10243034362793 38.741878509521484)
413_10B,21748_20250601_242_0_25,242_0,0,38.73271942138672,-9.152520179748535,2,IN_TRANSIT_TO,2025-07-29 19:10:03,5603,413,BF-41-TS,POINT (-9.152520179748535 38.73271942138672)
4615_728,4572_20250601_204_0_11,204_0,1,38.728668212890625,-9.107669830322266,24,IN_TRANSIT_TO,2025-07-29 19:09:55,8312,4615,22-GP-49,POINT (-9.107669830322266 38.728668212890625)
560_24E,17841_20250601_213_0_34,213_0,0,38.711029052734375,-9.142930030822754,2,IN_TRANSIT_TO,2025-07-29 19:08:45,10501,560,,POINT (-9.142930030822754 38.711029052734375)
565_28E,15047_20250601_75_0_14,75_0,0,38.71455001831055,-9.128549575805664,10,IN_TRANSIT_TO,2025-07-29 19:09:59,14802,565,,POINT (-9.128549575805664 38.71455001831055)
2233_799,8221_20250601_120_0_27,120_0,0,38.737998962402344,-9.217570304870605,15,IN_TRANSIT_TO,2025-07-29 19:09:53,50052,2233,06-38-XX,POINT (-9.217570304870605 38.737998962402344)
2231_758,6866_20250601_150_0_17,150_0,0,38.75128173828125,-9.20302963256836,29,IN_TRANSIT_TO,2025-07-29 19:10:13,10904,2231,06-28-XX,POINT (-9.20302963256836 38.75128173828125)
2232_758,6879_20250601_150_0_17,150_0,0,38.74018096923828,-9.167269706726074,0,IN_TRANSIT_TO,2025-07-29 19:10:20,,2232,06-23-XX,POINT (-9.167269706726074 38.74018096923828)
2237_799,8218_20250601_120_0_8,120_0,1,38.74393081665039,-9.205479621887207,15,IN_TRANSIT_TO,2025-07-29 19:10:00,8811,2237,06-27-XX,POINT (-9.205479621887207 38.74393081665039)
2238_768,7340_20250601_111_0_20,111_0,1,38.74612045288086,-9.181570053100586,14,IN_TRANSIT_TO,2025-07-29 19:10:08,10709,2238,06-29-XX,POINT (-9.181570053100586 38.74612045288086)
2234_758,6874_20250601_150_0_17,150_0,0,38.75175094604492,-9.204520225524902,29,IN_TRANSIT_TO,2025-07-29 19:10:05,10904,2234,06-26-XX,POINT (-9.204520225524902 38.75175094604492)
2835_753,18785_20250601_167_0_11,167_0,0,38.67412185668945,-9.174099922180176,7,IN_TRANSIT_TO,2025-07-29 19:10:05,8607,2835,BF-62-FZ,POINT (-9.174099922180176 38.67412185668945)
6027_760,7108_20250601_171_0_9,171_0,1,38.70899963378906,-9.196120262145996,13,IN_TRANSIT_TO,2025-07-29 19:10:16,10305,6027,BF-66-BA,POINT (-9.196120262145996 38.70899963378906)
2242_729,4806_20250601_104_0_15,104_0,1,38.765750885009766,-9.198430061340332,35,IN_TRANSIT_TO,2025-07-29 19:10:09,13904,2242,22-42-ZB,POINT (-9.198430061340332 38.765750885009766)
615_15E,11209_20250601_76_0_17,76_0,0,38.69963073730469,-9.22599983215332,21,IN_TRANSIT_TO,2025-07-29 19:10:01,4208,615,,POINT (-9.22599983215332 38.69963073730469)
2287_771,21927_20250601_248_0_23,248_0,1,38.742401123046875,-9.166620254516602,24,IN_TRANSIT_TO,2025-07-29 19:10:03,50472,2287,92-58-ZM,POINT (-9.166620254516602 38.742401123046875)
2265_768,7336_20250601_111_0_24,111_0,0,38.75014877319336,-9.164830207824707,2,IN_TRANSIT_TO,2025-07-29 19:09:50,13508,2265,76-91-ZG,POINT (-9.164830207824707 38.75014877319336)
2273_763,46416_20250601_282_0_21,282_0,0,38.77455139160156,-9.155420303344727,0,IN_TRANSIT_TO,2025-07-29 19:10:19,,2273,76-81-ZG,POINT (-9.155420303344727 38.77455139160156)
2832_753,18784_20250601_167_0_25,167_0,0,38.721778869628906,-9.174019813537598,7,IN_TRANSIT_TO,2025-07-29 19:09:50,8607,2832,BF-68-FZ,POINT (-9.174019813537598 38.721778869628906)
303_744,5806_20250601_200_0_14,200_0,1,38.76811981201172,-9.109319686889648,7,IN_TRANSIT_TO,2025-07-29 19:10:00,7712,303,22-SP-90,POINT (-9.109319686889648 38.76811981201172)
2267_758,6855_20250601_150_0_16,150_0,1,38.749778747558594,-9.194419860839844,7,IN_TRANSIT_TO,2025-07-29 19:10:02,10801,2267,76-86-ZG,POINT (-9.194419860839844 38.749778747558594)
